# Created by Octave 5.2.0, Fri Apr 02 16:07:21 2021 CEST <br1@br1>
# name: ptcls
# type: scalar struct
# ndims: 2
 1 1
# length: 2
# name: x
# type: matrix
# rows: 2
# columns: 320
 174.54383270323962 82.732819102271094 82.886715239697438 61.604914367134839 86.3842064683584 105.79657112142318 47.61970024430309 68.406892937507735 63.096290587518588 116.1455260562249 88.471136264874943 83.408994643791061 102.6011145733255 107.6094748485914 106.04923510134806 109.39962467655603 48.673444966198623 78.272641025907888 84.431747143497986 85.461430972514407 87.393466398543566 153.11624692351458 106.53545354581976 154.35600562454547 150.02172374186034 138.48105648585243 151.14357742895282 149.9341206215725 155.98361044992276 154.82268938631665 141.62432524181733 153.84633582224021 149.40846436859113 125.7008482678917 155.13421099966794 151.89097838215798 152.76929892983489 155.53596442647233 156.15818262239623 153.76440151644792 154.30654091349476 157.11036295632292 149.18682507326992 154.73191436685764 151.53533836870216 161.84079278855839 171.29303748899616 168.5685816715098 153.23337820802115 150.79945822945493 142.93448014632969 153.8865767948935 156.4535623176744 152.40583128315424 171.41760120632762 172.42822535447587 154.76675111009061 170.88158892688929 173.20508045918146 173.3498448028171 170.26422769090732 171.58453839582864 171.15501199009623 169.76497691452491 72.892424840470312 73.742457983533228 73.550530559390083 49.33399113025834 74.72986698911248 73.975112098396963 71.998773667073692 6.4380123331095236 75.40720543573569 74.164514356474342 74.737344532782416 73.5322350758628 76.267831825579236 74.443727925272327 75.200035970690124 74.115556516518978 82.668330927740683 80.125514978914481 77.019689840857524 75.568538358067897 75.813644355890474 75.842018677574657 77.410061058262713 76.864706868007531 83.032083719722408 81.550634245276328 78.215012907339784 76.464261251573745 77.286727161783077 76.603748581864309 76.910138274898316 77.644889245624455 107.25640954819384 75.725556108594915 81.901691466699873 77.841632998030008 77.978135213629827 77.856473778903549 78.533422340177879 77.269825819133828 85.576162970838055 86.700866294995521 84.134997480655471 78.47063088423765 79.074142868950233 79.156566150078945 78.082032525646383 80.233679621867864 82.116187314401444 84.537787865129417 85.882651098267971 82.059666472669349 79.675159018766053 81.559991470390528 96.683998202144807 78.82028502913677 80.983429090026505 87.369709895438888 83.106801535948264 84.141247832254408 80.783083831103497 79.889490767822736 79.879534650493497 81.000938800037616 116.69617006033522 83.853028409081531 83.133974704203112 85.545549503921094 81.404211244034968 80.283163448951171 82.712103843627617 48.058312045173004 80.245562792084783 80.232451258631784 86.24820047277808 98.64931361849122 88.080733571632578 83.082230527785072 80.99701266766867 44.09882583839277 128.00257699045133 118.76756982626992 50.786877860441223 85.612269312819578 84.488338414819495 86.882814252011201 82.269587249516562 49.141914661448823 189.84048709050211 127.38632562526885 135.56562604951102 79.24828025258762 84.888607097730372 86.620852274336499 105.66604543625559 49.926335086048397 120.18327793064709 120.20445768109752 114.60815970055936 110.7780044280633 77.970330246706354 82.324181276147954 61.294386457347272 76.752531724129497 116.39513686980014 120.39528025518555 124.39427918801711 79.462094883456274 47.427158197196576 47.577626213753291 93.801880564999209 76.286075377918777 117.60260164019698 106.0311781711472 99.404610980373604 76.413522338063757 97.607716941954479 116.67375346229015 119.24056868006338 94.032577926452277 88.943135784132238 167.5978027789796 138.87174811930905 77.383711675446975 156.01510740930263 62.410548578411316 62.123572043956123 75.321616951441342 137.70196952067377 142.85503349287626 171.13225855877775 158.96153416837004 158.44809230758995 148.43901992521637 119.88078839984459 127.23130738188573 136.12802297487602 135.6886211433617 148.6959261628167 157.54790775238382 155.05361106092133 148.49768296211127 150.15316787400769 151.94201030133476 129.77738679871308 131.33751172413471 150.75873805977002 149.94005938526348 149.36052839435331 124.54926713540722 149.08025756817995 155.70706933647142 151.05952557919278 125.96897486685397 150.25885279778959 128.03901590948541 130.48505805207941 121.4498039943789 153.46769681980831 149.17923569102243 123.10211650361705 130.95474905141577 148.11042039982476 124.1728471456245 189.19876073109003 153.65402912544388 154.74361352951951 152.14013030182539 181.61028611481461 124.8262288257756 149.16417614995595 150.3528418775031 155.48809993607597 166.16749119636899 163.93731653771943 172.15244760298938 145.47535599356206 103.06820307596539 129.03435909379002 167.34386773319434 168.41623482071171 155.51366046324912 169.78394642655891 171.04345866710162 144.83794646075657 131.61397337783939 167.17777173943978 168.68996991601142 168.8525289250102 167.73738144182332 152.80535086806037 109.52769645612818 174.85655700063964 173.66085179527957 113.43668943667615 176.06121769219953 171.13738282938357 169.15147752038939 170.2803645782308 173.90046900192283 164.98538363402341 160.75143083642803 161.20090312293692 170.83651495672066 172.15281161509125 167.47902345154122 169.14912399865881 172.25085503943751 169.97044897729728 175.00824947212249 172.21559383158777 170.29554938901342 171.2640302815924 171.665932243859 172.70513486393608 167.93310032680446 169.8038090024192 178.29646420989462 175.7280206880057 174.7133105446523 173.54717224324637 174.22833815691268 172.72659016179617 172.72520670534453 176.77385323000235 175.28529378782946 174.95630991486937 173.76044374843082 173.84367175789319 173.29659800293527 175.14361000793815 179.35924492743482 176.53616461472848 175.99393229402375 175.62619781977 174.44024428161313 174.65291671623234 173.43085300040124 177.23716006622877 173.58674644856382 179.11603680375217 177.20081218876322 176.70081447005279 176.3422106467263 180.00378410292254 176.20779672622638 175.80157155293983 167.25349251060595 178.64149243815172 178.03048186444497 177.4679345709113 175.20129265202462 177.85581762973004 178.03741167591556 176.86366086661459 180.26733300945787
 53.820566084782619 62.605406051212142 73.624818256579971 174.15346157801892 52.954493089663423 70.008970121755794 192.29186555815684 105.71588299825244 4.7818553726910391 11.651315643249534 51.878270876851175 74.719051825581332 81.360900257800466 70.805680945511455 71.91225054629983 78.711796420201864 22.76170787275408 8.7449330163670247 55.39470117733552 53.512670386339195 52.486120612574538 42.645077679222389 70.866449177914461 41.936177119910006 39.763875734293691 48.272043223047469 39.541760066037327 63.68138123400977 43.1645344520023 43.001814371346597 48.107830607935405 44.771229850957113 37.780517055355944 27.644755704249654 40.936020372981822 42.536889728739737 41.510026704750651 42.112728581550307 40.67360028051251 43.566941291316958 39.799263728388318 38.042523890160268 39.01473123998796 44.232199656405534 41.499487935742032 35.437713137494988 83.711010677442331 83.73234536340162 40.180785278714126 40.738156005146195 42.18532324710317 40.974482098668432 39.074081521606331 39.369801882614055 84.791203975528745 85.239296107336884 38.658944118904273 41.13366099285011 79.216759412901041 86.090252049968512 84.473692165274358 82.315184110996029 85.902666715343585 83.534588749212688 75.365602583550242 72.629612470726329 76.499600702194982 73.221115255840616 76.48408305751623 75.565053707775192 76.551622655350585 125.47601928444659 71.834556861275246 71.636723970977329 73.07650042537685 73.850923802666799 75.059013020151383 74.392381687194188 75.343874662663609 77.874488084210796 71.47156926102997 71.727027508656832 70.999041437107806 74.160643562041855 73.047680194788171 76.345700584655191 74.870664210677191 77.558608598348556 70.398010065267471 71.862292751335573 70.768077024264173 72.026633210546123 72.850164094748393 73.80831583201234 75.948027615053661 76.758441689532361 71.81577062553491 86.677427489905213 70.598655143446919 71.813546310077314 73.730102437960085 78.003087113869199 74.698778690169163 79.276699011844443 55.852203176158923 45.975575691514564 73.518121748411261 72.675821629498301 73.739200682653433 75.642532869666383 75.734855574713748 75.926115907875953 55.527861022677087 74.936680906353828 54.73252984067944 72.973359524130288 72.782343979072706 75.870387264521753 105.29964712693324 76.710235131610233 55.195654836022072 50.949841610693312 55.088722591093436 70.563405224231644 72.748552059782966 74.707279542861102 76.964317688785087 76.801210051652518 47.285813159151893 53.981574498545271 56.07575891938513 52.248690628437991 73.768247353613717 73.720591263438862 75.742736031361574 191.32582073142223 20.177025539306594 21.287153529859431 44.866995707085856 54.028701205673286 54.383763988625091 72.585062292356525 74.972893816098903 138.54490398692377 18.77877178928987 25.101725381587347 36.079162479355332 43.99347360509649 56.445763296393316 53.986631984150186 74.54921913328225 190.9815116512402 36.19201202646471 23.841963979291734 45.709113799794309 20.897965645184833 54.418519999962655 51.706140296059388 37.153636045945483 23.086296519387552 18.032845749629494 13.036634482956369 0.24849284697079455 28.336722244762868 3.9985596450369219 54.148215208949729 6.2792511317140987 4.0298691912789808 31.138920632754424 24.775749375400473 25.707953600519861 4.6549787910990892 22.606581183872905 23.938433519335124 26.023927133905268 2.9655509926507309 30.840008818053374 18.363917768967077 11.331925678295066 1.7409599724914038 1.6579292912941048 10.637744927012269 0.3628633092615049 14.220054572182454 77.103759679796681 59.198830309376461 7.7999777857207224 2.4991944622793816 2.0963564892551929 6.5107617190257034 5.4109479222454606 2.1634193635463408 7.4235500475226965 12.770196456861312 38.6782086541726 3.9917318512859836 5.2259924154364263 7.2493879711523679 9.8777834151908355 69.366984792230099 8.7661269941692748 9.725258897877243 12.342359519621294 4.4266365327517594 1.5888066714476183 13.669758573465241 37.01358364329726 40.548288656041279 6.0863665229934769 3.9047205499956354 7.9472633109558206 7.2360716853887466 4.3707967245569836 7.706655793089932 36.700460749116125 37.859067302735056 2.2278751642439318 5.7385094285733951 3.2263792192462288 20.142871720921811 5.3034886612814827 25.272940789392457 39.04040743477691 40.542329544393702 9.3373020802782669 6.3735163351050756 4.0005969674815862 5.5389268638321223 14.80246581597155 37.928675916597207 37.427741818062195 37.856252324560145 28.571480524672406 6.4772631258572524 3.2887479783509708 38.699822958535314 39.601924506247379 80.225326476152247 29.153914527104227 81.252743412915265 7.3169519068665183 34.668136225100618 9.5797198086532305 80.933253209475126 81.462789672725165 69.152935941172075 81.36516363814863 81.421425886417609 8.2351033703641843 7.2735611145003496 81.969564884727717 80.32167443871532 79.15897557605561 79.827180667550394 44.012490938230279 191.34395577840462 41.839187774033917 41.418151347745848 98.881280982493209 76.207791565470572 78.520178934386649 82.542023936215188 82.385516185982254 84.104172421617804 78.396525195237203 61.527096659542082 64.77983579938244 79.588791037406679 79.230016887256951 84.121025930055637 78.035157889667389 86.479415990876859 78.874888339431365 76.712792434934272 78.136695237676449 77.743691585535586 77.334483809844599 80.264041921891504 80.200006826881264 82.781136069346701 79.895840822801119 80.199792950756546 77.576537837282771 77.778816043407531 78.058066775111499 78.795118238032785 84.058957466844106 82.137353294937668 77.503608117441757 78.758357716350147 79.823722699729828 80.134281820527235 82.061981043366657 81.127336116972671 84.020008816989773 83.120485134492739 78.646513858574508 79.697080788805593 80.770343105067141 81.006753642316909 82.95922540716478 83.002860083151134 84.497798434259195 85.061331627861207 81.01044108599136 79.746386803107029 81.061747721818335 82.151840436444061 77.632598286840874 84.385750327583594 83.192791098128339 106.40501073048392 82.261070905493682 81.301022330687388 82.309406171005676 81.932659277415482 78.777689914019902 83.265870813150755 83.469114307601501 81.897904585425294


# name: v
# type: matrix
# rows: 2
# columns: 320
 4.0452272840958052 -1.5491047806532685 -1.6427249206474948 -2.3617106020879088 -1.6097059471764541 -0.071422017384857595 -2.2269814402145816 -2.1848560259870178 -5.8682708203860416 1.7443568871463104 -1.5914367160127449 1.8069467909323695 -0.74118715823311598 -0.16886977669528386 -1.5058415849384836 0.0054553980679680576 -5.2756381625391455 -4.4819068742017949 -3.3607163931130897 -0.96701422011348526 -0.9676292240633011 0.11157690730190969 2.0588248947160306 1.1395536476364936 1.1053472014659596 3.2865924376512514 2.1361460588905947 1.1313036246855084 -0.7741984625339513 0.43359321375065052 0.076597165524798977 0.29085987285004855 0.67257872726473411 0.94916951717580933 2.0789632458842955 0.94028234074828587 0.93239531797726694 3.047449749947833 -1.6834624516994019 3.8609375313726804 0.26816886831936976 1.0956685381538342 1.3937819881622664 -1.0322016804801564 4.3091369938607542 1.6961192366017308 2.6771668302105995 2.5470266084354805 1.5172904691238336 2.9830477670566062 0.56229828007824556 -1.8111353116739413 -0.56921935000037371 0.89893202912737291 3.96069474386855 2.0302486214204509 0.5930128602289948 2.7952461855984305 3.1088574948431824 -0.41383778777019747 1.6506280404638654 2.4660290654274402 -0.58445216010304124 1.2793385187898585 -2.1687774444735526 0.76032583502215634 -0.8677165057269518 -2.5555409142093808 -3.599658837487461 -1.4922714431659061 -1.7671369698646144 4.8083481724781443 -1.5664228867475931 -3.0545948071817115 -2.3691516110519157 -0.8037475617650599 -3.0839462870475076 0.92099639208279682 -4.3284145156593041 -2.7407669230649705 -1.4090770400378458 -1.9040587982642667 -2.236612754626937 -3.7747668209394702 -1.685175776238846 -1.3517800171485232 -4.1813102837980924 -3.1730814903231535 1.4872767335129771 -0.32821175434449801 1.046345322546353 -1.9755862277906244 -2.5037359370769328 -1.651597668599142 -1.7186745423965177 -0.48226641810008836 -1.4544625599863077 -6.2008401770682422 -0.40849083688230103 -2.150654797384874 0.26324233073488318 -0.38228988567696465 -1.3834907763700754 -2.0618339372167731 -0.66474209940396134 -0.93592400218112859 -0.24433108312929883 -1.2198401640231809 -0.31032352708129984 -2.3211119706864043 -0.83776587093693133 -3.3203795014532185 -1.717420906573025 -2.013689909270481 -0.45449552422318534 -0.56426841281977458 -0.72470460307685902 -1.7305275276904495 -0.98235940944024569 -3.6428627284679038 -3.1191790141226274 -1.9816690418297647 -3.0708891737059849 -0.30522152095412602 -0.9190491862890805 -0.53021189069337216 1.0929235483013191 -0.64254331372340845 0.63942593884555221 -1.5084889828464965 -1.4700419117382548 0.45019443188219721 0.082362856725787983 -2.7772420178953445 -1.5345103712919401 -3.5674053190238046 0.447285378989138 -3.2096833265441922 -1.3205749503192832 -0.26415823193366156 0.69418897903388721 -2.2504650562239936 0.13738663891071304 -3.1420302346738094 -3.0763116801104671 1.6023710732506609 -3.3052369035009281 -1.3039529361805773 -0.99220962696040282 -1.4428473381444593 -2.4511236059294168 -2.9095341350908339 10.35078207216706 1.7670819465546246 2.9794398013476497 -1.716514032976455 -2.4019283292130353 -2.8030085025455143 0.28907770316144898 -6.668036006905683 2.1289798520658563 -0.77894882957280687 -3.8979409362357114 -3.3913228914080427 -2.3191313314508371 -1.4484676329295116 -3.9004056945095571 -2.3156115457012598 -0.5325053958381929 -0.71186529232442886 2.1652641070921854 -3.1572913574124746 -7.8254475015734588 -5.8400008234518896 -1.1946868770402617 -3.0118866286470647 1.868626718250509 -0.86365086495798538 -2.0628606792712292 -4.9408033737536927 -0.75816249943952441 2.6277322768839695 0.99616988720600141 -2.2070062866156208 0.5599963309348468 2.0712909729583764 1.3929118368908415 -5.781684919224805 3.3356323357673205 -6.1513761736402186 -4.3509661500740888 -3.0161719492858818 2.2744864288678888 1.4096056935038199 4.1267586033411927 5.9032045857088429 3.2781059293502093 1.3817565679680739 -0.954457520255243 -0.3069193709385597 0.92504931241903221 -0.20209249127853962 1.7725694021499787 3.8619761101372228 2.3256935035439805 1.0155112634396581 2.6531355776133463 2.0255370373611972 -2.6683191403342925 0.4058261957602679 2.5518248448850724 4.2668173342408018 2.0673177479928775 -2.8182812465769294 0.79690245027724149 2.3909083639059658 3.852812656664593 -1.2307071466323647 3.3334400367728851 -0.062138844625200154 -1.4645917766498118 2.8268293807235114 2.1925313970517468 1.6692434324836181 -1.4620751566337873 -2.5505407295417073 2.739145063364786 -2.3565330216015012 9.7918552122602343 0.2167490357558628 -0.31714969154044603 2.7143944140491212 2.2728166734052841 -2.1317643315094985 0.79864767229371425 1.1475213238970634 0.7818571259111291 2.4675510326057872 1.6181343393369052 0.2883775341721207 1.5842904106798905 -3.8714034896466614 -0.018388054878221378 2.4238847253791085 2.0085258797689565 0.79445250808365253 2.2993286751711901 1.6087552720529632 -0.47279570016612349 -2.3896706695848664 1.5956692333837585 0.83834583237324567 2.2284294181515141 4.9995500366903185 -0.47294656077853753 -1.1396072695747648 1.8394045266437471 1.5586212828623842 -2.100086601167332 3.8069143139228063 1.8069300163449671 -0.849980295177025 3.4698752396143862 1.830241198010323 0.44329384823374929 0.88167391345715806 0.51532177851477956 1.066009986623881 3.9826659208927286 3.8232514993261093 1.9890007244968346 0.42042937433969074 2.2125828467057844 4.008130644892324 -0.63307583314681759 4.0472002400307021 -1.2168470676001366 0.56995901702675189 2.0486815064514894 -0.59948332790628767 1.6592326759192511 -0.7037289136687469 0.077888740577551407 1.0408547210719135 1.9036951007637273 0.78707685954105466 1.6309588614984312 3.0192324487650009 2.7376771055768114 0.18124516429870008 1.4031703721436608 1.1868717159120725 1.2740172714268758 3.1213945155213163 2.2709904269846111 0.12223091069445627 2.0450847178036664 2.5139596727264832 1.2239444629002623 0.57263767854737346 1.7948297318068365 1.356859536380459 1.6726581321462639 1.4572512683874153 2.8467714017843573 1.1210409593996555 -2.2250778391744959 1.3081765776460439 1.3890199818512252 2.5709740076163126 1.528914352839629 1.0795806053282941 2.3240847479244766 2.290815906564251 1.0142933382682502 -0.543127746726625 0.83675752107927537 -0.40857622654260572 -0.41102548832140207 1.0561992640693458
 5.6746610425660311 -1.117490105380994 1.2041866246986177 3.1959294126884794 -0.31685791272351865 -0.67596929457803201 4.4924750668944808 0.29108599795669898 -0.15474193897128138 0.91544057366607112 -1.0148561621358134 -3.4612426152154319 -0.81039780598378297 -2.1758477586587412 -3.5155283279685374 -0.11200043242230964 1.1168043583845362 1.0634697339613519 -3.230598746343361 -3.4614542995359585 -0.057738004900014919 -2.6470946508079654 -0.17015131606772427 -2.5172352979105344 -2.8191588372477288 -1.6842615605321667 -2.9584310509694016 -1.3688265063269536 -0.36093059729254379 -2.1640561220901215 -1.8863316855641648 -0.40225806703838096 -3.5079124286405383 -1.3662899703112381 -2.8895027465689487 -2.9612746938884333 -1.1202371496422996 -3.3128990327907832 -3.1537582344440938 -3.5526999711195462 -1.7126980065548194 -3.0924239092205581 -1.0295143198534442 -2.7440837365515796 -2.2898251967994336 -3.0630822844400307 -1.1915301525925848 -1.221308350752814 -0.75619109284271502 -0.51228380910499172 -1.511915700213561 -3.5812316588069297 -3.6357449439731346 -1.9207436929320989 -0.14543611472822005 -0.82003520249463246 -2.4603769334517009 -2.9490464129365512 0.22971749473940434 0.29416471324089288 2.0706723545233343 1.5153010247338752 -0.041845726207792068 -0.19795162732351251 0.31505952968083245 -1.6626049134914891 0.27450117666664708 -0.70265671128496998 -0.28572075497591126 -0.54730954124222864 -1.6291344180974914 1.2975106343904557 -2.2858574546052837 0.40192555581120737 0.13699601801613762 -0.69259240640751507 1.0218263690739533 -0.55382661578085046 0.61203959352938986 0.83521289017953404 -1.3691460453487807 0.074468085537864687 -1.04305648857495 0.353631916612969 -2.1071972539185291 -0.86524421725167722 -2.9591827190379854 -0.5988301063393584 -3.4913977392266444 -1.8559298681070595 -0.57608496180841484 -1.7314772756792904 0.098391654028264747 0.1534711075268976 -0.32351399359575256 -2.872001442165645 -0.39277278501174101 4.8970965420429486 -2.1687627218123677 -1.3350732247876391 -0.58412705715924795 1.7532649123945414 -0.70694636187843496 -1.8038695673819356 -2.8516461320701096 -1.2771794509394458 1.1595717915475341 -1.8688882492846219 -0.99118206547123799 -2.5291480661383883 -1.6687908227876047 -0.60730958608405627 -1.5317785609728143 -0.49624697369153548 -3.8138014534207247 -1.5243626776688912 -0.97210255469358575 -1.1872515678320017 1.4511542305423721 0.72652527921511789 0.540442669319111 -1.6708030932115239 -0.93193180941544895 -2.4191433858255689 -2.7014906519545434 -0.93470952479624281 0.89979425617590636 -0.67591876050070698 -1.4985947257817349 -0.62929729212449736 -3.0497197112734846 0.38611989008786451 -0.42115189473338788 -0.97539170794040708 0.52834004357261166 3.1449118020465288 -1.9326543409700796 -2.7653842699363134 -2.3025717244760893 -1.2143987563600565 -1.366098705750904 -0.65007870313878091 0.34505094375995815 1.5120815234880927 2.7937401480039465 2.074484289107918 -1.9440862629784657 -1.781344820871126 -2.0040686525918816 0.5225452186635452 0.71564654264743499 4.8734406259322327 4.0790060925250726 6.0696738027171175 5.6950017758415452 -3.7125289215440609 -1.2375824204150612 -2.601162414505497 3.8793708077086242 2.5586450675973933 -1.8896500028491148 2.3527586518369832 -2.4361773678480465 3.5401989572604635 -0.23460085921333243 0.1299479770869133 2.4423134893674985 0.29980715065996577 1.9849367184127922 4.4725590824434098 2.7026876263490558 2.4795536939048102 2.9347192010731651 4.1120321971338436 2.9453708658843212 1.2155634775476112 6.1009433491416605 2.182676113160066 0.45209373950366916 0.72285866896741802 1.8249665120869287 0.91906411235864427 0.27046533535377848 3.9997167321991984 0.16374669928492003 6.0062512266845944 2.7115405142293096 -0.73595121071401592 0.58858179875552852 -0.31851479835704655 0.081311716305036863 0.35502861535630015 -0.57466811621401848 2.5207145001160329 8.9782598953993737 0.90561411865462216 0.088999894061961959 2.6675247197636001 1.5617942349986416 4.1833626856438144 1.8935590782982907 1.0853894664038912 2.7504254235601895 2.4087919228030215 -0.07383143699979175 2.5840907540669513 -0.80896694324644036 1.0671244078512698 -0.86266161050427193 0.57631860695400772 0.63660261609028534 0.073440021412990192 1.6934456543498715 0.72872619014773166 -1.9879712429007577 -0.16648623844028665 2.3269552837659089 -0.73941262081035797 1.4850807659908809 4.1190733133814303 2.6689012698978294 2.5029050733579843 -1.4240091648009288 -3.6137566358238367 -2.4467564369472803 0.57420630289184105 0.34432869403580518 0.20706854551705312 1.9077300108608601 -1.8837432657666107 -3.0099541893415487 -2.4748808066953556 4.9553758204151475 1.112335875421135 -1.1726434880262384 -3.9602214838227314 -5.2574481753050524 -0.78615681566575635 -4.0377167529329059 0.30858685700009703 -4.3965226141664564 3.7153455081322457 3.3848254212749538 -1.6804420446511339 -1.0079494130191042 -0.81940030315974965 2.9666025320787215 -2.0136270422882676 -2.4016885214154522 2.761271503248615 1.0420427212083188 -1.8072476541141398 1.8379594928287366 0.90826565509261747 -2.6743312327358932 4.0361142509800016 -1.1486319351674854 -2.5190639737739589 0.86357808203941411 -0.27094859784983066 0.34344172914378723 -0.67592825588234751 -2.1487610567419799 -0.25103730512081823 0.23218246147005417 -1.072369632113483 -1.9795123299974435 -1.8513915380603061 0.010410062627730924 0.58818401079788007 -0.54118910947701138 0.62219068353677964 -1.9413453916223991 -1.0543688127199684 -0.053523464813294397 1.7732770769900632 -0.66418949884242573 -0.30236121187146719 -2.9589326295683338 -1.7889739510009646 -2.6369098842795453 -0.94814150206332115 0.67882746444290121 1.6154928420931998 -2.2709361837964317 -0.72182647059938021 -1.1821595590886105 0.29413343295203637 0.80844289037640449 0.60545197386507721 -0.19129941931656191 -0.25511200582609023 -1.91392005057026 0.5525859648625322 -3.5740190003928451 -2.1491392733318233 -0.48422642036571545 -1.714647578396314 -0.75334385181834107 -0.50483055022707757 -1.7251909471751361 -0.51109922769095517 -0.44311124063791241 -1.9852744055722993 -0.63291492494252222 1.7335418044865436 -0.056607566143022106 -2.8539803770208207 0.16289165091789798 -1.1671298803961598 3.0392872566303337 0.86129832952167451 -0.0071552135385407802 0.1479651183770358 -0.73705031675941524 -0.65036074363699303 -1.0483504854172219 -1.0995211567985808 -1.1186795616442791 -1.845355371784116




