# Created by Octave 5.2.0, Fri Apr 02 16:08:08 2021 CEST <br1@br1>
# name: ptcls
# type: scalar struct
# ndims: 2
 1 1
# length: 2
# name: x
# type: matrix
# rows: 2
# columns: 320
 193.3541395742954 75.529481872232481 76.510532028742347 50.622960067426121 80.625174668987469 106.88666153172787 25.217197507563476 58.247312416665771 39.166153534499706 114.97942912369403 80.376981598885479 77.034224018586087 99.15459428754653 105.81932525918991 104.74481608158897 109.42499227756996 17.651733783451345 57.43177406087085 77.692651212949968 79.08930699399103 79.198448565940481 156.13369754633968 106.02644484998635 157.89981667293927 154.85162680942159 141.92782209738846 155.50837302837033 155.19468247636286 164.14665963505777 159.01533687227135 153.81639128504594 157.45141449496919 155.99441059667211 148.34815516554931 161.80151591659171 155.68633180239573 157.60257439199552 160.91821436930275 159.99714945558495 156.73668617346004 159.78183287990208 160.73493885825985 155.08899818580426 164.45758520181113 156.63494616898043 169.72774723875366 177.02617087464498 176.43581297635393 158.7253699790885 154.74732035986113 145.54916714869574 159.00679355163874 161.14170966707022 158.02395022807229 178.06012211688838 181.33185967979514 159.04893687542898 165.13646919843885 180.98175837245424 183.50469303771339 177.59688837253071 179.40217283407313 179.11767520443118 177.5294820228934 66.782463178540169 67.397853712669303 66.805383333528624 37.450725879181647 66.985797847998896 66.090884920448957 69.243497581090949 28.796831335132715 68.183469639047942 68.505445477825234 67.985328114871407 67.117294655360226 69.34908946865194 66.937203170118352 67.813406677347615 67.930495664793213 76.166996375084636 73.794374672313651 69.706826942075523 68.753943487205092 69.167659410895226 67.32405213640655 70.558854402289185 68.395791730118717 77.561243687224021 74.571448466630486 73.47767257703984 69.181596452278526 70.446558003489372 69.934083252710735 70.206348485669594 70.622831299554761 104.46066108693972 46.891649285230002 75.331508776508571 70.276309611451723 71.118332005647844 69.207690179050147 72.061270894157104 68.215942530480703 78.080144043952117 80.476588762211179 77.543928648165405 71.439232733819111 72.390535750864572 72.846416078865076 71.312139228267412 73.838717568774868 78.379078890304797 86.891628634107605 78.751100269398052 75.853853922282951 71.382526766092028 75.051293253306469 92.1160269482491 71.729310276746943 59.627611114398206 81.828487125985134 76.488472413960437 77.390909131545925 74.593485642029307 72.993982895858025 73.716818794841203 74.752958589987543 116.80123862115538 77.076902943628809 76.877746113698407 79.783953461606984 75.406897995150828 73.513136687610398 75.794796062371518 39.896159443166738 72.414597080934385 72.972282221952966 81.682234483102775 97.420977839997306 79.426171935870386 76.903541427496009 74.253837250003457 29.488385247162086 121.06174466378705 124.25277035137979 35.417526259163964 79.84641155291294 78.09814334407659 79.620774402119025 76.143077626741103 39.233337841563291 237.97162372608722 129.21271130870448 149.42002112576552 73.512474290945335 77.619466957903157 80.904852379564758 107.01025675595403 18.629780911371522 129.48258299590012 116.58234562359056 96.48273434706428 95.008352983012486 59.309585004004916 81.961631861204751 38.298567946106935 60.341899868210326 123.31679243489278 127.03114754430057 118.69040317647806 61.942188285284345 18.460828458252365 19.77980171083561 88.246586586765858 60.656219035350489 119.75437489529476 102.01520164909566 89.812308821762343 61.396880433025977 94.082261319557929 126.86239001519682 123.87275865556524 83.769998693686389 91.547118722980287 177.11141050438695 146.58156919464435 60.347461156583066 169.05616746648067 38.112368563673044 39.087470023417431 61.472647274238106 146.78385903803996 149.4096999676724 188.03974751273671 179.34290125201247 178.54252002682296 157.89896829516073 126.25591382430412 125.8041323070178 137.25851752819489 138.18156715142302 154.87909396527917 177.72339575667098 168.33771615654112 155.36534557927195 155.87943640230384 157.68628613945287 120.55575692424712 131.20233012993702 159.99135678262937 166.99367266486934 159.9133984080222 116.10177167905043 156.35148851921718 158.50209858257372 166.45003405246516 114.90105764768133 160.68931549810353 122.35456130093726 121.57458864046926 128.58286489561644 158.86771869269953 154.55181122263619 115.12597589945595 120.15747527951645 160.99730538398637 117.14266775319474 234.73088746810896 157.24161780594304 161.05201498909645 156.68065314121458 192.17888364615013 112.85703516855843 161.76896255357306 155.58497773370109 159.89004762685693 173.62149243958899 171.46164121564317 179.13646392774669 148.03421398439653 85.06617684911248 128.94885463860962 175.89929745006813 175.32247276103715 159.20786462584854 176.43543579525621 178.17635397857504 147.44753887381214 121.46427254656183 174.65890907139138 177.11881179412632 176.40889879284825 175.13745290518676 156.34907097356029 104.22852265259976 200.21011499413132 188.12458040370791 103.6712867412536 185.22230710003399 177.08277658499023 175.80644606486462 178.58409915830785 181.32908871865695 167.25281941277188 168.0120002090456 157.44485017334375 179.24169250644795 179.80009219668545 175.03959567394588 175.30198944844182 179.16590080460975 175.75337466244946 181.47463853146863 180.40883951607796 176.72515454671253 178.33402390529724 178.47659366606854 180.36393582681077 174.73794248667912 177.52374303791805 185.92965492853614 186.27025135743997 183.42906170775061 182.1914204725139 182.17588404898299 180.30189294580452 179.68727456523231 184.76813989473075 183.68426117616985 182.60342679496628 181.52497092900057 180.20108825388505 179.54521877568922 182.35286184369721 183.95805321720493 184.91829127304334 183.72919634383666 181.86476245961256 180.69993573813247 180.52151712384921 180.24285608832383 183.4758418158292 182.35497818102948 187.01668063893774 184.69368389523225 182.85169601670037 182.60212762763621 185.60708771837636 183.6061322658428 181.70538606184229 172.27354232538818 184.90903121238134 184.8083558562036 183.7217456299486 181.33006042521146 185.78386615906803 184.60739313680145 183.0727668353978 186.62480233521475
 80.20773993271159 57.409077061192235 70.0695747118301 189.0145333470106 47.217107684629646 65.171055696985917 187.64580745433378 107.06943288875671 9.0635540315704031 21.169470520446506 48.326055871359515 71.989849859844384 77.592550459976735 65.482676899577129 64.5712238055455 78.190994409432392 35.825090672024722 13.690067279287987 46.08272293646138 44.685076644284095 47.933616377700631 31.070673178807187 64.412454529888521 31.991282709785118 28.208252841052094 43.702809132819247 30.199071173653543 57.316337979591218 39.056568947475256 32.78206738600899 36.073806103817951 32.929591573137166 25.663124774612665 33.752021109523902 26.838355999857008 32.140441929909422 31.009599728283952 32.738620571306171 28.99936843875264 31.936761246494953 30.166125607508935 27.100178241890465 27.206834509277723 29.432898269945934 30.137790806381261 21.194380514848525 81.869803250876217 82.812571717557958 30.6270531607748 30.965745818484635 35.154915241111553 31.655147326133857 28.236830581837541 28.655790569467847 81.726448499768324 83.238196015519122 28.457887519852743 61.894433281342579 76.129043437805436 84.56013267011825 82.84793967750889 81.360720818883166 82.507374391552219 80.671958731728239 71.607385832200492 67.174761105046059 75.60988033213107 69.95376154836093 73.729068726293391 72.983638155754306 74.442952797431218 131.50944373436087 68.748209228752046 67.618710882415328 69.892513046461232 69.171723437390256 71.505987217371541 70.441019100810095 71.176241135987425 74.531406132785023 68.077983940351004 67.49340699038801 67.372465374613867 70.594715000765433 69.550928353130502 72.560534553347509 71.313097483415135 72.179387094951309 69.932201351958284 68.271160060594468 68.518141092168975 68.439512689121727 69.353010215201479 70.417995605207182 72.356963014134962 73.443332848230227 63.545957392395124 109.44892641040867 67.388117641921411 68.3016064670188 70.434532414572828 73.07136137673092 71.512751397222218 73.396471598843064 45.052893189979415 36.306395058719438 71.040664316586145 69.395688683477459 69.983840722228308 72.240958329527075 72.412123046848251 71.598685798411438 48.607569715794547 69.18335206802044 46.002751219849998 69.031682471134104 68.202454337977827 71.344273282611383 112.04751429895718 73.443508456283269 58.88888041491041 46.143524549932089 46.05377859675653 68.021618045773081 69.336662182608663 71.029006108270451 72.786429593282946 72.445280812973962 50.301610007379203 44.980549415288273 47.145773234889667 45.624227910657538 70.12010680108942 69.583092940944226 72.159107906434897 194.79086841629959 8.081639966040127 7.0866495771725537 36.388345627195598 48.381746988597314 48.968353756026886 69.005119052958648 70.429923812483878 145.5760830711364 33.943596599127659 39.961050790886581 27.039161356506458 37.212207935048859 47.175057085409669 46.74970372200945 71.062890865112024 193.89053366704684 55.159390356704336 47.275002058028413 72.19087205745717 8.0847161452435863 44.018062558473034 45.690769804769133 55.19271030178755 35.918063342007393 9.0980900475542423 23.976962213998188 11.079731913522757 44.798647396024393 5.1695507908725329 54.536574135929293 7.0515280122548338 4.2088304571877666 50.260572515390791 36.684716179557213 38.166952166405665 13.906015785520639 34.86189211157788 35.646206802218217 39.719901660268661 3.0851201647536248 39.316434207862848 28.51336169516081 13.434161566986655 5.2565912841672704 10.1440235724984 11.690197554278969 1.6205271186566124 32.818737376908736 77.865181831477017 75.255997886574178 13.261406742708013 5.5200237986264273 3.5211766806851559 8.4037071638053256 7.9982403158463535 3.9819069820203095 12.124067514683706 24.491518882401305 26.522950042624743 10.330549808340272 9.2616380610712135 19.152475815147664 12.656975242358444 88.819621280470201 15.637075671080794 16.480931180453645 25.658337126663213 9.8780105302288277 2.5575756621818342 24.605502867251481 27.838004802140439 29.745901543170227 12.903016678683242 10.387308013823056 14.921124384466939 9.688024771470829 5.7572308898194544 4.4138925503914015 26.76161701015819 27.524322511524979 8.7439225964077956 4.0945563006497556 6.7593948030236017 33.42083639072267 10.885151157954324 36.74463491244957 29.553706029357922 29.561118449176643 5.3697722252052449 11.810567744764077 5.5668007555369368 4.9966959967402778 23.673410366473448 27.680730094154288 25.975423921881017 28.669850168815891 51.613978089604466 10.741327711542077 6.4126593488354846 28.991402918874574 27.82674487701123 77.929065883987221 10.378531625966467 79.066314715718107 7.5410014405399997 51.944492837916151 25.319158017581699 79.684561374603419 80.670787524504973 65.342724531475852 80.662369190194298 79.68762728499506 8.5191305516431139 12.025884895754743 81.614496991102683 79.67083444643265 78.626557529690871 78.160660626311625 32.993557671285004 189.88811295452751 56.950244707140655 25.285556714459329 102.89691906397191 74.942228650480814 77.593389467573886 81.737705540353517 80.632196956185084 82.189738271377507 79.736227012662766 56.15509049054269 59.357671584673135 77.024183618346257 76.081590855287615 82.648343699331761 76.13608383848981 84.083344875609896 77.238406139666054 74.122865503913346 75.064548672393641 76.479385407174149 76.589544652381946 77.917142214449811 77.01630705929837 77.014157790236851 78.589344429725685 79.054362424816432 75.687214538677495 75.710557650908228 75.340051442935533 76.372056956045967 83.745101566122401 80.201396559022527 73.862952918881263 76.812429075099587 77.503611108008243 77.262820627431424 79.21239357861964 78.091731402446015 81.654823350940461 80.387822365306178 76.080516244022462 78.083169982380099 78.276901919249596 78.157780854446557 81.415124301704068 82.59243627806292 83.346187476590217 82.724172129357584 79.186432410526038 77.329464100794866 78.672544948605008 79.872935625177448 77.848056359872118 82.033597340660336 80.591078034862136 110.41004796276235 79.658612626735632 78.45732567354051 79.29124636828108 79.307727117134107 76.63819054722228 81.354590605638251 80.935273004867028 78.067156840607367


# name: v
# type: matrix
# rows: 2
# columns: 320
 4.0452272840958052 -1.5491047806532685 -0.47081893166603328 -2.3617106020879088 -2.8101494348735634 -1.3519718144983512 -6.2106094508590788 -2.1848560259870178 -5.0246765224030243 -0.60100659307165627 -2.2214781886116666 -2.5434029506999916 -0.74118715823311598 -1.8235112505032212 0.8199418073432444 0.0054553980679680576 -4.6772526084831316 -4.4819068742017949 -0.31385007500567169 -1.3461334638073925 -2.0206433194598681 1.2957683989814619 -0.50109673175191405 1.5758200695101128 2.7058480088959711 0.35029495785484888 0.95547544613638657 1.1313036246855084 1.7875350110661496 3.0097797181406931 3.0128946453212055 -0.97243511487710488 1.3590984519651206 5.2435936435317503 2.0609796059478356 2.3230086254416444 -0.54812118213485139 0.79915197826668483 0.37818002072367218 1.0989578742598407 1.093188946046612 0.74029620356156955 2.4116479715890544 2.3250116500154943 1.2532964843695515 1.6961192366017308 1.9841974540615988 3.3271986315114765 1.8010033961066321 -0.30109098121057631 0.56229828007824556 1.2035647607790614 1.2391643096687148 1.8312991278583697 3.4452538341329952 0.7005238725280063 1.5179291327073325 1.3293554749027776 -1.3093513638051355 2.1555580949886237 2.0224715637878279 2.4061616874531166 3.430817510091122 3.6104691162789626 -2.3919751311991062 -1.429415893527227 0.63396807961838475 -2.5555409142093808 -1.2828435941562268 -2.3299614718959609 -2.6184641455760786 4.8083481724781443 -2.6032332210436508 1.2363028571948316 -1.0798153427039776 -0.072138913805421673 -2.3354323769055942 -1.7049211520274099 1.2070910635936927 -0.059107630490472213 1.0737766970794094 -0.60198771226755654 0.14109777098808782 -0.16237635884624929 -3.1508620409815555 -1.9688922333672279 -2.1990259136841295 -3.616940976360858 -0.69080743477960516 -0.8712869124061029 -1.3266000361269279 -2.5651907105817178 -1.5752824008652784 -2.7050007605934363 -1.8324967357570587 -2.15857622516452 1.7148669451213359 -6.2008401770682422 -2.078838683274264 -2.3466588465064695 -1.5870094515296018 -0.62214235037289012 0.42606331926411772 -1.2361462731400825 -1.6708825547379722 -1.2590663002425146 -1.972253043683764 -1.3415265798625313 -1.8307057356439655 -1.6743946425499929 -2.082975160049501 -0.63872628771909534 -0.82242685172352148 0.83635664410673316 -1.6341954094376998 -3.5055155728272922 -5.0554176998482605 -2.5756627907663168 -0.98235940944024569 -0.47133913361917024 -4.708855312620055 -2.1101164655723075 -1.7433805082351568 -0.079316767676004429 -1.3781212366550892 0.46369414163460287 -2.7667938666432437 -0.97065262154782428 -0.91901916719394472 -0.80261018287030139 -0.33095421242412815 -0.94570955454276917 -2.2418425206424821 -2.9609100325115572 -1.210220692075898 -0.28883463112330904 -0.72711966343324697 -0.44556320855531956 -1.7864237300568795 -0.26415823193366156 -2.993209538368367 -1.9717724658538773 0.23780368880087158 -3.1420302346738094 -0.12089598893780866 0.71109349501497576 -3.3052369035009281 -0.51496185838158826 -2.0171905959565959 -1.3339477709414174 -2.3007468897692336 -2.2044768123468277 10.35078207216706 0.19756493752138243 2.9794398013476497 -3.3062291085429489 -1.2895182884498164 -0.32596923171592374 0.28907770316144898 -7.0216810457268544 0.074948290714208901 -0.77894882957280687 -3.8979409362357114 -3.3913228914080427 -4.6431288260274641 1.0137137855549803 -5.8808656221116511 -4.0923451854193926 2.0348274944037255 2.3306462952221385 -1.9213886659294281 -3.7883259683974826 -7.5235426965840375 -6.3866461436760265 -1.1946868770402617 -4.7430823596851637 0.69589263253468414 -0.86365086495798538 -2.0628606792712292 -2.7742239724287416 -0.75816249943952441 1.6366862512240687 0.99616988720600141 -2.2070062866156208 0.5599963309348468 2.5091906915949487 0.16929439926965237 -1.1020368022928009 2.871281939186622 -4.2546230966876744 -5.1108535974075719 -3.3994379912249446 3.4409298150006018 1.4096056935038199 3.6375974918053742 4.5555471916197687 3.8274908787644462 2.0498604029075538 1.9578876882706742 -0.3069193709385597 0.98091847050052805 -0.20078759787154671 -0.87789686238617926 4.6602485548120649 2.7900439001246791 3.9844822523429384 -0.96401327812985638 2.8302508799539319 -2.229936994219567 1.8637930198716774 1.6670029544563978 3.4037653578240561 2.3638698015086308 -1.3952146940253096 -1.102152930701908 -0.99826453070184717 3.7234375900082077 -2.1746892721125444 0.98296201381555615 -2.0715870775284837 0.34892075322440091 1.2552198703555695 1.7837302696474384 0.55403913163012208 -0.69252374121114724 -3.1070992395528072 2.9899313616364802 -2.6435915892895743 9.7918552122602343 1.1616021948116073 -1.2394279726613311 1.3503804345728754 2.2728166734052841 -3.090973361697769 3.8109324420259298 -1.1708274401523822 0.90779469780815192 0.7091927957862677 1.6181343393369052 1.1446043110594319 -0.39497412512846752 -3.8714034896466614 -0.018388054878221378 3.4365990846961245 -2.2547225284232111 0.79445250808365253 1.8147466938289865 2.8545241389709424 1.5064688356422344 -3.067246045588274 -0.63482267051016272 1.6424262096414002 1.2674846138687148 0.80802791265012219 3.3612158844639217 -1.1396072695747648 5.8342632862706818 2.8712731270455882 -2.100086601167332 3.1434362810492766 0.58962857344907638 2.594912440844547 1.5669896798061975 1.523205706552794 0.48846253060245814 2.830174483264996 -4.7856375728717264 1.468062711919802 2.927516854085443 0.42955807945116126 3.4875013207097725 3.3884348404261981 0.46693595089157314 -0.13700019779704067 3.8538493028861618 1.146356750188406 0.6093959399284008 -0.46328533923090909 2.6635169738754154 2.4581856749860234 1.5438870182483135 0.83539687227712212 1.232932113296479 2.5172423827606543 2.7222563393670778 2.0044787658318133 -0.19274579043873732 1.0786466524889944 1.5416771022202798 -0.4218428204934539 3.7646372923191462 3.0985881957194672 -0.24740922133412221 0.24361087362163361 1.8444114267000224 2.415608177534196 1.2240932358922407 1.5208597627192593 1.5728397376896879 2.0060558476114156 2.1572224823919548 1.3424098890928804 1.986513621008313 1.108173660383831 3.4404431061031349 1.272156089790744 0.92507964366215201 2.9222880869238237 -0.25814936142279354 0.27658161157436256 -0.31534703849725509 1.0795806053282941 2.2267884420313959 -0.70827955385594366 3.6580252696176156 2.6020872659148626 2.7704890730714511 -1.4007075682309174 2.1969054020586918 -0.95765743708779816
 5.6746610425660311 -1.117490105380994 -2.9721916215820188 3.1959294126884794 -0.91986781576521937 -1.8241778635660602 -4.6342608888700507 0.29108599795669898 -1.1866022218098367 2.2802740130875314 -4.2303858039474624 -0.49454242545194443 -0.81039780598378297 -1.9619947749494873 -1.1789606655937728 -0.11200043242230964 2.3409242602366955 1.0634697339613519 0.59971686781770828 -2.26157741571155 -0.88848301260310136 -3.3229878819355898 -0.92215143118634357 -3.8291582523902865 -2.7139896255258407 -0.88210704781953475 -1.8608042928636628 -1.3688265063269536 -1.0139704414147523 -2.8996640960250146 -2.6884861982767987 -0.97162432932035936 -5.4160210032670557 1.6694031693815439 -4.6150927764100524 -1.6382156033976214 -1.4794389283151754 -0.14027280145093721 -2.3419670310624108 -2.171915299798802 -3.2600110551710326 -1.0770258556594516 3.4247329919953633 -0.94090265118586447 -2.1435681243360967 -3.0630822844400307 -1.4726354435999782 -0.40035738482603211 -0.93802490851090681 -3.7221199813983472 -1.511915700213561 -2.0821099037191191 -0.98790944611152398 -1.5991628527792503 1.2437071233337631 -0.051063147660728406 -2.5997784135530417 2.6559446616187063 -0.86992766853468584 -0.15762033645867923 1.0727035301707535 -2.1698889830845545 1.0257351276419624 -1.3115871588126671 -0.026943830093035241 -1.4619546616740984 1.3312273460371089 -0.70265671128496998 -1.2521555657715873 -1.2054288643085125 -0.68609177263466747 1.2975106343904557 0.33820522787801427 0.17900466067611767 -2.2832515779019911 -2.4856212570658469 -0.9424348625613731 0.38218781243424921 -0.48343475061216984 -3.5578671306148393 -0.71227384648069392 -0.88618881580786069 -2.2006201701924484 -1.6818607995183492 0.0101464869097267 -1.8654300605880163 -0.61047805177119252 -1.6155650447269223 -2.3760235354117771 -1.2514855062073824 -0.49929397932222053 -0.38124036372298059 -3.0665989921524366 -1.2920723037555499 1.4363745160906354 -1.8111096552471178 -1.0429847469891047 4.8970965420429486 -1.3157201080014798 -1.4480717268765 -0.72557789951366902 -1.8772840933849104 -1.0047718152756056 0.27996634734234033 -2.3884718815478729 -2.2740286797395415 -1.0455554056508389 1.5823229553709861 -0.00076308288544729708 0.543947346577205 -1.0732606902304265 -0.76150172256400284 -1.3388425912932449 -1.2511771984691764 -2.2009995756692069 -2.0305040862792838 -0.6302558654872592 1.0091907104868281 1.4511542305423721 0.31869103708803315 0.79862800313806859 -1.1412187564803937 -1.9606787936043977 -2.5277096668210568 0.91618129932354786 -0.62951441950670906 -1.5584694223246334 0.67136733921651426 3.8620357615178804 -1.1527573814362913 -1.9150661492862033 -0.6203354653969253 1.0969693756894618 0.50382456618028904 -0.39045112230431173 -1.1831242949950629 -4.2755614593964335 -3.3757487331941043 -1.3986221304424817 -1.2143987563600565 -0.08180682899449708 -0.8154423740399741 0.65265662093000987 1.5120815234880927 2.3245378032934254 3.2193689319130208 -1.9440862629784657 -1.6884451861046255 -5.2052769132722876 0.59534498934153934 -0.58746616919481731 -2.1620608350459753 4.0790060925250726 4.8120311240586187 5.6950017758415452 -0.75925733985992694 -3.4978889551785719 -0.66941639066607461 3.8793708077086242 3.6873680019183603 -2.0804072797675879 2.3527586518369832 2.4361773678480465 3.5401989572604635 2.2948746118103691 0.28904425432282665 2.3335964994739369 0.93781400829831696 4.1491065127601665 2.6207003953331882 4.7041823043125177 1.9668184924153542 3.7264977122256426 0.96741084980822811 2.9453708658843212 -0.83315213833629886 -1.6908861060428459 2.182676113160066 0.45209373950366916 0.74308671930813408 1.8249665120869287 -0.63564523663342376 0.27046533535377848 3.9997167321991984 0.16374669928492003 0.91180594091016143 0.17532932751999458 -0.77743125477751085 0.39836921303112138 0.61258048645211438 0.29079370422800266 -0.22975090220961819 2.0108041150486025 2.5207145001160329 -4.5416502536631089 1.4875623058073477 1.2684535050591332 2.5554140728832921 0.012145249511309087 4.1833626856438144 1.2112221958202571 1.7184653043286133 2.5703836519708161 0.64739012465312051 0.11638114872461389 -1.8174229004969338 -1.5860671941217694 -2.264208592810268 0.93192266838115867 1.5937421226742545 2.0033045347491587 0.079280519557136386 -0.7491246119823346 -0.87984097098423608 -5.2876474509953688 -4.5534837977114027 1.2608538610034314 -2.1568366417300076 2.7595437817281478 2.4919612657882886 2.459874281599685 1.7936775445065301 -0.48906087658273323 -2.4123782855472404 2.1876939328738358 1.3974192009183135 -0.27276397725364898 -0.9020675060132447 1.9077300108608601 -2.6447548606775158 -2.4346018065281818 -4.9641725055923667 4.9553758204151475 0.65405078510978476 0.41822608669792977 -1.8452451039607642 -1.7627687428471122 0.22161917870277112 -4.0377167529329059 -2.075626832314168 4.454207076971179 3.7153455081322457 3.3848254212749538 -1.2701925063437025 -1.6909549629450171 -0.81940030315974965 1.0000401029393313 -0.73154060888465655 2.3442150010434872 1.2243219249631592 -1.8576323059653017 0.028819903814075384 1.2656055008708182 1.4226194629153814 0.86973605556386935 -4.0361142509800016 3.6665063691707065 -2.2133356714406869 0.86357808203941411 -0.32999069339749854 -3.0897446965419357 0.47929635656729491 -0.15452656445614268 -0.36254769507040541 0.28908030533995194 -0.39629386386608167 0.13846436959092417 -1.9331326243093754 -0.81788361200866078 -0.010599515692765647 -1.9663576806892487 -2.3950505226868648 -0.41822264640354845 0.69859976028840243 1.2008891579607739 2.2483542042939453 -0.23736417615726424 -0.76651537468804487 -2.4916019947465422 -1.3390294786919852 0.68313352380370929 -1.2041595388377824 -2.1048821827699378 2.2796102914051741 0.9783213299190634 0.34922883256662063 0.54890427439606571 1.1979357706053235 2.2282564407783334 0.49669937303158446 -0.054516687244144289 -1.3411175871910197 -0.11979483040976988 -0.83925039838382798 -0.7811485329391219 0.66242866336630013 -2.4019565179156306 -0.19092816496380677 -2.0482609391554547 -0.53127068014306944 -1.3587289880087317 1.5971704913841098 -1.5371829418511984 0.64432527111703031 -0.96546626080037723 1.2770062575557428 -0.40982837221301377 -0.047072068915979037 -1.2510181560771243 -0.38839338948418473 -1.5753926421875502 0.86129832952167451 -2.0023803632248103 1.5469334249519668 -3.5675128484264143 0.07901137749548226 -0.33915700974304763 -1.2870817683568627 0.50880498621468206 -1.6794541210658147




