# Created by Octave 5.2.0, Fri Apr 02 16:02:58 2021 CEST <br1@br1>
# name: ptcls
# type: scalar struct
# ndims: 2
 1 1
# length: 2
# name: x
# type: matrix
# rows: 2
# columns: 320
 121.64026068846604 114.73984793152148 112.83817998129335 112.7359489023378 117.64651396091904 119.41420542240242 111.93624444418261 115.70902590015496 121.82835114636192 118.79470168736613 117.96512891995481 115.69518336919602 118.46893491995425 120.12047161959393 119.44132781498895 120.80572844627829 123.71462692295918 122.55859154259302 118.58726936660074 118.1372141042458 118.75212404654019 127.58863258144945 121.09673137409263 128.37027089329646 126.63066662384931 123.41174001887535 127.40074441231646 125.07853829893087 126.53540930128551 130.06895446948479 128.57198302973447 129.46366453262243 126.45980245108534 125.23980978543827 127.35585360888669 126.14503706393643 127.598754842086 131.16008626259384 130.43069655365366 129.39992913579286 127.82847445032429 127.64215878527111 128.46561332236925 128.42932539870128 128.91679228861008 130.9696503879762 134.33942483282215 132.49660989841053 130.3151156801419 129.23307168688049 129.12170229090404 129.60428797849772 131.3397615719187 130.20830722833125 133.63252378032712 136.50078061085378 132.25394921857023 132.54118866300394 137.64210572361773 133.77908327963095 135.09399158600243 135.63428576186089 135.36920983610827 136.2773503671188 108.13019348046979 106.77898533693038 105.92140040041677 103.77134395830097 104.2889704607682 103.39406284323786 103.68161029928001 97.662725601041245 107.80518349699605 106.8769637819162 106.03589583271381 104.99643670248 105.4352370639749 104.55460494295049 104.74276473634741 103.84974127061605 109.72036250266621 108.14138252665477 107.09562635673117 106.32208624800707 106.49939479731869 105.59412363596594 105.76790704048497 105.06111630411421 108.92329673290629 109.09475681338471 108.27397693720901 107.4142587782768 107.75752939238086 106.58004287520642 106.84073474971331 106.08122398006671 110.04868703413992 112.03250261357704 110.34197579819764 108.73449038709758 108.70101182461087 107.71302705474669 108.65100130592474 107.44498004296155 112.18467118510644 112.20733000011811 111.91731084140957 109.68750797894634 110.70159596067577 109.64913437247448 109.73349130858993 109.14640843013758 113.53013034104792 113.02890356327798 112.99010183633817 111.089187886243 111.02683604860252 110.71578145218828 110.78695188859447 110.31493550777586 114.28449294846374 114.58656940241121 113.96289451941672 112.74035206618315 111.62970409512572 111.75280339971924 111.8682487790917 111.92495515847381 112.98180933545245 114.08136234238162 114.83442660398066 113.81386603523968 112.70957420773765 112.10056914685724 112.40915294416205 110.83213846866177 112.15139458477663 113.78760171986544 114.999535975952 114.93639611716571 117.29044622812658 113.14962780681462 112.76443793684886 112.9984151215001 115.84141813786187 114.66940737365742 112.91831417161744 115.55625264009201 115.8177240621589 113.70569561097527 113.48512784198081 109.61679669787632 115.24784296789385 114.99253443082458 116.94774756619655 115.08462251138191 116.51471803588059 116.80458447384731 119.10516883071378 120.31088735693585 116.07146770284932 116.37748139762162 117.66535471370412 118.18963298100758 119.19074927498056 116.11393753148327 122.14958619111577 121.33291563975251 117.14261312844822 117.22267628719956 118.59662181011348 118.91866938977751 120.02708545051492 121.21748060055893 122.3583476429975 120.52036459739469 122.70434483143865 118.19693243140995 119.39862294522582 119.74533167987384 120.97383220193039 121.83819279894973 122.37062557585003 121.70265460331679 122.11682186449632 126.05107433004022 127.19908152344037 120.75784070905551 125.37048661669036 123.11158275440634 123.53624229638764 122.97071248915768 128.46535958141484 127.13101661206524 128.03258906389962 126.80105119417249 127.71798565517906 125.72154350943556 126.50665959134103 125.90957051752622 129.1439568343861 128.28230983134839 127.91836726286968 126.72513732635359 128.90823916545276 128.41790615292018 127.61896751440891 127.59958007423155 129.89911299257656 129.05595009370856 128.95913692306948 130.67493305287101 129.69109770170772 128.70174327141939 128.58275384686132 130.42195752219752 131.07459325832255 130.09337958515505 131.26064554419926 130.75011391599696 129.64863862996859 131.46262786910674 129.25773924225319 129.75227137428445 130.07695596453325 133.17505951803929 131.86250069182682 131.03875841467453 132.85356729153196 130.94894423763037 133.09975220958108 131.60112405205254 132.62002506953618 133.63383341253567 131.98855091120055 131.81066813314882 132.6517036365484 135.76584158885109 133.4415734664409 139.15235604932093 133.97163250513711 134.744381896102 132.43415224081315 134.54890183142618 136.79548841724892 134.81137103508539 136.83190610487236 137.51763462372651 134.54702219752312 133.61453548184687 135.70669900927075 136.69797274248708 137.98069687772016 137.10522467124829 136.20104215523375 134.20019384243321 137.46680975701673 137.50108285339974 136.4241927766335 137.06283060488579 139.23933898848165 137.33960667098171 139.63651750214933 140.69465617538359 138.66538342174803 139.5880357466358 137.82994937282524 137.75561745628639 139.17021982370659 138.28439097705294 138.37794713965889 141.86061409026868 138.98788980696307 138.82775721531507 138.78428454909766 140.29394401930423 140.10116145682429 139.4208474699598 140.18128516626797 138.77912404990502 140.28457656924414 139.88265605538771 139.66901244327042 141.13581462580211 141.63257535466107 140.50339119209639 141.25553973700119 139.94160510826183 141.19050832219759 140.8119944945019 141.7709450246505 142.36402988928924 142.61703887868399 141.64960109572178 142.2693485002124 141.52576297911827 142.61944715244917 141.98053115865761 142.84777706479881 143.39463037717036 143.74379494350981 143.11415097752214 143.44031556087549 142.55123894451711 143.65859390290925 143.03268481207581 144.07811348516438 144.38601278165459 145.0247656625983 144.18028832105668 144.48993359959803 143.50747701602475 144.83032702409324 144.09016159001624 145.16445442994458 145.69199213666292 145.98989166456661 145.31503584845569 146.25504081916708 145.21778742409353
 83.494401488599081 91.838939658332706 93.845368384017291 104.96158979333825 92.325417310833132 97.287247984693053 101.83353527177026 99.413871142463748 80.038838008644333 84.753084243264524 90.967950748043435 92.313232096857959 96.629890276171423 96.323097014958421 98.447196814227013 97.405896596427397 80.88214762417455 82.101367845953675 89.897904614293651 86.386658214126214 92.556829226710235 94.013402614922498 95.771974476070369 94.976603719047489 86.404565262632119 89.537911757445144 89.320757612447906 92.522289173862433 93.469011184383206 92.613582075663885 93.709634205302422 94.339547503428975 88.069868655388433 87.197289908438265 91.795257047547736 92.456341349583695 92.98395821018849 92.385892396692384 95.824881062925257 95.620968545249326 88.363511997391427 90.379719188063888 89.415590605467941 91.381188388421037 92.458143218364 91.395643976405665 97.108394016618576 98.102063622567755 89.495753483472043 88.57276082234803 90.425343480583848 91.419026817396229 90.380337685475368 90.636054491942616 97.981911414843495 97.805569496202835 89.744498074139884 90.818131800034465 93.062890450930908 96.052200955349363 96.085524973526532 94.701678161301032 97.39818352226952 96.648512063550072 86.350777759148357 86.566978571441609 87.385759257356355 89.310570998512176 90.399254625520484 91.259073847454943 92.280091373057701 97.384914049899535 87.330582759321331 87.856277194328626 88.457795849929056 89.437109222276149 90.778041229886668 91.515451326021918 92.806660759438955 93.426777921642412 86.80957124196425 88.573100325256547 88.921630922061482 89.831056036114518 91.091942157660924 91.921422070938974 93.099042450632368 93.936879027501192 87.697397762639497 89.048435605715241 89.747304258670326 90.299997359672815 91.469114787040709 92.314094989533913 93.440847321644171 94.202294672596508 87.953774393850111 85.88496411806095 89.002610015019201 90.746276454636075 92.030257157059069 92.636343794633589 93.163707224978864 94.688634427467122 82.994941411542001 84.694757607228752 87.017994233214097 91.401783307655407 91.8940972070003 92.600517071674417 93.792256071131689 94.928398358882347 82.824274042494295 85.28604817575669 86.711517985680828 88.006911222361481 90.371565479363227 93.070033368247536 94.098123096135822 95.08075702430898 81.941964857005445 82.976576204471854 85.922253267799647 87.83571459732039 89.156781741557822 92.339762050149417 93.466289944679232 94.653716995528583 81.955303856299494 84.188518424419826 84.915529993472575 87.315282768794646 89.111288430787269 90.309975440746229 91.421704688127434 102.93162255736823 78.679265749044433 80.339526814465941 81.155987416892188 88.408183552807387 87.247602624934672 90.317282038676495 92.780760186922933 102.40658038011672 76.43927661505019 76.548767808557216 79.450168575151849 82.178906370333976 87.11176783708396 88.355864578882176 91.926879722264687 102.3763834709618 75.473241451727134 77.759702974570885 76.283784612789333 79.88267270935718 81.496332241789389 86.26345928918451 86.884430320654175 83.572949041131594 73.611405835214612 74.959936306754742 75.416581802237502 76.448582640162584 76.888923616426496 85.304864290344682 81.148746124814807 82.372387082601165 73.113551639335185 74.164211274361421 74.650634712682688 75.688672262794398 76.048743335076978 76.835921119778845 76.945140435966323 80.355723783461428 68.24110407496174 73.593930955597813 73.891264318238484 75.035428161067983 74.129479955882928 75.942502170074476 78.945574012360225 77.822337453455688 69.175128412437488 70.714178804398927 72.346200719824395 75.256117520631605 76.163180371130593 78.161568383817695 79.151422309609785 80.031048255013559 72.034730162157956 73.439579551013551 74.138698943594008 76.330225725640844 78.48740143239452 77.98540631264855 78.768358838389631 85.464865433888974 74.776689222202563 73.085151600004295 76.947191156216263 77.394723024924687 78.658017900813121 79.631568631276579 86.185198326336703 87.236887719552712 75.534269502685603 76.214041394454028 77.337945488684426 79.330343956805635 79.956340538361175 80.870886736205804 87.624710288201442 88.436153065474898 75.873384595923966 77.71356998178436 78.286627014082526 80.497600830743039 81.662674726217958 82.824667705870624 86.561188261632338 87.537074707778274 76.633154937360857 77.401954585868154 79.296080352418585 81.51390056237976 83.151775539561086 87.433132680571816 89.218565783935119 88.785706128812549 78.531715479962116 79.09754074326078 80.701681484699705 86.763353734962024 88.117170098502555 89.949316696080913 90.244480324817459 93.266886167472393 80.225589671130138 82.200693450707519 81.873861215351383 86.80804255637905 89.095713101562168 90.987249510367221 92.329967248127616 97.097563347250173 81.115301575499601 81.772383737155664 87.094668997355612 87.839303832012988 89.363680398182154 90.122294922942572 90.966479734928356 103.96208224465396 81.970074164279865 80.720034651282489 85.082501251903466 86.838955087196908 89.731715638674586 91.312865894849793 95.090806998390121 95.166975536379979 83.522183927941882 84.617160850940266 86.001359869444997 88.263906234455717 91.031398503271319 90.429444617452162 92.001242727599731 95.503769616723829 86.126939505556578 87.298207464817196 88.61267887629171 89.219624700843696 90.613310107316266 92.105720218076172 92.862969152084872 94.292803992751217 85.726094934321722 86.835910773733929 87.942385580456559 90.01774858297118 91.086335089864392 91.731032769812245 93.148100927443167 94.047769965052439 87.122442851103386 88.209219877625245 89.131207674117761 90.187602403650232 91.424918791631271 92.195643789993952 93.544496237103232 94.351296361970057 87.090884274134851 88.005816146830526 89.281167432933472 90.541733034863995 91.632185349782944 92.530988018933712 93.774367751256975 94.582078947382584 87.410174425407419 88.288654454808849 89.697122468266912 90.777387871874907 91.926174221326505 92.714204764837802 93.991650578673429 95.106889011164682 87.52481885584254 88.485056352110234 90.044689282013962 91.122519174232096 92.438951759695456 93.260987550448959 94.237941125198432 94.756420929986561


# name: v
# type: matrix
# rows: 2
# columns: 320
 -0.3652540529233389 -0.55027344690511115 -0.98714088942243228 -2.3617106020879088 -1.0964561913370952 0.70982379921242178 -3.0182099704671428 -2.1848560259870178 -1.0546645063652185 -0.73409231623863014 -0.20154958682012933 -1.5552999665724621 -0.79594709265060848 -1.0264264443446856 -0.65307715021377466 -2.035492224665671 -0.22195574490799977 0.34807700574003747 -2.7035728255572207 -1.9296793130513783 -1.1864236723514232 1.5916642799493497 -1.7631007088030421 -0.20641088391126033 -0.19109347088133269 0.18963793975630527 1.6439603280544581 2.2627749700095352 2.7417759417134091 0.31809384816046943 0.39351406916330683 1.6803651756819016 -1.0085895281249018 -0.43067925098768101 1.9738568026919405 2.6479713300559866 3.3398323230840963 1.7326749361368698 0.97620120578403058 1.9677024512635031 0.36398017751380457 -0.60489135948090811 2.0256551581015514 -0.80056067268008124 -0.26872663261372648 0.73253406996905401 4.1525370251530189 0.80182059977575015 -2.1388434141078974 0.42010939425268834 1.9793683568598011 2.8653969710938152 3.5151682786986846 0.73857137833214082 1.340718558052493 4.2568751132043383 2.4173455348689181 -0.63931381095713513 1.6943476690788724 1.3885743759549389 1.7328791517224409 2.0808417661263778 3.5827040236376444 2.6601021156897375 -0.23648607031377361 -0.37553354965779645 -2.4874425959410944 -1.3041177533023665 -1.4238867528321959 -1.1981998498461517 -2.0781744633831862 -4.8083481724781443 -0.14565971992516261 -2.4735832961722424 -1.3012408687204562 0.12571173879169092 -3.1269959034384271 -2.3244013510530528 -0.66979389579806825 -3.9345107235167838 0.11635704468947469 -2.548019327171728 -1.2579715454754972 -1.5762359263507564 -1.9223328592810713 -0.5535001595918474 -1.8880056987334017 -2.6406948363849545 1.1761247321886354 -1.2750826653575873 -2.1360045024763439 -4.8647118620180407 -0.28535997541898023 -1.9868602304711627 -2.6628974338822022 -1.674621178078201 0.84980456534567583 0.96402732710398353 -3.4987478262240943 -3.160152192727796 1.0803116635627277 -2.9077017632595847 -2.6450295367291297 -2.2679628219376817 1.4095032866540749 -0.34464002408793648 -0.23186609090070387 -2.4002417771355016 -2.7576942885529343 1.833168403277037 -2.784767530808463 -1.3681934776350038 -0.87513539512627891 -1.0143907785575794 0.52362204001420676 -1.3372499770652586 -3.4097253746487088 -2.8718373722326462 0.98684770073467276 -1.6498534097935651 -1.4244097634893276 -0.32956721114797832 0.84920257037112024 -2.1797281665585087 3.1060587742381074 -1.582049278953046 -1.5876427195740705 -1.6534076480487556 -3.7698427443097673 -2.2091350353176229 -1.6271371598032214 -0.74367495035031939 -1.7869507910515336 0.6478140092462159 -1.8709188259295588 -4.184992984316052 -1.8625803075715752 -0.79676493436165041 -1.4174069043038497 -1.7012728928431593 -0.10472014006668079 -2.9442940919107028 -0.47965651696925404 -3.2274080655583313 -0.017216336746459733 -2.1556888888747037 -2.4745842692738034 1.3083546043202559 -0.11807892150215749 -4.5933135031253478 -0.31196351872573458 -1.4153401086614905 -2.3753012391516686 -1.9815023007898278 -2.3140316800994474 -2.4174479976134498 -1.0356537894460649 -1.9027114945787749 -2.9871966815159063 -0.40505320486405055 -1.8111528175279346 -0.034003201972296657 -0.35048225716487935 -2.2292431586068604 -1.5368448280920481 -2.3913006689466889 2.7722701418971964 0.065167351910911442 -1.6917057506807698 -1.1358470986801421 -2.5084034660723655 0.023935899816830818 -0.14665049959541054 0.95198857383527113 -1.9493518377866856 -0.99845920464787807 -0.5232120312124996 -1.4408900495653636 -1.0497478129323907 1.1275515781385406 -3.2019347131317359 -1.4744770526704782 -1.0547877153700742 0.1910641868783676 -0.20824102077273107 1.7448520216924397 1.4537428370547185 -1.2508345243637806 -0.38929503163631329 -0.88766653145257379 -0.35210719670276164 -2.6163915863581662 2.7460421565132984 -2.2417263436346961 2.2545198207131825 2.3339800586488297 0.39264807853001793 0.62560657024192634 -2.0906855446647956 -0.37061707585324688 -0.036982807187639521 2.816833322979909 2.0739758049019357 -1.4518169872102302 0.87194750115424169 1.9905838077837306 -0.18733886770774538 -1.9672181137880007 -1.0153079267896041 0.14827986769023993 2.8942908570183339 3.0009702862798457 0.064195086955007322 -0.40869403990743902 2.8030958668338393 0.58938111392980808 0.3266373211466177 0.02697201496757206 -0.14134083124655428 0.33853730639370033 1.1809160895273443 -1.2784221716940862 1.399186561011083 0.3257523296575161 0.6072807267799204 3.7244195470233423 -1.8299265230399184 -0.37653250770921548 0.96522451061506176 2.4183517205277023 1.50373378105556 3.5414827244439087 -1.5210882065742748 -0.24715311900888182 1.2177101263775687 -0.73177414527146922 2.3100742400944747 1.6106568512602355 -0.3628872402151565 1.0064533546276953 -0.97577460221198831 0.36155518037561241 0.31411976781914513 0.26920338508566249 2.2676512077503679 1.3346886624056939 2.3582392143229152 1.7365169904700462 1.5275147030599154 -1.4158966934240951 0.39665340438785396 1.2663886600372958 0.97651140449671037 3.1892438047779184 1.2184297240179065 -1.1396072695747648 0.97785644288067375 2.3025316575666066 0.58114580272890148 1.9244410151528941 3.0564055513705215 -0.34081342088217081 -0.33624206771904308 2.9222606979729102 0.72292834946046314 2.7988185799286476 1.8532358290465745 4.6447624304075479 0.53153554025329175 1.0914549456996581 2.9590163229882376 1.6881885779753005 -0.42750024488266064 -0.31874076071290919 2.9800947192150513 0.55252915689520321 0.33122641993301516 2.1779113231930172 2.0505948265815963 -1.2686074651766328 -1.0651162708260851 0.7415368354708467 2.1478452819905716 0.38210838878764208 1.6846438065245555 -0.18228440577245836 -0.59220058485706761 2.4353381230104398 1.5265405092204853 3.1929302062676057 -0.14762519894153558 1.5568270395473833 1.7763278265895379 0.72615860782642061 0.56587754610927876 -2.6340716224125416 0.16994942729134441 1.4355818273716117 2.7255687880887676 -0.039963648101262073 3.6217362329756173 0.61466164805458556 2.9695800671337347 3.3351486653954838 1.0237139935870019 0.019740813640077105 2.8776789424632145 1.9119323554255088 2.8197296111136945 1.5960233400572637 -0.23856148102140012 3.5755958792753431 1.3147931579626029 2.3545306508260975 2.7394762407359212 -0.82417764427751639 1.8509506211196025 2.7464769823082813 1.2547303544946649 1.7209087124600613
 -6.0184874600696974 -3.182291512826569 1.0372898023411579 3.1959294126884794 -2.2802914416353364 -1.5696468955073841 4.3710006565030461 0.29108599795669898 -6.4147339079807937 -4.6003731512048285 -2.2359658186926872 -2.5370232434394322 0.14715117751594203 -2.8777658559020476 0.26622529345800539 0.34901793696654232 -5.3059917518148643 -3.8200780511297534 -0.76053144038009135 -2.2842959564208694 -2.3689364377375108 -1.8346489204952408 -1.8639422400033643 -6.3045383059964708 -2.1376177756656309 -1.9360448762617062 -0.15469845313002714 -1.277878105118458 -1.6130286403663228 -0.96534664804436487 -0.67459922497904146 -0.1999410856626776 -3.2202524520999165 -5.3188020095511925 -4.6947199275699063 -0.74963125613990744 -1.0703771711627621 -5.1142457887175459 -1.4534446137697954 -4.2725092699252798 -4.5280931601505072 -1.3609907599101074 0.59745263065364018 -1.955446328150821 -1.992096879030554 -3.1475535728670678 -0.17423736572587084 -0.80577639522913658 -3.0859882161133965 -2.1449241213978558 -3.365937784918402 -0.65666553227203384 -2.0614401212809659 -2.065280295222105 -0.098059199668174321 -1.1785497387283284 -4.20691324011836 -2.5520118720727547 -3.5729409602518793 2.042063434601054 -0.48660309861780088 -1.3495293528238275 -1.9340430325844686 1.0968261697329564 -0.0052298628756053955 0.82844357181553352 -1.1258580586170064 -1.2001655112601615 -1.2575591781882409 -0.71946863591254751 -0.89873749739281428 1.2975106343904557 0.23537036430211428 -0.57726738127470145 -1.7807460512840676 1.1022928142248292 -1.0632333886756387 -0.56770051131896371 -3.3577902820171781 -0.26336246160096138 -0.88070671249806387 -2.5595349725055083 -0.63719626882330083 0.76992923905751565 1.3798093524947792 -0.70789387634803824 -0.54626303789067343 -1.7617855105039466 -1.3829345687153223 0.34656164386516536 0.92192465542153756 1.1867542364603456 1.0748943027055244 -1.5903035875163631 3.9365279657280796 0.55777489755635523 -1.6262903656388303 1.9780518935661433 -2.7805396476787156 0.41960867955051173 -0.35687952853434224 -2.1164730812122889 -2.1514730780498024 -1.2504043913708358 -0.41954847615741125 -3.4623365840103046 -1.4875645842301768 2.2502220814168674 -0.26865733590678476 -0.47009860813272236 0.063203885257629919 -0.3191802626494456 -2.5279527044255454 -0.7283441707572208 -1.7354653269036662 0.39546512028071146 -0.45035091668223554 -0.78119747977618059 -0.28289863337440413 0.16248403854890989 -0.37068460030040207 -2.2070947080179812 -2.7920852222840238 -1.8354533439615193 0.99894558912999021 -2.2276460993567277 -0.42129626619123189 -3.816472125271396 -5.0025507043280326 -2.9826107419279708 -0.91492347815016617 0.081290894825172974 -2.0171818716700884 -0.83996460257028693 -2.0673768985726375 3.7309200215211566 -2.3930634318095536 -2.8942758157336863 -1.7823945750869024 -1.3840854921861629 -3.9246229303216307 0.56779292111153701 -1.230702252729569 2.2592762369988457 -2.387560945222718 -3.5658425420043898 -2.1656888442502855 -2.4792095723970102 -0.42672801484393746 -4.1594603085865467 0.27281299670919967 3.6617121033382052 -5.090758345619447 -3.5768729740961049 -5.0895987369615705 -1.5512605194255025 -1.4817850148392189 -2.0094196879901891 -4.3200786602183596 -3.3823921405462092 -6.6270279013647135 -4.0803995155633395 -5.1096415547847203 -6.1110403907678492 -5.9940144387960581 -1.9997734947042383 -8.4184997464605704 -6.0618301411012467 -2.5644716545987167 -5.6550086620883171 -5.7634730493780282 -4.6482325633344566 -5.1762894132470647 -5.1542028123658863 -7.1134582848456063 -4.0742500066358405 -5.7109073025451318 -4.4874799328400758 -5.8477446320708584 -5.8197043657169827 -7.8712840962620731 -7.5670124929503348 -6.5093552987151728 -7.1280826453004771 -8.887319306645761 -6.2493736890793752 -4.5174218059286737 -7.0590545284618482 -6.6517111744178052 -7.0658741957796876 -6.3601002362331895 -7.2037613882072566 -5.1508364994754823 -5.9746756277554294 -5.0262993672535865 -6.5618527570184302 -6.7881009438941353 -5.8713288226632967 -5.3912848421434907 -2.1705826512603985 -4.9070999866863794 -6.5342483652628998 -6.0997049034057982 -4.9833666789348747 -5.096533174912004 -5.3244590788980899 -4.5132024349385214 -2.8245428220197351 -4.2495235912370584 -5.8030370715389861 -2.0010018797100608 -3.7846652962584266 -5.8973748830877613 -1.9836009643252348 -3.1180461737126848 0.099400328282421235 -4.6755643556601667 -3.9472606274145603 -2.6451342752758054 -3.538822021737404 -2.6234461414098047 -2.9599086953288789 -1.7436385239028873 -2.6960654066692227 -3.725078301892363 -2.2789621599910328 -4.5118697583761875 -4.6216199584922419 -4.846727465877616 -3.5789908585856822 0.20632222185738425 -1.8580133447211182 -3.9103866265238727 -2.6985620732947528 -4.5322424534907775 -1.3487619630789693 -2.4732923181851842 -0.98142644682338209 -3.551610764306298 0.018803304947617172 -3.9093502163904406 -2.7343291563590375 -5.1387841000122112 -1.4294321463050987 -0.6996304547488188 -2.1634038183571134 -2.2065277110121362 0.1547030186714255 -2.5553922248498342 -4.549072156501941 -0.64031740306469043 -0.82273955983771552 0.52858905209927931 -0.22498347876189012 -0.89787069347266035 4.0361142509800016 -2.5470147050370713 -1.2928908624441506 -1.7935861329985885 -1.3885324460727313 -0.24008225825922058 -2.1126163082061433 -3.0580247379621501 -0.28972491123880278 -1.13559458230466 -0.73044227964725827 -2.6760828848195537 -2.4682544578954819 1.7066984645700529 -0.6639466103549968 -1.589905128904038 0.054858909900713508 0.011451526088824731 1.7626760163876909 -0.07243842162984436 -2.3994428246684389 -1.9727129955874023 -0.92995865715830361 -1.5758569488543663 0.98790748840420228 0.24039624995927864 0.9307434933412928 -0.81005435626768407 -1.7606420981982178 -0.3308649249667942 -1.3155000736362898 -1.4677490712152872 1.7436919067403758 -0.41212281365536629 1.2274540848171487 -0.40804991639871369 -0.55330110334799998 4.4258218215524554 -0.10282124975774645 -0.83417794923654209 1.2197399462419714 1.110984453659333 -2.5030544220246247 -2.0027049068781517 -0.031247566494475774 -1.9273933267047678 -0.49528026293596478 -0.58235454827145605 0.30912187531069762 1.4345065194825208 -0.59782268030671837 1.0033723877782432 -0.66283518381484297 -2.0110660121402639 -0.66957300872387515 -1.5660340705493589 1.307789383294647 1.1996005179115377 1.7308992854594347 0.77941108843907614 -2.7370612049746654 -1.7502945424450718 1.6371085103795708 0.0017771126241229902 0.85670170247698796




