# Created by Octave 5.2.0, Fri Apr 02 16:05:53 2021 CEST <br1@br1>
# name: ptcls
# type: scalar struct
# ndims: 2
 1 1
# length: 2
# name: x
# type: matrix
# rows: 2
# columns: 320
 142.28792922978047 94.196194479106737 92.988969587138584 79.081572822585272 96.539053411782959 109.26654242911826 68.744179153139029 84.574827529821334 99.586665020283078 110.26849057948938 98.398280584509195 94.090817800671317 108.08589954424258 109.01989187482009 108.37177310861266 109.75666566787015 95.572885391516792 103.57080601929695 97.37417835596068 98.086497286712344 99.403973762671271 145.62293612799076 108.20631524528279 146.87324978795826 141.60633641542523 126.11408066038433 143.80897436431837 141.56247379889538 148.58741814386548 148.64625544176158 141.05750621692843 148.64995069553569 140.13556886135837 119.26676993914592 147.53071382893822 144.48699619387634 145.08929930567135 147.37617391748137 147.61222149603796 149.2217993873617 146.60190031326971 146.88635424218052 140.66777252150558 148.01025930949072 143.30681079433086 149.28809616757778 158.75757352335643 157.91147696668909 144.81666922639442 142.6879403973353 138.67701288260372 146.22512948475946 146.00511902866475 144.05727101561737 158.68655228160225 159.54076585883558 145.05920845462632 151.50741497190776 161.01682436891781 158.84148731562135 157.73482069131998 159.26554020460571 159.90228228881861 158.10126994060627 82.319294014393364 83.603706590785762 82.5602411734599 68.244993895412648 83.442906914389852 82.227081493371827 81.107902697844764 29.143764143228491 85.853402279230835 87.003573258697344 84.489431711202698 83.402933088045771 86.026527464222227 84.342375042935487 84.898968077875352 81.13234732123459 92.371389601284264 90.450565572519892 89.433449356800068 86.055243118639424 86.986416762985471 85.989913195439854 86.986767468576772 84.79449259612899 92.850504703193067 91.37741846342972 90.212140635667268 88.005631270948086 88.039280865026541 87.066920785421075 87.075115256098456 85.970361622578849 106.43431629826422 95.16123912027038 91.52875896986194 89.096224280850279 88.200694009316621 88.138981879972405 87.839083751607063 90.850898946702031 95.486385069032551 95.246284225408317 94.272290810041383 88.992284714239915 89.784580715642775 89.013851717839671 89.152289184872416 91.20853065883766 93.578930121759186 95.150775108020355 98.127178324078585 92.238810227408081 89.891015960851433 92.577183775843693 103.95345783200034 90.118072902460824 94.387986480662178 96.155082217032728 96.405276743395873 93.43800454960089 91.152421242719541 90.778411202688758 92.58322175003542 93.967398820233086 111.96441811287659 96.593112843170744 94.02138068609338 95.865796674624008 91.906546451797482 90.775125048689233 94.059396290351927 69.782508908606673 90.919517156982906 90.405863661810969 94.337894652026236 102.78023883380406 97.411510700580507 93.243833255459506 91.859170436794329 67.34984957497403 128.67832960711183 107.77221647940415 75.245630946344818 95.341883361997887 96.370763759320866 98.408557277644448 93.181340403056495 70.70225350721536 115.181583991897 111.35996995905009 113.52496010528569 91.544862140443172 95.47959388064389 95.314701033684585 105.05342724126642 96.553882947520037 110.32408381077175 110.02831687341595 113.03425410100553 108.17364249060431 104.52653284571778 94.732940346749672 99.09612917037667 101.3845201270466 111.41753934731258 108.97517955889055 108.03581192788558 105.3230060810799 94.46320528144264 96.522097301796563 103.19421372176186 101.5714783339515 117.7977727510944 108.48805512305678 105.11960619922601 104.29966197106205 105.31834531706576 106.013833073679 110.46995134081202 104.85859108191248 116.60018795405148 153.16955680406096 135.74257719434206 102.46746919308657 138.3483506365034 99.976247223350157 99.462357522494884 102.60352879636854 138.55937230931184 136.83807461334607 147.25024323037496 139.03315074626374 137.78598161412299 137.71874539392007 131.68585603791109 118.06651502111339 137.64988658810827 140.22443696130372 137.91738510730056 140.084143074102 136.68561634499338 138.91166068958634 141.0173723912763 142.92837946474148 134.74617414244179 136.67875482863084 135.90733904137255 138.94214309812887 130.55227073646336 134.23107247024518 141.88394548810948 145.75645543496501 135.73838336741051 134.67788233519497 134.63672619942611 133.20337344595836 131.35245767825882 129.52873175816907 145.56042531854203 139.85564532138852 130.88077444518612 133.86427994504754 136.87813249221458 132.6962172507929 132.39863110544312 144.6895136435335 145.73927014679813 144.46313553258514 164.79144273161401 130.87227025262217 135.03876828449117 143.38220077018022 146.40554117452868 155.30880200126558 152.02577769184441 160.33640989174188 140.85309441280305 130.25959918863489 131.51708397886668 155.78315606322437 157.25464186359159 149.63471190341349 159.16171890837751 160.00768945222609 141.97342881228329 133.84896587332395 156.48516172564001 157.1015380403154 159.25680674977815 154.75374803322478 149.91884692554152 117.96079025099061 161.7163518827972 161.65566592277673 128.97733028530558 164.42086540345471 160.18631690074329 158.12571601557411 159.81053527964553 160.7456741334662 157.8592385343793 154.22704387686468 157.48265379112777 158.60704954733365 160.79697077203221 156.144434451927 159.31662565074916 159.74091248239156 158.36858632030351 162.57715282755572 161.39546033694626 158.60218610084516 160.58781837677486 159.78652095047491 161.62032787828721 158.21166107117668 157.57394269769031 165.64180609690879 164.06109808092978 162.19001714648621 161.66445246504608 160.73923341701968 160.77261179951884 161.71299764928361 165.1181719514926 163.38004986240617 162.77462436957478 162.26874626476072 164.08691160835704 162.68413195269008 161.89246121820071 166.65447280506157 166.17053347401486 164.41820934390051 163.98463750810899 163.35968189860208 164.62091734918133 162.73257015272398 166.73108231273505 161.00901713614252 167.43555862702345 165.52269128655351 165.07212926448048 164.5593495121972 167.20981793226889 165.7227323315264 166.34595064724095 159.26459603116757 168.18424024890598 166.88824820653116 166.3452567288069 165.25336032456761 167.28044229053381 166.95286003634189 165.85401529627171 167.60474095765508
 12.262244814426989 70.874832831028769 79.468031365749169 150.50358392413969 62.389702507036716 81.528831429733913 161.34144638650605 103.56184661336393 1.8922346454040886 20.133289133970802 64.73101380669479 79.002594343082606 87.357844022079092 82.899445174852545 80.929346634244993 80.493094080912456 3.1259022854184373 0.17587970512966672 66.54192340228775 63.648234765248894 63.611696354212732 60.458103867705972 82.07144364087776 61.299386268206952 55.595559937567593 61.949272270704611 55.530666297977284 73.810697380836572 58.921793684465612 60.258120452151218 62.06668508111165 62.497422566897647 52.62172166498398 38.178794356862078 58.921881859345142 57.812292704745971 59.044118458440046 60.034892933787674 57.884996968422854 61.482245525300193 58.432204013760376 55.316513916799416 55.03023773779158 61.266523836444236 57.476196170685306 57.612640517700825 87.863281423994252 88.671906806573219 55.777240304845549 55.306419184352983 53.612141807350127 59.525542678343015 56.134566836115944 56.580468085454292 89.38755202428375 88.686279715524321 56.881151859662076 62.474335367377599 84.980112545270813 90.457906338542088 89.994239963762354 86.737717684208178 90.93913640884503 87.006580129865625 79.105963208246152 78.318933380747936 80.26842630952649 78.420774919356674 81.092488860977198 81.389061879878142 80.684933486343951 115.87444058995938 78.785573233499676 78.218452797542156 78.8661749292759 79.451443725102351 81.013754836987303 80.293725957185856 81.292932117039285 81.780974709553689 77.20595227520765 77.373216739305505 77.583316026182061 79.939216772288773 79.357804922153122 82.151277933073729 81.553114061324749 82.56045442967924 75.906378181300681 77.860642648467191 78.438905426618774 78.774349544315612 79.905413918232483 80.446926301531462 82.935307175337584 83.298377584839216 78.311554245434962 80.315948308470951 76.50357539158253 78.76818203882911 81.091957545697298 83.298306560662894 82.256633712330029 83.404335925728944 64.955773670770782 58.786796098455284 77.823218343914846 80.299351123347307 80.982028207543493 81.862379827053829 82.956953650198699 82.322589010086233 63.926101690115559 78.475850166532851 67.253743282116787 78.662093914123673 79.656109458345213 81.738550279995309 94.561105820916637 82.193056880398146 62.700353606527912 61.269331389555433 65.577189978411582 76.980636340154774 78.961455936724576 81.386437777628174 82.842773861175459 81.607231667980585 58.375414129933425 64.40003702092001 64.975757536851177 63.288518017654013 79.724998386416033 80.293485630758951 80.242857520451153 160.66004545687539 42.254247824349754 41.066008151910928 58.134823982583406 64.236414434688797 65.248777813916703 78.16327721621515 80.889251555190697 127.35550071312183 18.45077722045091 5.9124925536594137 50.465400825391512 57.629089095613203 66.730236358066989 66.124905231532551 80.800248955349772 160.01758263537707 3.8745378999488502 2.1846937249950362 3.1314406265237786 41.280088478223476 66.14318305028776 62.214639792014125 18.720226999197585 4.3963973816703437 3.425201997150876 1.7354176181135113 1.0832515187342129 0.93852453607002562 0.70731379251461013 63.802968126066176 2.8712151154494805 1.5773718581486924 4.0354381046045535 1.7113535858901781 2.3419638853274791 1.533801418438238 2.8276225256440322 2.6988108036188589 4.1347712800414094 0.41470021666188517 35.859815268670729 3.3081469393568321 4.6063415554592799 1.9657492161331194 6.6243774899594712 3.5528599529928626 0.087905148775781455 3.4050878780469507 35.343130174676766 14.804180447882947 17.785088434209719 1.7676708110781607 9.8835612087992661 3.5645381473761724 0.71740288708485933 0.61321725690964124 16.015920398801221 15.760917341129538 9.0715291749239739 12.37080542651708 13.994553501788511 12.870119287792637 5.7833137285015637 38.444184450172607 16.64304426471347 16.333078988575181 15.14402076193806 13.223093293067308 13.196310789643208 14.582540888963845 53.264001683822841 56.318790331326845 16.364717001462932 17.214971377724464 16.437735329822473 13.43489185939389 10.891576038605711 13.519349663867418 54.515228226305759 54.986309543678203 15.268641828172584 17.549862530328092 15.2235990303025 13.480913565782787 11.657583471248362 10.878199960482766 58.058622393318373 53.659120244285923 28.364333771619798 14.487450354788356 14.634662080561919 12.394640841030855 11.20741882794127 53.623385653677225 53.639864071067805 54.701051100551744 8.0983005464005497 13.618006408817589 14.22291437402048 54.473278794798723 57.202288177339149 83.33281856362882 59.031587078975107 85.879629813091583 33.118627606703122 12.015822650495144 12.703618559862358 81.882610815886039 83.747506776238026 75.216498184559612 84.19073164054592 84.920037239610124 32.629477271705014 12.521394210883649 82.852002361792813 81.741477723362721 81.325302727530172 82.190411958573534 62.271175895933744 161.47671032113533 54.593379707829783 55.804909140116585 92.490803175408828 80.612683072807954 81.862955984909675 84.727008192211343 87.572408325814934 88.058742229721673 81.00721090323087 69.462631937175743 79.53782008086425 83.302386886308369 82.791113313653511 84.414125914679133 82.437831720362709 89.873935787552114 81.971736810268126 81.390661019513715 81.663176719456715 80.340267475359667 80.909853428593962 83.391714767002952 86.195588973648071 85.902905441581595 82.69970056558175 80.78313950138984 81.671614700481683 82.388967270953188 83.453434023610285 83.964118530113907 86.908760513815281 87.26872669044036 81.911900841214745 82.489260868438706 83.370572846577772 85.210160103876817 86.280594101209545 86.33739054450983 88.316063508511462 87.987976114375115 81.877914521682939 82.769867848723194 84.097156897277245 85.186329822593365 87.208524041155783 87.67699146916442 86.869508453017872 89.252011567996675 84.084670310717129 82.992237274107779 83.919508060359348 85.088004079241855 80.091319170260988 87.274628351540613 85.881519958403175 100.03140309201933 80.558593127977076 82.842885179978325 83.807326575499346 86.078607755419739 81.730441837877734 85.060530022476158 84.844265505857123 86.140496093645794


# name: v
# type: matrix
# rows: 2
# columns: 320
 4.4515719356952754 -1.5491047806532685 -1.0456906990310766 -2.3617106020879088 -1.1473689882816569 -1.2947290711466524 -3.004559333757991 -2.1848560259870178 -5.6151375513696973 -0.62397535907694635 -1.881844832351649 -2.5749614272599355 -0.74118715823311598 -0.37815409818623846 0.58564104271521267 -0.42699907477847004 -7.9671776156242471 -3.1848765818599372 -1.3952935041041963 -1.3035103352880235 -1.9523373421073078 1.8245273066363581 -0.71787046193747173 4.2202786563213754 -0.72741715749178404 0.18963793975630527 1.465984195957956 1.1313036246855084 4.2279101997558088 2.001138993237674 0.076597165524798977 0.49412681152674065 0.5517257780405167 0.62437385126586786 1.0151989588229293 2.8687256028235297 2.8093039959884498 3.5135543656737598 -0.73091596247741808 -1.1107010481921837 -0.35373458005197822 0.13848162847384643 1.4602823803066052 2.7628577034921062 0.69722355963859428 1.7591340005089282 1.8746059341571086 2.0295896312517838 0.75131934644885456 0.61138479612779517 0.25553426696097986 -0.73130454398794897 1.5102127142119561 -1.3492550570154125 2.6062652874325836 0.59587824618442375 -3.0975212845581401 3.0344755412131681 1.6911830040344635 2.8103760964545597 3.5057903286099004 1.3881213665404042 1.1665152130285554 2.0863312994486933 -3.0144061919796052 -2.4027317582030108 -2.0028720817390102 -2.5555409142093808 -2.2024751037354768 0.40666365459066317 -0.91043705714218914 -4.8083481724781443 -0.90535658567447586 -3.0644498322489664 -1.0250901642827013 -2.0625593288375681 -2.8000868187344228 -0.94494163408406906 -1.035148585211813 -0.98210690530017364 -0.42455867988272578 -1.3069741605538989 -0.76706994273439277 -0.58712556508532243 -0.24556365753112849 -1.0790267181623103 -0.97128084166112472 -0.67309296933897078 0.52286482696083902 -1.5597258431317609 0.02167625285788137 -0.4930959607253721 -0.58826101380491957 -1.9590302904440617 -2.6191741742636458 -1.9941868788475705 1.0957960171126855 -1.8747716907290908 -0.98016150513406664 -1.2375767960170971 1.2313980820660706 -1.5855728686687212 -2.9251221101317864 1.8700489826358935 -0.88738039021405057 0.69258267858597489 -4.5420135126255223 -2.1287512839699323 -0.27662628167048348 -2.3990331785141277 -1.2090327853277687 -2.8868391994215723 -1.4986714259151976 1.2396560248825874 0.051494699598681901 -2.2761059273151343 -1.6966075445278077 -0.45562375655337062 -0.98235940944024569 -3.3883573403853169 -0.39375523038110716 -0.94398895970512664 1.3208763471751996 -3.4783361959438457 -0.4945038501319417 -2.6133685842447343 -0.67327317832403877 -2.4125858995070772 0.63942593884555221 0.67626717292832239 -3.0514297405854864 -4.2202364266110051 -2.6344267771049652 -0.71944114190205799 -1.7432569843529415 -3.1986469884715327 -2.2665802487611071 -1.0525137508796376 -3.7340362250118497 -0.94314333146569318 -2.4665883033404365 -1.7328069027653128 0.15815356201836295 -3.1420302346738094 2.0503194377782759 -0.018888538791593794 -3.3052369035009281 -0.56159866335528819 -1.6592980002313604 -1.591433312260967 -1.7057301055793244 -2.5007145720996884 9.2962813685715542 3.2279705179845886 2.9372145970372672 -1.15981798089077 -2.048930557703537 -2.413698523556866 -0.91553894821569615 -5.7867976970494412 2.396301465708305 0.99268685190988659 10.284684392852075 -0.25102005345801759 -5.0629223627734534 -3.5777791997632722 -3.626619887832875 -1.616567269668056 0.78954250965960782 1.6319701572316216 0.97257541203616993 -2.8994155192608639 -6.1986584461979479 -5.6564887355984457 -1.9386413693850866 -3.7486424610894225 -0.03224696719027207 2.4682045392420555 -1.3376019196014333 -4.2947811781817657 -1.2201022708858686 2.451922649577194 2.3525905429202689 0.72505441664554826 -0.69920608479496016 1.9063454546835059 1.3398411360453508 -1.1881275627303347 0.29073861035588694 -3.8147688734582945 -4.1220289022146988 -7.7184979296806278 0.66083538519136364 1.7543383614015675 2.5327848163482951 1.3012683125160065 2.9487199488526925 1.3212393073597291 -2.1791776347234002 -1.5583736618407165 -2.4168406395934054 -0.50786408059748223 1.1727597430785341 0.073117280782046837 0.63741291244203313 -1.1943179643139548 -0.63255033311590192 4.3249208215432589 0.19876304714338069 -0.71010893083324245 0.66123327682581734 1.2120617677139056 1.4299793564915766 -1.6312777231157995 1.5371960357549219 0.96800043810826675 1.667906874161748 -1.0233128990825116 2.5758313787864386 -1.6075827596048355 0.24904536294484481 -1.0951109275517841 0.17259855675264577 0.5118843603462343 -0.92266956557525615 0.40685992948378102 -1.6601183196130489 2.8885846423991666 2.7635559849436122 1.1726149498901 2.1519382818253199 2.6971481819565213 2.2728166734052841 -1.6444597561167438 -0.46401226183263611 0.42786363651106535 0.5815110346505209 1.9961187282329835 1.6039025045154522 1.8789208683260059 1.4157017316348959 -1.4775217280909807 1.0558081324571729 3.1763516470017197 1.6351241935976157 0.79445250808365253 1.4989905830369274 3.6286605832351309 -0.41827339964239496 1.6331559222875007 -0.35580344337179592 1.7168676124708142 1.6496756999649402 0.74026872673470978 0.79074373633030826 -1.1396072695747648 2.3681054026991033 1.029920406807018 -2.100086601167332 1.8047901030120315 2.101235950734091 2.9931553632475922 1.7887596828483596 0.64519924594405598 2.2245726883266546 0.88167391345715806 -0.38660777360819809 0.34587114303482064 -1.0418571730872166 2.0593121901115907 1.763103568773434 0.0035797396921299698 2.5647536983842478 0.43790530033365271 2.2484892930300675 1.0098216889785439 3.1771654950436554 -1.073680392888605 1.0861525524081981 -1.2382685090471823 1.8431052288680092 4.3104771269874256 0.94838443979534492 1.387541593976483 1.6962107636334363 2.6053190092047247 1.377972413105675 1.8732049921074565 0.79643113078606109 2.1149716656350015 1.329506533764091 1.5797400311233056 0.8538026703010777 1.6930498076017482 2.1890447323083166 3.6177676777137857 1.9469026725142338 1.0856895234152821 2.3216422623240951 4.5345603983979066 0.34062695139610155 0.40578912131450595 1.8372238210028413 -0.043713362111633805 1.4247631383490029 0.62791816150249569 0.10289098561638932 -0.66946834903548424 1.6658499202622687 1.4030639996392287 1.4857810155587063 1.0795806053282941 0.3946517139912385 0.66486763579084229 2.2621058889801762 2.9709642339007583 -0.39162813223170123 2.6224398139465341 2.3136857354344382 1.9140707544216753
 5.5950135525432216 -1.117490105380994 -0.61496758831506804 3.1959294126884794 -2.9720663995391443 1.5708588024448491 3.8972935183602231 0.29108599795669898 -0.63376101678291863 -4.5400459979297505 -2.295557307136149 -2.2839428367969847 -0.81039780598378297 -3.0243694255131297 -2.3852164127095539 -1.7781815876600924 2.4265441787000834 -0.55841493426631728 -2.4402587060179903 -1.1950016902948655 0.66110911225459512 -2.1777462813486537 -0.65537745599836805 -3.0836871971858129 -3.1517274529442205 -1.9360448762617062 -2.8982495812553588 -1.3688265063269536 -1.0677353326278787 -2.4715008152185849 -1.8863316855641648 -0.63052765318136972 -3.8163876499108658 -2.6439030501374821 -1.617445117769077 -4.3965800323713298 -3.8326626136781656 -2.6042671354357707 -0.76337949690379414 -2.0971984518021807 -1.3599516721943012 -4.0318175144555726 -1.8924833812914892 -3.7046251830756787 -1.6822454939332387 -0.40560993981167937 -1.1399167211481285 -0.033049107081081018 -0.48216278151332703 -3.5589117973970614 -1.4002248769189489 -2.4520535630704847 -2.696585427878694 -3.3254070577360313 -0.89912574044390059 -0.76553448802616753 -0.64673952882912722 -2.8665904323709532 -0.27212532842458781 -0.81497313641427294 -3.4582068137384829 -0.72600168046355962 1.324634683877868 -0.87288981756417261 -3.0404274155431024 -1.4744930305049389 1.276853329834331 -0.70265671128496998 0.033477409670101106 -0.94483016275876097 -0.11938381389612299 1.2975106343904557 -1.2059530134747376 1.7583204372476318 1.2313609551311158 0.13440273630269706 -1.821070817463605 -1.0257920380126935 -1.7818955491574753 -1.1647547207338227 -1.5015190444983206 0.51071225615893301 -0.98210755513885828 -1.9168376385635666 -2.4081979924053463 -1.2913668968204861 0.16613616449218924 -1.3816230549729613 0.20986112158542647 0.13835991004862147 -0.78227574059871385 -3.2163898884932731 -1.5361847993267803 -1.7695608245558068 0.80228134003506613 0.81129407115079755 -0.76998383527079506 0.20258298591449722 0.50947836683040104 1.4453481153835495 -2.0854993146276288 2.9956551219534893 -2.7676699697001514 -2.0955615945434993 -3.1599634602017241 -1.9852276643680002 -1.6362870436950874 -1.3858537010757175 -2.7894284542661891 -1.3207965520488678 0.0044183311885649321 -0.8356836104328158 -0.78822545734041705 -0.17588803702722783 -1.3659717091768599 0.83591526966748164 -1.3612822597535728 -2.6183769342926335 1.4511542305423721 0.17106219165298486 -3.4625647454558881 1.0846436781750877 -3.5074486825642452 -2.2672790938552772 -1.3140163287694011 -0.62359108433068788 -0.56907914853968999 -0.29585419874578661 -1.4985947257817349 -0.61773058952059368 1.205911917023917 0.61271121245834081 -2.0911950912359787 -1.9765012633980905 0.40307075423969585 5.1443203622167051 -3.3283217092077573 -4.3811151540416091 -2.5368926483112682 -1.5869886814609546 -0.72448640548654497 0.4503095083824098 -1.30014785804595 1.5120815234880927 -3.5162276711970275 3.1413217421236785 -1.9440862629784657 -0.94672495942639534 -2.8132626084972649 -0.091663654161525623 -0.99607791031044779 3.4692136142963075 5.270835330641515 -1.2706757579433763 5.8236233194625191 -0.70113066920110045 -2.0082006533992494 -3.5019476159556016 -4.8047683630626112 1.4270956443291245 5.5255166205513362 -2.3375313203294441 -1.9277779128679682 4.4251853550880602 2.65690402465501 -0.70261657557799928 0.43300531899067052 0.45428746591705099 4.0168043286481376 1.6196130467062337 4.8787940655070603 0.21181600107393195 3.9593246196324623 2.9092363815272586 3.0512113059596571 2.3797300704243551 7.1202073986693515 -0.32636397351060187 1.7304656475785747 1.9280889217939909 4.2487909219352478 0.79169607902344463 -0.83485236595549051 1.8828626497528942 7.5993247570328171 5.9957003488919911 -2.9575875965125191 -1.5474230135844316 -5.3422207117402865 -0.66803888183005289 1.0376804967681466 -1.4369839155969713 -4.0363641701018995 -5.6771131088884959 -4.4806091023851753 -1.9587198998704791 -2.643140980805804 -2.7073378520832372 5.4234164077172782 -4.0623424416085072 -2.9729414203152666 -4.1747218657720406 -2.724958187182938 -4.3498860803423911 -5.111415598627258 -4.3258852181675911 -3.0997025199236599 -2.4089136332913004 -4.2156064640091859 -4.1341872179223573 -5.5281541572815831 -4.738442406333359 -4.6203158301474154 -6.4936361304267933 -2.7390649307235884 -3.2626021587501732 -3.227688556090802 -3.4451848107123633 -4.9059693813137484 -4.209340328572833 -5.2781253863708741 -6.5101073639707323 -4.6536993590503153 -1.454483916326325 -2.5976670930922872 -4.5121844196288965 -6.2691427116140597 -4.4861706973634696 -6.0070224300769564 -2.1653410893790341 -1.4010242456356254 -1.8574910720371443 -4.9553758204151475 -6.9108732063308773 -3.1405625728117266 -0.66310817188434734 -1.7679373993905825 -0.39105648987568009 -4.0373863935836658 -0.57707623759540039 -4.0065175224194451 -5.5046139093908737 -5.587948982845143 2.0997396796456806 1.7482853171879116 -0.81940030315974965 -0.28798140085121737 -1.1126537902011449 -2.7741776877418891 -5.1991459465759178 0.23402113433167873 -1.354425869361076 -1.4532640779097081 -0.6356766218805957 -1.1467615246185532 4.0361142509800016 -2.6646641737673029 -1.003031735174124 0.86357808203941411 -1.6530293795202722 -1.7269778701616245 -0.072668407294708692 -0.23137735628648379 0.40399728906055399 -1.1343480287322836 -1.072369632113483 -3.052250599493191 -1.4397835077647945 -0.098521956082985196 -2.5100668577315099 -0.021396837379311098 -1.8289600602823677 -0.21740122091569078 -0.22408953584021307 -0.11418959050721021 -0.46934609190595011 -0.24457718001820081 0.99285231237386085 0.11462553568972129 -1.3312791063544278 2.2999024128790846 -2.8476549746997155 1.2398100726872752 -0.61869062516820539 -3.5090087380191415 1.6398706486291463 -0.26159874980047254 -0.90645642164326434 -1.9444623298706281 1.4290813211731854 1.8741272396696615 -1.8685957598668081 -0.40712247809807689 -3.6025690142961477 0.65588754440831787 1.0000014971284077 -2.4545472362416003 -1.2755252826004286 1.2358392318164078 -2.1443550443458279 -1.752928025337829 -1.5232001411168943 -0.90965194209559941 1.7698465560975771 0.44677484764892916 1.2200000152911534 -1.8485524873493797 0.37439892689268545 0.21819560427694573 -1.3400830662483951 -1.0025672701305259 0.86129832952167451 1.1521961694823457 -0.54598938802446462 -1.6928656411634435 0.13830053568231718 -1.2359784509766407 1.065657326989673 1.3516229594699218 0.63028791433298803




