# Created by Octave 5.2.0, Fri Apr 02 16:05:40 2021 CEST <br1@br1>
# name: ptcls
# type: scalar struct
# ndims: 2
 1 1
# length: 2
# name: x
# type: matrix
# rows: 2
# columns: 320
 137.82510274987612 95.745299259760202 94.499577478675434 81.443283424673169 98.655977859029321 109.96476924129004 72.355398802320138 86.759683555809659 103.66689841646188 110.89246593856559 100.20168461436495 95.519308490882437 108.82708670247462 109.44778746742345 108.87840186837951 109.59288512606571 102.25935813910679 104.95822378924184 98.452542914040379 99.4004064700692 100.18889672379846 144.13181861733131 108.96945628587879 143.83134763969528 140.76274921186371 125.92444272062932 142.79262811563615 140.43117017420929 146.69258115111069 146.95742645244698 140.9809090514029 148.32338153741205 139.18481614019461 118.95739346722438 146.44334404598413 143.47969589236774 143.85133444382615 145.35434989187695 147.18686002195716 147.62286430687271 145.46166300524027 145.98335455745439 140.5357777225091 146.61451205612707 142.63815631236295 147.64800864338932 157.52463714543757 156.2779262429932 143.90509011505745 141.64149419932917 139.33214013035447 144.95649773209792 145.20988947849349 143.02579089298678 157.71251507482731 158.60300091589235 144.3034446090646 148.50097997604945 159.60101260620897 157.24655335340748 155.84927510018463 157.93003086999431 158.30096086428887 157.11596773961261 84.797777753195447 86.189293792082893 84.208607850239247 70.80053480962269 85.147879674083811 84.060402472980584 83.083611519248777 33.952112315706884 87.167426568088686 87.05258621974518 86.257523605579294 85.204128895619107 87.374396403530326 86.249150526213043 85.526870341810664 82.988455278990429 93.55820924450471 91.576780086504797 90.492033210225344 87.168944697882168 88.111174220774657 87.568710654394039 88.4201294766834 86.598168472588469 93.428265082686224 92.585245609013384 91.53900659805106 89.273524232007759 89.235194083294928 88.288000434906266 88.672098855276587 87.488276992552699 105.3385202811502 96.795350064248083 92.434078205372103 90.322835392245167 89.333183128422888 89.877961183987154 89.513753869235629 90.979907133382142 96.924487631346253 96.273440951622334 95.584280045936126 90.159750585196718 91.54197087131358 90.359523287154872 90.520665347820582 92.530012301751498 95.068643391331761 96.665593074239837 99.34464726218836 93.48566258821009 91.278152791469523 93.587742878082622 104.93581724144028 91.501272905821878 96.24756671680224 96.969102782925887 97.868025625510214 94.452273712165237 92.345103109211507 92.50222291037241 93.387958521795014 95.514980070309747 111.32499217403083 97.510214055611613 96.160391642523663 98.367757115554312 93.449484117647458 92.509441715797848 95.723819641000247 72.249067553441606 93.004096601651497 92.464807510851443 95.350620416934305 103.72338216527005 98.584790268206049 94.548621252433477 93.534572225738032 70.491879809647173 126.6280101693323 107.72977672286174 78.550867849845304 96.942353883119068 97.534980669487922 99.180193699672174 94.406539108097149 73.328396107528476 110.96880104762691 108.83326141277071 110.35669995946066 91.880250827265655 96.887658634165533 97.562950282387348 105.96896618948101 101.52004737780248 109.65989324381762 109.63709915666979 109.30425159081962 107.60867299411206 106.90491614905368 97.377867251330883 102.03661447305599 103.8071605900211 110.3632042125834 108.59635712641945 108.17721936341417 107.02300634244455 101.9476923885332 102.90198647713716 103.66710006178081 104.14229192993811 117.87952442822618 107.06684302310491 104.73305449952191 106.31893240646559 106.10631102327474 105.81478867722605 108.78782922617097 104.79889736042638 117.24988932890503 151.26321134937854 135.9815837111037 104.21025572325377 138.12422255346215 102.56533199033548 103.17742983835929 105.3611843014907 138.38754309821914 136.81963276472339 144.71745841402503 138.21390188753327 136.35194299183436 136.54989814163685 133.86503367263538 119.30989130360977 137.77511509685314 139.4284852879328 137.36791374623274 139.24993373769476 135.54825336345618 138.4149242147854 140.36757310900703 141.83852527499397 134.53365153817114 137.01984314125937 135.79632979010276 137.35732887256589 130.25244627898351 134.17193391092701 141.4888228313674 144.7328065686292 135.58479159378965 134.9395392166434 134.70730209344728 133.16944588094526 130.3157238646204 129.32117847256069 144.55597233661661 139.62748545689354 131.80344401076022 133.59131700782061 136.29015162918139 131.31443666118702 131.34166452357786 143.01151881410468 144.03391202145784 143.58218592163567 162.51862605820853 132.51302718565086 135.47222398962825 142.52485132746145 145.40091486803928 154.284240588827 150.41108415739924 158.54879342385749 140.53307252593655 130.42842273557611 131.43543755509401 153.55162114533465 155.40078001915163 148.84025939532759 157.21685510497377 158.43531947104748 141.29602236715732 132.49981807003215 154.43370831150213 154.81525334055218 157.59691656848094 153.45177572821837 148.54340912172069 119.10039752056662 159.45830241780931 160.51568957825879 131.07741688647172 162.73650269610371 158.65528660204296 156.52092643051566 158.29927857852897 159.59310353497401 156.43296729642168 153.34536996341018 156.76444603821926 156.50744773559572 159.57347388840748 155.3515392069998 157.49938206067065 158.85757032474993 156.47244631829591 160.80326837053744 159.87979109547015 157.5589696405566 158.74822801719961 158.49884746228466 160.09985359831674 157.23561138063965 155.54533010627182 163.46807340592051 162.38985722683762 161.04057609353657 160.65959893049722 159.59979320886154 159.08792122778686 160.50896937029157 162.92794093235992 161.79801295108922 161.71333445449082 160.60412172877363 162.26178922246245 161.20362517436129 160.60598933711265 165.02064974445958 164.14393877965747 162.38192779263511 162.95731879553659 161.75148239752639 162.66194112838409 161.59562110968605 165.65997413774406 159.63825698900587 165.74643585872593 163.55443284614776 163.93523336458259 162.93139438845441 165.89227868023363 164.52130609450714 164.72199357663879 158.18501542583806 166.46934584618046 164.72667078984915 165.08574108942506 163.53605467766505 165.28517892777145 165.26471259948261 163.97442785008371 165.94091733739239
 6.6738258037406064 71.992322936409394 80.105021572965001 147.30765451145331 63.898829872613717 82.862929464048662 157.0785986586927 103.27076061540602 3.0254378915032305 24.673335131900611 66.311010839191567 79.462809076510283 88.168241828062691 84.414695087814181 82.241471395111816 81.265101833602188 1.2658395596699921 0.91872558678216731 68.239606729986576 64.757664094806486 63.985920357106821 62.535711886474587 83.410249259481063 63.62164356761172 58.406924520563393 63.885317146965789 58.066355113697121 75.179523887164564 60.434763904377498 62.497317000969076 63.953016766676008 62.947196727694305 55.869384930639178 41.034526071615979 61.525611890386593 60.084360085548184 61.152541638772341 63.095738070980261 58.990451493924731 61.661673963690539 60.746064158323357 57.635592875047664 57.387293167345646 63.772365646281933 61.264331137816633 59.968966742527194 89.078964971564773 88.831367157655137 58.302685086222162 57.718854547238955 54.199933155266542 61.871129090902009 58.591512082755273 59.156854297809765 90.220288388788333 89.383144807580877 59.32084185877104 65.134296262438156 85.845911121419917 91.198599845552636 91.136302619019148 87.258548130481685 91.7099403504414 88.023775254210634 79.172994668511038 78.898081803263025 80.822080437252822 79.123431630642628 81.407488629412981 81.898963338713429 80.811351904151039 114.57692995556921 79.53131177585017 78.344617971301645 80.267960193780681 80.345226844056143 82.014358410299337 81.682516230177427 82.549216584596465 81.873441868822795 78.215931433986171 78.450365350433998 78.942153838881353 80.837153058582231 79.997028985291109 83.162078233541536 82.580100872241516 83.683674671167054 77.110032117108702 78.817274241935934 79.461395055182521 79.42815003963868 80.569146495654039 81.201455167612025 83.632776190074864 84.234857771439493 79.081538080707077 80.91057684239405 77.624779714723672 80.021850503497703 81.831338261177351 84.383520915091239 82.879576308844406 84.268131384469882 66.648926159613993 60.583029463879285 78.180915017887955 81.110344140758315 81.716545355802197 82.203863048315981 83.284125024135903 83.407335162107344 65.706708330896106 79.823047678997796 69.068263708186294 79.419352394614094 80.677206038493637 83.101006742199559 93.109951590373853 82.943507925318883 64.523221020849206 62.447289321482643 67.228800476216648 77.715518518312635 80.125947412965431 82.318765245260266 84.258856845659665 81.639859275841246 59.874008855714713 65.717469343799664 65.952387282336161 64.841942220299828 80.590948052794886 81.171779845057159 80.582474842557829 155.95867297616735 44.011511561134931 45.072108199530469 60.022248302701811 65.823403116150118 66.33816420664904 78.829617469465816 81.825121758889935 125.8434191896324 21.967004891648124 6.2169941791800136 52.409487088369374 59.535536723181274 68.762193539978171 67.34149260602419 81.14971120926792 156.47097534902562 5.0269411804752844 6.3138987765337333 4.1636959477450963 43.927292226269266 67.8504087555376 63.405739389346401 23.524995362260391 3.3473695412762217 7.0869608162554707 5.0507868520394474 3.995761522231041 2.7953740479296645 1.7957791169165385 64.469379444776479 2.3395556628411538 1.0660286415357776 6.0614255465161113 5.2298572285909506 4.1438021596009422 3.6523933929086376 0.13013411574471054 0.44139229012298564 4.1630435186238222 0.11429479831524408 28.807342893686897 5.2258818258206805 4.0609022992728159 2.663918773501444 4.6159663226763508 3.6097871816018539 2.9754496840715623 2.9496144609225321 27.676070393958408 8.8084800989911169 22.201825560352397 1.9954693412507314 15.608931366536464 3.2919356843591969 1.8409609577579977 2.0611255720034687 19.052692905268461 20.392491055240757 13.552138277309076 16.743772734937536 17.920558486013988 16.562695621496044 0.35989732078430992 42.294698227164695 20.050129990733598 19.965317503115962 18.453195716392095 17.189322564374582 17.138254707481277 17.807588579769703 56.033605394055805 58.783197228176014 20.611990022340162 21.436219313453552 21.122592965293041 17.357974390146335 15.74777392411149 18.55809449263171 56.484073887306259 57.634288768910011 20.013336137463085 21.890139755589573 19.481675738105153 18.003204329412377 16.815632434960616 17.452835967073405 60.306930542507438 56.908302501088045 30.962000864712124 19.437150660505697 19.162251995465798 17.481164598087076 16.341696446213859 55.814283695989594 56.315714652338258 57.314956795578404 13.053676366815692 19.05772122249698 18.465927506820833 56.933845212985283 59.685604406078077 83.879200711098861 63.074757148942467 86.366296110002963 36.615222409859783 17.940279469092115 18.74101234859225 81.946516754971029 83.397547696076742 76.03589848772009 85.209806694107485 85.269015009982866 35.913577678709736 17.225695100310009 82.483640537272308 81.563176261002823 82.539801778503389 83.004433250441082 64.056153440435665 157.44059607015299 56.730578785232723 57.335405971655078 91.627225093370399 80.075116822609758 83.015153065854562 83.979376631121127 88.351844658570982 88.493263623051263 79.543924194238144 70.535001569287957 80.640308315011708 82.859918117918625 83.635195694194593 84.612813124530135 83.568515935926229 90.675023610111623 81.626720336763498 81.828830781454457 82.574649593200746 81.475543104677925 81.83349197814654 84.091036127711575 86.788959496615632 86.282239309735189 82.38129188005982 81.151365583375409 81.168007652854726 82.90261988358651 83.91362329549311 84.724673756725892 87.546506540634596 87.883860942873866 82.167767942785432 82.197817136489718 84.277163894437464 85.259836417374586 86.427824809619651 86.342002747129939 89.027891800548929 89.278685878588433 82.394062605304171 83.245103210150901 84.275924265444658 85.383091343508511 87.524115574001499 87.323968355388317 88.282682275256462 89.729448752529365 83.866998508177716 83.400283410022283 84.716456477191286 85.498610942195597 81.159291930823059 88.047637131436659 86.845294689594709 99.17010476249709 80.106402775785611 83.699467808745894 84.71302639594353 86.834600904545923 82.622449378949653 85.873217358778462 85.782521958583516 87.049957369811423


# name: v
# type: matrix
# rows: 2
# columns: 320
 4.4631351475886749 -1.5491047806532685 -0.82907772381838907 -2.3617106020879088 -1.0389597677069677 0.97056255367303335 -5.0866961590008213 -2.1848560259870178 -4.3110477472265716 -0.62397535907694635 -0.28085419050163546 -2.4333310340958647 -0.74118715823311598 -1.6618000331477878 -1.4338962085530127 0.095373345241737864 -1.7283492179344113 1.5976456644248178 -0.85300244091475175 -2.0638605191879433 -1.7177314855776813 2.1641912372569436 -0.20235132054759364 1.6109490439830634 2.3570451052977726 0.18963793975630527 1.3783817028545506 1.1313036246855084 2.5344365357515377 0.6302002317237575 0.076597165524798977 -1.4588120367332824 2.6930813482981781 0.3960465205288124 1.2695434912606243 0.49502296884967589 -0.49841181965212927 2.0440549470372145 0.65592990423808417 2.9798329562213008 2.8975120981074602 1.8089563394544261 2.4849254796718867 1.6644533880095238 0.82796961539270364 -0.11043110113933492 1.3483224562893628 0.71146333684082608 -1.7041990478410012 -0.40516076635187948 -1.2181173533944121 1.9158678914095717 -1.7952091816879865 2.1744164340194896 -0.18011023842534618 2.3358692804560759 1.5738816288114899 3.3318215053510998 1.8520159682361801 0.71801711271273194 1.9951810225215489 2.7106725738657618 1.6805021294986178 1.0478990110362876 -2.5892963157567781 -1.8163754506117713 -3.9164410636392142 -2.5555409142093808 -2.858128555548181 -2.9516706485102544 0.53154554541636512 -4.8083481724781443 -2.3054166142688501 0.34073446527963147 -1.9464739465303968 -1.0447166873220541 -3.046790086121872 0.32447877513307044 2.4010521755689775 0.55352127704323728 -2.028600144777267 -0.086587301653666515 -3.3474341637586473 -0.57957811818922544 -2.2972673655305402 -2.8940355990101985 -1.5600735861440691 -1.3154493080452259 0.76552408870217881 -1.2508000202563387 -1.23238312888812 -0.26254213954845745 -1.4126539894046393 -1.7423665351514226 -3.0166513566801076 -0.12098415771079295 1.0957960171126855 -1.7601823088416604 -3.3315607646790699 -1.3057794170703663 -2.0231060053669707 -3.1517938573083004 -1.8931467650714899 -0.53062168554159905 -1.8292810732311995 -0.99560452626498053 0.65821562380887544 1.0332905422500338 -0.45267188639528649 -1.8995098082594162 -1.4833121206746946 -3.2560801378942879 -1.8639422123449461 -0.5181901816579233 -1.7988412706106975 -1.6524531241294396 -1.9432520281631207 -4.0258491603895434 -0.98235940944024569 0.30964158847777723 -2.3303044079735944 -0.75711773547234129 -2.0513737020195162 -1.7827540031964424 -0.2985501599870915 -3.1664677782466906 -2.1967505536509067 0.25748033350875399 0.63942593884555221 -0.68798509600305902 -2.2035586161879164 -0.76097895859193865 -0.37500734657453727 -3.0844318480116186 -0.96775827573280104 -2.5666665687593055 -0.94858098147041958 -3.1703728234938664 -1.3080329757826541 -0.94314333146569318 -0.38314826898266618 -0.043850618316756809 -1.9764885584339549 -3.1420302346738094 2.0503194377782759 -0.069230848265316405 -3.3052369035009281 -1.3851001850525313 -1.6234220390433203 -2.8429719165959453 -0.03173586509002059 -1.05055816656908 -1.3973538945233197 -1.173052110077111 -1.3552743124592563 -0.35995817556722809 -2.4638210617477445 -1.7606672334439573 -0.91553894821569615 -1.3583396961086773 0.043583953470880656 -2.222320807352391 1.0453181369945277 0.49014704552839122 -2.76690467592804 -0.98739937924221866 -1.4355741309716943 3.2281337987896701 0.34310361871512074 0.079078433333425457 -1.5491457959438146 -1.1039746767832432 -2.2303777924307209 -7.443261620697764 -0.35565349896282544 -6.92944367503127 -0.24446891813884991 -0.28809015895262013 -0.31400227481391252 -2.6678465603755628 -1.5207092403249842 -0.27240649883035856 -1.9184559956920408 -0.88640575471331406 -0.48698413384638284 1.9063454546835059 -2.6127780981713742 -0.62986355066116073 0.56622370731450122 0.6541839565921258 0.74901571773373066 0.9561109041417043 1.9122927129555807 -0.16214229521806101 2.5327848163482951 1.2631582686343086 3.0698863890450729 0.47521038359114054 -2.1791776347234002 -1.3300463311036561 -1.3353567359241643 2.3644210113842976 -0.085201272028197092 -3.0657179322493437 -0.53700128003498071 1.8612666232649815 -0.96235972465840258 1.5108264372637312 0.46201914948533512 -0.088308344064597921 -1.786147945271225 3.5997987762797217 -1.3666319991115918 0.84053105395533678 -0.31795120997121429 0.85909168644624501 1.4065799062191655 0.57996136473304427 -0.51842954405372965 -0.74473140230354529 1.5388797596871597 2.0316558003590952 1.2774266660188798 0.51476097502986862 -0.92266956557525615 -1.8094622558366877 -0.69713330045090161 1.9735747694477199 1.8716857812136285 0.2251868658230988 3.6828215885102606 3.2327910562900888 2.2728166734052841 -2.4038971018784032 0.71892923789227214 -1.03363858674611 1.9726925679815799 0.55467113001116697 1.7315296890276473 0.59333047981502085 0.110104669425881 -0.63829579424244243 2.0295314391254893 3.3903290639314472 1.648229678179576 0.79445250808365253 2.2952301865295346 0.53431152386017655 0.88732366256662309 2.0845946376757127 1.0406207620209098 1.0745369078726676 3.3564846715338996 -1.2836849087942792 1.184992816245783 -1.1396072695747648 1.288232210414286 2.1097935990918324 -2.100086601167332 1.082213642878469 5.7727091231346161 4.2079685558930056 1.0194641156584578 1.2521872407651193 -1.5446059618984149 0.88167391345715806 3.4488295471530144 0.75663742512612397 0.75658773952715552 -0.33371714395069924 1.3532244845155981 0.22057230284702728 1.0568702361155098 1.5271992578590976 1.6484242226311447 2.930281977286413 1.9571166710601939 2.6263180024790111 0.85847557668644436 0.8437486165639605 0.13903914166729431 4.3741172990377493 1.7687999754356869 2.1220314370308837 0.020567061693197337 1.0877760408396528 1.8155617688035777 4.0680232982252997 2.0531545171075738 0.69529772016258584 -0.7085824067577674 -0.98762573972601664 1.4848964194972181 2.7829951256955305 0.53586281874060337 2.2015729030429094 1.1961229878627726 3.6209145019077047 1.6775171519014831 -0.21214055590411504 2.2724641653438882 2.5159585344559989 0.6331400437678677 3.3324159443971748 2.137459014766014 2.7659205434841154 0.6971891934179355 2.4202825282020082 1.0486513271191977 1.2991022094967399 0.40496137110094477 1.0795806053282941 2.7599215509731012 4.0056425684803241 1.2578506308521735 1.1246644908077326 1.2427531781016716 0.29711869600517526 1.3799270522268363 1.074770893349136
 5.5882195178359559 -1.117490105380994 -0.52153508782620506 3.1959294126884794 -2.7959935829982423 -1.1738106992956439 4.1162851041908661 0.29108599795669898 -3.6150215369820589 -4.5400459979297505 -2.0937758509631119 -1.4766653464814476 -0.81039780598378297 -2.4945767326026247 0.10485756551113677 -1.4448787733874617 -6.5097927730066516 0.4477622900579023 -1.231914264258938 0.73470966527639037 -2.0834188239755256 -0.96387282265619467 -1.263877439661697 -1.7011929397459762 -4.8093901215211137 -1.9360448762617062 -3.5117368377404574 -1.3688265063269536 -2.1382881882013227 -4.3142796744849097 -1.8863316855641648 -0.78509580847527927 -2.5359998725025381 -3.5043212231387391 -1.014623992477337 -4.2093652313202359 -3.9954411022230638 -2.3636179938741146 -2.4014452277786673 -0.57427098219263273 -2.1973483958214342 -3.631449346966658 -0.35023498771220274 -2.6078571320006536 -4.1970084833159342 -1.0434107737912415 -0.79047126409726276 -2.589404378336615 -0.72763794574845508 -2.2070768226152011 -2.3093350816782694 -2.9095777351411809 -2.4754182525408832 -1.7666453012246819 -1.0697466940594071 -0.40709127539248735 -0.08614945538570834 -2.214720293636764 0.41324660529593316 -1.4383651984402845 -0.50883048719253654 0.99135800924135864 0.59704696793402823 -2.0984820715329748 -0.12204441335225771 1.226964025233201 -2.026592269122315 -0.70265671128496998 0.3747345016581114 -0.8297280314033797 -0.10025783022366672 1.2975106343904557 -1.6548203097953538 -1.1459141842375937 1.8583940713564282 -0.49512531221364925 2.0129091602542322 -1.814096201596928 0.51217917136654034 -0.75080242628539773 -2.4160423947333478 -1.506158369370159 3.4109354538673786 -2.3493986281369335 0.36698956316258924 0.32164389174972258 -0.32239722796206949 -2.6617367554750491 -2.948365743551308 -0.12043254408892058 -3.6682857379943208 -1.6071192874059423 -1.2346243149015357 -1.5215392700898367 -0.40467825874970892 -1.3927289653812722 -0.76998383527079506 -3.7916412778107342 -1.4649586116774431 -0.92272206132264134 0.81497797727882526 -1.4398614975277539 -3.4476752705484177 -3.19399099916492 -1.7055068644415681 -1.1937734312333956 -1.0400551276713497 -0.23984904048450689 -2.3267635570749614 0.77786143384017525 -1.424680534567323 -2.7488682201155443 -1.6903513237754164 2.1739435748860463 -3.4786080005745101 -3.2001412174778023 0.013739600445806105 -0.16162133078959193 1.4511542305423721 -1.3181496717128125 -3.28182388329658 1.6785140677914872 -1.9710432165725031 0.3535870846869304 -2.6550928725769962 -1.0585112661331968 -1.790282202524347 0.21572220739793624 -1.4985947257817349 2.0444869227183124 1.1158637519497185 -0.97785092185382994 -0.059922800901074949 -0.14502002785480389 0.53014619786779382 5.6392389757491594 -2.3942709350612539 -1.7111322486388059 -2.2423005495153507 -1.5869886814609546 -1.4990787822394251 0.9348179610657662 0.1300896710842071 1.5120815234880927 -3.5162276711970275 -5.9702342542696405 -1.9440862629784657 -2.3332741006971349 -3.368397757851199 -2.1231116245039066 0.81251745725699176 2.7553034149331954 -8.4240714443289377 -6.6081275864390756 -5.8013024231775141 -4.3051643487504094 -1.2822980678127363 -2.0882820480476205 -4.8047683630626112 -3.9086598324770452 -6.5042077158915692 -6.2873204482951168 -4.5825527613030195 -6.5918568305845229 -6.787892845477657 -1.6842069256446974 -5.3721535083169485 1.5878041769629938 -4.6065816329332039 -6.9810843013915092 -5.2729746916227427 -5.8813478626925022 -1.9406625837400242 2.7017720104328067 -4.4756971176536631 -4.958605104908596 6.8483264319801496 -8.1075474620378944 -5.6947602200817427 -7.6212990511000882 -4.2964854871840643 -4.3996534430739969 -6.5936925375473825 -3.9188831931299051 7.8712057237220279 5.9957003488919911 -6.9755279493682556 -5.4427921574676237 -5.2458847198668614 -5.7145516383263262 -5.9080286586862307 -5.757197700891223 -2.6873378919925002 -3.61670566950295 -4.4806091023851753 -3.6786965624183545 -3.6551466869223326 -4.0734061807104247 5.4234164077172782 -3.2019242686072427 -2.3382552526634073 -2.9265478808338639 -3.1297997001688933 -3.6688373799553036 -3.8823641533518436 -4.0499844911563647 -3.0103651120464407 -1.9185057077050196 -3.6582436118210473 -4.175926166930358 -3.2555630137680582 -7.3894637495373336 -3.7960812566805218 -5.1002437608744122 -2.7747680330485958 -4.9099599605494548 -6.231022969618091 -3.387724583770332 -2.8709453882049689 -3.6499641451286604 -5.914804319279547 -5.6034353479604944 0.27017035306785875 -1.659884226226654 -2.5976670930922872 -6.3703596340432398 -5.1087998784934943 -5.451904098619095 -4.9733103484301093 -1.8769359204944933 -2.7077142183023564 -1.1120019132344656 -4.9553758204151475 -5.2433899984146484 -5.0862755472907857 -3.0926211241415991 -3.0493529043179994 -0.17319503477298598 -4.0888446448598712 0.72739024530712459 -3.3498544760753233 -6.607792568701881 -5.7394928527407032 -0.81705655273779509 -0.099900798265406432 -0.81940030315974965 -0.56273736771066307 -3.1995831685540139 -3.430840734086019 -4.3566838062737618 -0.18588469325911239 -0.48374450422378062 -2.5011338716912941 0.17284062012550711 -1.798745662071769 4.0361142509800016 -2.7877631745875546 -0.87993273435386654 0.86357808203941411 -1.69945487116406 0.093573677847743258 -0.74425539920214878 0.21497290465706942 -0.12414299558906305 -0.67246408920655476 -1.072369632113483 -0.2857021547672482 3.4424757963916477 0.41333605819505548 0.67090503185186501 -0.42093827974722087 -1.5641638822471648 1.5060358800772149 -0.032104544069121513 -0.90375301548093367 -1.8661917286191756 -1.2781636169306121 0.14971602613097401 -2.916188026819456 -1.1054215597985004 1.2587292474146499 -0.031426598656601593 0.94519724605537503 1.4563927266669618 -1.0576838444865282 -2.2260843621457544 -0.50121182472690584 -3.1638323113929139 1.4617606856340919 2.4954554306839407 0.26904445367482338 -0.0077651504136775594 -0.61624136384666872 -1.0235801966547067 1.3664843321761111 -1.3027504248432895 -0.98252301595862135 0.07011435388408048 -1.5041387699062008 -0.29648003919822169 -0.84043184538941829 -3.7616689077057059 -2.6369868312897267 1.2773432663275215 1.5260199885108745 0.44051187806026149 0.14344296828054548 -0.050659472190200193 -1.889997040680691 -1.7469011114140995 -2.564979835847752 0.86129832952167451 -0.27208791408407101 -1.5837490806017731 0.37761927484116981 -0.2267409036871271 -1.0471663790316439 -0.097574239291857989 1.0160513581926813 -1.7224992437271782




