# Created by Octave 5.2.0, Fri Apr 02 16:06:22 2021 CEST <br1@br1>
# name: ptcls
# type: scalar struct
# ndims: 2
 1 1
# length: 2
# name: x
# type: matrix
# rows: 2
# columns: 320
 152.27558995983225 90.71070872263644 89.850763375129773 73.767723967887505 93.166827540457732 108.19969552497565 62.337735684052781 79.658901471347605 87.96795621905423 107.94046805689266 96.142874034582775 90.874691798149115 106.4182284382205 107.76536203297827 107.49134699484402 109.2737091417475 81.285904284995581 99.639717923809442 93.425633504363233 94.074725227176415 94.999881981348949 147.43089801076374 107.06443060393525 149.62612679982411 143.98300498533877 126.54076602483312 145.70066504770784 144.1079069544391 152.07512007134008 151.42021463564802 141.22984983936087 150.57266449739856 142.92186383687505 120.78310649778973 149.50368119298662 146.57872050503164 147.69405269699172 150.94743743065098 149.85969752449128 151.13634347580694 148.56040733470286 149.55096931552825 143.08147763240947 149.99559738320647 145.57516641333382 153.10577872006255 163.18811369198539 162.41105832138174 146.83524582696705 145.08662356835762 140.04100278450923 148.64496141240357 149.90673116807343 146.4263310088657 163.11393248232096 163.80905380086449 147.91235563340123 157.36285853749163 164.85361989024375 162.74363757577123 161.87509444514151 162.40206605251038 164.1032724730841 162.18403572104984 79.715764306140429 80.621156518819006 79.925472170048508 62.495026838440054 81.06286244279363 79.181707643089155 78.92742192806412 18.324980755152755 82.323755566335535 82.128608984969702 81.721787464764404 80.781397528023462 83.094445383174801 81.867053416451583 81.916770831812698 78.115820552874169 89.096802323071657 87.119014593006028 86.015591327643307 82.902331375374217 83.522344744748665 83.09626099887754 84.142231052343277 82.113747226221705 89.444894056000621 87.871695057311001 86.688417100566852 84.509519217551997 84.683496926873005 83.862565196510644 84.298220875526638 83.716483015956328 108.70425012149124 91.880894307719217 88.258475184743176 85.664682774815176 84.976060685963319 84.951363338262823 85.751455214596504 87.409698638323349 92.126697081134765 92.657962714374861 90.929931800912371 85.809475721873369 86.577509583150601 86.681882766089657 85.382727090645091 88.329857554829772 90.123282596813226 91.955110575382363 94.481522466010134 88.794719301171881 86.853471597774103 89.557093443449361 101.74314916076048 86.09673142128581 90.744249065777453 92.94586824603951 93.747108608224792 90.133047468462905 87.794053678228067 87.614111189817621 89.456060881407538 90.651071464629368 113.40312647527955 93.183017237507343 90.788390725790165 92.229448159383338 88.863151165454838 87.72056180132715 90.637840829593173 63.603589477312717 88.237616870152422 87.139184600654318 92.008391015946415 100.65816633800559 94.285876540863953 89.922713069564821 88.681842738772545 60.280281546959458 132.67944272858506 108.65379523179594 67.808847913468725 92.231309576978873 92.682286031315371 95.053541990780957 89.850709699781703 63.703794395354798 136.53395941883258 116.7781676779894 120.12269143980561 87.415889532234473 92.455380177587102 91.630474882078417 104.20256417586292 82.494137751586308 112.75864723077554 115.71129090044202 131.11058329477169 111.44751026074101 97.775517056991617 91.409584504425212 88.66646787881038 93.349081761581999 113.2098325414552 112.67675275677072 112.3176646371931 96.468202888335057 80.865087441064659 80.846415832071742 99.954517981752275 92.335508635984795 117.28081451398745 108.71795290723313 107.3992454243208 95.948898766490288 101.23509163377162 107.66847226989347 113.70708910806314 106.46570181515077 106.09377416351835 157.45883407709641 135.68932364852773 95.28530863717873 139.00082680054641 89.157683390629302 87.528437197580274 94.830727585425166 138.4179013077769 137.4706441295061 152.94900906716231 141.07203766467796 139.35835583742659 140.45781288026473 131.87872712589362 123.82628154934591 136.78522147492706 137.90803229284094 138.81978028064836 140.68433499436725 138.4177389751207 139.46000823641793 144.03535028089402 144.33208557638704 135.16811774846775 136.15741413225118 136.50968206002187 139.95820571631876 136.24543454547702 134.03551461550805 144.51774181176719 148.70807350088182 137.14181833543631 135.04580069677394 135.99487343381799 133.2192559332978 134.34797529404543 130.9900343415342 147.52477138580969 142.26384843057573 128.8047679226444 134.71500376277919 138.23516144430326 132.26953955030419 135.86794182298408 147.58739744143909 148.49413442664905 146.42736056602897 169.90528024677636 133.49660920176999 137.37185138238368 145.69249254814838 148.95485041881227 158.54209606324676 155.63455832699898 163.85905534798823 142.04393497252346 123.07948176952667 132.87563663554801 160.04142229889442 160.37021798402796 151.42223004660676 161.23436064178361 162.65042262149393 143.02680199954577 135.57428721755664 159.72860078383837 160.76458245453173 161.46186214343044 158.83557805514494 150.86838250760465 115.3966738944446 165.81524668434193 165.20232919262057 124.25213543268177 168.52517000020771 163.32989007802649 160.15623772025813 163.07637511895052 164.71668868039509 160.81742050240129 156.21081018213732 158.54699596357742 163.17249544058458 163.78072507937929 159.27852073268733 162.61998511260202 164.09414787473872 161.94345043591343 165.63192825328167 164.67988632660777 162.24618091733041 164.53709771907782 164.31046299340321 164.95016330023475 161.09403174228896 161.52499464821469 169.12512096975084 167.23050856105593 165.91247474428533 165.03370245237633 165.41256673732869 164.16405298956388 165.3639669194252 167.24509361039412 166.11241998954847 166.51669876098495 165.86983365307069 167.19612293070551 166.07436942235498 165.75826858264807 171.03040439454693 168.0033940017739 168.13594462067408 167.68637829322552 166.91683091357882 166.71151487930447 166.46114243324655 170.3997197481194 164.831924856185 170.52217308166311 169.14482308017099 168.84599930408217 168.35167443980049 170.91652433440882 168.59385749836864 169.48210798172701 161.69365239315897 171.40939465510721 169.89202586407251 169.3886480526894 168.47108400276693 170.20345622151996 170.46083316301252 169.41739614490737 171.42997113095504
 24.859433845788946 68.360480093922362 77.84942684211282 157.69442510268405 60.397197780280713 78.460789000524017 170.29959922283354 104.21679010876922 2.6918573189874433 10.162675987882002 61.093117436175525 77.488682877755039 85.534448958615997 79.502392449769417 77.460996700172743 78.613950398229548 9.1650760776520421 2.6579645927572462 64.464694142325271 61.037093292472221 60.157372693220694 54.149666106425407 78.747927479984639 54.3379119105754 50.265238277004904 57.59317129911696 51.140856677898434 70.730837741598592 54.817689305187699 55.669511627294369 57.822438788591846 56.488222902289237 48.233741480025891 34.636429158994929 52.916366846076123 53.176698969897721 53.085340249197692 54.461274675659361 51.916729883893701 57.635925190716492 52.339043405103041 49.729781370620422 49.285235608500152 55.406610003167145 52.713505387232466 51.212586902361501 86.326278994500129 87.096593434092654 51.106797268989475 50.223326395032203 49.971833992715894 53.604335243616802 50.734421331956675 52.101127134496537 88.006187809836391 87.255367910896553 51.06811862342596 56.027966411706913 83.52481203205663 89.035466638413197 88.385654284667169 84.254555894306606 89.499610335617788 85.521591536827458 77.783385741998984 76.74267364611778 79.156122474305363 76.839797318963278 79.208283922159026 80.115214539743263 78.717702174611432 118.79383951733725 76.402980585647967 75.269562246346553 77.263842762157751 78.04210338167087 79.140458021714167 78.367495045279227 80.03470441574018 80.54425484696992 76.045166192959215 75.226834356533402 75.606213317946114 77.88267502763803 77.060334724525035 80.191967943593099 79.342447080509487 81.307317870712467 74.823226907228047 76.239385648326461 76.472711681527883 76.372861121007787 77.484156608961115 78.290768545729179 80.491446853033352 81.326814493623544 77.602551869284653 78.03378097011597 75.072663756437635 76.722632202021501 78.597450926458919 81.49035935994425 79.413292569110581 81.165505360181541 61.372076164478962 55.143650537089854 76.439943832309908 77.896604837551934 78.797177341315702 80.335988494274346 80.464330248338428 80.620808375345376 60.674941815587715 76.539448251082121 64.021981476095533 77.133973652664579 77.754205320507211 80.244070084632128 97.826202839637901 81.426265375027583 59.641959998803806 58.048101750500713 63.274677478018738 75.616291181027037 77.45531685947239 79.720977030459636 81.375638834254062 79.950936782960156 55.003575996925527 61.525748375092874 61.559817259835576 59.903223459132832 78.165910272656916 78.581452090972235 78.540634282226591 170.47352382286113 35.42253939762211 35.641400437002098 54.178576654943051 60.665689901400825 62.11469645692307 76.743994539700964 79.463874362721668 130.75768414096785 11.104791091527392 12.735976124184354 46.091206733691322 53.123462192540281 63.608343586180474 61.268417313847067 79.245972320350575 169.39531329652812 15.1851306499599 3.8245220418015267 16.285597271058766 34.612627671846411 62.492777466312994 58.910469834302681 16.742446669689258 9.7108333722699971 12.030552852901309 3.5612264290692526 3.5972195462837515 8.9476942863949755 3.5915586142618374 60.581669284610115 3.7551030648565265 1.8082984202170302 12.954239666279465 8.7933176559861153 9.8731396724383291 2.028958232199769 10.112204821993672 8.1855705788610571 10.855267174601634 2.5774599249808126 31.551300173530684 6.9393283092959228 5.8169127311122839 0.91222304492082507 7.2150411676001136 7.0084598807558818 0.25562400426252491 7.0048496073757844 52.492603989922557 28.294506232889567 6.5146518206783037 1.8607125876563173 2.141150112599473 2.2775290063446136 3.6989291435150373 0.92852943072638694 6.5996384951178984 5.966862264464468 1.0098413054425981 5.3918732442426531 4.476934500553809 4.3053271327988414 0.94889621532276158 47.175485921837023 6.8308472926586496 7.5039981872631998 5.6210516768084764 6.3639754066532719 3.4454456887568683 6.4531532791462851 48.25049269908407 51.476134025968385 5.3985911717040418 7.685346891049071 5.6006300292781921 5.4652630749474778 0.35842896145162167 2.6193675893707393 49.23227709653569 50.41666215083476 4.8359215686193791 7.4563910362107571 4.1104411966439267 5.0246020236020037 1.527116292183075 2.4159262399292718 52.028047223300099 50.070219266059553 22.519582812162064 4.306577480201347 4.6274200051952636 3.3571170584273307 2.2532675534515207 50.089802742039168 49.385788233129318 50.109046309425665 3.0512950495335209 0.82243923260612128 3.7315011954768802 49.153988149721698 51.380214915604199 82.327973147164485 49.947467693410914 84.240736770407707 25.066577935342838 16.060793957928581 2.1216289597184019 80.721768930377181 83.427946391291371 73.372847502448536 84.21778649085482 83.111367023596557 25.424962720202288 3.2373485975330776 82.021222851089036 81.954995481608663 80.77906039130697 81.225690526444424 58.687040292997928 170.55796738584559 51.497883443917267 50.648089608910865 94.433853859995295 79.341613090758017 80.368295431812697 84.614803028650798 85.138681923847329 86.592003812000556 79.888347834767202 67.049800264923263 74.974324298875004 82.187594583965549 81.314666029640094 83.116085523123175 81.191379491136075 88.471628507497002 82.143366359637426 79.403791199998651 80.293451927573798 80.060109657544615 79.191483273601165 82.41283481108772 84.650284785929415 85.257512449237396 83.20130276525822 80.36409807259011 79.599416769096337 80.521873381673032 81.373175428909406 82.610173528685735 85.434837272563399 85.784176026106039 81.214258079734634 81.742468687698675 82.837949929039766 83.73701935442925 85.407478567036236 85.020800688406183 86.995923688148949 86.382728651270952 80.336950495806164 81.837526799392705 82.980214867774592 84.004431914939246 87.33839852091333 86.134825193358907 85.477472521667494 87.719218447078717 83.372813289598682 81.446409620855391 82.725759068144242 84.005072702572164 79.573656441152707 86.718356707016838 86.004205496572354 101.96932433344438 82.723989829363518 82.39639378688571 83.81854393620948 85.407865526651193 81.067255915240779 84.39733820817024 84.905227881120211 85.018054206925342


# name: v
# type: matrix
# rows: 2
# columns: 320
 4.4388033362693289 -1.5491047806532685 -2.8667054511096253 -2.3617106020879088 0.46290630766478735 -1.1230811940181131 -2.5726199918935588 -2.1848560259870178 -5.2841824778170103 -3.1117692960783812 -0.4468399295981938 -1.5790624012723236 -0.74118715823311598 1.1789899352794391 0.20311552475606681 0.06867235851149138 -4.8719910251561087 -1.7094242596841098 -0.7027565373720791 -3.5714349640957539 -2.9713660326808364 0.72681466007940432 0.057150616187379349 1.7453372664724407 0.69486554951003388 0.18963793975630527 2.3844598036978133 1.1313036246855084 2.0296911425815192 1.0434130830931492 0.076597165524798977 0.80635517047752681 3.2535677944111998 0.95492287514684171 1.0636220659850166 2.3330806163777584 -0.9736399818157695 0.19171127051927792 0.69801390692813858 0.30553519878819091 -0.90801949544434324 1.2038886922116414 0.085753079927762349 0.494190089506994 3.1268516477518538 1.6961192366017308 2.5523596616018964 3.4231990588253653 -2.2823471030409057 -0.45180467915000982 0.52257048717021748 -1.4673750937347301 2.901751170704947 0.20150073119218814 1.5247217661159631 1.3881869085499818 4.5664142697160992 2.5807933735430915 2.0796625628277621 0.59910393073618173 4.4662332167937429 1.2489009177091415 1.815680765667077 1.0959379031053869 -2.1763921024144857 -0.46807044941817583 -3.1172846974264843 -2.5555409142093808 -1.4129038101233551 -1.3045028494893436 -0.96012638615552637 -4.8083481724781443 -1.1532904894636673 -3.3211164637602244 -2.2547698503974365 -2.4613533736004216 -0.14777619523683394 -0.87444035804603193 -2.0507055414401218 -1.8048912473363741 -3.7669616352510835 -1.4464464667717085 -2.770757912674163 1.3421046687316058 -3.072181803550166 -0.97809077003411715 -0.21096860517626662 -0.65884487985072038 -1.2167809683232478 -0.43699748910644631 -0.078553105521809857 -1.8223960246041118 -0.78133018255756104 -1.1902632061856533 0.44323762176120723 -0.94261289537516246 -1.5211628869372009 -2.4537788088225745 -1.9599757274927294 -3.0571342322601716 -2.6739005259095907 -0.90901437695002973 -0.4956615683080578 -1.4610598083923803 -4.3308059947390207 -1.6256306141933605 2.078169321272763 -0.31375779568634998 -0.76954983076922701 -2.2888989826184241 0.0091502246677462734 -1.2883817966627786 -1.5248793725134622 -2.633125606278452 -1.5490354068047378 -0.149970799855634 -1.8754451426810215 -0.50027476842736662 -0.98235940944024569 -3.6365101180555532 -1.0387123605546178 -2.5363859202978336 -3.322250307215735 -2.3314026660071439 0.11496116565745157 -0.036659294700919005 -1.2107168021030004 -3.3444739794226379 0.63942593884555221 -3.676267613501782 0.50607274459211393 0.072654859238035469 -0.3047925163817844 -2.2757917631929199 -3.6626771046311477 -2.6369554390904586 -3.2446900983206963 -2.1167373486969754 -0.40362298861582757 -0.94314333146569318 -0.92302272430369137 -1.9826570504382695 1.2821283494473392 -3.1420302346738094 0.90918658046067113 2.4689053982098423 -3.3052369035009281 -1.531198285871805 0.73437272295801703 -0.75427411504621089 -1.1885075582847282 -3.494345463345208 10.35078207216706 1.4770990148558023 2.9290544254613664 0.88251546648616308 -1.2019010013746654 -1.6199961351969705 0.28301216482355873 -5.9463985669026442 1.4730136475126727 3.7356903578222878 -1.8808169033779949 3.7984307351127637 -4.051914864998273 -2.0335853929565797 -4.0990299005442701 -2.6329618574158986 0.070559542173997278 1.2398627661188262 1.2967851907420336 -2.4854091386544828 -6.8184696635606894 -7.9722632388506725 -1.1946868770402617 -3.6434840461043931 -0.31910471256220463 1.7213318750334989 2.2277021157145045 -3.7430834395761008 -2.6829681984988754 -3.2091498868782673 1.0862742734625994 0.85320039643177625 -5.0913061521010965 1.9063454546835059 -2.4416545473720297 -3.6249404405655761 0.21385515402640382 -6.2071484265054933 -4.6806580337430823 -4.4512081046573115 3.1405757281311404 0.86700042581757275 2.5327848163482951 -0.40537352152440193 4.1045433393560833 3.819190640092462 -3.3117939637319251 2.7900351269563872 1.5971979128910072 -1.1035945634263653 -0.29194922561561321 1.9877747035885647 1.6792404318912006 -1.7566308591672173 2.2648352483951228 -0.69367192304403047 1.647842650540785 0.84252307500651014 1.8267191484271721 0.34341778273515244 5.8997453942113012 2.1232407961786168 2.4272699946043232 0.37786892587072746 1.7356993592522714 -4.5174069482044166 1.2052316742532561 -0.72051411120546716 1.6192293416224723 -0.57579820606710541 2.5511574830015329 2.7721536016967727 -0.92266956557525615 0.36630849360338746 -1.4937693564401071 -2.1408203258108189 8.4417114899636392 3.0994832284885163 -0.077475730528466374 0.72831946228908517 2.2728166734052841 0.036573865538943623 0.79196775940285002 1.107903953484936 1.9096350355172298 2.983871425783295 1.6039025045154522 0.96045274542922543 1.298404463196301 -3.8149525754224811 -0.96016420561734295 1.9307167384705408 0.96329955717379845 0.79445250808365253 1.0358198716243499 1.503872178658473 -0.30097613120379973 2.0400628067511075 1.2509522498158516 -0.34372842553330374 0.71686016934127195 1.9324521489405684 -0.46419236489164362 -1.1396072695747648 1.1082657644082443 2.2897600450978768 -2.100086601167332 1.8282366187023442 3.6109695747807078 3.2292436466219248 0.91636749282068508 -1.4348821940662453 0.56237805773811123 0.88167391345715806 0.51532177851477956 1.2076137848823627 1.4295757785620651 0.07380058252063669 -0.74402914159003575 1.1942121324077446 -0.011484809910480145 3.2202397916590941 -0.031742810586704057 -0.96917464141211418 1.1299816736807611 3.6220232081403512 2.5788508879469836 1.9574081885392538 1.694414067425315 0.36405997735422851 2.7411301801627781 2.2926143678768116 0.87574711808655126 1.7716921755213733 1.9303938994358298 2.0380809356227125 0.10913364960292196 0.9128668916442817 2.3744075484153684 1.9490662468427842 2.1178612397038821 0.77230089583682959 -0.86780274415267944 0.60701992864764287 0.135757593484715 0.40486872851844113 2.244902103077429 2.1731939859665723 -0.90002111913725746 -0.36612748162840675 2.392950824402337 1.8555326262618785 1.185782017816817 3.0485595549904501 3.5423906202465925 0.92750858208836773 2.5652540277803744 1.9436763764580007 0.76013025682828694 1.0795806053282941 4.7464396673900628 3.4274350780066807 2.0241469922981929 3.0716345904603553 0.58984283550020389 2.8610356396148817 2.6607926705572846 1.2783556823376574
 5.5987895625229687 -1.117490105380994 0.93541134755131639 3.1959294126884794 -1.7458176426251215 -0.65768630199998479 3.6941818856464606 0.29108599795669898 -0.00098202351504655516 -3.3564655769212699 -1.6697885355821211 -1.5795138480000666 -0.81039780598378297 -3.2685386761373518 -0.28352763893156785 2.1581482769053304 3.9504053743563521 1.8880442886768323 -4.1432044149143179 -1.1924053138304347 -1.6502309807389439 -3.5154979480896964 -3.7423426294126614 -3.9949365295573447 -2.8656887911390005 -1.9360448762617062 -0.28776892599692794 -1.3688265063269536 -4.1705538067298429 -2.4952276296915152 -1.8863316855641648 -1.4992813953671447 -0.83324659637888088 -1.3575735504779309 -2.3578659915104376 -1.7419045236382404 -5.3421825526127389 -2.5040749898559342 -2.3086784841856463 -1.2664810203437067 -4.6865826391627197 -1.8573970245381386 -2.9433590902369229 -3.3916273840933915 -2.1648850960815769 -3.0630822844400307 -1.9693724122203198 -0.98125081122898239 -2.0247289147789171 -2.6171422514522162 -1.5140700615203082 -4.8434540506724026 -1.7835542965316877 -1.6463366814051701 0.39559295036402353 -2.8430812402926922 -1.8443419023106999 -2.8624243468958199 -0.36369700318575326 0.17722469822653397 -0.40120545709623023 -4.0140737393281789 -1.2069933628558218 0.76756432688343312 -1.9754852042410933 -1.1970098114741849 -1.5916101958258217 -0.70265671128496998 -0.28950611655039749 -0.91660200463637431 0.5742704750461175 1.2975106343904557 -1.5450908852564724 -1.7546814558546948 -0.21357414317219606 0.13703990433393126 -0.1049302122591306 -2.2127385130101054 0.67778276131575044 -0.27717084729767699 -2.6590824373643902 -2.8811721698338624 -1.8704646908934874 0.65049821859423518 0.42068648628473565 -1.487739793371756 -2.3753977749000552 -0.49886934998931126 -0.65008226629683807 -1.9700169627953341 -1.0272511382516014 -1.2631482884164131 -0.66345459492219083 -2.3942752961502887 1.6607907208370722 -0.49585653412977249 -1.2483229451308513 1.4537309921422767 -1.2683798877408992 -3.5290353246428099 -2.1639731730649898 -0.83343015620569982 -1.8227998352674855 0.26434453116930778 1.7674306077526727 -1.9920239487905322 -1.8506961340734061 -2.227424752635573 0.23737298567134935 -1.8677671987713724 0.98196857262178927 -1.2726857203525501 -2.3713852449568424 0.65199513525823882 -0.088606366305973988 -1.3996510985202293 0.24371936560567217 -2.3264583705110962 1.4511542305423721 -1.4464859496402409 0.98015415335349609 -0.2497854655290781 0.61877573591103086 -0.39601138939246366 -0.16032719301307724 0.34963496646163988 -1.3352439953428223 -1.415169368243137 -1.4985947257817349 -2.3340271144339031 -3.8450117784374958 -2.5233499179663017 0.66628624402156 -1.0125233468906614 -0.13872179044029095 5.1856873795003802 -1.882253703230985 -3.3654361586093002 -1.2220492729945913 -1.5869886814609546 0.087386966020662565 0.013209117847934396 0.75604573410690745 1.5120815234880927 -2.2697281807267498 1.9577413211152108 -1.9440862629784657 -2.1470227745015373 -0.83318304339399252 -2.4613486041591695 1.007978166916339 3.6309582297263838 4.0790060925250726 1.1279486014035089 5.8476518687659436 -3.1628776706101891 -2.7048683361288934 -2.3531634125811407 3.9756514192921975 1.4772209515575414 4.1156648259211108 1.8840295799145268 -1.0451236120601446 4.280268783631227 0.55903084534083625 -1.477910907687277 1.8307647924528256 -0.13577727044842125 3.0211209609697445 2.4290190842345085 2.8891150230128253 -0.046011049614877633 1.7584663061906944 3.53610819208434 2.9453708658843212 0.7061316915354352 -2.6530697814681132 2.380682259679026 1.8115482349346725 -0.12308743778116762 -4.5563912019426125 1.6100814270257484 -0.093875694251633293 0.50107336985668538 7.5887839945288658 5.9957003488919911 -4.6336549620729945 0.98563520002200311 5.5359503014218738 -0.83505497992334832 1.0556406793297768 -0.97365624776225035 -3.1030170575914076 -0.23160518183719714 4.4806091023851753 -3.2015300993074982 -4.0109117698188035 -4.8710483171825745 6.5182156278801617 4.4351460013733561 -4.2908740017722424 -5.9172595264141821 -1.7233561895587737 -2.4371180868366835 -4.6468550708623404 -4.710813112225237 -1.5873243615876573 -2.6602213469013734 -4.0427137669002038 -4.3311462058687491 -3.2520855840942398 -3.5240319164476732 -2.3648317064086659 -5.6879749712849854 -1.3211253925253121 -2.3912311219550917 -3.5177818433395296 -5.8313226447246107 -5.5318343570343051 -0.33564490513871081 -0.30804796820994801 3.0725603611277883 -0.53780020442006249 -1.2792117847167357 -2.5976670930922872 -5.7230679112994114 -6.2911284752995362 -4.632915445911153 0.52015659279053827 -3.7182545791287178 -0.99255580475415839 -0.23159529195510092 4.9553758204151475 -1.9337727199565884 -7.1395181540957955 -0.1018148929169649 -2.7581812190821773 0.97636918710559528 -4.0373863935836658 0.86066230403652366 -3.3447409721532488 3.4664148036242786 -4.0042988884501796 -0.27108621356284562 0.34709468730674298 -0.81940030315974965 -1.7122567258907659 -0.60284102670529438 -3.435954238008089 -5.2186344251495766 0.1347631309954434 1.6080424037018057 -2.1038004436251785 0.37914267015285491 -1.7289422739598792 4.0361142509800016 -1.4125953390858133 -2.2551005698556161 0.86357808203941411 -1.5533462018217505 -0.95711900994192844 0.64307838896163605 -1.7648538418897755 -1.6155802963388197 -2.7392651787909079 -1.072369632113483 -1.9795123299974435 -1.5876732048603166 1.3338132309186082 1.1442382992675821 -0.41110959375809913 0.67315675172549649 -1.3843009724300475 -1.592279555034126 1.9781009333022415 1.7247591801705751 1.298784835716964 0.54166584420802888 -0.90007738184611608 -1.2254141340391569 -1.4283884135684952 -1.5203224859265425 2.0511419520138885 -1.8166752387247562 -0.92237211568425925 -0.60559390741150732 -1.7581590315376405 -0.33694771754827019 0.050585354275926614 -2.1652000015179995 -1.4431818662803366 -0.19684598637693568 1.3121044317976049 0.63144256131259369 -1.5697718556942832 -3.1052084192612539 -2.2572444912053204 -0.94593375852369488 -2.5011037891931132 -0.13206172469985153 0.0018448078374123794 -0.99267906173473452 1.3695410295695429 -1.5540194360887858 -0.30434166575058613 0.92095708478699301 -0.464001081846384 0.78538182128265288 -1.6470779331964265 0.82829094388330204 2.4207904636803206 0.86129832952167451 -1.2525320995159228 0.54155470823241803 -1.7281500032933437 -0.49180820470274561 0.086506920528665002 -0.96973453027257395 1.017532800775611 1.0911490556547407




