# Created by Octave 5.2.0, Fri Apr 02 16:07:11 2021 CEST <br1@br1>
# name: ptcls
# type: scalar struct
# ndims: 2
 1 1
# length: 2
# name: x
# type: matrix
# rows: 2
# columns: 320
 170.2963440549367 84.359379121957232 84.151583354446302 64.08471049932713 87.95189506528807 105.78102046773444 50.695999210704962 70.700991764795475 68.538663546257723 114.26378934760234 89.925550024117769 84.6974024632636 103.37936108946914 107.34779805403089 106.91062293783624 109.39389650858514 55.245577226523721 82.978643243819477 86.170768411726627 87.129216408779271 88.986312747445254 152.27010977296462 106.67221466975748 153.54123234140883 148.03792743710954 135.0301344263205 150.00516809474328 148.7462518156521 155.92159539781687 154.48191186242394 141.54389821801553 152.71210900484218 149.11176857845439 124.69829028589135 154.00932916744159 150.36192882077736 150.9179363611758 154.95205434966019 155.04853377949297 152.93500686231391 153.27127494840713 155.73344800924451 148.00943483429924 153.94759771359034 149.44873195155776 160.0598675901272 169.55591113909628 167.01687707342307 151.94282809341144 149.13300613516623 142.34406695224703 152.92125708526419 155.43728119405583 151.13006072217996 169.8505009087701 170.9920348765493 153.58932667559358 167.94663725063876 171.16212754297428 172.50544276010899 168.35937085461433 169.96950434485925 170.10528968983741 167.9025796083142 73.716730225451641 75.11399383572207 74.678965146613507 52.017309090178884 76.102157333799866 75.626237306818581 73.654560376068048 1.3892467520075074 76.84785789924797 75.80859576801619 76.57908211865302 74.563519764762447 77.831437552458411 76.130773435433966 76.760027367751221 74.882405568992468 83.496088941378957 81.177110693624542 79.209151998877743 77.389858093124317 77.683275506016031 77.387105233744649 79.241826939791792 76.710562603611578 84.407932491987722 82.299038246268424 80.438385427305448 78.630253544773552 78.667677323644497 78.469232981892731 78.470197375344597 79.059345483193326 107.73434763252071 82.236438294515139 82.994901933725359 79.983543674418598 79.655450602807548 79.543726719375627 80.370804526105218 79.902820623477581 86.991970255750871 87.871049423476492 85.192545109122875 79.720355306818362 80.721458609908723 80.808114789569728 79.689116676337719 82.040666944667663 84.221359986531951 85.726581616219093 87.267572147440745 83.150841466662357 80.881643917991198 83.499158667156095 97.71547558205674 80.327426403258315 83.199068746944008 88.899730071212744 85.66781203083552 85.371253916279727 81.953699170720355 81.401380752490795 81.528402346095234 83.031073891382221 116.02477282454717 85.975552079097625 84.923534781162644 86.805918952634229 82.848646595867294 81.777707378157359 84.682666442967999 51.729665785462451 80.8649291346198 81.670478397494676 87.537795288483949 98.926679762022104 88.076790308887212 84.179086399961037 82.49967997519849 47.39795758479957 130.04499274583708 117.69116067759656 54.257376609116733 86.890965851747666 85.755190466661134 88.153360219500456 83.576839026822185 51.533378893803089 178.97216591472483 125.53088958138756 132.43721425809872 81.893744350747625 86.824880543637306 87.721946160131452 105.36291405163742 55.664765677161235 117.94980091953302 121.02202177022703 118.73477435284875 114.33889346404251 81.406375272506665 84.295461781298329 66.531853864408063 80.198586120619396 116.68119500620401 120.1341685683292 122.1266200642893 82.248684841845744 55.604820124900463 53.978980053805152 95.056301785890611 79.881399221727065 115.91361611526027 106.93801157935239 101.57061469360841 80.519033297423263 98.403787566366603 113.96479654868091 118.16081362925587 96.349934527399412 88.355139636650421 165.42294725737349 135.84033991305202 80.95750771232116 153.08211373039529 67.531055852942046 67.607794184166053 80.148006891469734 136.2277666977603 141.37494751469649 166.79910520663955 154.64372100187461 153.57611068139877 147.01349827256564 120.88330097803227 127.55357272137203 135.12990917831945 136.579545632904 146.76178453787415 152.98312018565255 152.10134401151353 147.48999887195768 149.430384774136 150.22696534571733 132.94090108451181 131.11511675146346 147.54245070055299 145.94352388488437 147.64823164760205 127.3836428763163 147.82903982220733 154.6669137570438 146.43745517180167 127.86112271425944 147.42553316134652 129.29197320507231 132.10386509127792 118.88223287686876 152.47590942063562 148.50980739917719 124.65601785317276 133.20979150025479 146.66081678384509 126.61059598929971 178.91731275821479 152.85648258580699 153.91092623871768 149.64277797489785 179.22382860773885 126.7008531270407 146.37846104837607 148.9355010668022 154.34023274599042 164.7169161485086 162.23827548141406 170.23180528340797 144.68287769485127 107.13277653639275 128.96019741670204 165.73112766418481 167.05839436995484 154.67948532975893 168.03898727086238 169.17725603569593 144.47769632965495 133.90259299798299 165.53290647324926 166.96766733191532 166.70978423255673 164.93417197037618 151.66188367192353 110.72428408918299 172.8905629221421 172.0589187737956 115.64178036790059 174.33936348769905 169.43339038098384 167.97347773928192 168.82275020000731 171.55893108075412 165.04309749228142 159.8256732273008 160.65981525549469 169.10569006670099 170.24232053319486 165.88913063053954 167.29420575407789 171.42616898333827 168.25266814242622 172.99928686658652 170.54020728198574 168.37655935421199 169.39887615471937 170.10034018661642 171.08645244876058 166.99967926395152 167.88118393836763 177.25843790910622 173.76873557093674 172.6951058409991 171.28974352495945 172.26486482334829 170.74393774421495 171.02209655295107 175.29322478022092 173.66552981904428 173.31610473129089 172.17435216269905 172.91199165973117 172.06976050197881 173.5493137311276 177.11026898217543 174.68499517354394 174.47664578385968 174.06120517284685 172.97019064664502 172.72871830997485 171.84738793494788 175.95454277427766 172.24932148606166 178.10261924475756 175.70856851868243 175.21102693535408 174.8392793276457 178.45121301733968 174.45756498997702 174.16454994598209 166.11993287500997 177.1133693773352 176.33606164646881 175.84529675650631 173.76225775653955 176.91737660321539 176.32682321122354 175.378525542945 177.47311764618584
 47.862171990088065 63.778770661861799 74.184691041547708 170.79773569469822 53.989678009626388 72.069828351349827 187.28263506258457 105.41024270039664 5.5559847576860282 10.736298679854761 53.162771350260726 75.364828873076718 82.211817954083244 71.660105140475338 73.728309610773778 78.829396874246584 21.331449973706221 7.6282897957075138 57.338868751666354 54.613625093476088 53.868385426317964 44.594798219808482 72.624237207075154 44.654633471499984 42.220597801501846 50.040517861606823 41.678644955749327 65.118649065653827 44.904951447117838 45.496936931850982 50.08847887777798 46.823421150203991 39.690013128552437 29.070377602036473 43.526346964796417 44.521447343400226 43.565815996718143 44.477199850099318 42.911470569551575 45.716208593405675 42.310343219797033 40.617317937769982 41.02938710766437 46.423917553138232 43.808277799555754 38.653949536157093 84.089283115040388 84.435190330991404 43.016781655499216 42.474954504557694 43.772834732327084 43.526338095565841 41.667029094579277 42.160578336807234 85.50029168935437 85.439615355488343 41.118456646013385 44.229603155502005 80.158972810698273 86.598399467940013 84.964822894673588 83.006974692293198 86.639618791905519 83.850864004134522 76.175416617499735 74.10333803770574 76.618516792776987 73.958904802690867 76.920491520108314 75.905264722177961 77.255293482632041 124.11363311833692 72.4346056002843 72.887865480930785 73.729503819247313 75.275352073627914 75.937719831649531 75.028054444238322 75.937956727899589 78.100688630498311 72.313267836469436 72.430240116847543 71.850285098283436 74.759502983493476 73.518941511310814 76.929557272398995 75.87612243889545 78.101719985999168 71.220809096452513 72.427563346442369 71.662736357234309 72.933940997317549 74.021094619947505 75.14684283733169 76.885682221671516 77.906354758221653 72.603424063741244 81.53547612075927 71.293736986125921 72.759776888397454 74.888813236524413 78.955997818635922 75.972620647617006 80.018938390509391 58.537888270124952 47.863882046143068 73.600243892972927 73.791551808884577 74.632718255020393 76.915057596462745 76.84182717456396 76.706776708254637 56.617086930860758 76.086997182527753 57.515103109170141 73.384391433551144 73.511857003849968 76.23377429168157 103.77593518486331 78.001877296708187 55.211144965779191 52.550212742089826 56.374472218570354 72.410196479867793 73.431717386551185 75.751050443583864 77.862837727138199 77.185007822419138 48.859337621222245 55.365115731713779 57.532935623703167 53.599808544923469 74.428549882354346 74.637852728264221 76.570317761748029 187.64252635878384 23.91535119501301 23.041791758722937 46.801950045212074 55.303819899851732 56.103055121580695 73.063653219057471 75.754523992772832 136.95721838726286 16.457307778677755 22.741952301775285 38.120453055482088 45.799363708442733 58.355725604895859 55.038678037237815 75.175492865977304 186.53766764983394 31.909055629313812 17.468806486439057 39.729361935161222 24.236097669687897 56.338698794834059 52.973674644231558 33.042617488787698 20.252655877269074 20.020684959323162 10.561264661119683 2.7560874481821034 24.619513339639298 3.8181400032647925 55.481055666578513 4.6326456641570086 3.7362117185312789 26.178439759479446 21.44488914934055 22.879069682516139 2.7099215858106516 19.124831067839224 20.425771311136788 22.931287724726857 2.7353629696760584 27.31031562039621 16.072107850149138 10.857227251816321 1.8044305758754384 0.25828554639717544 9.6265319700810874 0.12926634216916993 10.02035200337326 76.931825645546283 52.892266521358366 5.6588071116487448 2.8407622923988178 1.9166559869576767 5.9244127466453245 4.716886085426518 0.10033075949161729 7.0025345495193569 10.123446231739377 29.25159233493547 3.2389997737816016 2.8852197235206862 5.4437339987800044 8.2428727058500844 64.974453972304914 7.3021680359753303 8.378835261245543 9.6960271548744021 3.782778118054007 1.3918062457239084 10.714587427317388 38.549207041362713 42.806231342973483 5.3961223023210385 3.9558001091437172 6.9612889316461031 6.0107564957067705 3.1334471351133679 7.2215034819996333 39.71856766696353 40.891870362726884 1.2870029479617342 5.9535339157351759 2.033592352130178 15.20588159707928 4.4782564787765446 21.45746600278466 41.436830076991221 43.482344567758027 11.884466646936637 4.0595197488902173 3.8662267688101863 4.6658496243890868 12.799349304567572 40.187647625516824 39.984065355191518 40.607880065827715 23.368335913236134 6.2915175185197771 2.3535994104760367 41.443782794159574 41.955381643890576 80.951309550062376 33.393517117683722 81.903306011302604 10.736611355267561 30.804702650625874 6.0023795893705074 80.555110254747561 82.109149343472069 70.013306259490577 81.485383168153845 81.467184516625068 11.953827138710396 5.0489734456797057 81.707382870006469 80.973633147751471 79.868618703974008 79.829526984572311 47.269091228490751 187.10603581487317 43.115555750401604 43.992864075766683 97.974523996352858 77.34583396200135 78.81713370146565 82.579855265274986 83.241342436612257 84.56544244736881 78.826307551347298 62.653084773261398 66.858323745880924 80.235879801810739 79.510423697946337 82.920784848709275 78.791559559974033 86.480754100068836 79.340331512718095 77.536111106542506 78.399614849194705 78.204443657370874 77.712861927037196 80.743862221169465 81.302479967755446 83.14647904538289 80.477234315821121 80.185858572240548 78.361965763336769 78.865501108870291 79.148585575509543 79.900968317131898 83.832646883901944 82.728075456847847 78.120344813863838 79.477164190193065 80.480786568163552 80.964029093503328 83.122669892085369 82.297594541099883 85.404939370193034 84.711452280373422 79.093395547539913 80.289353810899811 81.446199153030022 81.663460550586322 84.245026833449131 83.477851561684886 84.742706187013752 85.58534801055454 82.42761534924189 79.667663311671873 81.161834100304688 82.169137455221446 77.533067367587407 84.559917318057174 83.475392604182915 105.50064748448557 82.053644237870145 80.918037891260326 81.97380907572483 82.473289412368516 79.103342838880891 82.972010396696575 83.782375661190258 83.589493126876079


# name: v
# type: matrix
# rows: 2
# columns: 320
 4.0452272840958052 -1.5491047806532685 -2.361667081991738 -2.3617106020879088 -1.6945254589724217 -0.14377357819493042 -5.1648085959944998 -2.1848560259870178 -4.6992785978512428 1.8325981232257962 -3.2646603556677611 -2.0724244303027639 -0.74118715823311598 0.80842434368834915 -0.88636043022380462 0.0054553980679680576 -5.1377114520656564 -4.4819068742017949 -3.1825230871511585 -1.7597369402424656 -2.8094378885369795 0.88309494894548224 -1.8024292929535857 1.5903147910120006 2.0489423347472848 3.2865924376512514 0.097264014224225537 1.1313036246855084 1.910386771994131 1.3484777410321529 0.076597165524798977 1.3289362390909649 1.162806174218354 0.95492287514684171 2.2777922859478035 2.4341308853210739 2.0522604243257909 -0.76248814103124463 2.0409863321305526 1.2270611127906534 -1.5731073608798896 -0.53710882295845241 0.61918160499198061 1.1227246757017788 3.5817275158950785 1.6961192366017308 1.9904755743690006 1.2051809934578148 1.4376269632787935 2.2748906991613675 0.56229828007824556 -0.78202750309383373 0.72819494264624451 0.54696476293740026 -0.85035054630069029 1.4557247967875939 0.64581636448745861 2.7951920726202948 0.37715156423589752 -0.013159563009946182 1.4001196678661958 0.73968915653628065 1.7289831535804872 2.482639484374709 -1.2312384076057659 -0.29801773149786931 -0.32905370014146756 -2.5555409142093808 -1.3481582755684236 -0.94310488171678275 0.5787004265899498 4.8083481724781443 -1.3290176482310174 -1.4755372401133646 -0.17259566119583111 0.24875515894886355 -1.0611251143772389 -1.9402142287148179 -2.0056470599082283 -2.0821490820741184 -2.3831944770084901 -1.5493626857782639 -2.1769651726439232 -0.39971964919162506 -2.0656439285129973 -1.2399825309669241 -1.3574998414637036 -1.303554131947861 -1.8963962126616529 -0.56133824327976223 -1.662285699472114 -3.1820714373656407 -1.6146128359112064 -0.74940680481586919 -1.9427639500290803 0.17985204548349826 0.88236791339507015 -6.2008401770682422 -2.6058256418880825 -3.2259904425705415 1.907535151433815 -1.8420028018746295 0.045912631291460809 -2.5468850417930353 -0.54903643354514842 -1.3329366112234673 -1.9048342461329737 -2.4262870760615387 -3.2992148123739655 -3.1816640591554455 -1.5119995885935065 -2.6794584506199772 1.5561874658994208 -2.0736884457046902 -0.10715894275544557 -3.0661709561537269 -2.3556836654795861 -0.38281652994477788 -0.98235940944024569 -3.0985657375623297 -3.3460832879963478 -1.6602969236600864 -3.9710778607788977 0.18566531785722223 -1.837722788441196 0.62451652927700496 -1.2611238838531857 -1.0321830787861761 0.63942593884555221 -1.1275192365513238 -0.74909267304519411 0.36226772739906615 -0.59108727427088559 -2.0066243874704677 -1.333723787856804 -2.570720975384019 -2.5212420941756677 0.73289909151303689 -1.0125641698950045 -0.26415823193366156 -1.420426902550967 -2.390834360138661 2.0946853790959143 -3.1420302346738094 -0.41616512713404624 0.29415692568784002 -3.3052369035009281 -1.2149511075625212 -2.258692974481622 -1.7371970585633376 -1.4668797287300994 -0.96839132295070729 10.35078207216706 1.7670819465546246 2.9794398013476497 -2.6905689778688742 -2.7338964096100078 1.7015204371152242 0.28301216482355873 -6.5709781717040352 2.074436800780679 -0.77555246236800734 -3.9880453224923142 -3.3913228914080427 -3.1791177176091896 -1.6761203701037579 -4.545292122671766 -2.1768659437543834 2.3713002998305184 0.91942536472006664 2.1641467265543217 -5.4920952695468275 -8.4668508473289528 -5.433582023371522 -1.1946868770402617 -3.4744514133385627 -1.0351789774182021 -0.86365086495798538 -2.0628606792712292 -3.6170991676175426 -0.75816249943952441 2.5394910408044797 1.0862742734625994 -2.2070062866156208 0.5599963309348468 2.0712909729583764 2.1754059941877353 -2.3008810483269309 4.953681121333994 -5.2834880420612507 -5.7429600760256543 -4.3020705452825592 0.7599220347030764 1.4096056935038199 4.1268127163193284 6.162082992952687 1.9452463885313933 1.1517534766507922 -0.95785388746004252 -0.3069193709385597 2.6811859791052806 -1.1712610287162875 2.3924772146560223 3.3207162095836193 2.3228857521059019 0.49601575398348374 -0.44204574480773401 2.4467351804857995 -0.9752470332351928 -1.6816864456600373 4.0891421130764654 3.1720354637790376 0.87379692942204001 -2.5602795109980607 0.69338741664185533 2.1751879935760807 4.4167001521170279 -2.5068500236386098 5.2171027068949041 -2.7222853976016239 -0.096865756607166287 2.5536599450938509 2.3989655878277705 0.66606427600398432 -1.4805455437975275 -2.7031400365534539 1.4199774001288832 -2.1775627274986595 9.7918552122602343 3.1954845316353833 -0.26347971817555038 0.76765202464002336 2.2728166734052841 -2.4414353100530075 0.65125368211364787 0.5137777030803472 -0.85897752653979509 2.0417577793819346 1.6181343393369052 -0.65152246219694265 0.87502481798315024 -3.8653379513087658 1.1489241581535541 4.5620030347020659 2.1638827013649973 0.79445250808365253 1.8576930611602243 -0.54987877156314779 0.13605758948075203 -3.2652547406751471 0.37021648428214476 -0.5018423103221471 -2.0172828866384034 3.6252391223761036 0.73958849743795418 -1.1396072695747648 2.7671746311311196 0.63085117837501115 -2.100086601167332 0.9330938360295975 1.6992698931475849 1.7559531283606171 0.90982432188937024 3.1387923591859646 -1.2261398542282416 0.88167391345715806 0.51532177851477956 0.12951709444222989 1.8737809744571918 1.9535437040379908 2.0150446565901428 4.1291855639921922 1.9981030354033209 0.98207873064672058 0.075963285382600887 4.1346276075111685 1.2032116167059421 1.8767592355192091 1.6028765098207078 4.5222488511155383 3.8094365190945201 1.6503255862157533 2.0902654081260503 2.0180202572478372 2.5289127068958059 1.7764664116517213 0.83436261805844114 0.65211776823385237 -0.47733445704868016 0.7298299349444044 0.70299415649983721 2.0799274836781136 -0.28583250194680637 0.41238775707822789 3.3690259383357328 1.0436903150989751 2.1818860165592264 1.6662198071462158 1.3486567665451421 1.9576288899048917 1.9587339049482233 1.4718182634064858 0.59644885086853849 1.6238533906204127 2.3914026256743344 2.6364593612206533 3.108937237368727 1.2094071365893291 1.5983358083825245 4.2127062997094518 1.4012070682808162 1.0795806053282941 1.7815656477535602 1.6214387239505883 1.1531732292583792 3.4917676613676991 1.5970162401684107 0.92058606627038708 0.22520951343776405 2.541662408371002
 5.6746610425660311 -1.117490105380994 0.57113640175517155 3.1959294126884794 0.25920069173058435 -2.2104593006189051 5.7383582455932993 0.29108599795669898 -0.79134572628074684 1.1058710188306564 -1.8145054743256785 -0.10811381319243421 -0.81039780598378297 -1.4314518747802292 -1.0540030921891541 -0.11200043242230964 3.5733392450420429 1.0634697339613519 -1.3095447822797535 -1.7745952122403756 -2.2554884696128163 -3.6926415167577207 -1.260152212079519 -0.74558289272199441 -0.8707044821072415 -1.6842615605321667 -1.1068091288544921 -1.3688265063269536 -0.86163885520605343 -4.2616063307116221 -1.8863316855641648 -2.2496390593373992 -1.0053227505820648 -1.3575735504779309 -1.8524577224200436 -1.0219429120644499 -2.0868097557891674 -3.639784584937543 -2.5190057996346287 -3.3742638696008278 -1.2922908245793641 0.71140357326534032 -2.8682922350416993 -2.4914630764479679 -3.3939161675345422 -3.0630822844400307 -2.1881367691572708 -2.2610476855301189 -2.4233647987747324 -2.4852930032255971 -1.511915700213561 -3.9315313678260351 -1.0692833198499316 -3.6994630956868924 -1.9757600749627706 -0.0705533378865211 -3.1636782387942279 -2.9485163453822358 -1.3255391126824687 0.86673599760527853 0.33980145295822661 -0.86367251152488178 -2.3585312227014823 -4.3590227382062547 0.72554577766905259 -0.98056817739860114 0.89665230654473471 -0.70265671128496998 -3.7799730322481779 -1.1306183004415424 0.26436023613219906 1.2975106343904557 0.48551672891180259 -0.52120267393304243 -1.8058359218077431 0.08873445432796026 1.3826814302168762 -1.178701473503472 -2.8526520562031026 -0.51552431239594576 1.266681565066565 -0.93310807410811303 -1.0969736367386547 -1.476042360026985 -0.98023656232965395 -2.2146158132588738 0.64498013446616609 -0.69285115824774657 -1.7535460960156188 -2.6421094871189239 -1.2182627079745327 -1.9253103326659855 -0.4773697407939102 -1.8308663714572775 -2.75002713491424 -2.6606548450240162 -0.97420300261697512 4.8970965420429486 -0.72658856952925754 0.45461694460471314 -0.0042719748711023998 -1.771850403697147 -0.16824294113282678 -1.4750000799733667 -2.7432596766473001 -2.5929874701899318 0.15012687633196869 0.056558016216389527 -3.3196348092820531 -0.94596621160083183 -1.3788484250978823 1.4954316802439802 -0.10264159070129575 -1.60055392141917 1.0464446238764187 -1.3474281322074109 1.2199305105696969 1.7183396610432016 1.4511542305423721 -3.408607548591188 -0.77917978787299258 0.97203212215824386 -1.0309319641043109 0.56895958276969083 -3.8765399453252645 0.3218673244799467 -1.1644032437111176 0.43586692092576623 -1.4985947257817349 -2.8099432081105071 -2.1614461400508511 0.062866921300266443 0.38029691759140827 -0.30605827573512767 -1.8634727022908881 3.9586756615196901 -3.3262221749580654 -3.2812129195320501 -0.99909347719432928 -1.2143987563600565 -3.7752394310177113 -1.3038117979707753 0.018316738663286258 1.5120815234880927 2.6746209317926724 2.596500148286863 -1.9440862629784657 -1.7690150489024132 -2.1302450211507602 -3.1058231470544482 0.5164501899473517 2.81379358776024 4.0790060925250726 6.0696738027171175 5.6950017758415452 -1.8031324379603291 -1.7202442315353712 -1.673064945639029 3.9756514192921975 1.6442924374014642 -1.9851859845662114 2.4051228863768634 -2.2595877267458992 3.5401989572604635 2.4738813659883609 -1.3447308929554969 2.0556390833582059 -2.2750135676053698 5.2362688992966602 1.7160051904010123 2.6973083590206399 0.12693053793529249 3.690599905265437 1.8139692364799878 2.9453708658843212 -0.67185787528584529 2.8496111682577907 2.182676113160066 0.45209373950366916 2.8728550665309656 -1.8249665120869287 0.7286336671940582 0.093875694251633293 3.9997167321991984 0.16374669928492003 6.0062512266845944 3.059112183835845 -0.16487558816600573 3.7721683229817242 -0.34135542725628382 1.1274305385230337 1.7403395971113567 1.0134750337840199 2.5207145001160329 8.9777298278450584 0.45889443276633318 -0.55282239647889353 1.0744941237421464 1.5094300004587622 4.1833626856438144 0.31892487039384548 0.74165710160085396 3.2004594239463859 0.35560535418376987 -0.1156894161775977 2.1249285877694049 -2.9879472795359292 -2.3525556400677474 0.98561615848367778 -2.0959026553298195 1.6805515894408989 2.2858180695218522 0.14039626181757661 2.3438216050531491 -4.5722655074375815 -3.189232745095683 0.035376145299484241 -1.5866892998513353 2.2245402443520175 4.2381925295926912 1.0809118267753897 4.8296419354336511 -0.69463653576220896 -1.9369198112169188 -2.4251076161160574 2.1156184711948822 0.54220142108270164 -0.29176734065707793 1.9077300108608601 -3.7435413850595887 0.12132712814414522 -1.4950413682589359 4.9553758204151475 0.59448115071232632 0.071356412126429722 -3.7416636695594012 -1.6314273031334374 0.37483570841669456 -4.0377167529329059 0.97799057575494208 -4.3735153014462265 3.6190648965486725 3.6120484754622373 -1.3653120798507663 1.1443369139794282 -0.81940030315974965 -1.0581584335443193 -0.86862807290699096 -2.4155676682243308 3.614444024466783 0.13113511333925049 -1.5477368033736714 -0.1980694863165253 -0.25953703078430063 -2.6779248193667424 4.0361142509800016 -2.0465600879284973 -1.6211358210129474 0.86357808203941411 0.96128122202524469 -0.13143610140373232 0.85733706065219151 -3.5529397953127786 2.812335895564499 -0.65401194699163634 -1.072369632113483 -1.9795123299974435 -1.3139495963244547 1.8724870401284255 1.7474019656090019 0.22254956369843515 1.5913844916536146 -0.60702394428019368 -0.35253136935577395 0.074338005705838317 -2.0247382561531628 0.20771958928886275 1.3438011016951523 -4.7203283258680102 0.34950087357043313 1.4331029430541513 -0.60139710463507956 0.056089115091527336 -0.090436851476086572 -0.86529943992439273 -1.9184474703588015 -0.40925655929204896 -0.25133590348485829 0.95204734581310291 0.4634365939455436 -0.47310609640613932 -0.040637991618158058 -1.5748102233585337 -1.5738612917021715 -1.5724288085014246 -1.1530687276395921 -1.3304429077676871 -2.5411473216622045 -0.91597363854384528 -0.51777612981327525 -1.0369970274391695 -0.87622002302477664 0.056227946906481259 0.71388816554033507 -2.4581237434500491 -1.6842584460975898 0.22885540352022216 -0.23873741802142093 -0.019172826248833649 -1.6355189399754202 -0.41877795680667423 0.86129832952167451 0.4922716740472689 2.0968990773419733 -0.54144447137997431 -0.58102767346569639 0.55569929964989961 0.096803264411822409 0.031567601553134844 0.10735381706786126




