# Created by Octave 5.2.0, Fri Apr 02 16:04:09 2021 CEST <br1@br1>
# name: ptcls
# type: scalar struct
# ndims: 2
 1 1
# length: 2
# name: x
# type: matrix
# rows: 2
# columns: 320
 125.9569761249183 107.51535473617665 105.22805543263232 99.038027410227997 109.87157318873925 115.93700235326818 94.210062804338065 103.03686094942267 116.5192511098298 115.54108236368337 109.52172073400821 105.00038661861292 113.50864760016044 113.66152678122333 115.2133728100178 114.85774018094922 117.55771354269716 117.5351916213652 108.53159690739649 107.63379428003395 111.1588008790863 136.42882307801742 113.89663490719171 135.40873686407161 132.29521183575727 124.51164006945444 135.13921247482926 132.00295817029786 138.04587530455058 139.41567999556989 135.39398751357345 137.41171932346279 132.5127839868295 122.8197733696293 133.44080449709938 133.28760301855914 134.47706782590637 136.29207451524201 140.40634080853152 140.6097992350463 134.64136761497164 135.91105978775849 133.62609819365119 135.45506067997337 134.33386152558546 139.45780952140723 148.20243720541703 146.3558802536183 136.39526751127033 134.24494652296463 135.30026672912027 135.22688388986435 136.71966430155763 136.92135270597254 148.0467175711309 148.14564057652811 138.65751696151807 137.06167722867787 146.43290726955422 147.30996142550751 145.74202984928391 146.98791846347063 147.42388518366431 146.95954608432911 98.047781478240509 99.009967265244285 96.969554980983176 89.839314620487499 96.020115086822344 94.608614996227018 95.352798706060796 69.774306200672356 100.21868495231141 99.058692500537077 98.173778579697213 97.203770460594043 97.427367011076655 96.48888968245916 96.245176357093911 94.044685124608122 102.93142460596913 100.43847471307654 99.294283038443638 98.495784794776512 98.283462518902454 97.302882705906924 97.018571802057025 95.824301483977962 101.6846767454512 101.51669637558143 100.5311384548111 99.53393895267871 99.371602687128401 98.04822374947436 97.932273363787814 96.660148971023773 106.02983876143958 105.24073210952035 102.71442117416042 100.76767786308372 99.059090282082408 99.146916075177543 100.33059450455862 98.238549146367944 106.41641848912926 108.64252426529114 105.15191056271648 100.42881034338791 101.53860332674319 101.36461602501211 100.75308853555524 101.69005939327313 106.86015508580383 106.30628366833275 112.93858115615166 103.89758924338962 101.67858778942366 102.97891713462379 104.09565905343216 101.90282733919732 107.17465780067072 108.32855394137637 107.85320155441903 103.99585927549126 102.73137353081788 102.42225273805624 103.6078773502861 104.8734434928698 107.49043992844385 107.60171837937958 106.17443521656762 110.5766385465061 103.67878157995877 102.58414099226711 106.02333499185332 93.348785789921365 103.05567557889722 103.20059582523052 106.28419371036405 112.00012787141009 107.68031052700287 105.01911253289857 103.95263225301488 93.90000505796209 112.9187426001799 110.21077912949103 103.4949244856672 106.25468190718075 112.38666322799604 108.71298171136206 104.59117000201462 95.218224531783562 111.70666893803477 110.2578007396808 112.84715179657161 104.14073608585781 111.26603183876746 108.59337655009065 112.7897313536797 116.37082676901697 109.05180345987692 111.14050350877415 112.19191416736582 113.46692463737412 113.77042849808119 107.21049029168705 119.75518889444118 118.56215492802669 109.31970681644363 111.26760307154207 112.64808392250556 113.03701230857872 114.07650054639872 115.51525075681893 114.32968849003785 118.42556886577739 120.58712791246566 112.03030148619433 111.50218397061217 113.56670466023019 112.49687782715435 113.59431944848063 115.00587652621176 115.66988447859237 119.99161108195538 137.06093771199448 136.50798177267285 114.59399680813061 129.81215243739118 115.4714347969619 117.05236888637201 116.61680000954294 135.55393190374537 134.41204325802022 133.01054449753875 131.25433363456659 133.41875126350362 130.46357589381651 128.71767682673789 122.40580998998742 132.7401409692456 135.42797923661453 132.49389860829112 131.60258424811647 133.27826012217798 132.28223536875362 133.00381767803609 133.14546489727937 136.1430695393282 135.3944526483476 134.26057395054545 132.11522746929964 130.24149169951025 131.36211443216857 133.20281353503827 136.30934562748203 134.66595026638933 134.0238493848808 133.64856433089332 130.43533463847984 127.36341472971624 128.11124912652005 133.94466861961104 134.73056724616728 135.03667680449797 131.47818099432658 132.95196061396345 128.72754147107509 128.21129771498852 135.9241286705103 138.41016956674932 137.46720767578211 145.58614184133765 132.37520946777096 131.48116809454575 137.45711786765375 137.95843936832571 144.08281732363386 137.44955925212372 146.90993445393735 137.85747716591382 129.36388552065193 130.40041093894823 144.19016734263911 145.43329812874862 142.98261067292933 145.6688339782703 145.48833794462814 136.54077665383559 129.39257860033771 145.16444955701601 145.51428570569928 146.27968894419817 145.27161891344639 139.33620528827296 127.59047167890785 147.24590966856397 147.41279004668343 142.8575625073035 147.81771061257993 147.65690039340288 144.62896156373162 148.05854089491524 149.0548506074758 145.93053567049998 146.77689930817411 145.23210432494963 146.57594544772817 147.19720479513424 146.38054682846843 146.151335757022 149.33328079780796 146.51681979363562 147.85942243434164 147.30251541995037 148.65721709192064 148.3636026509362 146.82175458827601 147.81458757035881 144.47388199054822 144.66783718467806 149.68112941293697 148.60742413011786 149.51470327987496 149.18804093411262 147.88578095608781 147.91404406158409 149.04172193276085 149.80638093061245 149.74074692040554 150.51145222430404 150.29217005336648 150.17597514114939 148.55852239744985 149.81173869738657 150.1074834834838 151.93123526998602 150.73003423864017 151.36343041718709 151.26242792640807 150.46297692218081 149.35135775039905 151.39174033925599 150.36535889678203 152.76421861660583 151.58107457188851 152.3589675255526 151.92061348457827 153.76472295452083 152.64466278481405 151.87494561970573 150.73305217281001 152.98114556140334 152.43186312843383 153.49103380446707 153.07289942170246 154.11646547102424 153.89362713354419 153.00422407695885 150.84438962447334
 47.219949351749079 80.471270782514608 87.325428542435986 123.49798038693575 77.521721696721073 91.245350184059504 125.52985804938992 101.10216993061961 42.808205676434604 58.496677816473543 78.590557812377625 82.12049262047563 93.426656623546876 90.993797541541682 90.362349647204638 91.503706397291694 42.076583607272575 43.201912569484399 80.206873248482125 75.849189979522862 77.405012645770952 80.334287769752294 92.149471384763771 81.338639662620636 75.89617284271803 78.308851475122069 75.986809135599358 85.3772813593081 79.139075783709401 79.559947035322679 80.208053481796071 80.890343622526103 74.103602049231867 66.102301744454508 77.787194533923767 78.980587967332426 78.410760439700411 78.561373770820865 78.818562581457925 79.865190478702004 77.171251212952853 76.939357586253251 74.062187151629686 77.89027366072645 79.723771019536926 78.18081178854986 94.628945753792621 93.164448184445007 75.215045933980321 74.961079337371885 74.800640349011303 79.130265917422506 76.271409948353806 77.414579091108408 95.930247294039305 93.544306476268289 75.977398962124667 79.429758512539323 89.869140532243719 95.184753942692112 94.439669245449295 92.052041934414845 96.802731093409278 94.010892889753208 84.28711805971713 83.612033300586418 84.857602090241301 84.358224129722984 86.2086713983538 86.448143373493522 87.178080892942575 104.91047572936249 84.103397589853941 84.661480782995284 85.412301158370425 86.007969136035172 87.071721585629135 87.397265969120554 88.52631471631237 85.365710432592792 84.184476011500379 85.117621391591101 85.78234973954045 86.587714402161311 87.739173840313356 88.208764775941347 89.261719334285885 89.567355419299744 84.520772490426623 85.604759557854976 86.205964621072411 86.956418698239645 88.052704172824448 88.872057843535359 90.02474618071858 90.287630362592111 82.408493077146488 81.055091132514377 85.298846949096855 87.314131869213313 89.365777114723713 90.377984844297345 89.488890255347911 91.266093215650315 74.955120914274033 75.191954935975076 83.437697213713889 88.357723531800204 88.141541292439314 89.191790681789939 90.594925368765303 91.230104432369188 73.860590945933069 81.150742109611613 79.677898544913617 84.707680886776515 86.692659994847418 90.1642039192905 89.727894100229591 90.099652848141162 71.924537398064572 71.530183235119992 79.268014905159959 83.665971021322491 86.475509561713707 89.02507949029031 88.182890311874999 88.466986424374809 70.476828054679629 74.788544227384989 77.832096123882863 78.354191422150492 85.945427789372502 87.554497719445266 88.307343401866177 124.80663949211622 65.68662048719996 64.475042680605441 70.353787136111634 78.855841902879604 73.035280479740948 84.588004148781764 86.98442205624751 114.57841183963616 49.481978796186922 47.394109317848233 66.805354426887988 71.373467496571138 77.827367016956998 77.776442620580497 85.52873126170627 125.9660846055743 48.936726878248692 48.764270658662419 48.456521425307514 65.595552256551997 76.134397396327515 76.518718635462562 59.320519667078294 41.762981900116756 47.143584979068507 48.099780145006697 47.700742736206593 47.59576670885702 46.423128065785171 77.189821065649895 42.003731476039661 41.60377846411172 48.164783323037213 46.866576538932513 46.760003296222465 45.531350857054576 45.376363921857838 44.577702973592054 41.64556012926581 42.684324673675036 25.773034445210339 45.86843557375267 43.028198695433844 44.466226042388996 43.772374002495688 43.377165041663218 45.938570077590761 43.501979827226464 26.973483708881794 35.859487500253486 48.528302903933223 43.915475580500029 47.114382874022802 42.481030374970956 40.825680405454158 44.04076413861447 49.288997798950007 48.693881452159324 47.005888586771142 47.22295657637644 49.817040557954833 48.084996750499307 42.133804039178173 67.188451467833843 47.993316262783409 47.853767694396602 49.186649948630489 48.305836076943315 51.094337540254472 50.287618285248627 73.039667597809753 76.653604248269176 51.300377242490882 50.378890651173016 50.646118204045607 51.385273975568147 56.0289349005335 53.691527687530602 75.365802091549455 74.074614528422643 52.825077729997261 51.96035942066964 53.146053844528772 57.087691577051842 58.038956057819746 58.838125890271201 72.156922722288016 73.781137371810331 51.562969112328055 54.906613750560581 52.293218437674618 57.786151001471616 56.813753750752788 72.893119897648006 74.942866610005282 75.471959618126334 49.971226228910936 53.252772286509796 52.545111349446479 74.193000385086805 77.417741043561108 87.329950176196363 78.350863416203779 90.919510656745672 61.447315751012525 58.636032218215206 54.858949837676981 86.017446335182896 86.415031560684469 82.129179316541482 89.031097155835269 90.270692733121024 61.597663653259275 56.771925835885298 83.42082135713828 84.897590559485266 85.760055094085146 87.42443483718543 81.424113326484047 127.37154490033502 71.212395354548434 70.177923923952775 84.544493475444426 82.760023136681767 86.596976861758321 88.329388336247433 92.520366746441042 92.86843088102124 81.078768362644738 78.524155328523946 82.25083233257601 84.382366686404922 87.574485880559891 86.851912402008196 88.015145699226835 94.032410092498921 82.261586542574804 83.993608794728146 85.102053569614597 86.430850298467746 87.492559282566901 88.836155548384312 90.186788789754218 90.835562222690498 81.263138477526439 83.408065620795384 85.116241034846354 87.065204230234983 88.212917349458195 88.490361547165534 91.348978644216274 91.817298817835592 84.860418096227363 85.943964387676047 86.737329018118942 87.919183653597329 89.004126726189298 89.29171418965322 90.914669934707405 92.183402909213925 84.961440218326274 85.442293253894618 87.398957176484871 88.499122947937124 90.052263358204925 89.944048000595146 90.453209318631181 93.287443731773692 86.259036924096264 86.224693907222729 88.361236634768801 89.470101760206731 90.457981201100182 90.220694593939669 91.474145959601728 94.324305020141225 85.15893903640557 87.272836177799888 87.926806410798932 89.180780591764957 89.340684770210899 91.898170412321903 91.194114270748543 91.408284129204645


# name: v
# type: matrix
# rows: 2
# columns: 320
 1.3579693284185725 -1.8896791800200547 0.14938850084308375 -2.3617106020879088 -1.5570567252138308 -0.65411872420397676 -2.8746141371507523 -2.1848560259870178 -2.3999587790991983 -0.62397535907694635 -2.6892426571157153 -2.2969497305560771 -1.8575668344658469 -1.081010364711336 -1.5244524697407416 -0.039749956643624657 -2.9154120643036832 -2.2795557260691339 -1.0665892506857215 -0.84269437570595063 -1.0013047470257679 2.6296660890422414 -0.40732147169986266 2.0457320354898636 -0.28821727727970203 0.18963793975630527 3.1125834537516033 1.1313036246855084 -0.54548606247246179 1.2767671294543939 1.9543861910202436 -0.88086638316545174 -1.1976071305882299 0.87659086140340059 1.1432404564845409 3.0450687394347082 0.91293837592101013 1.3416381570579206 1.4913377110555679 2.8650689657012594 -1.0712512964336838 -0.098839620282376375 2.2842919311694221 3.4330304643144554 0.54648862672744336 1.3653318988807175 0.97067313660090071 0.037943766575810792 -0.68972311632750194 1.1987260132850808 -0.65423443571642781 -0.46323465637625283 2.9552337047963024 0.94059839637727205 2.0390715129242647 3.6554069552946329 -0.2873422867600931 1.7360800558673053 2.6563076703958006 -0.83348490156407817 -0.63974167099083989 1.0074285474516351 1.559091713509321 2.8726440095004593 -0.54243262044190221 -2.8494431331349936 -2.4745643112096145 -2.5555409142093808 -2.4292201201866805 -1.9883362493100485 -0.55805266851381974 -4.8083481724781443 -1.6706438471737963 -1.7726421295578982 1.0933972054505865 -1.4791551309430517 -1.0193032722428466 -0.99157288405280108 -1.5143179835362481 -2.514574955718706 -2.7554029107538884 -1.0859109324528167 -2.2822116818496214 -1.5728855391494334 -2.7435475117340822 -1.1067944252550461 -1.4026580838604152 -3.2942825591718981 -2.1806019208564229 -2.4753171531905029 0.094310648829427884 0.018979969797353287 -3.3726548753432266 0.85977623684747673 -1.1071841877239159 -1.8817522461000018 -1.1916001516713988 0.099285986507581803 -1.0802272225242862 0.3151066971778248 -1.5762194392087689 -1.4764306933108704 0.59455208630689105 -2.4728345241065157 -2.5712893194060698 -3.1469925583528355 -1.1327403556096525 -0.83739294892231975 -0.7981519674772215 -1.2713281304803234 -1.5364624346614471 0.10783914467340981 -0.29648129101007004 -0.43988646521018648 -1.6258811942607663 -3.0210161514534044 1.4400932964712194 -0.13589853075158281 -1.6513755947462203 0.66933213083907328 -0.82394516523697692 -0.17963279580717686 -0.50931128194001862 -1.4124898781760982 -0.34211740902691745 -3.1574140008963156 -3.3883556637900645 -3.2612193555002174 -0.37726750420036237 -1.1542709296526721 -1.3638634527581657 -0.0059547432689383423 -0.94731599110421938 1.8457252269081545 -0.82481753978173755 -3.6530366803744991 -0.93047678827101254 -0.52789295819042037 -2.0509558195490389 -3.1203983479198065 -1.4997525908720279 -1.4850845071906575 -2.4530487971961956 -3.1420302346738094 -0.83549157977956756 -0.475919878377908 -4.8923631849798106 -2.4510243887737255 -2.2799978088079036 -0.75173469844036567 -3.8617031790821343 -2.1762700768039593 -1.0177808827935353 5.4577077642283325e-05 1.9173199081553931 -1.4334159525912074 -0.34901579476530098 0.25562326320480455 -0.91553894821569615 -4.8935917120877743 -1.6251197812508953 0.35601848297781535 0.93042746108778318 -0.42901729571506692 -0.10480105813822606 -0.81889828981915302 -4.0567846463514865 -0.97333166345377686 -1.0639055103812387 1.0489113560911223 -1.3682345283528901 -2.3779463420738032 -0.8293756747559784 -0.54135630235887167 -2.1623377789607736 1.3622063152429256 0.0020352568380751189 0.1245240186692816 -2.6361291411129413 -2.3282454408495581 -1.9784753889588254 -3.4434722113036451 -1.0041902592425991 -0.96219682794711892 -0.7334883088233084 1.9063454546835059 1.0903919578248096 -1.1155809266181991 0.28435431353828161 1.020024280985925 0.51233636560848195 1.8559447668826634 1.4408221515442212 -0.63858928772670642 1.0416153330893785 -0.10744598587187837 -1.3679574449472423 2.4915456717080828 0.9259881844467065 -1.8105906719782474 0.81399794385651192 0.24751187733038352 3.5856110144643023 2.1681556942242834 -0.53317885633379958 2.6211108381503965 0.71535063348187222 3.5374234714029806 -2.1041854416055839 -0.036924671317879493 -0.72455027252626525 -0.52078738451714579 -0.92119773581370301 0.61148418501833335 4.9326612794865028 2.3620546472374691 1.7049970479295804 1.4967396256110475 0.46492464825968244 -2.259429890943947 1.1509514855091003 0.85843741264716789 1.0291294916005806 -3.8502219600091538 -1.4850192609103336 0.64246034257066964 2.7110928942303638 -0.049068772223092756 1.235709426744346 1.4876457281172397 1.1497514595931611 0.44408322461525668 2.2728166734052841 -1.1627546260422652 0.51713600246138314 0.46678171697036791 1.1677229324467449 0.85929549510848768 3.0434742102286352 1.9879988679040443 0.49436504311676377 -1.5153158253570298 0.031699326491465882 3.3654894367868842 2.5597781132139628 0.47994385998168537 -2.668554948215482 1.8551996769272594 0.50306328887573926 0.6247369851304222 1.9739357244269016 -0.59644410241626289 2.4939282689880069 3.1947661989440657 -0.33036242661422399 -1.1396072695747648 0.992178776763051 2.4058470327430674 0.91467684586443665 2.2271551378097936 2.0056346330832677 0.53254327845020155 3.7940828676100895 3.8733746394796875 1.446900979431244 0.88167391345715806 3.509742156582778 1.8864919946863554 1.2257877540664148 3.2023521156224031 3.2307217268571988 0.1656819926124756 2.1103285274458634 1.5283751745554088 -0.85026923854045788 3.3922894957589893 0.9217257129899199 2.2590167947208775 2.3726084921857225 1.0693249101474147 2.9415125335650742 1.5952918047466056 1.1441982027782238 0.22005092727432035 2.9346644734881364 2.237689987687459 -0.15973008990372084 0.36595816785367224 0.10460469096565782 3.3295969953062472 0.26129340377581189 1.2375110400448455 0.86341579592463347 1.0555169758131886 -1.2088446117332581 -2.0833578534159614 1.9021771053459602 -1.2541965768761196 1.512353293389465 2.271338001461134 0.43739492089101428 1.9117107713878407 0.50299259778677863 0.91468187783116639 1.6015062774359983 2.6575132271150976 3.4873260426365729 4.1875671434706252 2.0324059438110638 0.5246798699855143 2.5394255133290291 1.0722783465694889 0.54359624011980801 0.5686925518577105 1.3170390301725687 1.9043474569826 -0.69526540521206426 1.1865418594785877 2.6880214449945834 2.741716394277069
 -6.3445512990119379 -1.9711677022007843 -3.0854034775161798 3.1959294126884794 -1.3750666557043369 -3.4978414677492768 2.9127464298129149 0.29108599795669898 -7.8712844207663233 -4.5400459979297505 -0.36549224893874144 0.96775575634526334 -1.6912509499086661 -1.3493741053087749 -1.3763997580095153 0.17150926817489476 -5.9905190508399109 -6.2497552775104506 -1.9872069655452553 -4.814297098278864 2.0596564195824643 -1.4303649105103868 2.194396429329029 -4.9487851406633645 -1.8162716805676704 -1.9360448762617062 -2.2518280214492128 -1.3688265063269536 -2.9582067639864764 -1.9803939142760061 -0.38551648113116888 -1.9961159642139246 -2.0921071764213979 -4.1224094615035636 -2.656493820598588 -3.6040181134910094 -0.80564443795839058 -0.97955658744845009 -3.8872761462561516 -1.683230105228311 -2.8004567690200157 -3.2443711875533916 -3.3831236633665629 -2.5332386485379548 -1.2631869464447707 -1.1261238611819739 0.52482106063613843 -1.001219717789674 -2.7980501322376909 -4.2173534063437028 -1.6001148921462056 -0.67331778737242809 -1.877777064696333 -2.9440012261407551 0.26833990305670152 -0.8703279907722381 -4.0289872479268958 0.084030935578480653 -1.1155209655165141 0.38905351038631797 1.3535843434493859 -1.5794715141541318 -0.79441689953276617 -1.0458584271754381 0.96544182825532165 0.30295604321258407 -0.37683554587071749 -0.70265671128496998 -1.4840758242076719 -2.771723389227573 -1.3016382449494672 1.2975106343904557 -0.693456812877426 -1.683877846053319 -0.85639224637866374 -0.22290425399665886 0.92011647024894316 -2.4841304766943058 -1.2973309214911861 -0.24863054084767416 -1.330703688372266 -0.67885343197866388 -2.7682241865565351 0.75635686002539426 -2.044977974526125 -0.62138491174331367 -2.9700079542669355 -0.8207871342712062 -1.0497453554051146 -0.93534774039451807 -1.8499075369596363 3.2404405545424058 -1.5129767247478882 -1.5571377651711029 -1.647583676418291 0.18324684175660616 -2.2926210391249211 -1.4419793571035471 0.63312701828931939 0.21057239441336043 -2.4106350511961772 -0.1731281126480958 -0.21303706753118706 -0.12568985292918111 -0.28555088105577531 -4.7911346275311049 -0.77291840074483209 1.9588514668909169 -0.63098968321924631 0.61630386219705613 -2.106342429876741 -0.66424127690861934 -0.52808317193012633 2.1956940433441376 -2.7807181190396579 -1.1914617661131643 -0.48952411019033049 -1.0099068732916512 0.67917274925029203 0.58265685482725749 -1.0785044830474091 -0.44039643366059528 -0.40571349566636872 -0.15484111106917903 -1.9025365243139001 -0.78068162089070725 -2.4017927859810397 -2.4545432825737983 -3.0769806836655991 -0.66746342352425791 -1.0233294158553106 -4.1004475597361241 -0.41530348617054008 -0.19591653709568738 -0.29326565904757723 4.4064313841190517 -4.1987956941206122 -0.24556399078328811 -1.3322833435087909 -0.0038501197249680534 0.71140374690168473 -2.8216525502120349 -0.85877545936671196 1.5120815234880927 -5.6827691634048696 -4.6378165723506424 -3.1785706681747419 -2.5215068352599932 -1.1071437740854606 -1.3889424143047042 -0.066069180504518266 5.1916496809412243 -4.6703854472740511 -4.8515300789956344 -6.4653123991906227 -2.7317234423502823 -2.439586517438245 -1.5118012736832773 -4.8047683630626112 -5.030494565039259 -5.5711088895660348 -4.787534525761707 -3.6705938012734265 -6.2066879124251377 -6.192877409714999 -2.1110003133471382 -5.7669918971061982 -7.9519666957442761 -4.6022297812001218 -4.1176029894050261 -4.5268442447466173 -6.0098426600413077 -4.9804631905090666 -5.0727755000220478 -4.8014173909458195 -5.7699839404122901 -6.7205690406752225 -3.4453799772996225 -6.5611987663111435 -3.920323187702746 -2.7807359320627438 -7.5057561163710558 -5.5702089289678787 -6.1753159669001416 -7.8776575685156427 -5.9957003488919911 -3.6660432735224489 -7.4331676479475286 -5.248519977106116 -6.5713295267761245 -6.4095370760410209 -5.7496186678959553 -3.7140354413342833 -2.2474646139410579 -4.6325678662493068 -5.8007586159122209 -7.0984497038728724 -3.6686490370608991 -6.5093544091306157 -2.5838360302424555 -3.7034606488369199 -4.5944430264119731 -4.207133565596588 -3.2072520833178459 -4.4989345631956086 -5.653001520995188 -4.1959896570817303 -2.4898310376928796 -3.4182575509334145 0.47001535555623675 -1.6351794209614077 -5.261478721916502 -5.5730532455782091 -5.1673534340157383 -1.3942832843804047 0.19274857520558242 -4.862172659423492 -3.7899785741863483 -5.6167980661556944 -3.477077343371739 -7.0757100760562963 -7.5352697629473289 -2.2085251058149296 -3.2718187568255277 -3.5325239080324793 -4.4691275063550462 -5.9841852477413457 -5.1335063812734782 -1.823214646790051 -0.18435670948761246 -2.5856581538894718 -2.8583856429172192 -4.9553758204151475 -4.4602986966816909 -4.2890187600702729 -0.93752313769318329 -3.7539180071184552 0.022197454585786484 -3.5232642019144937 -0.14225377152578123 -3.2062317346332145 -6.4283026406194219 -5.3394267237251611 1.4239470315053926 0.046106366035143093 -0.75092906066445242 0.10176133866617798 -2.1802743612815592 -3.5744634755281508 -4.6355658123379611 -1.3598709174609778 0.18716567992365252 -0.52186578892656221 1.8279250545642378 -4.5656652810670275 4.0361142509800016 -2.007665050684988 -1.6600308582564296 0.82694817325247849 -0.3017600811695817 -0.63430554523455196 -2.7169071493346491 -1.0207200158853031 1.4913086724891267 -1.3703236807823436 -1.072369632113483 1.1853618241054829 -1.5268761410554059 -0.84069977883567182 -1.6304329673043909 -0.46607930789961599 0.43533070021786491 0.65710659803913052 -1.3276973216854806 -0.63260738228972746 -0.42650139172370016 0.20270839861378734 -0.751386657686825 2.4874913955625022 -0.16941989012604403 0.88952037368106318 -0.92596983806999156 -1.302178189813781 0.98585479787732944 -0.54991155486673349 0.90775102745003389 0.1925597873297718 0.81900949412138146 -1.0166183101742612 -2.3825590986768432 -1.0832007388259999 -0.43378641282017072 -0.12880857936003223 1.0784512190820625 -0.81726886886269012 -1.4911691728564971 -1.1146824395169439 -0.75172318321721532 -1.5318583429429586 -1.6598902862751608 -0.38302221034877021 -0.41453893993023605 -2.2952657334838675 0.23697227343804955 -1.4896724969697881 0.52130274595359027 -2.8659406169799126 0.082046017393081622 -0.78984746528444494 1.4228868079963348 0.6589314400167432 0.048728876579358815 -1.6047997685646438 -0.051767671945215255 -1.2654228440045816 -1.4440271654956052 -0.6617366269964583 -0.26086300433645282 -3.6452641815601914 -1.0268429872345537




