# Created by Octave 5.2.0, Fri Apr 02 16:07:10 2021 CEST <br1@br1>
# name: ptcls
# type: scalar struct
# ndims: 2
 1 1
# length: 2
# name: x
# type: matrix
# rows: 2
# columns: 320
 169.89182132652689 84.514289600022579 84.360888316643141 64.32088155953592 88.113259838254805 105.7369860521424 50.917768062775515 70.919477367394308 69.054417985306557 114.0763610305587 90.173008332769044 84.875857674654355 103.45347980529235 107.17385610110917 107.03083312904992 109.39335096877839 55.7291568831468 83.426833931239628 86.338368005574523 87.208788262578693 89.340410871874042 152.28587913941152 106.71807501386864 153.39977371641169 147.91643502901465 134.70147518255555 150.05682071534764 148.63312145318349 155.94284114637372 154.36890453069705 141.53623850146298 152.61888790850435 148.90615272090929 124.60279799837667 153.97063393757119 150.21567714005062 150.83582847190218 154.71409511147596 154.82738952297524 152.88050272825191 153.35469141662901 155.73060736518281 147.81867994413111 153.67460934953618 149.30058304429747 159.89025566646708 169.460823837828 166.76682939144717 151.82177288759317 148.90681215505003 142.28783712423916 152.77011179352979 155.41302115532292 151.01204914214622 169.83747114524883 170.8851255963362 153.41206286649347 167.6671180433768 171.07825514109024 172.50644994131724 168.282873292391 169.7670137239499 169.99699903835466 167.74424522696134 73.771206303955722 75.20113489869631 74.750735585846087 52.272863181599888 76.279537840250157 75.706394375387049 73.668485168017639 0.9084119347596924 76.985450314690226 75.976547935477214 76.627319280674882 74.609574479059916 77.925484306991251 76.404227399083538 76.766156549181176 75.090703312390744 83.718842899156257 81.383308890715128 79.470935433500586 77.443952349975589 77.81622147249135 77.428867310528773 79.227046337957688 76.849146939282562 84.541888631044984 82.50716415826308 80.528577987841459 79.033962538658557 78.85573202219885 78.532722367390889 78.721363585489442 79.121761801980739 107.90043057013845 82.856522312221827 83.206952292130524 80.284242789866283 79.623876052772829 79.755273410317898 80.335668869915622 80.154672350581606 86.999597350861336 87.99360173812542 85.432072705272731 79.986011565210333 80.787525293620746 81.111375793517084 79.839889015889682 82.113063153602141 84.111481894879233 85.846854599362899 87.509649692658172 83.407949403001126 81.011968164557103 83.571782335232982 97.813711523000734 80.586594558053818 83.489058687292342 89.064938830407698 85.911263240598345 85.271866718507653 82.200180759759689 81.426453957308183 81.656929537961219 83.142926038030893 115.96083023066259 86.213327595076251 85.08625020215797 86.754839764548436 83.004770409186762 81.884797265698481 84.782800380045302 52.061575590669229 81.032229771804495 81.635401753856655 87.633216065250167 98.953095585215522 88.142464381529194 84.468115146313792 82.563943504101204 47.712160608266885 130.07107534233549 117.6685210981359 54.587900299466781 87.0290379492006 85.973482115354869 88.322560673733392 83.801250577346735 51.850092325958663 177.93708770750794 125.35418138673219 132.13927027796421 82.209411555254093 87.054408630227528 87.632064307095433 105.33461283515511 56.317046918686756 117.76079719262077 121.09947385301537 119.13357888509799 114.67820871973436 81.775635590591293 84.54741922899197 66.995939824640701 80.521196967076961 116.42167648236342 119.98739646804908 121.90917774373898 82.718564394112803 56.44846315250647 54.560388377497546 95.175770473594554 80.118877170134127 116.03933954030862 107.02437666584812 101.77690076153553 80.869764741662664 98.479603816310615 113.7150159493215 118.05218620190971 96.570635156061044 88.299140003556914 165.21581816007767 135.62191682570588 81.228902009959455 152.82379077579449 67.966720229181334 68.219391292506316 80.580910594923395 136.10629664618327 141.23398694534603 166.38642393500734 154.25858066343196 153.14951816665871 146.84732177913116 120.97918953022673 127.58426465846597 134.9167078580615 136.68057378102841 146.55491627945179 152.63040779629458 151.65365096220415 147.40703331723708 149.47685356703658 149.97161496152901 132.97466783948335 131.18068301177456 147.12002045659435 145.68789361214073 147.47350027040136 127.65032226752055 147.83325055552899 154.5169200397003 146.03935900210419 127.9643835570632 147.07702432371551 129.57973566104764 132.31235479368658 118.65750802778842 152.29410121434859 148.1236330713333 124.80407240755241 133.43340500259168 146.56313019523378 126.83599935094499 177.93812723698858 152.60587328250077 153.93083934103672 149.57814829842459 178.9965469403983 126.90433503180486 146.14254483923506 148.91173913013961 154.38382714914587 164.38779236131504 162.07646204748022 170.05354938422568 144.59636682683163 107.51931033152354 129.01509225768805 165.54513117984391 166.731300506944 154.60004007895034 167.86799283060253 169.11949034081286 144.46408347320732 134.25091719235672 165.52878813793598 166.82519918300338 166.79412784520872 164.53367461916389 151.60234144904578 110.83824481614059 172.61728197103625 171.99239714395085 115.85178902801721 174.2184983997839 169.11770561719479 167.84861486282648 168.70837930911335 171.46227948302496 165.19378529678843 159.73750583595535 160.60828307764305 168.94262498682903 170.11135632237088 165.68279848245407 167.08622201908491 171.0775368031355 168.18375378939947 172.90476684948354 170.34471820838922 168.06120800420337 169.27973844633655 170.05277322614901 171.1331859874791 166.68610852754503 167.77057639991006 177.06273077689801 173.63766438049331 172.53640002646935 171.24593332702682 172.14187322336824 170.54699406151963 170.92684939331465 175.25138299403602 173.45523465101115 173.14028781073534 172.03029892828042 172.81878043437055 172.02507631565277 173.15014762212169 176.99830613755694 174.58810264266702 174.19354315527926 173.90427616476654 172.82952130661073 172.49234916043306 171.75031337164035 175.89753378850634 172.01652767515699 177.86339731871573 175.43692622321089 175.03024745640633 174.64186405269362 178.28967634698597 174.0296131569267 174.03883839645022 166.01197481447701 176.86827535474796 176.09535610516357 175.83109696076986 173.57156477167246 176.72095208370732 176.27813414903858 175.30938266065306 177.17582843186224
 47.294705885831441 63.890519672399861 74.203468533453616 170.47814275342958 54.071076575003524 72.240229922268242 186.87760473128969 105.38113410060085 5.5602102761215733 10.610715535754895 53.335169292313545 75.422385831751711 82.292857734681604 71.708779257018477 73.80635569898709 78.840596917488938 20.967082244281151 7.5219428223113818 57.570209193987374 54.885805824110612 54.042209001652878 44.941982275485984 72.75171443394926 44.768748790843986 42.314588801143742 50.208944017660095 41.875483830871019 65.255531716286626 45.091017195172 45.761074944059715 50.277112046334416 47.054888870557583 39.785070602516619 29.206134957084274 43.723846483010817 44.731144544023167 43.774801166856449 44.710453293571987 43.144899797258333 45.956795464385571 42.483866040134252 40.58535320718709 41.22884275030713 46.752397772002915 44.065389849267902 38.960257764601103 84.357636873471236 84.719059569852263 43.286036373536788 42.867189548150677 43.924026302348409 43.91692490943133 41.804922280676848 42.544823077586045 85.706757899130793 85.341880038889272 41.40557224108651 44.524454790040281 80.474397905888466 86.54472966605546 84.979266851823297 83.066491545386853 86.808766143351363 84.008232461313497 76.015560051701229 74.248363659810963 76.610701399424741 74.029170473819462 77.239275544859822 76.106704707217929 77.21867556727257 123.9838820548979 72.473192154413582 72.988850492916356 73.942022338279386 75.3271539764972 76.036996394660108 74.995368078969406 76.231300387372627 78.097563764464539 72.290266298890842 72.506599276801779 72.029072530365298 74.911924137008967 73.633578436192593 77.151159166957925 76.034349101675318 78.090776691086191 71.475029049150905 72.662793540313274 71.678466412150044 73.03349775555354 74.065929806353623 75.128021889077104 77.076503112973597 78.12727103496097 72.871852009420763 81.045766466554895 71.271268795652503 72.737211595118055 74.824017369232195 79.064259135051444 75.912400932948799 80.152063365717026 58.762994945986804 48.089246006314781 73.611890744118071 73.791243229429639 74.909128263924032 77.00875333658135 77.081546525060801 76.720902062909786 56.664435335249031 76.227563172924562 57.437607464536647 73.378933984878273 73.578201269237425 76.170419273827349 103.63081976180904 78.280919774595048 55.288392312551366 52.550950426275669 56.577255319283182 72.40536124648203 73.730404401653885 75.77445153898887 77.935608612322412 77.209308104428658 49.009197093800374 55.45205654079809 57.699612084823862 53.671702052957947 74.417915545363186 74.787056408272292 76.657345052249084 187.27423577311811 24.264775080215088 23.383577863798067 46.909832029225285 55.425259775487774 56.536547827221511 73.064337164216568 75.53271526450186 136.8060102349142 16.159834945797478 22.473800273317149 38.314861681779874 46.002227363886441 58.542229297802741 55.280873530426298 75.076698070553874 186.05990581730725 31.501155020061276 16.861839106167373 39.159861757577119 24.385944432655734 56.466692677726549 52.923616310792831 32.645052346858535 20.033479555567894 20.241896632047577 10.318969389647378 2.9820462208566894 24.26563327790112 3.7066160623619067 55.627582585764515 4.4401984538573798 3.9511908399835756 25.695939049255593 21.270269864819031 22.608604528787978 2.7335174733492624 18.804372574235924 20.257553773447448 22.636750638138437 2.7183352398564051 26.984088489876733 15.853840238833142 10.812017877865964 1.5909845291213285 0.44078219760586884 9.5686646455784796 0.11987877274400664 9.6203803301533366 76.915450975617674 52.291641398689976 5.388023734722176 2.6949335977229141 1.6792164843621684 5.9208683559331741 4.7036153211683311 0.065396173787539244 6.9174131446918228 9.8713747817277646 28.353819352150982 3.2848394748040399 2.7647226893143539 5.3643565236140054 8.0937126886388295 64.556117703740611 7.2544310269820844 8.2661675259828034 9.4211028163563846 3.7866622416619089 1.3082033281678755 10.457559940709052 38.849969817353234 42.993010936306412 5.2334838719471346 4.1195762219545671 6.7659125379485845 5.759515969570737 3.0927456387785504 7.0601601281583024 40.207711360493462 41.045087709241159 1.2654753599120168 6.0742920145056774 1.7420978881633151 14.812073083821032 4.4324672463057935 20.964063831910465 41.568178531701278 43.544080130985208 12.126977408548242 3.9390167505065889 3.7643044716423999 4.7224774745201596 12.608576303481479 40.593393898537748 40.083589997670892 40.803805093427556 22.872798331194584 6.1833960373359869 2.5297662242564614 41.715564759989704 42.1895936926147 81.037537104629735 33.797288792977007 82.040674197251533 11.16824171814347 30.442796160971003 5.6272690164221268 80.633998567881534 82.153458392184504 70.095246289806624 81.513564577102485 81.446874359701638 12.200518096756328 4.6470518185866805 81.698080717891088 80.945099732137606 79.84556980929483 79.92425853194581 47.528389224768297 186.70242438977493 43.313022482243802 44.162166934818622 97.888166188149015 77.350821862464343 78.805435298700445 82.720807732705296 83.51237005141796 84.517019814205952 78.757169240397729 62.760321736472761 67.056274978880779 80.299472462104916 79.504023454285687 82.69606109564333 78.825137713594231 86.455960992274669 79.368478022104227 77.578115244960941 78.33010223334783 78.349163425345893 77.716094956995462 80.68219138019424 81.657128057887036 83.245609099339092 80.359743409423984 80.219084839339857 78.385088564557577 78.863755749281651 79.214334328905608 79.898285892987644 83.789742912025133 82.696570406302641 78.05909132599983 79.494132248001975 80.624113618474283 81.006451890369576 83.355369104004808 82.445676394139412 85.511750817375983 84.764775063053975 79.17651844469205 80.319102256222735 81.383254303576933 81.677388622286145 84.404627158300855 83.448778825259822 84.72030011940906 85.387196452576006 82.731130389254943 79.886365769923884 81.177945699605161 82.335048475321216 77.536709054702158 84.708238857383947 83.527190420099615 105.41451765153334 82.009326621587661 80.759313328216635 81.945843990550628 82.473834711196758 79.104325245888489 83.035892706671731 83.73642007328796 83.551428221318133


# name: v
# type: matrix
# rows: 2
# columns: 320
 4.0452272840958052 -1.5491047806532685 -2.6171796724560403 -2.3617106020879088 -1.390237565467533 0.59509553776211443 -1.0586509077089001 -2.1848560259870178 -5.0137709239720962 1.8490551271319222 -2.0164493383293385 -1.5275995677272995 -0.74118715823311598 1.9897710633279542 -1.6212772509191529 0.0054553980679680576 -4.2999719098314193 -4.4819068742017949 -1.5039050138144543 -0.71933343104638925 -3.0487768561939443 -1.0007856945067137 -0.17283112794480793 0.3744021864426188 0.30716753254993928 3.2865924376512514 -0.75893793080015115 1.1313036246855084 -0.54531115392856022 1.5238293504010108 0.076597165524798977 0.64855466089297054 2.7438927277719007 0.95492287514684171 0.7530204451586745 -0.27995822127557973 0.8775898165915561 3.7059998809845576 0.84858303489944553 0.018411336684514692 0.39955129180913934 0.80726959310811919 1.72068614702955 3.4598833818731065 2.87370772340355 1.6961192366017308 0.034006114590546532 2.6104645157444275 0.31604374307677446 2.4130545788735196 0.56229828007824556 3.3490769308792037 -0.21578404161060713 2.2906818595911402 1.3516583976881673 0.9915574935736039 1.9937191628723405 2.7951920726202948 0.32278081682464793 0.33896062231229784 -0.36222548815110789 3.8452181220268558 0.52206595731241945 2.5402585848029351 -0.29026257118251281 -1.4264582113365092 0.75892782422418981 -2.5555409142093808 -1.303595682423744 -2.2168177567410607 -0.86285751767172325 4.8083481724781443 -1.4057456145914045 -1.9135053141314022 -0.97372128703184058 -1.4669691492534511 -1.4577250837355338 -1.7069799017171892 0.81116852209427204 -2.1867757867737256 -2.7734633029612126 -2.2373972761742102 -2.5046382118427277 -1.6897343161763547 -0.88554319581838115 -0.36060343967251141 2.1591989831314065 -2.0616147062715937 -0.78740212277042032 -3.33759356647169 -1.2544931138687896 -4.7529697000459379 -1.9665207976788504 1.422613970324577 -2.2527299545554373 -1.3992379998308773 -1.93252926651501 -6.2008401770682422 -1.7023463110869601 -2.3360129728779424 -2.4825095417686103 -2.4121295368263578 -0.40476607833442307 -2.4402931117032978 -0.61135005538362597 -1.058773320295868 -3.3052615224289186 -1.5446664979378482 2.075705231301721 -0.87137572288420884 -1.7973683206541582 -0.72732006494404 0.77702560574241264 -0.34970628029982415 -4.324236909738481 -2.436476765616904 -2.1511782235270642 -0.74259153898942043 -0.98235940944024569 -1.9954932034965338 -2.3343548869522963 -1.7092597089794843 -1.1608118769259343 1.3665029260083617 -1.609342780675372 -1.8431512807275503 -2.0145276716616172 -1.1429232470442954 0.63942593884555221 -3.232338140120087 -2.5681730386565311 0.27432761318229198 -3.0194998444057557 1.9983628303205978 -0.71075110628038174 -3.3063165488201625 -0.77840980410174898 -0.69206341917724812 -1.1915282600645989 -0.26415823193366156 -0.3497001958600402 -1.4184425325551613 -4.2191832527708373 -3.1420302346738094 -0.12082901954820371 0.16687997728714812 -3.3052369035009281 -1.3101503083205264 -0.90782489697268143 -1.2386138699517804 -2.2854203469623124 -4.3389534378001633 10.35078207216706 1.7670819465546246 2.9794398013476497 -3.0084387572525064 -0.95433137962272896 0.10518860833673405 0.28301216482355873 -6.6790683277672116 1.5685201699914213 -0.77342346091562397 -3.9880453224923142 -3.4010012554634046 -3.820339303077835 -3.5143518370453219 -5.1743028128457951 -3.9730136723235541 2.7857429503724989 1.9688509455812586 2.1859220383384854 -3.988959817863829 -8.3828195747217507 -6.2472626821497839 -1.1946868770402617 -1.8367252761328883 -1.4399432639048204 -0.86365086495798538 -2.0628606792712292 -3.3639113655145247 -0.75816249943952441 2.5230340368983528 1.0862742734625994 -2.2070062866156208 0.5599963309348468 2.0712909729583764 2.2591898740218439 -3.198006618346791 1.2819551027067646 -4.094922282192468 -5.9880228195995491 -4.3616250522165716 1.7310915508202653 1.4096056935038199 4.1268127163193284 2.5638019499034006 5.8456831642570295 2.1807212200952497 -0.95998288891242589 -0.3069193709385597 1.510036201577478 -0.85055878314414268 1.7509102933462926 3.4661458616982519 5.5470263859421456 1.1512367507646155 -0.73376965868445931 0.49288202350433485 -1.0024096832070479 -0.084539909163117155 4.3713334795439156 1.9151658441038102 2.5658994854312431 -1.9710974679243998 -0.69283370300638603 0.84408334827666665 3.6202827358459482 -3.1144936477275862 2.8367937467181701 -3.0176215051874671 -3.1240834432386149 2.1156526316384467 1.9923886727987021 5.5517119242149464 -1.4805455437975275 -1.4222438812061535 0.6813920521081035 -2.3414578471267591 9.7918552122602343 1.050234879415511 0.12802134602933637 0.91086791615968954 2.2728166734052841 0.067023819836482826 2.8201733603363621 0.81764188110344849 0.22724952921270331 3.3659044477687741 1.6181343393369052 0.95053479032076116 0.65679478080563081 -3.8653379513087658 -1.1771782710925227 0.75234300645205132 3.4556928148318322 0.79445250808365253 1.8171276173229181 2.3647606714665517 0.34063355118686911 -3.2934229599117022 0.11382517665879074 2.1705431617109689 2.211275530126239 3.5283032177936384 0.52436347692675855 -1.1396072695747648 1.9714402342295914 1.4265855752765393 -2.100086601167332 1.4982491709974761 3.6035747586589735 1.6750832687327588 1.3183001716544274 0.44814554854944921 -1.4537935127115311 0.88167391345715806 0.51532177851477956 2.7046502516895949 1.1436738839073415 1.5876716897363163 2.3719885740651456 2.8429995729905988 -1.0245937680565642 1.160284462048307 3.0900760287115192 1.6648550015607309 1.1158503485606677 0.60460291314175918 1.2546491203040802 1.7813136447415616 -1.6358450642465574 1.9929021832135141 0.27836822437964542 1.264274720352434 -0.28637979961065385 0.91563275594377802 1.0838915950268619 1.7948771055543018 1.3113938487378991 2.9246440057342675 3.5261890475323958 -0.98606058876438096 0.48536280447992386 -0.10531243992856647 4.6679242391305582 0.95149326048497984 0.78457623681997846 2.8881589375289969 1.0686107168731789 1.3873739321651031 1.8805200708735481 1.6049339987602034 0.78997974205927657 2.1810687577697778 2.8776257670655814 2.7497707819362924 0.39143016296529876 1.4821654270618168 1.632069583399032 4.5688694657366469 1.2558083997850793 1.0795806053282941 0.2445807603976895 3.3864541342957186 2.9605133112075279 1.051854214037673 2.2511091068232312 0.9500714928332068 0.97463636523390151 2.8969974403114818
 5.6746610425660311 -1.117490105380994 0.56969703267308902 3.1959294126884794 -1.4191077450340543 -1.4387883461955193 3.0802509105570062 0.29108599795669898 0.48580045858456194 1.1870182346324047 -1.4230869524288834 -1.0526911944135353 -0.81039780598378297 -1.0261384406008729 -0.67474354436965289 -0.11200043242230964 3.4404371676007406 1.0634697339613519 -3.3727024613799155 -2.660585488542961 -1.5863921839845816 -3.3616872825374666 -0.8569286590290297 -2.5485192643529175 -1.5304645981266647 -1.6842615605321667 -2.4110582020630398 -1.3688265063269536 -2.1155424654465862 -2.1224123733709375 -1.8863316855641648 -2.4127383413679371 -2.0700669578898183 -1.3575735504779309 -2.8797347204781452 -3.4423707043266392 -1.36165601228902 -1.528441512964074 -2.4532235141615524 -1.345455075724276 -2.9614837626895079 -0.4090615499363125 -2.6208836202149866 -3.2326401134477214 -0.15840640832640318 -3.0630822844400307 -3.0587815749613725 -2.7184375453717511 -3.2576956849495082 -2.636115993169089 -1.511915700213561 -2.7646149894973711 -0.94810795940443648 -3.7762804899951221 -2.1350603338611336 1.3231423432567184 -2.0231046537376254 -2.9485163453822358 -2.6966799054265045 1.3280863318838729 -1.3432525209060964 0.11934572062564255 -1.2337348228010001 1.0547808134825472 1.2461031979147821 -1.9245960162875873 -0.86608283084115711 -0.70265671128496998 -1.5395808486848874 -1.1208517212645603 0.97924618274958508 1.2975106343904557 -1.1479729021299263 -1.5120617497316227 -2.1425145155619152 -0.7977059641998171 -1.8405295983846937 -0.1718130708854021 -2.6245296827523981 0.57508958578195546 -1.5618825970617871 -0.039080727540924134 -1.8921320449190375 -1.3796137943268048 -1.3752781698763776 -1.9186599147165349 -2.5662141875402811 -0.30296493428839766 -3.4584787226961331 -2.5601266532236027 1.4759570549621144 -0.40746453509973291 1.8591091589316233 -1.8923638418119666 -0.93116923547636377 -1.8770771633444938 -2.9336704920897074 4.8970965420429486 1.2851196300740555 -1.7723597873148202 -0.34949337396526681 -0.68818593693917607 0.44356970829437747 -1.0410597248489306 -1.5649112118206505 -1.7196993675116374 -0.6633204612958763 0.11449997363943831 -0.70845808317277159 0.24492469065732705 -2.552467816424898 0.057555133332499744 -0.84420328649491361 -1.1923067348722924 -0.83398013648928437 1.3072126320154585 -2.3560123983209054 0.1749630134880939 1.4511542305423721 -2.216735089911241 -0.77359715309654775 -0.83257313240878861 -0.91635647149649058 0.0047170850422187521 0.17715533044354467 -2.6519499283834373 -1.0406126728539162 -0.40444387187823061 -1.4985947257817349 -0.40011110052279836 -1.2507561210997242 -1.7038040176020446 -1.1545235253579178 -0.7192894481121157 0.12092706500926198 4.0049452791665336 -4.6844730615288297 -2.5759342249003976 -1.7130005705192763 -1.2143987563600565 -4.2397669789216774 1.4593819622255773 0.38823173056239579 1.5120815234880927 3.2944486976221454 2.7729988625571593 -1.9440862629784657 -1.9283960582557615 -2.0442547338806993 -2.0091204400556726 -0.59219736284173552 5.4256313051496896 4.0790060925250726 6.0696738027171175 5.6950017758415452 -1.1501602460212155 0.26973350961362513 0.96320660063225416 3.9756514192921975 3.168672036962997 -2.5487240248739504 2.4425752916374961 -2.2595877267458992 3.5326491309018131 0.54997179831488618 -1.5479701112193833 1.7433070546659155 -1.2576384170307786 4.3868693057061057 1.8143008728986603 2.7127760171485784 -0.57774800252247749 2.602084275535931 1.5110073440892622 2.9453708658843212 0.2556353412869779 3.706560588206993 2.182676113160066 0.45209373950366916 1.3326675376929207 -1.8249665120869287 0.64748645139230976 0.093875694251633293 3.9997167321991984 0.16374669928492003 6.0062512266845944 2.474001365414964 2.3556743143107641 1.3982406911660759 0.61778637432298567 -0.79652541922925368 -1.7210084437620004 0.61371185038578058 2.5207145001160329 8.9777298278450584 -1.0112068457842001 2.2896214473990351 0.47722264967317085 1.4719775951981293 4.1833626856438144 0.65958240030047988 1.4765820321902567 2.3371828216299964 -0.052151262037117591 1.2936522665315413 2.9798174305765648 -2.5151182329997197 -2.5964711544087922 1.9909889184417842 -1.3879299307479767 2.2979929531481709 2.704762130111984 0.7733899052330383 -2.2165443453703579 -3.9727830254962866 -0.77395392532805607 -0.29082555005066268 2.3777758238428737 2.9554199369807113 3.6183647637632173 0.63854831212252761 5.1029179208455062 -3.8474287283284339 -1.5617936519595035 -2.4251076161160574 0.6526439955230825 1.5214885586328499 -0.90277325007138287 1.9077300108608601 -2.2737550910880091 -1.9993118029097334 -1.9789817779327596 4.9553758204151475 1.6218452138715174 -2.3847163163461569 -2.4070525312977189 -1.4584544772294623 -2.008292894607747 -4.0377167529329059 -1.9614029130546686 -2.796253997222871 3.6190648965486725 3.7915911484466496 0.38978539540241641 -2.4580747811811485 -0.81940030315974965 0.63654992373743047 1.6488447186752166 -3.9844412129384588 3.7157280715745733 1.4320924510748603 1.968540578575434 1.3655761964097184 -0.23389476811233653 -2.5403405021252916 4.0361142509800016 -0.98749004044135569 -2.6802058685000878 0.86357808203941411 -1.0653608429518719 -0.38221307615360672 -2.588282197314888 -1.687005058067377 0.78573269596826001 0.38674858006655499 -1.072369632113483 -1.9795123299974435 -0.11621320399021923 -0.8147140375483265 0.82250353625322459 -0.90762191536504688 -1.0447582919559126 0.39952619192194738 -0.22063188455206661 0.36468568035370219 0.97792542767228208 -0.18300911625304872 -0.27091894112894449 -4.5823603844347636 -1.6013460627696539 -3.3396713084480969 0.19092286836246083 -0.83333210134953473 0.34260480774993102 -1.1778721104387002 0.70536731271326736 -0.3900144740401294 0.35737739963353821 0.26892852245612131 -1.1381603893055683 -1.0843161632606195 0.72702302081566772 -1.8980774014209614 -0.0067486942691845075 -0.61086398315265567 0.13159889232822572 -0.36728172234060724 2.1808744333893055 -0.052234943246011439 0.2284405256649559 -2.24028319979737 -0.37245497733473626 0.51683851713264917 1.3847179335568733 -2.9106010816748502 -2.8401866188269906 -1.2413109522169452 -1.6073958213688988 -0.053188795852026349 -1.2305768032411164 -0.31696062098220396 0.86129832952167451 -0.052364384248688195 0.72580007165704163 1.2527761594734539 -0.52643897457696287 -0.63189390071610629 -0.6744867742400622 0.87114377999687365 -0.1966724287948311




