# Created by Octave 5.2.0, Fri Apr 02 16:02:44 2021 CEST <br1@br1>
# name: ptcls
# type: scalar struct
# ndims: 2
 1 1
# length: 2
# name: x
# type: matrix
# rows: 2
# columns: 320
 121.62189368334967 116.44842622575803 114.714857038516 115.57681967675445 118.35257873417488 120.14630058357891 115.59878508586934 118.3749118614065 122.06970121830261 119.62217335282941 119.89828569402364 117.32106170523001 119.72037460795568 121.14428248386972 120.74018798793321 121.98981591703375 123.75296275787734 122.70584512842542 120.49673352421998 118.62646265333615 119.60348068590453 125.08556685264087 122.23828976555879 125.77378477465258 125.22302709838515 123.579051761684 124.89963890870519 123.3801665314105 124.80998356513894 127.82602723517827 126.21772063373989 127.02739558516761 125.75170381949735 124.69896865770751 126.25653724956418 124.90424108815964 125.61423053211878 128.65013000902266 128.10195119589912 128.40118329275194 127.11563464635634 126.67447279816281 127.66802958307893 127.27498222427477 126.90423659497883 128.80079295989066 130.03974322931396 131.04691132950245 130.1969831381839 128.66190908622085 128.58743337906012 128.08119653080709 130.77274871899905 129.15300042730925 131.14622239544701 133.13062296055554 131.31038311546439 131.66926959266723 133.85990160360208 132.44563763290353 131.86644992107517 132.81909924675708 132.20842133000764 133.88382253607071 107.93970079972443 107.47170409113296 107.37176791894096 105.81366171427524 106.08448123507719 105.46988437853356 105.76232198023096 103.43274340801412 108.60582579068721 108.42510927845385 108.15781200955095 107.06733274356252 107.38984564679706 106.59374687870326 107.0443321579569 106.48192597905626 109.30260451828217 109.59055048372677 109.19146702108799 108.1516841930811 108.53067517988585 107.74254053879496 108.09530111155523 107.51625540565362 110.30745829225074 110.37870094813528 110.23748327484761 109.09505106917132 109.54495681021665 108.87313373017784 109.47640037653971 108.76661115403353 111.62478666004883 112.65213740634212 111.43972982521728 110.18492558806696 110.69554816727359 110.11625774008338 110.52101074741294 109.93414310171204 112.81756295667408 112.68473693394576 113.10473958836361 111.29195723099325 112.05500357995966 111.16300408672333 111.58779760434807 110.99758081024197 113.91750595970477 113.72285845572705 114.31930086579189 113.04489416762689 113.32668744405215 112.36112398635245 112.82913362013566 111.98065608058926 115.34519420691883 114.84696260213505 115.3782343231112 113.9564584897213 114.26131163236559 113.65690038716791 114.04183645802276 112.98893119614561 114.72774939387197 115.91585834963898 116.43870351505014 115.0680592431613 115.36934997821136 114.47802659862224 114.67282241917781 114.68519150797101 114.40585635740993 115.10143158217544 115.77879222634185 116.71210908600811 117.79287321644522 115.61924401176032 115.35770073607075 115.515208380827 116.38692471671918 115.40196306606201 116.21429987375735 116.63762882906369 117.49106876947653 116.38689337535877 115.83747513861783 113.79273446044445 117.57583286757175 117.09869934133073 118.12990246161341 117.01812397398642 116.57213876059305 118.53394104353914 119.7289886881404 120.51981095508813 118.63909376219348 118.57749108956644 119.43719449967266 119.01392640911385 120.19746290940536 118.32395338214964 119.94899636254458 121.08739691634767 119.39225064576638 119.57732876761466 120.60798817891967 120.3044064382597 121.25280351778059 121.04287047514067 121.97646659922022 121.22954091591868 122.53680508418688 120.57893635489236 121.55483751280782 121.37429757357769 123.56600716355332 122.1125629067064 123.76453606822706 122.37913434808561 123.30395191829315 124.47744804484434 125.42482875628814 122.44996669843329 125.6118260815944 123.4781120387774 124.92228565906333 124.20925256224518 126.49252240368763 126.5536612992582 126.67270187670891 125.17125036974612 127.52995737689696 126.01666976573703 126.67106849594683 126.2205327140683 128.33286230105674 127.38146833817632 127.57280939767895 126.40400494152651 128.27939644122199 126.95586691900596 127.31862229308835 127.41025798918569 129.54996821481302 128.20848350568721 128.57422423736818 129.45444864855139 128.73535377812814 129.02371047602344 128.50394517246298 128.81495914762141 130.68869926239799 129.6278140305771 130.66004395900259 130.80160615562264 129.97152853394329 130.45790595155532 129.36619422089973 129.55679544992401 129.74554359370282 130.67699946681515 131.93884707353166 131.50292117013726 131.55922919534973 131.25367888433965 132.09011450416048 131.11855692675428 131.69879598222678 132.61285441937542 131.99480476689865 132.18744522111461 132.43919291338077 134.07865925633735 132.38838231460002 134.79397141749149 133.40912674419005 134.36362837201719 132.92190249106062 133.38470786320244 134.39045956717086 133.57217117094174 135.13533123950123 134.40009301003957 133.61099709356097 133.96014548341472 134.06729923541107 135.35744114304123 135.46273610948631 134.83064785771052 134.26595663795334 135.50992286593089 136.39720725020604 135.24151625816734 135.11154685913121 136.31665510183328 136.52901906817769 135.6185658432548 136.22429040803701 135.86142247411019 137.16352316412159 137.02135647920977 136.64972711076618 136.41036911677247 137.55949084579564 136.06781124505736 136.80045834689099 138.51505157889272 137.99942364368343 137.54188095600483 137.19880560960786 137.39873201365666 138.74907477178769 137.93556665870693 138.70089453629456 137.7120015455483 139.17991560151125 138.81420223761498 138.43121402900695 139.36576931710346 139.91544752590241 139.31148380239389 139.88425065732019 139.14303228621139 139.91491457640353 139.56710474297239 139.95561867609956 140.451976642608 141.18163053927233 140.55668482230803 141.04628297983876 140.12586585508916 140.98117986242605 140.65741062270703 141.07245594660114 141.58787373930136 142.21504629907037 141.63153255600179 142.22386158347044 141.13026153916988 141.98371389125319 141.87457773969206 142.26117579727298 142.72347965041106 143.30427411448201 142.7829985928883 143.41692508535294 142.32568880416255 143.0049932588372 143.00339339230638 143.38417560526122 143.87090537627202 144.37522181636342 143.85704077185272 144.48463660939231 143.44153460399386
 89.497552522500158 94.6604233807344 95.003026013549331 100.91510181111083 94.585609766060017 97.977612336893657 97.926047091996523 99.033404676843574 87.848952063728845 91.603530453530425 93.357907964438738 93.955876158258505 96.842178568937882 97.658330424382555 98.901359238680229 99.177612549276859 88.65002741940809 88.741006007427444 92.080658395804392 92.24582807366329 94.774258004343125 97.258557912932787 97.989195673030778 98.091751570442881 90.527851684760222 91.744186677278947 92.680417141806629 94.318059554960797 96.2315281773447 95.948838675577434 96.877701561579315 97.714032368429869 91.569856370357584 91.474459782713708 94.411132764182497 94.5266723667322 95.46390435297134 96.74228723364304 97.65070146757111 98.813859909510057 91.14330023141801 92.282576256973428 92.560400131974674 93.81490274481375 95.329555314107282 95.435378537183155 97.423551800734884 98.435112407486869 92.94631218154106 92.032911494551001 93.220685869378855 94.504858727199235 93.981457956120963 94.294354740618502 97.396438216726182 98.053357510638804 92.154411356867968 93.427280800056977 94.283504611946086 94.936102728801345 95.896711059807501 96.380423230109301 97.314173254478646 97.293571475701427 86.451047038072176 87.685794312674957 88.752341498379266 90.321721381935092 91.498039935720556 92.36581814699592 93.404459553997697 95.827901288631338 87.37648445086846 88.438095778520932 89.569729573091095 90.591069457353541 91.627707377084946 92.450882442379836 93.519489191744398 94.477568799596938 86.391495433913761 87.8933719780307 89.152456306352803 90.731964963238894 91.772020498878447 92.684714308275716 93.632206574809032 94.720662901724623 87.099744564033273 88.59714791015854 89.64617043125709 90.238934027165641 91.559555044962721 92.845025894981873 93.715719102441781 94.492567935253305 86.825213335478793 87.48066228060253 89.341792336757734 90.661415189260282 91.634268071771331 92.571420380935038 93.742120481937846 94.670546946839735 84.184043509080965 86.438555316531932 88.464136809603502 90.649205106466439 91.592657751612194 92.587757156470431 93.744775263307048 95.208158280112073 85.189922242964826 86.753385316782342 87.824963968701439 90.254189057838701 92.330905968506769 92.881239443015758 93.958815866551333 94.731253131511139 85.477549200739574 86.43288762512671 88.092384538857502 89.218826947170129 90.343809237831366 93.335675890769167 94.295354683333713 95.115551283593092 84.409544493454874 86.994918357549892 88.016574262952645 89.151776780225134 90.576997321982716 91.766433952961776 92.792272213867918 97.423071586291556 82.223890215320523 83.091171100054041 84.258405774630347 89.208449331766559 89.604469812286979 91.705547562759705 93.908602927170193 99.076183181644581 81.295290870194037 82.023337369138972 82.881213121249644 86.099339203886416 88.406562255691156 90.735757019434871 92.808148209559377 98.506649666714353 80.630238324911502 82.228401813508171 82.160248453125959 83.886150656948075 85.096584270491036 88.623155004824454 90.297244453475727 89.241460109194207 80.016807235033284 81.093757570690087 81.768535809754027 82.810229438978055 83.689825097427828 87.538744911417183 86.913004698164016 88.162352348823077 79.252379293855384 80.655170743205019 81.279832009870645 82.47709474482545 83.37736116395935 84.560848186754711 85.289124918987753 86.950145399342787 77.122474844842898 80.075545046524823 80.866971758627088 82.194447134111456 82.453572333837371 84.183138117394151 86.554846624571525 86.486777915278338 77.880731099454763 78.779561234850917 79.775193378004147 82.131433423341647 84.309091413541921 85.379755634877895 86.044219047000908 87.676508633377878 79.174349825638402 80.604954571947275 81.820525762017866 83.325229246887019 83.530476512403098 85.512569963561674 86.532032791128543 89.999986094889266 80.610885004551179 79.87420297673323 82.436400179859888 83.267066246141411 84.37714886042275 84.492467761256265 88.721222049934383 90.118700933997673 80.306089240281224 81.676566698293641 83.290640519429573 83.869593466077376 85.338921498210141 86.811527971834792 89.683276553483779 90.821176660830389 80.828765747437672 82.778412269918178 83.586820806866726 85.375753008414179 86.396674670430443 87.37931188600605 88.72375182445073 89.957741836638519 81.656613072229149 82.513451162728614 83.675791253961478 86.211821471393463 87.481060167820402 90.020967456934201 90.767456257113452 91.128403734815777 82.142729840121021 82.730810858987567 84.931959566827473 88.559008217977222 89.67330540649445 91.068334938092363 92.085083319781006 95.718374348030736 83.519924237077674 85.362599467136107 85.930748753289322 88.952019910495792 90.060020686237067 92.060742509286769 94.509777562514699 98.366899443963263 84.58984926892289 86.364765009377095 88.071624894892565 88.939018377097213 90.295731898217596 92.23586960444598 93.080989096670251 99.023027439312202 83.905009833592416 84.420550046654441 87.953416190594069 88.172184127034797 90.80614980919519 93.088000387652272 94.425760109931147 95.546874976848741 84.949174737671498 86.048684626663515 87.143540598309698 89.51680253223428 91.446811316058088 91.785763445485628 92.682986720341162 95.381374401202066 86.711172877102356 87.864924721865776 88.883925641255942 89.995508252450833 91.592641909213569 92.513994602997172 93.389140888731418 94.077508139563008 86.477804503122073 87.519301702764452 88.545824196742942 90.756450318817741 91.640587148265993 92.526199903972397 93.614047515072727 94.323503249592036 87.359766999113191 88.395835078996015 89.403341445623113 90.648455093734171 91.600588881832181 92.515593217179827 94.033308584852094 94.715119108006988 87.416123098011425 88.46235114851568 89.405786560732594 90.651049891076212 91.944321188576041 92.94067124288469 94.037485413825024 95.068807327133001 86.946776026537819 88.089311419696543 89.391797179838733 90.993828753427053 91.992332483512783 93.053739881512513 94.06164476930941 95.117063298786746 86.411490013488731 87.56287036218626 89.981549633841155 90.960518454712258 91.910918654028592 92.987938944593921 94.204096098284495 95.298721321561942


# name: v
# type: matrix
# rows: 2
# columns: 320
 1.364973111103194 -1.9544417494700963 -2.6139624078068819 -2.3647656359977289 0.85351669321638157 -3.5476931996605936 -1.0155981885310992 -2.4379160153296913 -0.47569336645156235 -1.0518985702397126 -1.2886811544809311 -0.29203029724129975 -0.71332230368166483 -1.2116659423812868 -1.487854751115026 1.9742317964341731 0.31781187301804104 0.63494945632059896 -1.8634275977411965 -1.6327246786469314 -3.227856691440993 1.4766554004580377 -0.31335773136214107 3.3623551847804021 2.2040330879575252 -2.5604056724388311 1.7538634444258208 1.1307247567153367 0.91914769793651208 0.73722125329609411 -0.27146618221222663 1.5650482562414854 1.7254980658844419 0.71412382090447668 1.0130913777722399 1.2015993161270624 0.36645411745583756 1.9215402420938608 3.4682912137968054 3.5141148074283328 1.857218760493256 -2.5727778061846767 -0.33991865876491173 1.5309278757110509 1.5046445074302883 1.9861793037819711 3.1743840930550324 0.7750857939031891 0.21274417604625001 -0.50902872027310964 0.78106047613291119 -0.056483916000323396 1.1557075699284691 1.7872928176387053 0.32153234572153477 4.1630342828840856 0.29306062519748249 0.84376750348564156 1.9547142864009157 0.48479441930300426 1.4703150066315043 4.0672587167316196 2.7224378810342813 2.774420523819809 1.4983022882465016 -1.3200723064641 -0.11406361567249546 0.10615303426704155 -0.25811684594780215 -1.226640425371831 -1.557385398104534 -4.8083481724781443 -0.4393097722431033 -2.9036037472800031 -1.8875962438742124 -2.5891663997282284 -2.5205712737150558 -1.7829643254531395 -3.5199076741683069 -1.1690894837094601 -1.7361061500110984 -2.4008788536663195 -3.6816800269231855 -1.9657979035004016 -0.83575233127981252 -2.9587557064433025 -4.4994562226101102 -2.1822174948233513 0.88004212297820628 -0.51779035598421719 -2.1601764551623583 -0.65160599094622396 0.041087291816667926 -2.1189721161372361 -0.63491150922813566 -1.304034117822495 -2.1107584697300359 -1.7394187694656553 -0.36960835444774376 -1.0575256047610895 -1.3159886125030704 -4.1005723791623909 -1.484957737145232 -3.5810193763443228 1.2112138861693496 -1.0575781717365258 -0.64166610577776551 -0.26576812391327764 -3.5913509659747866 -1.2428870156754299 -2.1539851405928436 0.4168152705765773 -1.5959587745882726 -0.34416994963303577 -1.0472529933812642 -0.28613873335302742 -0.80567352247159174 -0.18660456776407774 -1.4258605316218151 -0.74879817949966487 0.8349504212649691 0.32526531159611682 -0.38313074318498636 -0.8607280930372242 -0.32530194854135691 -4.141515625674633 -5.8614923869978375 -1.1754911241968937 0.32240110405112854 0.6515732097807222 -0.66236355765389932 -0.080716203966834266 -3.9310838418888596 -2.4312887853297092 -1.9368956301986662 -4.0982236486459582 -1.2935276025985889 -2.1016351642293891 -2.8880013130205766 -0.76661902172965735 -0.22626073251660592 -0.73401498839980417 -2.6796849947414048 -1.7706393728566234 -0.69815432877842321 -2.4877930976444564 -2.2892519365944271 -2.4792838681169593 -1.4897728192592239 -3.9820807294426834 -1.5235497430007447 -4.9585448552401949 -3.4505925329698592 -4.154537396944936 -1.0209590200466532 -2.4638499362155151 -0.075939873357237855 -0.20021094159424258 1.4937540353521201 -0.24400255853916547 -2.0126051325971126 -1.9850616427870786 -1.3147321670017409 -1.0065851105327539 -1.5901887479377901 -0.66847678146244993 0.13383624276988232 0.62925236953067021 -1.4964481010148643 -1.6007136033268974 -0.19188385167311098 0.30657775588077835 -0.8162346368369352 1.6398274027542974 0.51066185782170337 0.014832330498533192 0.6261328297215174 -4.6603167473000475 -2.8569917003999366 -0.70221829706655958 -0.28717228576497378 -1.345049773916758 0.138930616257258 0.81169318224789122 -2.3564790148904584 0.58694565063152904 1.2324063901583702 -1.6763867103840446 2.6258949194850763 -1.0874017192849728 -1.7940222352415238 -0.085890629363499227 1.3880286101827297 1.4034592913966342 0.80273483627630338 0.45071784342590548 1.5711944584356541 0.32646119459755391 0.8965757345255071 -0.93524734409923849 -1.0531150895349084 1.4642105268779499 1.7527799967995192 1.3263322230413328 1.3859447077980016 -1.8981314983255155 0.50271798272924195 1.4740656489293054 -0.2112287963545757 0.048809700204519774 1.394371150744945 -1.1638198443897947 -0.35605165794386096 1.4135386686591274 -1.195394472832644 1.8336807038185317 -1.215010538828071 0.083303287337187545 2.4833436030531648 0.079880359538837598 -1.2013601205155782 1.8414386621097252 -1.0192800544139908 1.5989654637312709 -0.12111789179392875 -0.4365517838075551 1.0358054948034765 1.1973448441745245 2.3237455781308021 0.30824430735402158 1.4927566998211486 0.60377641534937387 1.7813046421831784 1.6450220317120832 0.13211214301188504 -1.4950584489849255 -0.56204421783602887 2.5345061092775527 0.13682580418804527 6.1786181713618582 -0.46759463883223013 -0.30968632602146573 -1.0807432421822885 1.2439752155111705 2.2690765673177222 2.2099718195217668 1.4315340274424855 0.72250277386208328 -0.9524307289226055 -0.63710777876179348 0.25751062882330295 2.8194356954508502 0.97892435172530812 1.166370202580483 2.4402625547249439 -0.27535582323579599 2.2699102037157197 1.717762288475968 0.46545659880697415 1.8951778661565146 3.9453324375772172 0.71579123232719488 4.7530185868150836 3.2484167743846926 1.1280380472169402 2.0831847412717361 0.27785954687932396 -0.6842554086569157 0.52504561249151638 1.4728070808961953 1.6290138924552429 2.410796860553567 1.0676053077761467 -1.7060970956391945 2.5561882544456176 -0.80880419068948006 0.59033616042150427 0.96388542020986634 0.35612401371077818 2.9797370652388149 1.9984699088172178 1.4235966350413407 1.8917517703535311 1.7861157591461454 3.1532902411787269 3.7140690458226544 1.9156082858091055 3.3486787444929464 1.9716625792503644 0.32284131178360975 0.033666297851023111 2.738762995552765 0.75571511187220797 1.3457117492504687 0.34078477100296034 0.65464330659524916 1.367452986457697 1.7234778867701261 1.2390083274540262 2.00125197846701 1.2135736932159746 0.81434598345801956 0.81482169106353963 2.1273792607638455 0.35716931784789796 1.2568274810366584 1.4481919043472797 1.6735909784897458 1.7441172264199605 1.4780008036290904 0.13181321505019977 2.3910874529392827 0.82399375385413309 1.7309025935372475 1.5643266195024501 2.0338376368376667 3.2513533033952648 1.2115406361547643 -2.2227666949737892 0.35070564564117251
 -5.0836299047804108 0.54262678945256781 -0.36028324578821114 3.7818626402616844 -1.9450123432301094 -0.32175401467404691 3.8091192484658007 0.45784381006239433 -6.986810219695645 -4.5662065085900254 -1.5602667062405 -0.38916447001752824 -1.1111864002750611 -0.52353649288846926 -1.0135746215942247 -2.6294521980784729 -5.1564896230491142 -4.1696884233765461 -2.3835105849599305 -4.034339719747722 -1.7868127215659289 -3.0122687305489366 -0.019196020649884262 -2.7546633289921463 -3.7032369475213893 -1.3452120363798517 -2.8122058234127776 -1.6838897688363117 0.19931848679583664 -5.3097888998731868 -2.7268422679662661 -2.1190291323022805 -2.4913449210866561 -3.142201695342167 -1.6966035538827364 -1.436044848620819 -3.5507134609450794 -0.97915510417216967 -2.1994434830382534 -0.85145336030971497 -2.7847239711285559 -1.0301369871703989 -4.5739841317307839 -2.8615457157280506 -1.3682104666166641 -2.7307879879787538 0.74245786751880882 1.786139552696943 -4.3737763010412278 -3.1201064078682728 -2.1972527255980903 -2.3749178384565637 -1.4715220506522864 -0.75671291920916917 -0.48528210523094828 0.0010908153506450878 -2.374644608874632 -1.8161742693324541 -1.3816119377248661 -0.16502992955132778 0.77999200896890286 -2.2182775235137679 0.64716993014437696 -1.0644226301073552 0.59314861741399372 -0.21737898455881693 -0.15588815416673524 0.89961219847113338 -0.059649898219357192 -0.78065397893486788 0.37836669306192716 1.2975106343904557 -1.6932341488746292 -1.4267254526894164 2.0488589738066803 0.32577737032301474 -4.7653721281557653 -1.8557001111309781 0.22878947547422629 -1.4355330004608671 0.98863528110551235 0.91116362626660319 0.82668691551242268 -0.060980600058227974 -2.1111404598660517 0.35222606653482047 -1.8837313802083522 0.61985829638530854 0.0013126015151279022 0.26474979493851869 0.0019308866647884115 0.9826545811876618 -0.47443938742151426 -2.3819155698812753 -0.82317518557129343 -0.4626603329149066 1.5354052399572078 -2.5362349061055522 0.76076639585481753 0.25566480278246051 0.076512700256406357 0.91358553594765057 2.3773237330113006 -1.4827049906469927 -2.1178459586974649 -2.7151700043454712 -0.70892305357445762 0.40437728771409265 0.037826633496423984 -0.53871780086482812 -1.0506015990725843 1.260652218605991 -0.86241404426159096 -0.52514923111159229 -0.33418492764630475 -1.3401333730297726 -1.9841366001697391 0.84205355100483037 2.3526834698289325 -0.062882963529652031 -4.4936795635492004 -4.3655236913462545 -3.5476891273215454 -0.45459122326716855 -1.9527548843207512 0.74293686589995345 -2.5542050067873006 -0.24311047357356599 -2.3943715065874978 -1.4487069248552651 -3.3656761539703757 -1.7678766793075857 -1.1058906958920813 -1.2202994024116822 -1.8427832302620819 4.0943184741757372 -3.52025400036367 -2.353106968331975 -7.8844673392211186 0.50655367384784877 -1.0032338304616999 -2.3126897693913806 -1.0667130679828387 1.912630335474462 -3.8117247471109637 -3.8892066005771362 -4.2545080792397716 -3.1248821801771176 -1.8130498251766416 -2.2144031233662766 -0.061524903398052527 3.6257880104234115 -6.7479662202991966 -2.9980457319863145 -6.0609620024102746 -2.6394211997088135 -0.95876101068105823 -2.6025844858048455 -3.0301491661934321 -4.3234108571356931 -5.7167324844978147 -6.1510475302594179 -6.4870324485627737 -7.2703483707809635 -5.7790651591293303 -2.1298596604559044 -5.0421605557601525 -6.0614304028392336 -4.6256159249619779 -7.2160141806592337 -4.802910404751227 -3.9656006803239365 -6.5098255713805031 -5.4303488781123503 -6.8828393642954762 -6.9857611700450706 -7.5515190252386741 -4.4859596813782572 -6.8694125860547848 -7.2062403953822587 -7.0287899804634302 -6.9051910142063901 -4.9268683968542417 -7.4513399144506414 -7.6060449046702647 -7.6249022145665579 -7.1955829677687833 -6.1705743610247108 -4.4493597784753627 -4.1307799024259317 -4.593899927345757 -5.2379151322157265 -7.7475298928268233 -5.7251592097790898 -5.9242183728703743 -6.6091569598629301 -5.9605929546505712 -7.3237773757616411 -5.5893188545841035 -5.0311680833718562 -3.7396022132817364 -4.2982833833571625 -4.8682189229914634 -3.2607537794678643 -5.4235795877636841 -6.5065021178629605 -1.2927795851963282 -3.0014669155673279 -2.8951716928286459 -7.1662485779330849 -3.6759218398028022 -5.8287160821237549 -3.3600333345517472 -5.5737424265831512 -2.055175234229393 -2.5608366527839448 -2.6802387034821984 -5.5277266507340865 -3.8793285283351837 -5.0520601529914373 -3.8611137606718691 -4.2489058262934973 -4.0405459300629163 -3.5108708343591082 -5.6188676996971827 -3.8685474103913342 -4.8896399587537482 -3.6244388194204111 -5.1328462222638773 -0.81602180531964774 -1.100616039039259 -2.4396250995898057 -2.9242112151661455 -1.2103413628183353 -3.4985465764184651 -2.8002295578970875 0.53058033426742901 -3.099420423517163 -3.6339069299379685 -1.2245777184423028 -1.2860839890121654 -1.3494554134721171 -4.2404393983549014 -2.1267157169736519 -1.3272253660618258 -0.96847570083650658 -2.8599633438640861 -0.30924386528436631 -0.67821924040199766 -3.2840130704109662 -0.89047002599781777 0.18506181191809712 0.31188030073387257 -1.310335898626958 0.44506915123526003 4.9933178733214376 -1.147614535041237 -4.6029407198757886 -2.7128677904753689 -2.2669673099735843 -2.3101297565639238 -0.86747564109199005 0.23312189552796422 1.6381622163153222 -0.17794953456033294 -3.4188447567878155 -1.8472622448470732 -1.4853974751515024 0.23314559060171455 -1.7692915776538156 -1.8108463799066994 2.7640590677408952 0.39074336305200646 -0.57072838792219471 -1.4364513242217039 -0.45122694890580695 -0.66257339122127057 -1.2622369855374609 -2.223956530546126 -0.74574477713715193 1.6020388189483916 0.16999616075683191 0.64728212286278874 -2.1636901040761645 0.1934721387556734 0.70463810412643813 0.48593696512004192 -2.3183466493958749 -4.1588300270772303 1.1682755597401147 -0.86554924948621736 -0.67506281814764135 2.2373216390662241 -0.87143913215342483 1.187912380430777 -0.54785444673052519 2.5075115289612264 0.35881156782819601 -1.1236011286019527 0.19625207934594058 -0.42715979983519514 0.61699614789954083 -0.60240845248436958 0.39998406718700147 0.1025157135909545 0.26904282357707049 -0.58022345978842438 0.22537782796900663 0.35276085809186136 0.29424138198474831 -0.067539235021794333 -1.687274696094458 -0.23824173766138296 0.20191793325320415 0.666130454353281 -0.039333554873361008 0.65267154651220893 0.090391613348228303 -0.43667265595372123 0.99343156253508125




