# Created by Octave 5.2.0, Fri Apr 02 16:04:33 2021 CEST <br1@br1>
# name: ptcls
# type: scalar struct
# ndims: 2
 1 1
# length: 2
# name: x
# type: matrix
# rows: 2
# columns: 320
 128.60501631533577 104.26543982089689 102.4682965015526 94.432691736156599 106.13962516714885 113.51068872042983 88.426967118209703 98.776391698745442 112.73820329203608 114.32433041348476 106.33992547915837 103.71442562234238 112.5390150029788 111.86986268776144 112.22834433559557 112.78749032128792 113.06824638933388 113.85781755987416 106.87625882116043 106.58095841387755 107.19491586022131 137.79982700123517 113.28929491289996 138.45535900392557 137.12112749440789 124.88143405197673 137.20819443188509 134.20900023843575 140.48143269193213 141.64322463446115 136.781255163498 139.51653046153029 133.42475108874982 121.48916619387697 136.39951717488054 135.83246876810207 136.85022656366155 138.35808699180734 141.13251739943556 142.45443571822659 137.83006727270683 138.89696167151499 133.85539575372692 138.24015822981781 136.42828521728376 142.20983989700335 151.02824133671905 148.92234742986219 138.34467242779573 136.15677150562877 137.3316330674684 137.29305986330576 139.98825737550897 138.23521319920954 149.91872794338724 152.01027791063973 139.37307504554772 140.31506038597354 150.78078327499853 148.77065448835558 147.61685567903965 150.45336539376251 149.79394431231287 149.97350537017715 94.408070036355824 95.30024146216526 94.170095643672795 84.856009837777918 93.099320477255901 93.323050651115139 91.695677476378933 60.398027264340371 97.337438307070528 96.270917481768834 95.04929083920122 93.955728911161643 94.836910427015667 93.913757435488151 93.871465891277552 91.969076226677984 99.80046124182202 98.261488751350768 97.202507052685519 96.117960496976195 95.997024009071311 94.807924026400187 94.908265890851311 93.841751144039009 98.276054196465694 99.282168782585174 98.001296460831483 97.056063911477409 96.862836323662663 95.880264433880342 95.870145746259041 94.994235583308807 101.57472179504627 104.69688824940185 99.187345924935556 97.89341668751274 96.809447071794068 97.034965843073948 98.099343630036813 96.125500768710083 103.55163753784284 106.08627402389158 102.14895091418725 97.833036245767204 98.90620970743467 98.15375942330806 98.959127290464579 100.16587383412921 103.29840647594334 103.63386794449407 107.97847213301682 100.30996028522351 98.964742162456361 100.54353792614604 106.14762822253294 99.223294233674451 104.59398328209168 105.25974168143723 104.45926051298375 101.12666807298005 99.997046799050267 99.793904208962061 100.7184791280478 102.02345315363502 107.80814951037914 105.51381562363196 103.93578854333704 107.5477962742836 100.71941740559053 99.85111623851293 103.05276168468916 87.767209348040026 101.30005876667455 100.20836567524906 104.76243663368081 108.6143866144904 104.468756694673 101.65532442136141 100.85158222690598 87.773046100349461 115.35125326154485 109.74477148587874 96.729670819097976 103.70192874255515 110.44702044818506 105.20366456074561 101.6263551926674 89.610250915851196 111.09579006649363 110.61496149399244 112.08561737951996 100.47474639076823 109.65533338295295 105.76636328073801 111.00443040466125 111.71311683819262 109.13606961699242 111.80332107936661 112.31051985276719 112.84138415796696 112.0350723983307 104.92283173840558 115.70896328308982 114.9891178184098 109.97192996172537 111.12377117562373 111.6685428866756 110.78241348766548 112.82340838904732 114.07245787311342 110.73774267428817 115.36764463387149 119.95757492961553 110.51948289608615 108.92542790609252 111.76633951330086 109.67114298928057 110.06538285110737 113.16184173542912 112.39687156227791 119.19483061343452 140.77831134862521 137.96642595571663 110.92045531757461 132.19403949392085 111.59782635161145 114.31055115291683 113.45938314417839 136.90845657884972 135.83340687956178 133.94314354780118 133.25416756296914 134.80943069130873 132.97138711849811 130.52335378640703 121.91511753511884 135.24625409298088 136.46200139814479 134.00923153611549 133.78565490338087 134.15250206496972 132.96608130470713 135.04473951227322 137.55783731361421 135.2034325012807 136.56817655255901 135.3800252261378 133.47523482452425 129.62830726195 131.48330615240548 136.42298095410655 138.27584738464515 134.34850924277944 134.73767416028409 133.25056425712583 129.87898486936618 128.27349339748619 127.36642226326907 135.0787239435939 136.1360051224579 136.5945810338338 132.15627567938569 133.53691322745573 129.34615924957291 127.85698094621613 137.36573790900775 140.25964702913637 139.31068559981415 150.01813435447835 132.49189934144118 133.1476726407152 138.96336673866381 139.98959795069007 146.71545129160805 139.28571456271149 150.43399328748691 138.65323072878164 128.62289478032241 130.86748396465401 146.77700733474393 147.56032376587319 144.47077060085516 148.57404038284304 149.7417366467763 137.69000833835332 128.82314835823243 147.96837478539652 146.95312241700842 148.71999638683954 147.21313577440421 141.41072527445064 125.36823750323464 150.2139165067953 151.07093353698895 142.62789319288549 153.10177565519967 149.35533585525582 147.55079149103466 150.98256009886794 152.14280170112536 150.26596075479091 148.4961634394104 149.17380495768808 149.07834449806029 149.91846932191444 148.09591083040561 148.39402430986468 150.8214972725296 150.14842360181288 151.33011677969984 149.85108995295204 150.89348206123864 150.54807648167809 149.89565301843555 151.45696621671456 147.49311685144369 148.1304093505658 154.55556375475743 151.7795300957755 151.9942198892908 151.62204838958968 151.11427425321119 151.46153591157753 152.68164130339963 153.64671233918648 152.47935830370244 153.00498593608299 153.1051045567458 152.84966371883718 151.83866385867219 153.68541122755954 153.49369681517615 155.01156229108747 153.17636909888313 154.03450587699692 153.91361880432825 153.79879537527654 152.75429032277088 154.6752861212816 153.09894811607992 155.53931185401345 154.34972982257537 154.75441746797691 154.93680415776649 156.69369199922778 155.69494264932348 155.86434293978547 152.18315990651581 155.7003017302745 155.01486789979015 156.01682660235949 155.81843338044828 156.84963830409546 156.86009672463749 156.64117537747799 154.80983820408488
 34.848074318676822 78.137521489481244 84.050920287663757 129.7300427416782 74.006601862876167 89.028260429217113 133.87677963836029 101.66978762663753 31.399467257939229 49.643588120511801 75.126172143622526 82.201594091026436 91.351462683128545 90.518182477858062 89.453132930051709 88.068417583999249 30.336277217067455 31.237790861592277 76.110261282977802 72.221425978623316 73.928435018247768 76.74627333837239 90.441402536382498 77.608260615033799 72.609995104689588 74.53356396641 70.485196813889686 82.708069671968516 74.266606302236752 74.352283812587714 77.569764273646683 76.018669889693598 68.276003488945307 60.725829206439144 73.520070234222032 75.339914960365391 74.587154461951258 75.81716407397586 73.444240682284118 75.087648501079897 73.459395045293292 71.566640941507799 69.296030456839034 74.621965610101427 76.326525270187389 73.229700533493045 93.427410435984726 93.48251515483814 69.948026537537231 69.831954876183161 69.329286202122731 75.62234231231497 72.121376808347762 72.43189411770463 94.01128569878118 92.610923903053973 70.44620363749344 75.359544383306016 88.603083482049399 94.729388676842859 95.164371245149525 91.29351818228389 95.397732418505925 92.870826723235425 82.253567418879413 83.096140074090798 83.525261559840771 82.988043542715374 83.619987180058871 82.42443614143599 85.191444915869724 107.44062146642331 82.946368502564269 83.480263337315023 84.301118003278802 84.637747168880011 85.332621395134865 85.893146197551204 86.961713659472409 83.517785518426365 81.804830477429689 83.632949410134202 84.040770157009504 84.517528317650928 85.53472475837755 86.575569382796715 87.698540322718998 88.16456538290447 82.525553057716621 84.19286809962405 84.699558404332834 85.291449777099189 86.453609708720691 86.887868869008216 88.315736799609994 89.298470228211983 80.859001758177001 81.605047344399367 83.099958967963033 85.999851511006085 87.52678797357585 88.678493279511073 89.158748188002036 89.396869356963279 72.432413084775732 70.972254081468236 82.224799306662675 87.055139871624903 87.119824117308852 88.079488896245678 90.051871635432079 89.737431003375875 71.280731601712546 81.127826856712687 76.050131922251012 83.011297703596711 85.639992895393178 88.719206306366061 87.58519491968417 88.907213564619994 70.526903811304308 69.620124538108172 75.899442480211292 82.039018059352983 85.115408297708001 87.904007708936618 87.064687618080953 85.854049661407672 68.116279847515699 71.868593952793418 74.308410351695784 75.001296502734291 84.205089740793568 86.337896805169734 85.033484298130389 132.85415291111451 59.857611227812392 60.229570217217841 68.604163995674426 75.23394426854891 71.768003261031083 83.250638224424719 85.893721489469215 117.52697081044055 41.306257083232801 36.610127744678501 63.101961534747616 69.547042582189022 75.844570429393031 74.826257401068403 84.790615113003042 133.96776321260799 38.688780332731575 37.683158652933152 38.964334824264583 59.181851970381892 74.901084709209556 72.927805245200673 49.951221359105823 30.454162280640745 37.907819193943752 37.816710848151779 36.765314751139265 35.823434838924463 34.540021489030437 73.715895443307929 28.734767060783213 30.927324762206794 38.578824110193104 36.76516672678995 35.733391053913664 34.626855354413912 33.650058881902211 34.201390417623315 30.960834593989073 29.821578446258265 12.697868864984276 35.793188575819485 34.081634274889915 33.417293731651604 34.861058647517851 33.834770663695771 34.812318237538356 32.40657681579669 11.582107401185638 24.167871819914417 41.194797427585051 32.319323970924607 37.851886992249952 31.542269831119352 29.864078353132488 32.287355774819162 41.476989524020212 41.450131424487573 38.530309627466835 37.511967985773978 41.901039393683284 38.747621792066447 29.440562941372686 59.487745296944489 40.486828444850353 40.504755892002002 40.775971334675738 39.599351032193475 43.001104642175179 40.517324964997115 68.63659698200739 71.576514993582563 45.688073639620548 42.665599899369795 42.897830811256043 41.791716741912531 45.511425828613191 45.149384768697566 71.197460970532674 68.869715658610133 45.012739751509436 43.935308657201517 45.402384718111364 46.486123398243315 47.414028384135463 47.836436568592639 70.136646939370195 68.704293117739326 45.291576278941385 46.026587441095721 44.227679466682119 47.600784572498803 45.998825807477623 68.175303167223746 68.680673209933119 69.270491965407231 40.308243379100716 44.619021650536432 43.252273992978019 67.989405523658846 73.263317718849251 85.488518817419717 74.953964791499843 90.163239523917611 55.199806490180023 48.458266038675937 46.077353917880487 84.123438000527329 84.875078547309997 80.542600155102718 88.364937269734455 89.251949757945724 54.622817254276995 46.431869624976542 83.883480711603568 83.051117163650531 84.776029790786495 86.537580066747608 75.60554061379689 135.24196768975014 66.7390612953904 67.499250960675127 86.877545642159035 82.579803786129773 85.903785209838304 87.746473517350992 92.298041825472581 91.495436097745099 81.951829034854427 76.43303454590513 82.488006426804702 83.656100163575474 86.88309209929686 85.779095096552837 86.937773180834512 94.969239686401991 83.203509918495158 83.646652525049277 84.916368919585565 84.759413989819208 85.940786133525663 87.938978994677882 89.586162028785012 88.815632478418038 82.787887227053645 82.752888140708151 82.647469868576096 85.146146167711635 86.453662463801976 87.518726454713587 90.660813232877175 90.449665523586418 83.50506631980781 83.506990642419098 85.846811840691586 87.009352197348619 88.093482919173539 88.47038822554515 89.938670966119403 91.096597651634809 84.112301118615306 84.494024214449482 86.310196625589327 87.781690585194426 88.894981748376537 89.312937850622177 90.101828463894378 92.122953286004531 85.145665983670185 85.032956948326486 87.090126270054 88.51558039241678 88.523331944424882 89.403358966852537 90.572403009223635 93.810714203071342 82.959112718024372 86.068870940227512 86.610920912209949 87.727754048917348 87.490187253890028 91.17829893561634 89.870227780107442 91.220738368276514


# name: v
# type: matrix
# rows: 2
# columns: 320
 1.3579693284185725 -1.5509308306639991 -2.5534599882390485 -2.3617106020879088 -0.94851325183840929 -0.14636450123392014 -3.3468523726115893 -2.1848560259870178 -2.4990824755046872 -0.62397535907694635 -0.64204189562565095 -0.81082317110626578 -1.1202694816625425 -0.96984196062054984 -3.376321699235695 -1.2228141321342898 -2.6039871797483878 -0.56883829019440757 -0.90112953200198709 2.5081700632195507 -2.2539311398176705 2.375426551690047 1.2713919534216127 0.48491004594800569 2.3355961934535974 0.18963793975630527 1.4435709702049044 1.1313036246855084 -1.3264829549179631 3.2308928620166317 -0.94554851633993464 1.2518956052875605 2.75489242821729 -1.2933252029459528 4.5167865671654219 2.5449567612289248 0.80370416899955921 0.99310267358348048 -1.3204493385703175 -1.4251167085852816 2.3880232696473169 -1.3348948217695116 0.13703065235108952 0.43914096696965976 3.0819732971003342 0.85057352910543305 1.7609678065167804 1.5788843209791708 0.63930454074317078 0.77799184544184796 2.8994245576308986 -0.87275050051165259 2.8372170926963154 1.8658430525918439 1.301363602272664 0.078979853503563818 1.8722639981627132 3.9117828775698706 1.7672828942359844 1.279491574136399 0.56327152538083658 -0.40972180368909583 2.6481983752734846 0.83533871492719569 -1.9395163104713025 -2.844028226069502 0.284766464197936 -2.5555409142093808 0.20703686991808071 -2.5338281372990452 -1.8543205402271348 -4.8083481724781443 -1.4717783768570127 -1.775190812396551 -0.85513306947137069 0.70076123010990754 -2.4529232041348008 -1.2669784425641175 -1.197402441384293 -3.3695686879592057 -0.72385447286018101 -1.437126139499463 -0.012928680623962144 -1.2679431357388926 -2.1976414237561381 -3.743887005939678 -0.2364966825277767 0.11481304504317671 -2.9157866214598691 0.11689597870957426 -2.0095922039293437 -2.9575986140521593 -3.7676688308093862 -0.064901425904823062 1.7167013403503097 -0.70209170027674428 -0.53885369723828913 -1.2091276227527161 -0.088375162083199552 0.21568839009052129 -0.30432537302927526 0.1822764694673295 -2.3109137634815227 0.59729756138243406 -1.3851631162052533 -3.8816013175975335 -0.51970310320189306 -1.7447023847076657 -1.7831711860650432 -2.4842279413695785 -0.50483156216905145 -1.8173808339958561 -2.514709961199018 -2.430867854622746 -1.7360158918877522 0.053371632235447157 -2.8735328730552756 -2.4501289771495163 1.6085615904583994 -1.0389407220784659 -0.82238473725472361 -1.8902222900614223 -2.4914160382096346 -1.1397300946570694 -3.6066730902719875 -1.7086923960420981 -0.84315541590548893 -2.2758544736098538 0.63942593884555221 -0.62701738918941474 -0.50837113575760617 -1.8409432139603992 0.93045713480959535 -1.0542868355280552 -3.2982417192833551 -2.1431854808789752 -1.1519099647562392 -2.3414251682885872 -0.86952193580899173 -2.6787339264536469 -3.5142907203819234 -0.16510595063862243 -2.5006969728995769 -3.1420302346738094 2.0503194377782759 -0.045384776769649672 -3.3052369035009281 0.50564740167963151 0.36031751436275489 -3.3430358291380622 -3.2312266322748724 -3.2138830408386614 1.0552202373237871 -3.5703186122880526 -0.56763556697393192 -0.98557684748669072 -1.3999333542419299 -2.0482165198391047 -0.91553894821569615 -2.5714812865147496 -0.91687250703411138 2.0551401720473743 1.5458154614230344 1.3698273755214976 0.3582950957190168 -2.0062181267269588 -2.9981654861773204 -0.87757343716931435 -0.56009457174475763 -0.22510686266253105 -1.0451486322840529 -0.20509146324324479 -1.457557228811811 -0.78430605620095895 -2.0654421959394726 -1.5873166081225663 -0.91964375811629595 -0.76650132522432612 -1.3845860220748507 -2.885903894365184 -0.87437169302170215 -1.3067050571457561 -1.6516549050329252 0.30941218153395156 0.18819070613106062 1.9063454546835059 1.01474555051695 -1.8465170960493493 2.8669642512095934 -2.0370297365627916 -5.4314996691155493 -0.10030119292817552 1.1862198171448823 0.99474303271456288 0.074021374209687407 0.047745331792462355 1.4274630264387482 2.7150269493891601 0.9259881844467065 0.35932539237110567 1.1817506861598515 1.7599449110632939 -0.61949298818196996 -0.4506359301364678 0.96443362618845341 1.1797569340271847 0.16639499646266967 2.9573131118240674 -0.07190892290454351 2.5498961375507516 0.77317220091187444 -1.5215376207878262 0.15741320765854649 0.9633792109018422 1.0988590120624784 2.7490568720200215 0.84373099352143199 -2.4042592623240173 -1.8594429476624628 -0.22425045120514078 0.71245506318823337 -0.78093941518895071 0.16313634269084815 2.556381666941212 -0.39693852570814575 -0.14882610738462645 -0.0601850133591907 -0.30541221052612455 1.1456203775539926 -0.026384556795228397 -1.2942391524358949 0.2092371673214356 2.2728166734052841 0.86659650970832813 -0.48868397177098416 -1.6383395406212287 1.8034430350318174 -0.56720786328428707 -2.1588946895126959 3.4822937234516442 -0.81672165875911296 0.95565166112954847 -0.92893513686611229 2.6540947453171189 1.6730351268460866 0.79445250808365253 2.6475037171336568 1.6938244725563549 1.8141499907516183 0.28979837322452157 -0.43195869739147741 2.6247972083069415 0.76398681169601945 2.8133689828561836 2.4598746068858404 -1.1396072695747648 2.9995943514439301 0.39843145806219371 -2.100086601167332 1.8969966765663289 1.6174450152781961 -0.28581714555697457 1.6087376578112886 -2.3712413647089101 3.7233253341882802 0.88167391345715806 0.23918996500439121 -0.84338344291460388 4.3763282686509832 4.7619483022330531 2.4393542151246592 2.4035083270334354 2.3649380633267518 4.1885273373806147 0.88549799584786149 -1.2940610720705497 3.1507343777294121 0.69592008781035486 2.6081749516286514 2.6740689105498077 1.3648914363338476 1.4314064604272927 2.1948925502829777 2.2848672258556562 0.87406554498406253 -0.18299694199008712 3.0831170786457172 0.033583149302722048 0.97156480862037098 0.76956268683325213 0.36592607900930985 3.2590962808282269 1.2679302479453403 -0.73415783610654628 1.3104476851900864 -0.50084121229323264 -0.46198009115824218 1.8372533955453187 1.6128591952614184 1.0531146588824283 2.4067086016160353 1.3724512128140076 3.3859697426408579 2.519300951062402 -0.076467985395071686 0.37283216317649964 3.3292811179730784 1.9629640046961048 3.0515594956766314 -0.27378402309086602 3.6472694873444116 0.065904620173792006 0.49222559756821566 1.3354606492840448 1.7879360086842067 -0.059758879014106633 1.4597569813869335 2.0878925029333115 3.4696170720421029 4.5803645123528769
 -6.3445512990119379 -1.0915786244385244 -1.2368836306714022 3.1959294126884794 -3.0951773888720693 -1.2685735969330245 4.7997549416425827 0.29108599795669898 -7.5710367674462038 -4.5400459979297505 -1.1039796776329505 0.31415356921743015 -1.314216624955689 1.0240984877744959 -1.8083980471650047 -0.56962017789122343 -5.9924986757737058 -5.2569641381886365 -0.23123585770457378 -0.67594729608882065 -5.0411168384357561 -4.2193308239744294 -1.6122506243018704 0.091398096464464701 -2.7824285981738388 -1.9360448762617062 -2.4226743462443094 -1.3688265063269536 -3.3390027272173035 -3.7397626641073964 -1.9373331141285717 -1.5438878197112962 -2.5356853581746659 -3.6297368668124435 -2.5344020166132424 -1.784246907443404 -3.4668802879857679 1.6105288584554704 -3.5176150954877605 -3.0667813278061713 -3.4628753768988676 -2.2203956040697443 -2.6719808553381799 -0.68976274742972687 -1.5250006307937762 -0.37287143080531709 -1.5452318834800327 -3.8098571966333559 -1.7247468434666748 -6.0274409741197914 -4.2014391087127816 -1.3181489066587249 -4.5191825594422612 -2.092545515074423 -0.1286802623927232 -0.96071332029768985 -3.3052334073162042 -0.82059589086260765 -1.7556100699564912 -1.1943139197515193 0.82632731544454907 1.2912481406741607 -1.1294937786349946 -0.12192392097113335 0.88287213869240211 1.9002705874469068 -2.3165282121815864 -0.70265671128496998 0.34622295204802095 -1.1345510119061459 -1.2869573428236303 1.2975106343904557 -0.3698597337096296 -1.5171306020139603 -0.7174169819981111 -0.32209201157888961 -1.0403992873547674 -0.4288528847012153 -2.157105252976212 -2.38049868815957 -0.46819540201141568 -0.67686432361107751 2.1912018404046205 -0.35809876215088049 -1.9608615047456295 -0.25787785947814401 0.97744911222730246 -2.4065083126229849 -1.2753219116876087 -2.7862759653301512 -1.626185096604037 0.12208420481398535 -0.5838859037990507 -0.074612281497429711 0.14955969171617431 -1.5983448404033498 -1.5040452199914363 0.48698791808840008 -1.5882128004068867 -1.4183365989694918 -1.8003204477797738 -1.5691789339013558 -1.8337947029823469 -0.30016800628746609 -1.061089463192145 -0.98267078603600433 -1.767979770064116 -0.38239957981486361 -0.50084790391770218 -2.7333017436186848 -0.37136899041307636 -0.22783366791255674 -0.23916328382809074 1.719473768583895 -0.029467057205284308 -1.7727915830079346 -1.7388344680218053 -0.41652849341991116 -0.082569071405393379 1.1690455666050494 -1.6940241046310469 0.34182230094674376 -3.4003425373934277 -2.0725591866528803 0.99250506317080012 -1.2207267869145049 -0.77955256468185696 2.9383342375141233 -1.4985947257817349 -2.6877578215824278 -0.72863696264037336 -5.3910389242861187 -2.0359054038573716 -2.020102768628572 -2.7122925709654 4.2204606458746659 -0.65222293655221042 -4.8269716368468094 -1.7104518273802081 -2.9126341180831767 0.3970731091937274 -1.3395352135079339 -1.5510102452030936 1.5120815234880927 -3.5162276711970275 -3.7737208418446198 -1.9440862629784657 -0.23979561029849744 0.62306663929156647 -2.1539355049623352 -0.9999525247180775 3.4906119073559543 -3.9398849833031186 -4.2897333746481383 -3.4587402159818232 -2.931372959051425 0.21778622786363919 -1.9303377360336931 -4.8047683630626112 -3.0839585790070179 -6.3618317331832195 -8.2844424552568316 -5.785632146612933 -4.0986135036146871 -6.1572548749484719 -1.4352812559318948 -4.6080239073388229 -6.3862638762323733 -6.147139360650292 -3.7229648099197763 -4.392625761563405 -6.497501701292502 -7.0671106709252118 -6.4361961679224526 -7.1249708832309784 -5.9918113300921272 -7.0788917933179567 -4.5601832488632086 -6.0572720365902795 -4.2429413956909166 -6.2249883641292794 -6.0580538712204364 -7.9293889808634175 -5.9502379530747289 -7.5193348158729192 -5.9957003488919911 -1.5104720383205994 -5.1020485094368109 -5.1627529554044047 -5.3135695372308351 -8.1688441993452123 -4.0486830719022873 -5.9634770822328278 -3.4813480987435113 -5.9636273187341802 -4.1473768149029651 -4.9443103010391871 -3.4084001178050367 -6.5093544091306157 -3.0765086249335716 -1.9978472309283435 -4.4731095875424032 -5.0135583926949607 -3.1394885411958757 -3.4444550648173631 -5.4577365200386616 -1.0084627113973643 -0.5151259273889317 -4.0427278050102178 -5.8823570736025426 -4.1061710990860014 -3.4232645680461791 -2.7699071314341537 -3.1663446901385708 -2.2829395025255415 -1.8260309753544881 -1.5184215091391744 -4.5279064463216736 -5.3885693333641704 -4.444489300536933 -6.7722529649581125 -5.848310870857337 -0.59403943152290695 -1.7269756459056513 -2.5184376670700437 -6.8016423140365054 -4.3208826324778729 -5.9705487624703641 -3.6386546267551059 -0.27356889132881035 -3.0713076963485628 -4.5010858945498375 -4.9553758204151475 -2.3781882626346404 -7.4123293115457995 -2.8627495031928083 -3.3488086454398975 -0.65162690423474179 -1.3512411425756443 -1.4000168436027087 -3.927316779745428 -8.7170544532749616 -4.5726182950605576 -1.5672207587357965 0.12029856550250713 -0.81940030315974965 -1.3809297053157861 1.312642466223517 -2.8533784304159364 -4.6491585787489695 1.5222940641292257 -2.1554398112802087 1.28642880178428 -1.7291600766063173 -4.1556916116003748 4.0361142509800016 -1.5672462508050957 -2.1004496581363292 0.86357808203941411 0.17304665521513476 0.65529832553444978 0.034600224930379023 0.26166484660271416 -0.91281644188218136 0.83941496555488038 -1.072369632113483 1.7037258076572985 -1.6158553793482417 -0.44495117234170062 -2.1905682563359457 -1.3688345142911806 -1.3830843715881251 0.37754956955734914 -0.8892574700167708 -2.9160772145332681 -0.52089506558684606 -0.05783512788479702 -0.93356551264130938 0.50695867843350262 -0.75356775333751425 1.4399035509930125 0.11146349686010458 -0.4998205260304458 -1.6804471428658625 -1.1225503974731244 2.0124788268514204 3.0890927561966448 -1.4391101785496629 -0.83183993769972009 -1.7405677034158231 0.20586991649893793 -0.079154179543807379 -0.42199012118314766 -2.6969730286100759 -0.13102242895821886 1.0043381423261739 1.4720889701634321 0.80888111617014191 -0.36142976397457499 -1.6464841931281917 -2.7048385725281547 0.02183368026961411 0.64710404849636394 -3.1390616107482265 0.65682242944979896 1.3708990093062741 1.0576808699559495 0.44788006354903398 -2.9587891733202101 0.95651159061821356 -0.43768438269541843 -0.64183740425692037 -1.2384925949338483 -1.0921555753186303 -0.98665012009487107 -1.2336875131969525 -1.4598870314491119 -0.17947598041387405 -0.56282905444595599 -0.74541041653175966




