# Created by Octave 5.2.0, Fri Apr 02 16:02:59 2021 CEST <br1@br1>
# name: ptcls
# type: scalar struct
# ndims: 2
 1 1
# length: 2
# name: x
# type: matrix
# rows: 2
# columns: 320
 121.55657852891423 114.55428465139255 112.78413513055874 112.49977784212901 117.54404695873136 119.52004511982851 111.63611434817477 115.49054029755612 121.63061612907636 118.72336262741132 117.93893912852431 115.60997253144114 118.43993151668245 119.97157157178619 119.38804907670334 120.52185197451013 123.61147333539698 122.54326248264947 118.31677011946229 117.82683024369955 118.62710448022864 127.55928245351532 120.94952835565333 128.5164875767841 126.48369239934085 123.43070381285085 127.5059764851343 125.27434966117995 126.81487864133432 130.08591996996722 128.78106660513154 129.60363846787749 126.42864134836212 125.24947766247722 127.42887901046217 126.48283206603445 127.93992075659997 131.34789028345483 130.60378150101172 129.44468425086373 127.86295224050941 127.69549140285608 128.62570183186835 128.55204406701401 128.88338070571871 131.02633057659068 134.66605440163011 132.61232822132223 130.00553748133862 129.30775359354539 129.32351884250772 129.7295514049913 131.49499721083617 130.36935056598583 133.7692024475256 136.84535125115536 132.42069000148197 132.4622535128197 137.93967188267777 133.9736163062947 135.25172009904486 135.83268168114026 135.74137220431592 136.64922922422724 108.12513791376632 106.79404198243327 105.68079722681112 103.72219775273565 104.13718712792205 103.32731538247313 103.54505385593588 97.181890783793506 107.82860112413285 106.75616761940437 105.79444322209294 105.02278565222748 105.15738435788654 104.32669976464126 104.59675629488753 103.54108047678021 109.6888802155993 107.93932342614077 106.90729750148523 106.05946533512083 106.26150856268772 105.39629168456827 105.69482478399473 104.70181884461248 108.89992963199686 109.00907291800561 108.03962926712296 107.01469874443302 107.61721752033451 106.44749959455457 106.75112214790292 105.80117572409333 110.00031879208866 112.10847425742425 110.06649348167751 108.46667613375166 108.5719094249469 107.47751741679158 108.49093926456858 107.17940467017387 112.39716859947724 112.09154518442095 111.74791173743748 109.54829579718488 110.51470271166215 109.57321516729067 109.48202434182458 109.05819206612635 113.38475845357547 113.00725622273056 113.00354841627109 111.16137332271462 110.71579688680812 110.66798117354583 110.78752442232009 110.12278224417761 114.09682059220491 114.63818527088688 114.03747401672764 112.51914037777819 111.57460611419479 111.56082763284904 111.61916834254703 111.84205781145016 112.62204289698221 113.83050899726253 114.71083991373057 113.89631290906364 112.70422267051998 111.87106684332736 112.28974115590358 110.39747514128941 111.94228287598106 113.73665928872865 114.8979083792178 114.69967654643894 117.24979926692852 113.1108303229516 112.62296824612375 112.65420367773621 115.70979101776933 114.5543092799554 112.74101937375538 115.52881929113046 115.86165941108089 113.48113769257918 113.47240463534835 109.51120645212011 115.07126044307947 114.79389565568148 116.81398199997504 114.79182798299352 116.42401922491642 116.5691132422256 118.89563010273876 120.32798761623083 115.95553987253362 116.38010666795631 117.59903079727199 117.88683617721321 119.05811189455177 115.84621787301054 122.42670687005263 121.4040783596171 116.97988561689262 117.15552001917835 118.3909224135556 118.90753086017442 119.99759254120471 121.14938958398591 122.28510623014816 120.47798344148242 122.75015376866568 118.04385446900737 119.25053062245459 119.64171083811742 120.59614813673831 121.68140766758121 122.27475622372158 121.7931811290151 121.99786762207077 126.22783468634668 127.45107370097394 120.85354172491176 125.36487533446268 122.96385081551919 123.48885796053432 122.76289078833331 128.71225730808445 126.98935366907504 128.23920410219733 127.05802607551554 127.77503446196616 125.67781535505566 126.41365169862533 125.90056277600792 129.0762149856069 128.45088599661767 128.11146982460929 126.6939880505992 129.00713966434981 128.6364924602797 127.72792863177422 127.34217538888647 129.96457562090373 128.97414326415318 129.15970269179195 130.68939855105157 129.70465136566503 128.73031778883612 128.81924044610204 130.52127503874311 131.00241995682524 130.20078160083582 131.22979345610929 130.75935433278843 129.78089899637786 131.37903536992633 129.33814348029568 129.9340796476354 130.1154012653717 133.51431388579039 131.88801377080335 131.07657369114625 132.91721329067329 130.95795882300069 133.45818472527242 131.89436372838841 132.53956435664514 133.55037031609814 132.02869362209623 131.91998701520501 132.83634138679034 135.97219994358863 133.45700375009901 139.27116772040353 133.86057651085824 134.72932091047582 132.41607043844766 134.6287795593513 137.05523474781273 135.00250356328047 136.99054333526655 137.67269571218395 134.64985855706971 133.53671849159659 135.78023616887674 136.82893722152312 138.09848568853704 137.32576086467711 136.35180314631504 134.08623311547589 137.56912880349162 137.72948996269599 136.49543697277028 137.27177255459861 139.4447722464374 137.43412459896163 139.56044917156908 140.83037682603515 138.75523075639217 139.86540582853314 137.98424059770556 138.06318927578309 139.19907470479782 138.37238478089432 138.44557225075465 142.00244175402028 139.03343689486601 138.83638647240124 139.12575631148232 140.31812813575928 140.24153945935205 139.56557106178366 140.33956630540169 138.68246839247647 140.09496421421608 139.94667963936752 140.0032987112387 141.17192325399128 141.67562734678768 140.60763343614599 141.33105913665929 140.29271935254457 141.29551460199991 141.03434943405713 141.8393072286853 142.29931655334772 142.78228156037733 141.77805280360238 142.38497312962744 141.44453242305093 142.73443847028892 142.00856198859498 143.18602694784747 143.40434365884445 143.98169251429579 143.22427723780805 143.43627307473665 142.85479106561513 143.92383861165541 143.0193645364723 144.30601304814775 144.72058625510849 145.06514719275913 144.38181698159835 144.62752601176885 143.89300397185804 144.92194519359757 144.28402362164292 145.42709510635493 145.76786495542029 146.18711007599026 145.61035822010044 146.31544068450353 145.39801866729312
 82.858363571173527 91.494159932131879 93.956034783073065 105.28118273460717 92.055591832940962 97.133098244666058 102.29722073599767 99.442979742259539 79.370968689276282 84.29939053362682 90.802626885345276 92.093630274407573 96.66459699603169 96.139726167756848 98.404792411134437 97.387232440874399 80.315214826102746 81.743927518046448 89.81578182442145 86.04987318429643 92.309514428146699 93.999278916861471 95.580960843737031 94.489340428661635 86.255314663327042 89.344307269818884 89.194465556199106 92.401804059048757 93.29524239622917 92.477291195603726 93.42593836667919 94.196668442249148 87.701654123408616 86.658649897993143 91.411805575583912 92.286317003730744 92.717495033363292 92.161394683592846 95.68794043357552 95.278758095611906 87.97935021504766 90.38534900713077 89.366220822267877 91.113803840639463 92.247160101761409 91.091604235296799 97.051450053190408 98.016208774932167 89.227884836868327 88.364114186790431 90.214901223558883 91.510945050424596 90.126212534393872 90.268590917555144 97.933053926292047 97.733160650599984 89.457993881165251 90.608168427106577 92.730117581982327 96.269940666338584 96.132709245590732 94.594951339347404 97.277281252574198 96.632460878126082 86.276211722572697 86.731367537768136 87.204674663519427 89.253440138865201 90.293881112477862 91.077550948259599 92.274560655660196 97.514665113338552 87.32737357206274 87.751641209958166 88.488671501848003 89.599729872145303 90.662132605383377 91.45248086484419 92.472673591163087 93.369412545027771 86.717905186700364 88.398162738207517 88.945272232406381 89.877530937714695 91.222068355953567 91.797238805751633 93.027527639990623 93.688348154406384 87.581345750823985 89.008395066217219 89.732956513470256 90.48203036639508 91.453158440497447 92.238651395253214 93.590694147764779 94.369929849040687 87.729061320428812 85.864843696866302 88.817985371677182 90.867835931198329 92.012236002283714 92.534463106313879 93.055962333905001 94.519821265608869 82.926086787445982 84.309211665898815 86.925675887720601 91.423226079492963 91.899962682171235 92.546199266128454 93.76246033901532 94.834963866397004 82.651065298097919 85.31014440893837 86.460035655087495 88.106515091566692 90.304506659617076 93.007480170770606 94.10148365498128 95.047160920701216 81.804292701019818 82.870086110974441 85.683118298857394 87.678004140678865 89.221783697270808 92.174289740216025 93.256506263386655 94.376808382720327 81.469840263766486 83.811942397499791 84.884054881976212 87.129905340460624 88.988647586539344 90.227708749935317 91.237532634220869 103.27304608902728 78.416745931190036 80.031334058433899 80.93399289013341 88.229194224019551 86.9522578544655 90.401387456040013 92.677636824551499 102.62187563421836 76.170377781498715 76.191592344965912 79.300299088145607 81.947677884642005 87.036407927071579 88.221976185678315 91.877154935596721 102.75827012280986 75.040639605120319 77.325976659413328 75.696255615623159 79.803255604587704 81.312892265648273 86.017007877691157 86.498829469102731 83.21876293806379 73.004648560939174 74.611786006421056 74.841052820090894 75.897450048562405 76.23598335450265 85.137406552483114 80.309136204385197 81.7734627577195 72.646914297839388 73.873348044570719 74.15334429792496 75.197821726253693 75.596342746196228 76.224943681425927 76.196124062833476 79.937954192084916 67.529155194899104 73.101632918481926 73.329436261666103 74.29945754310279 73.405301658955636 75.188797462862027 78.362682533333214 77.290752535592375 68.427254631581064 70.092544615754392 71.846303162059272 74.582971371926931 75.513180181097283 77.38802246470253 78.474460851826151 79.341509659158547 71.398387300758387 72.921426652181452 73.635076351157764 75.704415497245577 77.805082003078226 77.359650706828347 78.229925828603768 85.295500918962404 74.269796288704853 72.544897146809149 76.34535176682779 76.914722727433059 78.071208600448017 79.168965250910048 85.697857172784268 86.962738016405467 75.097198638184537 75.7522158796382 77.041500986809353 78.97455582596919 79.366984149042068 80.631830234199811 87.283618082452264 88.230300432920558 75.431436980068113 77.439603164020568 77.984445143630822 80.016203346612258 81.335444322278633 82.459396444407048 86.348415934647747 87.378297162581305 76.20918182440721 77.237657628858088 78.952083989408834 81.179254911296155 82.588487631485506 87.275596244865994 88.805881525947072 88.491530008141353 78.073347642526045 78.790392559275432 80.28441017626605 86.512152800524262 87.938300881431331 89.839197304633942 90.069567916529962 93.221842561325246 79.856817434094097 81.955581867038802 81.366713333676685 86.68127359004896 88.963894711577893 90.730607388518621 92.063003194216861 97.067064230450399 80.831570621665222 81.317509758911186 87.043228850397313 87.827481134858616 89.279883213971814 90.078267781377861 90.883134958737159 104.36569366975191 81.678092036227767 80.631642524013685 84.919017979244501 86.670297003280183 89.711870334342365 91.130967758435673 94.997148204866448 95.300997553587379 83.428055768941533 84.589470681433525 85.760975553042016 88.068928421068563 91.061430380104866 90.410082887696262 91.859306698643579 95.401539979258899 86.194942491446454 87.397938939360614 88.661614288901447 89.045133849340303 90.413830808993367 92.083489567624895 92.818299951123919 94.333229134974246 85.765685646004499 86.850587702937219 87.982926292880322 89.931522045461065 90.99387200457619 91.551472984913119 93.2494845615591 93.973167871945549 87.103792233066187 88.29508356248715 89.011015431524015 90.141008944371464 91.623055723744969 92.088457140739578 93.438323917609267 94.23852256460556 87.070334713240328 87.922811070844304 89.328893166134591 90.589458745648002 91.641018988111796 92.707617214994855 93.650769708913813 94.591373785743286 87.43055985484807 88.1271766370471 89.722022343714301 90.770109077245024 91.840667662455772 92.70329414046202 93.878081151942197 95.176526472483403 87.69303887877318 88.631197672153519 89.803369911484111 90.954094212058735 92.248280935966619 93.398164568867458 94.203169778510471 94.801447608791165


# name: v
# type: matrix
# rows: 2
# columns: 320
 -1.218704115537534 -2.3289988503631611 0.211240160697964 -2.3617106020879088 -1.0242120048300341 0.46407425165474242 -3.6398035938595683 -2.1848560259870178 -3.1231838816384627 -0.68734516065659135 -0.83848540306170549 -0.90857544297886272 0.30018057499917594 -1.7691019055120347 -0.35808645016226787 -2.9728870375669518 -2.0284142789703679 -0.79301309759387184 -2.2063516823819431 -2.8566477330406244 -1.2280242767661373 0.95780444503584361 -1.2283992548780265 3.5867081654521451 -1.4429757150449243 0.18963793975630527 1.3440228719381879 2.3163716166090982 0.57754597907417726 0.60753136373490857 2.7606921756994307 1.3892405013769731 0.39234220600539887 0.76045477427884955 -0.51453590398448279 3.515604496494297 2.7003668224592436 1.3797766234626445 1.4637887793433682 -0.31200608973361166 0.61673219073510377 1.4220856127767427 0.29886841841720968 3.2581313645455547 -0.0032198246472269487 0.93320159881040576 3.3473160601727581 1.5570603058956345 -4.5177644516469329 1.0432019171134441 2.171493030843008 0.43080321250630593 -1.5380045291669968 2.0198696388446988 1.4466836185239156 1.4713029738645347 4.3798106366950815 0.58696823933598674 3.2288339858795783 1.7751570827732417 1.5662315925651589 1.906822401623866 2.5404143401140407 5.3050683055756958 -0.14600116703932697 0.62074855087338132 -1.5986580505549466 0.21447727049001208 -2.1291948128826395 -0.54908771591499883 -1.6355230807244741 -4.8083481724781443 0.086394277627157887 -1.504617987178152 -2.1612024670539705 0.30965065486753318 -1.6012970537721467 -1.812300104254585 -1.5341969945254612 -2.090098894560926 -1.1177393544067651 -1.1274226654775703 -2.3231233137966223 -3.8985748303897632 -3.4719038803734428 -2.2925561348638728 -0.63179548604614999 -3.6138086372425553 -2.3337763941806742 -2.0033468700383641 -2.8171349099469825 -0.99971874610457301 -3.9509260512796649 -2.8014066400240956 -0.96180281725162342 -3.4005815131795929 1.1965808158246329 -1.7171987717918782 -1.4944996167715345 -0.70486057338222619 -3.6314617051351674 0.062184696257155142 -1.1222446163456252 -2.5326669282035312 1.8889175075294276 -0.80016911834752136 -4.2894282698380275 -0.95488123344590348 -0.36162420731898981 -3.3789491271978647 -2.0877277717524363 -0.83159770402797584 -1.0217670993982564 -0.14400308177540833 2.1861795440148653 1.1645090647576695 -2.579601026775689 -0.36325785574577241 -2.9754819008916908 -1.6504593034971089 -1.4192264479411354 0.294166107484648 0.37458407875329858 -0.40809647207696798 -2.8350618763235906 -1.7153383370588327 -0.34559807007862103 0.41421075299600985 -3.046030203976402 -2.3027743595125214 -0.76955788631531274 0.92958917856148549 -2.4774973585303779 -2.5350022893829518 -0.58586823699016988 -3.5546506949991445 -1.96856094929388 -0.50130436506855158 -1.0141048182094274 -3.0776119350150428 -1.7683925584058677 -0.15865359485932384 -2.4307295167099316 -3.0036764584108719 -2.2404948826433033 -0.21241308680394982 -1.3991449747388491 -2.3075013870397689 1.0068845582008221 2.225270056664177 -0.15948646711949466 -1.647820381733432 -1.173111302320234 -1.9489531471185111 -1.0792221493647998 -3.1774251406412453 -0.2501790997793914 -2.4975813634260082 -1.8369960162618924 0.7343922236684538 -1.0759136275882555 -0.32684212115888683 -1.9159491366506822 -2.3249931075677455 -1.4128148109444405 -3.0214976964069846 2.1499884928262136 1.1890784603876721 -0.89328776504181384 0.42780889396185517 -0.55280493220476457 -0.74288279467635177 -0.10721795447074307 -1.7935909165396084 0.047367982468079606 0.15542041707848431 1.0346934899550251 -1.8605890800477247 -2.4326923194721326 -1.0629258018602876 -4.4571786842032166 -0.46722022492815174 -0.61983636206879411 1.6775567371433979 -1.7661465419402558 1.7870998848829305 3.4955530828540793 -0.44565620624909102 0.19363483476021379 -2.2897250599019947 -1.3462976839687886 0.35447670964139005 2.0374218354152824 -0.6568196090894326 1.1291781307150319 2.8016472625129829 0.7883434806911308 -1.7782851575736716 -0.034113744833168966 0.056237779113233195 0.011408827444423369 0.81062755973437839 1.5216193998330274 1.290248197830612 0.83201834343925252 2.313080746590396 0.80898191305270872 -2.818291755090955 0.82756294220917848 -0.32629440515648245 0.37119999408820575 -2.3271271765269739 0.21424405198413315 0.94395606369256679 0.39220024523362668 1.3806695570625829 -1.4459235717353338 2.7444362000821458 -0.37100127912648329 0.20913247360466308 1.4912225395707384 -0.48563228172123446 0.92209585894936952 1.926830819777956 -0.11448135084326544 3.0011531343697904 2.3387756210631943 0.81231102766925767 0.36400589918075443 0.074953414994501061 3.4390528288502962 1.9276225768150088 -0.15570358085608224 -1.5741855671612868 -0.39819491139139462 1.7843215639848164 1.4059325004275507 2.4748896608425723 -0.15551779316276956 1.4763576600926569 -0.8552906402656052 -0.65144739040467037 -0.87862072406579794 1.3316946274280019 2.6506598779497597 2.5721154612722281 0.76058583084632236 2.8175130386779461 0.14792040596112155 0.13972145867993063 0.97503906054174028 1.7014089278196098 2.1528976645519808 0.15774734850026387 1.3540115181222465 -1.1396072695747648 0.99544020585494364 2.333716818526208 0.84165398626218879 2.1353013559798892 0.160548533689854 3.3141288960993873 0.14759704055308384 -0.10594402941136885 1.0411719171435516 2.7283348329279828 1.0655522771348118 -0.073679666337825411 1.8580801518346628 1.0313205323726053 -0.50405728792820148 1.189337017822736 1.3958761590796724 3.3433782141604089 3.0862885226027843 -0.32317545513306367 1.1072959976252497 -0.94413773464885642 1.648958079038237 -1.0392000672628854 -2.5833530815360519 0.37025047194267224 3.7368294055081304 1.5784534478832957 -0.80634586402113151 2.2207388331650559 2.2562396515667 4.1943023763722849 0.089688626247492964 -1.4239329303577672 1.9803399236083685 -0.86400001458904119 1.1267529251592128 0.9054920131275348 1.4016290405030125 0.97522689967668374 1.9604526714006805 2.2484849571277943 3.6591094107932323 1.0131424967710758 1.1640122786268587 1.7420603876970617 -0.17148177920447766 2.4744445557750834 2.0599260266030983 0.72870766662946029 1.4132477263393177 2.9022897683616247 -0.2638267887122086 1.815088753298375 1.3697080015971439 3.8268857108893766 2.0144644923197781 1.0957627186828089 1.9163334014786959 2.3095909198423232 1.3351573512781985 3.5530326618201702 0.45646355331891542 1.2633777852581451
 -6.3885241061733486 -3.2989183882285693 -0.19123867498806701 3.1959294126884794 -3.1701681567874433 -1.3220934964665816 4.6297857760155816 0.29108599795669898 -6.803167059660197 -4.4918919163453648 0.10612147696744173 -2.2544019572164142 0.54705202538145548 -1.1203398463596095 -1.1902018280527478 -0.51047689093128379 -6.1005867131413769 -3.8631411246504053 -2.0086091207655064 -5.2705464732253375 -2.5728412702661898 0.81638844467457239 -1.952900547043539 -1.4031718226518786 -1.1339307243888974 -1.9360448762617062 -1.9974529878256795 -1.1846004928168932 -3.8646830803665848 -0.26579153776373377 -5.5244369523598378 -5.2209730054582684 -4.2877422208477309 -5.5492481353114105 -2.6234216637985153 -2.5972265462476325 -2.6350889190021043 -1.657911607288473 -1.5605828544084386 0.017940846599835667 -3.1911204013700125 0.164840005299663 -2.4362391757764503 -3.1409513974166767 -2.2021941596503534 0.0024181994020686381 0.4938513365388828 -0.9115231514385681 -5.0807061275047802 -2.0226027825792903 -0.049229549742492294 -1.1443770351144105 -3.5738059274715002 -2.2469958795604237 -1.0050738130262944 1.261282994048919 -2.8236090945965389 -1.3702723244657242 -2.3715257698052352 1.3873524574777796 1.1918192919204815 -0.83596048595236283 -0.1213369201235695 -2.491898775484958 -0.46051900774157228 0.73497362785760512 -1.5164993785808309 -0.05454793283896367 -0.74062231465123685 -2.1240302216808331 -0.54523750284557415 1.2975106343904557 -3.3532355320381431 1.1266190754812888 0.85016455344631758 1.525539522607352 -0.58176887568115465 -1.6530132745744452 -1.06354966525204 -0.63671921424928402 -2.5043078184561365 1.5295927746654536 0.45235417833282604 -0.058915236257389592 0.1552210450994416 -1.5867802846265004 -0.67802967499344269 -3.2933448886757266 -0.94638829471626906 -0.90716774805043809 -0.51501869689831403 1.2081669296337614 -0.67097108524074034 0.52163262439741398 -1.1654866000126529 1.4594308641889475 -0.69758247349944447 -2.8913764231524794 -1.4342071561946734 0.42880587612071219 -1.2919965620716232 1.3074492883266737 1.1765262839186523 -0.92611101526140938 -0.61152442291779208 -3.6175993174598622 -1.8264658649007885 -2.6484264200890002 0.1509433983171459 0.25716591147446677 -0.69079451947509418 -1.5500300304736103 -1.3318459445929116 -0.17538870475739932 -1.140254500870314 1.3252020187496598 -0.87698449406316326 -0.25758518019379273 -0.63762839375917457 -1.0030041846645545 -2.251631534478074 -0.85931895055874663 -1.2626972905694278 0.30213383177805331 -1.8444429366744104 -1.2569453959517811 -3.1139487314894492 -0.30719236594774624 -4.1270564560579848 -4.2109297581737 -0.85118021429139279 -2.2332210148048732 1.7191156479648311 1.1781157354252834 -1.3353514897206491 3.6303914968057689 -2.4891714170463874 -3.1849668289019046 -2.0766949134782484 -2.2279127829790371 -1.1682558359833106 1.1096740313500997 -0.58099537401683843 2.3082511019356238 -3.1177219167426107 -3.6144894639322089 -1.2188398549043014 -1.7671709022596431 -1.168203033362105 -3.2756267355104405 -1.149893735475944 3.4544806436042825 -3.4621211128015172 -5.0755572967481104 -6.7629480748844886 -0.21127602345095814 -2.5621615800178565 -2.4576109420769661 -3.6769349928277406 -3.7175626948449665 -5.4565851474063782 -2.2343625711606396 -5.6617426374752569 -4.9727673151926846 -5.992135013335897 -1.4216277595597695 -5.8217699919147741 -6.1432917015795141 -5.0334620423776819 -3.0268421093858633 -4.6996722453621507 -6.3657266919730953 -5.0696793320094908 -6.753071483231289 -7.478231357040019 -4.333324196351354 -7.9261409613064542 -5.3773125314583075 -6.3491510914858607 -6.1739345622113895 -6.4324755004349603 -6.1371724555924816 -5.8210808333403978 -4.6400892242660241 -6.6720856478844359 -6.1879698036163324 -4.9836775398309374 -7.5020836750793611 -6.3627778806745674 -7.5696739200065224 -6.9344517041965021 -9.1368390887816116 -6.5655425465155002 -4.8699264908352404 -5.6738223776316605 -5.4572309259876617 -6.9799048231503935 -6.227762884610458 -5.5747302642751864 -1.2933037545359944 -4.1866671765097809 -5.2046327647086823 -5.5288607077249088 -5.2499789622993589 -5.027829145411177 -4.4436080134415512 -4.1928914322015975 -3.1374281101963279 -4.597707600356701 -4.1145369346263347 -5.5509128873525553 -4.6421722172034467 -5.7284076680578941 -2.6652131244484676 -2.4996915273808886 -1.4688819164378966 -4.0903552660970908 -1.8421372123489228 -3.5872480029839671 -3.7509313557928947 -3.8729846093510316 -4.3606813132102005 -2.6820813201775318 -1.7450827061497667 -4.176003758611067 -1.0232214464301874 -2.3649675611155794 -3.1411973252154963 -6.4685696387465725 -1.2021986395023589 -4.7234286129679992 -4.3928613485973909 -5.0681225994945498 -3.890270266526441 -3.9444631144061444 -2.813504929918492 -1.7143871888719007 -1.1190689946331391 -1.3472294678202312 -0.52953154901223132 -2.6544296605361719 -2.3172434335426901 -4.9359375382103412 -1.0879072263776208 -1.4846717059268959 -2.9542575411804357 -1.8432828734350017 -1.7017184943324808 -3.3678823888858607 -4.5600126547344404 -0.40310409484934995 -0.10760835590840015 -2.1903832871328546 -3.0237938345866477 -0.86554656537476204 4.0361142509800016 -2.6203774566286531 -1.1525648113280245 -1.4876192018654066 -1.393555404067425 -0.48234551929049713 -0.56361728397273769 0.1470015113213432 2.3117929509294397 -0.78626262087977206 0.22534437357273557 -2.1522513745808141 0.77720612169189829 -1.9808891644040296 -0.024526878254632754 -1.6345780704102044 -2.0683041783784675 1.3854871899070662 -1.2522812422151588 0.7543290284523082 -0.69335897160546089 -0.22481111700261672 -0.31784400235180721 1.1233382765150079 -0.7118079944436273 0.20830114777784603 -0.18830661235855661 0.98785510649126451 -1.0724177022966384 -0.4338980543031567 -2.2617095629582415 0.86726555646427195 -2.0485642968348117 -0.39345135979577722 0.44984362843893 -0.62438680009322378 -2.094823030279251 -1.1318775424493173 -0.30267388397653838 -0.7401522965321119 -1.56090796983294 -1.4425634922723616 -0.51753215510945294 1.2677802201900279 0.77364094435249042 1.2744083289420072 1.7579915446431194 0.56522192915683711 -0.22473118336199346 -0.76181284460677368 0.14402732232706261 0.28361435881985175 0.1349100158455824 -0.67501463082683821 0.6644437469029606 -0.55798204124484374 -0.012938663409923341 2.3641941376460416 0.77190555065957944 -5.2247821605052831 0.6905602024808426 -1.8484025589066222 0.45666517545736762 -0.58183262904774702 -0.19041457375772095




