# Created by Octave 5.2.0, Fri Apr 02 16:06:15 2021 CEST <br1@br1>
# name: ptcls
# type: scalar struct
# ndims: 2
 1 1
# length: 2
# name: x
# type: matrix
# rows: 2
# columns: 320
 150.05618829169828 91.485261112963173 90.939338160948665 74.948579268931454 93.760910132556873 108.3354904806904 63.863281096681426 80.751329484341767 90.716652889570668 109.17044797671849 97.60342245341711 91.990660719677948 106.78882201733651 107.67754611741269 107.82950476785996 109.29046759297263 84.143823570835025 100.31084293196544 93.972514327518397 95.408033225422045 96.418620984291096 147.26340601790241 107.25361483426408 149.25428636846101 143.59500197224921 126.44594705495561 145.36110639350784 143.54225514209605 151.62481853579021 151.0408563071976 141.1915512565981 149.84747257005856 141.50204362200176 120.30564506021636 149.13546657228639 146.46780625020565 147.09884144429392 150.45776353974321 149.50940841270062 150.92148879682767 148.07176044542564 148.8916226549338 142.48135039571335 149.66212012403662 144.8083874491162 152.25771910176198 162.10390349063184 161.03043205823775 146.40276077475977 144.60202017709116 139.89633630476038 148.2437244706432 148.75564087948706 145.82520004500782 162.1903826129255 163.17147432398042 147.64393539429287 156.07246185071912 163.72204299710094 161.78016166619219 161.05969384925194 161.48978509278049 163.20789611265656 161.30385165719679 80.261925869993703 81.288768690267148 80.577537879112768 63.772797295545075 81.795852711444212 79.891246384237363 79.354571977728739 20.729154841391807 83.508726317894215 83.733178279516878 82.371861050389128 81.409184317946526 83.773804332814279 82.575252701991943 83.084264980669772 78.735339002482505 89.718995560478959 87.757968741635281 86.743562831083608 83.478641942341284 84.594046545118331 83.519629864680354 84.481420027213929 82.424768541533297 90.02892514058469 88.67059630867486 87.5020051329426 85.691716833111698 85.594356020156653 84.511223545830788 84.697388090547179 83.836731879111198 108.68032844988265 92.997319533482752 88.849604381262509 86.452544516020524 85.294808980971055 84.965226700257332 85.895171641725554 88.141765885871223 92.960479596649023 93.301419686220427 91.860690711515161 86.363234981843831 87.351932530102843 86.909390247901769 85.871796915618873 89.105751167269901 90.803213381727431 92.959895041584048 94.531464284398979 89.694909405977782 87.664173014861561 90.125273098001927 102.23432886548045 87.109693089295391 91.562745506835952 93.955609190206545 93.896848512181833 90.991583885830892 88.552460829314597 88.145206743502257 89.580978421361195 91.251490824172819 113.08341350585667 94.261384716148015 90.855742525128704 92.638675225878274 89.329947361525001 88.463160997800045 91.854656144833626 64.923378135585054 88.800886067283784 88.481488337885324 92.332698796585774 101.12973800373858 95.346622542933815 90.709700554523025 89.345787697060885 61.851296664296029 132.219376439916 107.74524726090435 69.461466365218968 93.043770768834506 93.508780850284509 96.247290829445618 90.428226742836344 65.210420771618416 131.36404138118644 115.54064018450768 118.65816422707454 87.749772588137787 92.722480354617119 92.598528639555639 104.06105809345139 85.453946699334068 112.2542607654798 114.3424237075847 130.91584737117077 110.30144240295066 99.888197279541188 91.857056909363891 91.018488824192886 95.033803313941888 112.91443769982784 111.84401392966053 111.15283751901875 98.464664486647237 84.09870481678351 84.599631470000816 100.56963866602419 94.1265006131635 117.44036687026872 109.5510253444578 106.38309973986094 97.627197169062114 102.55879848726914 107.28820795815233 113.16395197133232 106.23658629314438 108.63942723956912 156.5056613497552 135.57318744205037 96.732383343125676 138.85714320462861 91.859500661849111 89.862087846683551 96.619911077260909 138.30540583632941 137.49559159604692 151.68261665898734 140.85483774419382 138.7438095266026 139.87043715865315 131.88339432515235 122.43126398586836 137.23937440607028 138.49400020797188 138.67168754370877 140.80176759883017 138.07496219176693 139.39940212832249 142.60867616313149 144.15899011678749 134.57796817754723 136.53202227246766 135.83975195525502 139.69257051280533 133.03497319335187 133.73432766110145 143.63317175608756 147.91340009745133 136.58388336111554 134.7827870078319 135.41092409782974 133.3151312468066 133.56570153898787 131.00741692158226 147.30298926716989 141.46872532897032 129.26610270543145 134.45855681392538 137.63177264013419 132.50537041863075 134.41544869878706 146.82227283223824 147.74553409088952 145.77194021063767 168.76887191007361 132.47004363739944 136.81220194701368 145.08933851101219 148.39943430121792 158.17372224963461 154.83260707474241 163.00383410000452 141.63908601965321 124.98695805723773 132.94272527286896 159.20880013286728 159.79551792229688 151.02500379256381 160.50261579557969 162.19303330894829 142.93293678641962 134.89237853949186 159.31763514007639 160.32983468219697 161.38899501504363 157.98994495249349 151.04500636412388 115.96647752923261 165.24960090444824 164.06896206776142 125.30217873326484 167.44911537230175 163.03556997325322 159.26265931300239 162.46326360593349 164.21718858873976 160.378563459931 155.76997322541007 158.28933507431921 162.13985923872261 163.42197884909675 158.79384956225815 162.38153679027133 163.04941514134742 161.36036038933779 165.11168430965017 164.16728475172894 161.49216467447494 164.05895784059518 163.23897658836145 164.05871095481598 160.10204608479751 161.26734159796993 168.36516156879958 166.11942125065764 165.33297451738756 164.52063669297075 164.4328369990892 163.52737535279829 164.82420722659776 166.40211742684383 165.58524352196358 165.46115525383874 164.8104044911791 166.27784320884751 165.16253376980112 165.28138425070475 170.09403621747532 167.36017186559127 167.25963276672306 166.58120980603707 165.88687638959971 167.02116167007776 165.89597689363049 169.5836046270129 164.06864960505916 169.93511959719996 168.3348531048216 167.77672773772872 167.1067502985648 169.37948155055867 167.92843178318142 168.45252129101357 161.15386209049421 170.42065146408206 169.18296276093847 168.74887398396609 167.34729487427575 169.30764167614686 169.30384899847701 168.06418381744385 170.44473068473661
 22.060039064527491 68.919225146612675 78.211412709398644 156.09646039634086 61.108199363167927 79.611864676293308 168.25151250489449 104.07124710979026 2.2005450490395719 12.182758445693176 61.602334620184102 77.741669784568202 85.939647861607796 80.760420324735151 78.367655663740564 78.402668312312571 7.8519930118725716 1.8910243146517609 65.350789489837368 61.603898244101615 61.107726661217121 55.947520976701234 79.580509359407017 55.732060311044641 51.299468345262902 58.56119373724755 51.872444750507199 71.415250994762587 56.089870877667458 57.067507909491333 58.765604631374025 58.327831988980073 49.015186343617756 35.315215934233578 54.622517887740372 53.842963807397268 54.728390503914113 55.941236146177147 53.427637510755105 58.29746617842946 54.191890837870005 50.749669102025898 50.813881088865664 56.832344583629798 53.186431460196793 52.744128044581551 86.881379156592914 87.1403314396984 51.882700246381958 51.022154879169442 50.720903236787208 55.478508607011641 52.106482752410393 52.853839470813973 87.976018331002578 87.554111593569218 52.268169055933448 57.459178585154618 83.742453425000804 89.091636683361401 88.246074521874746 84.894274873566062 89.706417230710699 85.967269098236301 78.335870559725691 77.51992125000595 79.517210404989029 77.191125674606255 79.694803706540853 80.491910143815957 79.338276558750081 118.14508420014216 76.734361263715712 75.671253070228943 77.928258706749233 78.699124424426813 79.125117903408665 78.972711898413664 79.969885250862106 80.670145598816489 76.261402073009918 75.90557493897083 76.350221375127433 77.919205618424982 77.293073070676002 81.013655770728576 79.920543492516131 80.874481715181332 75.166498867021289 76.614468247250883 77.155395508666786 76.684476507995299 78.112414195449574 78.330225539921457 81.120697760014693 82.044410107866511 77.186624518829973 78.034206235908968 75.54430194929715 77.475888581188002 79.220784442062552 82.193952316643404 80.053789692827337 81.249237266929157 61.964687333664784 55.760147522060997 76.715342731274433 78.888865673677287 79.340017340804792 80.679586690706444 81.300603332763458 80.817302144838763 61.460944225745514 76.576897602224676 64.121494715357215 77.444728106320738 78.400629536089482 80.486947211590774 97.100625724366509 81.838502813731935 60.695744238224471 58.394521158494996 63.149580122810654 75.998251197196339 77.778251260284478 80.208867633949495 81.868396893146254 79.859226112887768 55.752873359816171 62.025046442207476 62.54168820143687 60.966935869710156 78.407153699632289 79.032281918553394 78.809716777666878 168.40527749021416 36.105434585174841 37.285582487050114 55.146410073397817 61.459184242131485 62.872945730318726 77.115304071787918 79.709314506426594 130.00164337922456 12.303144930363615 11.415255794276209 47.063249865180254 54.21967978725776 64.112992362628447 62.190610503145905 79.203067395585947 167.25623259967756 13.082137855224561 3.1360800006971123 13.361771336675808 36.490834200470886 63.265447753945075 59.823516649035575 14.754620960043086 8.8444981986890507 10.23826021073865 2.7436793795146479 2.2276432601483509 7.3350385061648948 3.0462371341665397 61.884443187080279 3.5240340237398939 1.737897496147065 11.081121411649521 7.3586956745696961 8.212150829029218 2.0852437485948259 8.9096607957017682 6.2064324324189073 9.3731836976810587 2.2608859743747431 32.877835064264595 5.56415029696847 5.3846170405086058 1.2475762715962246 9.5026348125498643 6.0606171531879207 0.3025618513883413 6.61455655509031 48.698211992657789 25.296656058443652 9.2521064082568554 1.8919662291229822 0.53467496325370401 2.7229365769200071 2.9506125308918767 0.77482478802205201 9.0485505436140308 7.5196456087313788 1.2304632457499896 6.6407163412260086 6.4827933740992094 6.1937071162422237 1.9291404780573365 44.957912921150566 8.6824504812872316 10.219629860301492 7.8250001087003014 7.7871800296616138 5.3908063753048063 8.5861817013914372 49.600114775328706 52.208083770220476 7.9870569046526798 9.6185971149174172 8.1603197302071457 7.3282069153802549 2.1761554361171993 5.1741183826440773 50.278254838009829 51.252253809876734 6.9295963167362444 9.9914170784797633 7.2030751499653993 6.1393206543584515 3.0852917095755634 0.84169767764772774 53.316198756052756 50.371979579435418 23.818416358708227 6.515692456343011 6.4720608538122244 5.1033048552961402 3.9758378233492238 50.80018964874931 50.157984713130801 50.92386084246683 0.57360713932594953 3.0685888474245826 5.7791159758596109 50.055669741358273 53.153076587623765 82.291710906201345 51.966160890202957 84.702698938587545 26.822668821178581 14.327586556116472 4.0276323184199638 81.057187114192175 83.482180886365356 73.782547654028775 84.356811494525743 83.99611042915032 27.059219439447212 5.0708711968381879 82.267302612282535 82.515513161152597 81.046930094210012 81.137517746813273 59.326840476556804 168.53991026035442 52.236162662968447 51.743658344330427 94.002064818976081 79.581793735671923 80.307107704586159 84.472437886736941 85.980553253646477 87.06610477028461 80.556573566479827 67.58598508097937 75.964080463874282 82.878422079775333 81.59888756098222 83.250718836212826 81.696492761076442 88.598390858553032 82.147592395412332 79.806254528713026 80.824257315469296 79.984042269490047 79.438309847356521 82.627122177369415 84.86453577486013 85.308416065956578 83.467938456950804 80.412179787229988 79.476067517935789 80.960973972740788 81.763442942795621 82.956414052919769 85.811349187585009 86.28040959477832 81.347125012129695 82.108080386051029 83.155526044157767 84.12231335844929 85.101965422701483 85.190929966709277 87.460536186168213 86.705438304053189 80.904103516679854 82.060355467700404 83.131112722796388 84.08539397567553 87.129189423034461 86.628229766892431 85.689280459700555 88.211483652665279 83.848341831633618 81.837493967528147 83.166591331144403 84.086788655180015 80.436201283335791 86.563010672056677 85.620615117177877 101.53867516868326 82.030097222641771 82.618593929757466 83.801935974076642 85.496259256560052 81.461400999882159 84.702932564919706 84.582029885654705 84.864765303255822


# name: v
# type: matrix
# rows: 2
# columns: 320
 4.4388033362693289 -1.5491047806532685 -0.29864032146903091 -2.3617106020879088 -1.289536100052328 -0.6014071985477889 -2.1503952028466684 -2.1848560259870178 -4.9758099683079076 -0.77213274289966505 -1.1134643534458255 -2.7475587541864401 -0.74118715823311598 -0.18076469353057439 1.2369913380688891 -0.18487984193887058 -5.5856778321627241 -0.55122396234240534 -0.8333410464439891 -0.98447696954125208 -3.0135072747487319 0.23168460667166788 -2.0390372088867137 0.59248855180350724 3.0086340377050331 0.18963793975630527 0.74018953731976711 1.1313036246855084 -1.7624351012665112 3.2326314137253469 0.076597165524798977 1.3562306679842988 2.3841732476203763 0.95492287514684171 1.0782145267787655 0.44487581936699366 3.4969119729992024 0.84834710120394163 0.80326512927658222 0.087293427824554598 0.70356319012124291 1.8024891623761758 2.0358403780803358 0.85125154405204573 -2.2312377907353045 1.6961192366017308 2.4425442283189613 1.7557085061303881 -0.71297846820242949 0.9080814984651292 -0.12430210672808428 0.036193225993479239 3.3552532608514412 -0.11957430745959753 1.4076119676796328 4.2372787669990224 1.4722321888761556 2.5807933735430915 1.9860461653709762 0.70050697569583509 1.55770110495973 1.5204490178854071 1.8728617628615611 2.5383668676421793 -3.5296790422428446 -1.4822953533146499 -0.76626729924839887 -2.5555409142093808 2.0735310986110531 -0.57579296111996658 -2.2225858586462577 -4.8083481724781443 -1.4392619112329881 -3.3644604373949072 1.8342076032148149 -2.051457184912127 -1.7169070094723229 -3.392418695955798 -0.20778549539934146 0.12650620998821177 -0.67631515750259408 -3.2157297077913487 -1.7098126438570729 -0.92533108410808396 -0.036514303861423396 -0.55042014584177879 -1.1301118986675365 -0.96346528638587681 -1.2719371240677624 -2.9407794408703376 0.023106437894050383 -1.9101758546053851 -2.0772494399542309 -3.1632931833782729 2.1670998425723691 -2.3196627983307496 0.63278195861412057 -2.9636708190959973 -2.4911778847124135 -2.3773072809010811 -0.6087651431180765 -0.93056651908424715 0.040008882649177194 -2.7959375614509954 -3.6777968737367535 -1.4777761661304927 -0.21182774842328889 -1.0793043066100494 -1.8988133778812668 0.73270653703233324 -1.2616660541778828 -2.0538525013709044 -0.15408832188364663 -0.29687567406992016 -0.75997471764307578 0.0047639311156579614 -1.6695421793817611 -0.13632390443044862 -0.98235940944024569 -3.2364727204963479 -3.8739944867271978 -1.7504695696615298 1.5953852110916007 -0.86289789567913622 -1.8620059442148773 -3.1726739157690758 -0.92349062912002833 -3.4380844696112374 0.63942593884555221 -2.8852301623531327 -0.40331624824032036 1.0177746486173256 0.30783994035492451 -2.1249285558237707 -2.2363401193177439 -4.2012164923952175 0.59465131500434765 -3.5637496298509506 -0.79950409072580253 -0.94314333146569318 -3.1102171893870083 -1.3689291410184516 -1.8374370348301823 -3.1420302346738094 1.1736937011374495 0.12926884503112512 -3.3052369035009281 -1.2831716318247 -1.8695823870605677 -1.3204196814796854 -3.6459155934933176 -2.3523091990873386 10.086274951490269 3.1057099107237418 2.9290544254613664 -1.5098136656849106 -1.1479489498683613 -2.5515704176158027 0.28301216482355873 -5.8781346863161676 0.090364144980187328 2.1070794619543469 3.4144409831844262 2.7230024647022728 -4.5841725272978637 -2.3017322836189229 -3.1717118197152869 -4.1135203288958317 1.572967253220569 1.8189176147294293 1.7253415863572805 -3.2306137532746719 -6.6662290243363893 -7.4790809516548213 -1.3774459901800444 -3.6939482381896753 -0.31910471256220463 -1.3324634638551338 0.53062484388053455 -3.9528465882916204 -2.5002090853590921 3.2695686512949664 1.0862742734625994 -0.92658671334830167 -5.0913061521010965 1.9063454546835059 0.18066317220393299 -2.6565179522549625 0.29073861035588694 -7.0993497088911184 -5.0433279274793437 -3.5404022153253294 -0.081787274641864888 -0.53711733853593091 2.5327848163482951 -1.4220796571516838 1.5144588193989779 0.17602894656774365 9.1601222245199327 2.7900351269563872 0.29842615548442664 -1.6018460428923156 1.2935401774781874 2.2919472574184772 -0.15476798625962168 0.40758830810594043 3.2626555593241613 0.40677101011770656 -0.72953078073707023 0.44471026522647406 1.152484829655632 -0.52680600527119259 1.6000145085467101 -1.8657564545290564 0.85490587069378665 0.99999635940526732 -1.1095761114774294 0.70288616451788466 2.2640524472859331 -1.082055622088592 -0.18631820032206001 1.7591138986932715 2.4800245043626097 1.9843499316908029 -0.92266956557525615 0.43095350873966359 1.7355870342826001 1.8867098562601032 0.89252867064438945 1.9300542257310147 2.5680862712612469 1.5860554189182245 2.2728166734052841 0.53902689560486516 2.5178743510196893 0.28615413228643138 -0.45271124604499086 0.77050002044685229 1.6039025045154522 -0.57369957509866343 0.85284392838196277 -3.8149525754224811 -1.3794848400363913 1.9054154293085541 2.6687975783895972 0.79445250808365253 0.9881179857569653 0.81472543943085718 0.14458440361053829 0.45259446446915658 2.4774017597823548 -0.48716021384650782 1.4340161835669094 2.8773109760797655 -0.12617049364885871 -1.1396072695747648 1.4557143044461101 1.9423115050600115 -2.100086601167332 1.0796587121219132 0.47346546692292085 1.3998174290566554 1.8310862291846552 0.9920731874480242 0.13883620224632112 0.88167391345715806 0.51532177851477956 1.6300410210496579 2.3995078193523671 0.019055631461090683 -0.53698021654660311 2.3862476031908164 0.24840907166457729 2.2174836285376367 1.7396231256225845 0.67316198795679805 1.3153750531624067 4.2310272301813088 2.9328288386800971 0.17336791198312848 0.68037011625501564 1.7834021659231774 3.9919239446002024 0.67081676979931559 1.9025822144649562 2.5519046656725304 0.68102473572023559 1.2617242267863196 -1.2686194330557643 1.1317207205358881 2.3425544482611107 3.3386610782498285 1.3754444846644653 1.4565337254398556 3.6057530557068267 3.053665268688023 1.9198421065497411 0.49851228124201863 2.0044380490358771 0.86671324886876744 -0.27806560471000125 1.6830849998208843 1.5886586918386978 2.8101315427773681 1.6429534826535077 -0.15872939818187848 -0.32272637055305553 3.6638245066659612 2.0476813718726339 0.49727129297294598 1.6197648551644541 1.0795806053282941 1.6157399007580535 -0.33233818851849467 1.2924798971492928 -0.23325023956700711 3.1975111503140945 1.5422715651122554 4.0942735753758521 2.6970796194298816
 5.5987895625229687 -1.117490105380994 2.4397745502562347 3.1959294126884794 -2.4858938983807284 -2.2322960480635108 4.6910185003851357 0.29108599795669898 0.35003903565258249 -4.6503182079168113 -1.3340940241895314 -1.3394140090280482 -0.81039780598378297 -2.1967373408261794 -1.2881319220352845 -0.3497642394991804 2.4860434600835952 0.40471412248609107 -0.39137290134456626 -2.7323599395663445 -3.4364227104644618 -1.8002054418126243 -0.29953776917329261 -4.4157231733712123 -1.0303119950974637 -1.9360448762617062 -3.4696634361396299 -1.3688265063269536 -0.84893639440026913 -2.853506518478933 -1.8863316855641648 -3.3155150102527964 0.78981471760064048 -1.3575735504779309 -2.1078503318591459 -1.7421830488120194 -3.004412636171427 -3.1128629026527572 -4.5572199521968919 -1.360797523194458 -3.3844575420820346 -3.7287306058763141 -2.8789710989510109 -3.4155303025911605 -1.7851850362525274 -3.0630822844400307 -1.1984336221134857 1.7800094904827524 -2.2040653058362318 -3.3141738911613667 -1.4028322810151241 -0.9683542962179762 -3.5569646935213197 -0.86325335842520923 0.82817918187479345 0.74536278685788759 -1.0899725778027136 -2.8624243468958199 -0.62266700408203846 -2.8542261746304982 -0.54929853924780747 -1.5276935819639148 0.28513279881495152 -0.089967104474271517 -1.8882932872680744 -0.35226847436423175 0.37552501986720199 -0.70265671128496998 -0.52202981053300734 -2.1598594628669301 -2.9299822461034881 1.2975106343904557 -0.18931566491989713 0.21171467240643907 -0.31732157755473156 -0.12142637134162264 -0.76548159345606615 -0.0011353779549300054 -1.3071822764581156 -0.26623249349808653 1.0720893805370113 -0.36709763396832307 2.5132133185586811 0.58451958160757445 -2.1607407452004281 -0.46580037151471276 -1.5310182110841768 -1.1362869012119392 -0.75510588491058395 -1.7638105712383036 -0.71430341198071701 0.13756741502458641 -1.1131362538560212 0.60498262307866746 -1.0908389065443798 -3.0656407319067371 -0.67580259510965013 -1.1052043888528862 -0.15301169543696053 -0.88991337276384153 0.063392228774824227 -0.47229113954365354 -2.9719808310697831 -3.878350623756861 -1.4242570270266846 -0.88275577581493858 -0.59930917662121264 0.11348122931464376 0.23505290789381977 -0.91882436521636812 -1.6983203268599552 -2.7647181055955379 -2.3090617043912665 -0.74279964878548954 -0.88662352630950192 -0.29461414346780235 -1.1768793902053816 1.6278110455846868 1.4511542305423721 -1.4640779558937447 -2.8016488038983867 -0.92235078663273395 0.8671809370983099 -0.037397811756022213 -2.3943033149993687 -1.6462919914199312 -1.5486318388363132 -0.55442572388255129 -1.4985947257817349 1.3922366789982921 -1.0296781866302895 -1.8921742510411341 -1.783056457440569 -0.017007495851157101 -0.53123666256400182 4.4434215050724797 -2.8167137813714413 -2.0702909045076625 -1.1182623563059022 -1.5869886814609546 -1.3396794345561192 -2.2979790126822768 -1.0776297396226435 1.5120815234880927 -3.2520804211943419 3.2515939521107415 -1.9440862629784657 -3.3600778641658211 -1.6395764775863195 -0.052210896346008784 -1.3158899848726362 3.376387489415611 5.0613583329926639 1.5810569792805693 5.8476518687659436 -3.5235628465713642 -0.26173872374682439 -1.4907341497868569 3.9756514192921975 2.0336754259836933 2.2849759340535449 1.4309212020374664 2.9315632834685545 3.4845020597146741 2.4853162827553237 -4.0198797904319834 1.0126998218814658 0.17967195724343579 5.2084468447573844 2.2100026863129774 3.6377316115583307 0.22737499488499707 3.3939076909767407 2.8085742471448967 3.00755251106678 0.77546984859267842 -2.6530697814681132 2.6076642849402805 -0.24309142939553405 -0.86571135038109448 -4.6185728471250727 2.4495046505754101 -0.093875694251633293 1.3988373267484704 7.5887839945288658 5.9957003488919911 -5.0547696010421657 -0.52720321084235278 -5.3422207117402865 -0.37380512070446198 1.0647133412701539 0.17739876547378008 -4.8279854233086619 -3.5427499831189793 -4.4806091023851753 -3.7870902729695857 -3.1014017243943965 -4.0301599970308333 -6.0594747280353136 4.4351460013733561 -4.7056795471398871 -4.2485139343760068 -5.9732859735328887 -1.0074588166212648 -5.3257771547899884 -4.284979747961958 -3.323352984924004 -0.35340087556420724 -4.8147341126160654 -2.3786152235119458 -6.4105111251730929 -1.949858798449382 -5.5818065306937177 -4.6682141376270962 -0.52966261247881885 -4.1991838319241053 -5.2879812902544323 -4.9564980083443446 -3.7528097873954671 -6.4606058718331756 -4.109356975032104 7.3505803850361726 -1.8919344845432582 -2.81732023949629 -2.5976670930922872 -4.753140655394251 -3.7760483923846895 -4.1893871517907524 -2.6284458792022272 -1.3514635546823035 -1.4740300743694461 -2.7505729583128851 4.9553758204151475 -3.5071256362765615 -4.2086453509148836 -1.3589850816795765 -2.6574197650385676 -0.95991379965742685 -4.0373863935836658 -0.82974477502730259 -3.5124652164907841 3.4664148036242786 -7.47464300385389 -2.1089972378501898 -1.4979583119945903 -0.81940030315974965 1.3696552976424279 -0.79749944751772706 -3.2682299936705537 -4.6678312641451214 0.20499908978505077 1.5124862479079453 0.98878102486257724 -0.42603033847925625 -1.679935752199009 4.0361142509800016 -1.2914460420088723 -2.3762498669325538 0.86357808203941411 2.2180122861141354 0.77036766285247382 -1.083758943255605 0.36191772507893227 -0.085503942083959894 0.29152657342306221 -1.072369632113483 -1.9795123299974435 -2.4048552034103579 -1.6982659472141319 -1.7721042424104798 -2.1142670595759547 -1.9846042789025515 0.67021876290608584 -0.86779247860840913 -2.5808964831627286 -1.0328583146490362 0.91669736831108795 0.087791610711986268 -0.37124532303024843 1.2615723639582797 -1.7980200463391744 -0.29794360031957179 -0.74402219548785187 -0.29982458744854507 -0.8309933406694312 -1.6848726736153261 -3.0919137539175834 -2.1356387888088553 0.54286715011383946 -0.14104121392849733 0.96810972368677395 -0.26201369880078662 -0.79160405917717713 -0.19026960268309542 -1.4739460293403861 1.7277055058626276 -1.0970565788702558 -0.43842077549335357 -0.88982802018109741 -2.5283655553761353 1.0302292505868771 -1.2527265131181726 -2.9346446180241728 0.84171186861397707 -2.4138636601148207 -3.9608632112533932 0.59153592943805122 0.26949998543167586 -1.5138462460497468 1.113163555414276 0.33496339775373096 0.86129832952167451 0.11027587500910083 2.1510189800655533 0.82394046648767916 -1.4750504106978806 2.0020588281414122 -1.3965711366314548 -0.19996203331063822 0.28493884718625506




