# Created by Octave 5.2.0, Fri Apr 02 16:06:26 2021 CEST <br1@br1>
# name: ptcls
# type: scalar struct
# ndims: 2
 1 1
# length: 2
# name: x
# type: matrix
# rows: 2
# columns: 320
 153.82917112752602 90.168522049407727 89.453117086115725 72.941125257156742 92.891752584262932 108.08439555583931 61.343809184385762 78.894201862251691 86.32549275053654 106.85854714407984 95.888840419488389 90.544069693471542 106.15881293283928 107.893177135565 107.54104645412595 109.14989803997024 79.287099227406841 99.01884159926999 92.899730763642793 93.329699027519723 93.954559831689437 147.77153998798465 106.79606347615254 150.00517747046334 144.18222876850206 126.60713930374737 145.93211909788241 144.50386322307924 152.28531633523789 151.48552484746185 141.2566588472948 151.02174645110571 143.65924573636198 121.11732950409109 149.93440761746683 146.80651760162428 147.88178218083402 151.21371010578443 150.82309422777223 150.98343773559083 148.80437557878543 150.28828974916556 143.78073686719858 150.33358854562937 145.44907669595619 153.69942045287294 163.8034082764284 162.98548182034301 147.32576579723411 145.25996834510531 140.23544840195183 148.92640451338048 150.46595526840434 146.69844586232924 163.25250663868826 164.27683318531479 148.73824797784246 158.26613621823239 165.45698887851248 163.62140574509093 162.11960742731222 162.71351955111587 164.82932772342565 162.82015225323534 79.16093042647671 79.945241624495267 79.462494990381998 61.60058751846654 80.494898417029546 78.795119865671566 78.289193596620677 16.642058894785418 81.936612423888064 81.17705167861115 81.101410255996711 80.436520530883755 82.909423772211724 81.368892857766738 81.682166608124646 77.905419329574158 88.553750495945053 86.529166517165194 85.438416932260623 82.257065930825149 83.035299738875224 82.686270321115515 84.030227383195395 82.138304645608784 88.670566342903513 87.322215038652729 85.958395661384131 83.661723434896857 84.092705970224799 83.376392110202943 83.82995234054232 83.24192048088041 108.63650328214145 91.467978738699884 87.628466204798286 84.840587420459457 84.623686130012203 84.282815212132618 85.016284856634073 86.951512617975993 91.305106469510363 92.197624670997115 90.819620646343395 85.351373350459738 86.034242281212087 85.938857426077547 84.864469538143283 88.008166043670457 89.653993467282959 91.847919053381304 94.069336610475517 88.614029151404367 86.4580931819509 89.031425734358322 101.3993233674565 85.733674277410984 90.222026993143714 92.211126264758363 93.366550868960118 89.688289019681733 87.590682761523382 86.866059376900864 88.679197890791471 90.052233722176567 113.62692555387557 92.295866233481959 89.748836358736185 91.87652845256703 88.331391653128975 87.247104316756221 90.372357886380939 62.757201811185773 87.401839009293909 86.370831905144271 91.741672852481642 100.32806617199249 94.008174867673262 89.725675555300029 88.006371507986074 59.180570964823858 132.99765803174728 109.51791212116898 66.652014997243555 91.712207622782998 91.825048170354563 94.675824965870362 89.120567218937808 62.497736248133528 140.15673314409167 117.67658062769881 121.21924078686116 87.452400895417057 92.553482618371845 90.860802726276958 104.30161843355098 80.610852565157202 113.04876226890693 116.63735423116994 130.89100539251166 112.23373283041524 96.355065252655024 91.409755396764751 87.050257095898928 92.344640520899347 113.45527426618212 113.2598870418595 113.1702791781528 95.237016670474276 78.515062995699097 78.11533764839065 99.536377574788474 91.351757197775385 117.16912786459056 108.92694485190421 108.20320308059537 94.582882693498661 100.29605276429689 107.7469640473699 114.08728510377472 105.92464167101967 104.31181701028281 158.12605498623526 135.30122320266477 94.10597662783492 140.56577756168534 87.018698318352293 85.831239927773069 93.416933540310026 138.57806197013909 138.08731641653134 153.83548375288478 141.32299248980769 140.1023180652283 141.17911670494948 131.37690438273307 124.80279384378019 136.57677115759088 137.52299206101819 139.14710908560392 141.50764570157921 138.96860742192069 140.33140457116517 144.72142642036081 144.86291877366563 135.20551729487178 135.61909148945097 136.24442276800792 140.1541198046742 137.9353133946131 134.17861971147016 144.853767280938 149.21021413792766 137.3757457732861 134.17601698319484 136.23968567989007 133.08920714324165 134.84993850117866 129.59922756428895 147.88878229880413 142.94240223957937 128.48183357469347 135.13551929856814 138.44321404412003 132.1845086127102 139.36228841436309 148.1398205623212 148.97261088522251 146.25674040204314 170.70076608246828 133.88163287862625 137.35885898892329 145.91105364222645 149.76245448628171 158.93545849868838 156.19592420357858 164.53966965494484 142.2305098557236 121.67286806998482 132.67879490218243 160.71893276120213 160.81824965254171 151.70028842443682 161.57360856682646 163.26242370777018 143.18932703254296 135.23579521400512 160.14201307798285 161.22931632857461 161.75940367932964 159.37405410098276 150.76432708176645 114.997811350093 166.22675437116507 165.9801305391245 123.51710512227362 168.94279412832711 163.76013731911033 160.47094985777443 163.67469472085867 164.82336881623763 161.17115266375552 156.5193960518464 158.72735858605816 163.57523404423341 164.51520874701055 159.69438104273505 162.74427275031871 164.4932874812626 162.38005348166493 166.20426346453186 165.43614929364534 162.82385658841946 165.14448635298692 164.60029879941425 165.52370868536883 161.65344725905646 161.90464613153858 169.80737394749849 167.32705365716842 166.57229253881914 165.56841273626941 166.29140150752431 164.7743061319195 166.07436397110826 167.69798465702908 166.92654650104501 167.44967490386463 166.68009172214292 167.90841120106685 166.93812526450654 165.93039541195603 172.01382842341704 168.7120695340565 168.27602429778472 168.46724141624156 167.67598075765204 166.90569221968099 166.98148669872529 170.89947039663556 165.3435565840584 171.43816081564628 169.49149176992211 169.5755555329884 168.67428639761189 171.71731604323077 168.83945513838816 169.88020087884868 162.0715056050243 172.41629888915321 170.78073043470431 170.46358047929471 168.99564012086134 170.68863802315741 170.91396407053023 169.8614931479577 171.91731955723867
 26.819010192671964 67.969358557039143 77.556701690817277 158.81300039712428 59.636617484861347 77.956574673665088 171.50483523133096 104.31867020805448 2.9856266833839458 8.9667841974386686 60.432224879025036 77.091514626659219 85.250809726521737 79.316210137851101 76.883544111980413 79.150478656805163 10.071370856577088 3.3279120067857879 63.717550729131347 60.800214363153955 59.78642406128705 53.473851800089442 77.669357971443077 52.996414209705335 49.470743650505788 56.915555592425548 50.668195189767104 70.251748464383795 53.736834432437632 54.462754726836181 57.162222698644321 55.647126826993691 47.147750997317637 34.161278416327875 51.941335950845819 52.889814901705002 52.399088275674011 53.415803592670812 51.094179818983903 56.813601532725848 51.703524775423467 48.791667004654776 48.321035314994489 54.581466218062431 52.582049918225977 50.140508102807466 85.964628130681874 87.004530265940872 50.144912825128095 49.624311516869959 49.442518608126775 52.805921308029482 50.006760335911906 51.708227077865352 88.051014786434422 87.441655026028187 50.179701079654414 55.02611789029352 83.112446231179888 89.185518418643809 87.698437629991986 83.843910763398043 89.609374932733118 85.611761365328874 77.577025989790457 76.953784496246314 78.679966064357785 76.593867470013194 79.27890540038419 79.491569647757956 78.255778315971014 119.2479682393738 76.193850647634463 75.283170640936831 76.996441808082636 77.912853163418404 78.865025277418823 78.433371053305706 79.780952916571366 80.178720113921798 75.509826238044795 75.207884968852611 75.222903981326326 77.557650327348796 76.752973088279944 80.01824496419313 78.886611075902067 80.973374578416482 74.28859363445703 76.108248666449171 76.218910841693472 75.8333731595892 76.889788759958037 77.916647546193119 80.062415068743221 81.08648772120641 76.947647876072821 78.283354020563692 74.84060528932973 76.092793071655322 77.900267902355779 81.466900927886542 79.416564308514666 80.544359364012308 61.394177447617814 54.570994370410709 76.12403113948227 77.155796446409454 78.691662198627014 79.996293162693931 80.471908478007109 80.463590867841745 59.889470676631049 76.955074630352613 63.666570452013609 76.602230442469491 77.277768133091385 80.123580388430071 98.334106820327875 81.127440718655862 58.925738892048209 58.021550438614938 62.605043608903053 75.244125745846745 77.093042274908925 79.502822006911231 81.546176603274958 79.287011442439436 54.479067842902076 60.874228324074807 61.266605236564388 59.229505215175998 78.080612327525316 78.241811304596581 78.18754431467022 172.0836285102699 34.766728426044843 34.296677774059447 53.594060365494094 60.110243862889362 61.713168443244975 76.376241897766178 79.265475231530047 131.28691267418816 10.310386228273007 13.421185586574687 45.410776541649071 52.404251049967996 63.491418156062693 60.818903815119093 78.840510075680214 170.95876222382742 16.612782782343707 4.3186222235033878 18.287048228656911 33.669462670008656 61.896236369806466 57.951148279145549 18.13392466644158 10.386189656568078 13.024392103459039 4.1213186108287063 3.9759894521713015 10.152181126685294 3.7441721200893898 60.164961326034529 3.83487773131808 1.8849672009600633 14.416262773846823 9.9020457739971341 10.961378393231206 1.8488463572828255 10.853307050372763 9.6155875757249589 11.886146977661104 2.6006356248101103 30.622725750016947 7.5806149092083404 6.6870777325277366 0.99327070562155784 5.6203042469201803 7.7476276825336168 0.22276751127445343 6.9815438948147372 55.148678388007895 30.393001355001708 5.24897638437242 2.0043786438810414 1.8974127974304087 2.1224031373819394 4.1981399455401238 0.96263069527838596 6.237805225963486 4.3264263318643099 2.578054491277415 4.017707346634519 2.8415093287685722 2.9703210716992974 0.72485125338660394 48.727787022317543 5.6722874257674611 6.2714901074231317 4.9149282048792431 5.2247112245089911 2.3383812322322113 5.5345783015942533 47.503233874634425 50.724421298969403 3.9703666303335861 6.3442955871784497 4.4491635304028057 4.1306249094879037 0.031848148988499018 2.0212396911629686 48.560303551157986 49.061521030248791 3.5864220060229428 5.1613100795319573 2.6384241971033133 4.896952171040966 0.090080594467046138 3.5947454548260751 51.066562344742003 49.882947848062187 21.610399329579749 2.4732876923589835 3.2426822795771488 3.1278574224307052 0.7244871245528679 48.975958724710125 47.999651992789545 49.675271263563367 4.7856765866788207 0.71434731304739751 2.4248893932905831 48.547409960647336 50.909530847285822 82.535130488710692 48.534382455656484 83.683778341653579 23.817814203209849 17.319266335667031 0.86715312113784582 80.948207148318929 83.09008828417511 73.086057396342369 84.01200943720076 82.787629310910916 24.300483128778822 1.2557008182579548 82.208935210569081 82.042641554357857 80.988780949748858 81.439105258436882 57.869423947558836 171.9706073736894 50.94574905963708 49.916530425061566 94.736106188708746 79.37913705691733 80.23361892411009 84.073007099406254 84.774251915688708 86.322886621743493 79.929684745363886 66.674470893683988 74.281494983375509 81.629647616614832 81.115712263696508 83.39123626378391 80.686711301080578 88.495194153967688 81.989052152790222 79.2521269749015 80.525769849249855 79.356573027030109 79.436956976050425 82.353221658705735 84.166125563392569 85.117057071910224 82.940003387064323 80.208905238567567 79.651521440363396 80.513409642686625 81.621287170237466 82.425723254121252 84.962329253554898 85.132790501156578 80.778374278548185 81.490169345942803 82.492357150153467 83.487516910744006 85.029293977509937 84.521711918257182 86.225112011131742 86.264692241237356 80.712357037900517 81.725836563389038 82.976771394082718 83.785038513642945 86.980941823939887 85.743743445754902 85.572967974149122 87.27032860129637 83.005566178300114 81.391446954126252 82.689243266949845 84.120865744828052 79.106182746309869 86.552389124480655 86.14383787862613 102.27077874877716 82.507382450868036 82.122458098211226 83.403838587503898 85.364612847807948 80.970357606463438 84.491011757325253 84.592465087221044 85.071862486251462


# name: v
# type: matrix
# rows: 2
# columns: 320
 4.4388033362693289 -1.5491047806532685 0.73324950453316495 -2.3617106020879088 -1.0791194966967717 -1.3601441848934488 -4.3896691155603671 -2.1848560259870178 -5.9086582482119629 -2.9463535630430062 -2.3419789146968859 -1.1305735815881119 -0.74118715823311598 -1.9809952909122799 0.38960386922380508 1.7699880403166435 -6.2265121369047289 -1.7998450461801334 -1.6328545773891936 -1.0607233779933738 -1.7428390718792708 1.1820141225100487 1.0752436213190719 -2.0329061769578001 -0.31743587138388341 0.18963793975630527 3.0065006902481421 1.1313036246855084 1.3598512513878103 1.3849252230921638 0.076597165524798977 0.81304034083496302 1.9810800985642332 0.95492287514684171 1.9835474494590493 2.0216360735621937 0.17269169458146508 0.5905629527108337 2.609352971074332 -0.72122077710057031 -0.41900823282770649 1.6254486422697914 -0.061714662386763784 0.94695013011126294 1.0856112488379246 1.6961192366017308 -0.39492757133205053 2.5110418170370816 0.73852669309304941 2.8461854619972686 0.56229828007824556 1.447079360120674 0.085552728652380214 2.0620394790343126 0.34572780103053541 2.9215880001516283 1.7851463038314039 2.5807933735430915 0.28808475092886687 2.8219603294007571 -1.288190151080111 0.95113757853320369 3.0038617616033165 4.3597777602519079 -1.9335839803052373 -0.32264751775022771 0.87521914911369869 -2.5555409142093808 -1.8926103313720264 -0.33118460999860955 -2.2342367014131685 -4.8083481724781443 -1.4916701451244472 -1.7477533524422344 -2.988078933679589 0.53570512574254714 -1.5054128491670682 -1.0996556589874324 -0.33196898616827902 -0.98417068630349736 -0.77757026779114924 -1.0002134590389637 -2.879083094518808 -1.0948822102497799 -3.1338194130060382 -1.0452479430102173 -2.5683674164169257 -1.8056505853210967 -1.303438250529283 -1.3013286407551461 -2.3215332608050154 -1.0780293449827267 -2.9910498164108632 -0.29140352408588377 -3.4829101828020845 -1.4501675532729743 -1.0300117012747319 -0.92254473516853663 -0.52827662840878542 -1.7777776825847329 -0.51207457857759175 -0.77123433397888297 -1.69900117411192 -2.0314253412929801 -2.3647656811832114 -1.4239140281712099 0.23519660143997292 -3.8798315549193618 -2.189009982438161 -0.14147169925317332 -1.0246992684324518 0.24132535453257736 -1.9049834003250314 -2.0916414466714293 -3.7955363446968735 0.90358389276611317 -2.7049929097423449 -1.7848126681207883 -0.98235940944024569 -0.87762066486071988 -1.5559037963296469 -0.42212157802096734 -0.65043206043195312 -1.313114352368052 -0.476244881389566 -3.4846760786705406 -2.3555294166814158 -0.84711213819736342 0.63942593884555221 0.52183352617712631 -2.527703233418118 -2.0886780777948784 -1.6382103287242191 -1.0718076628037736 -2.0447218744345204 -2.1922417070727818 -1.8115584945942966 -1.5928743267249357 -0.67574981192772898 -0.94314333146569318 -0.3789305855860407 -2.1277296175351115 -2.5769433786492288 -3.1420302346738094 0.90918658046067113 2.4689053982098423 -3.3052369035009281 -1.4607880485820526 -0.84830447098622519 -2.9297664609728988 -0.99447781728296525 -2.1220100716960832 10.35078207216706 1.8710894697587974 3.6261793130699176 -1.0744791592122751 0.44291639174573788 -1.512810715821485 0.28301216482355873 -6.011228396990238 1.1837800269702459 3.341699902919288 -0.77851291698404534 3.1312789257899185 -4.0853100041736639 -2.554805247499254 -4.3205845582518521 -1.5351437625997253 0.34277568441092304 1.5311361651886506 1.6896810793005586 -3.9427013452874005 -5.7908137114877487 -7.5805682490874124 -1.1946868770402617 -3.4161641860131975 -0.31910471256220463 1.0042134230164976 2.7027607750473854 -4.4525243525938141 -2.6829681984988754 -0.84319352810273751 1.0862742734625994 -1.4361119026950107 -5.0913061521010965 1.9063454546835059 -2.8463632126752749 -3.2058385360959067 5.4714876059699087 -5.9043412096893828 -4.1374348224566697 -3.9048989187122944 -1.0348874491587663 3.5798152144685584 2.5327848163482951 1.3279190077306593 -0.35733624729152302 1.3033918148875421 -1.3818764938425605 2.7900351269563872 -1.7566198391214636 -0.11757858159480343 0.41651198380810039 3.904242645247419 4.5275838541988893 1.6401273715365745 0.82337948615312229 0.89251802577922457 -3.0754075635903737 -1.3612468935838093 1.5490577348805035 0.24447916010131748 0.55308868023027002 -1.8941583730315492 1.4373156492945653 3.0935770795029369 0.77092579898454006 -1.0571017417109196 -0.63430577891335049 0.39840530113619643 0.32196692354461792 -4.8732916999262903 1.2330167997750265 -0.3675395413166973 -0.92266956557525615 2.7285891804115208 -0.6210500315451003 0.78514808179598117 12.498091279628959 1.3853254742649139 1.4226535856306264 1.3286097308102511 2.2728166734052841 2.2503191575522368 2.3492647151466715 2.2483625353729826 0.27047725455764099 0.47235632429637447 1.6039025045154522 0.62030782383071781 1.6915363588375036 -4.5120774630310292 0.79154215129955019 1.2499269292728583 1.4572154522465195 0.79445250808365253 -0.013473330999837062 4.3774985482996671 -0.69410802684500239 -0.89285560386909713 2.607130652889297 0.24569230465507935 2.7820824553095114 1.448797152759612 -0.20596329641789998 -1.1396072695747648 1.1513754781964258 2.2466503313096986 -2.100086601167332 1.8592666308477424 1.2699063100287113 1.0332360398885083 2.5158483368646452 0.79040924832276394 1.5687142349305767 0.88167391345715806 0.51532177851477956 2.5329346185828965 2.5406539999803699 -0.50169643054535706 0.37784270233055472 -0.5897189473846377 2.1729049802638505 2.5287212724150598 0.40060955243291413 2.2484980854786212 -0.31547370880892134 -0.089409524995989226 0.046330470728748366 -0.54118769153327217 0.5700643258374507 1.6515050951451273 0.86905006016184461 3.2934649906656754 0.12006160232187636 2.5072453268042953 2.2014954723513895 1.3506761630987514 4.2822763984789489 3.298801774629796 3.5502618119014286 0.4203707795981671 1.0517017274644658 1.4935529295380823 1.9308620525613263 1.6690784473164531 -1.6166531468584999 -0.28132274795825846 4.3414317153947843 0.48402024950905664 2.5832629337913304 2.7581566181498469 1.013955002202829 2.6322113827250577 2.7397372370466635 2.8657370200800494 2.4979423887621688 1.896313562627012 2.1030329769595046 0.2607552760035074 2.2808151809635699 1.0795806053282941 2.6289505752573756 0.91468752805681697 1.5513634495185138 2.3053718951527875 1.9392882750805627 1.5782593634137643 1.935869029782096 0.46553011197222982
 5.5987895625229687 -1.117490105380994 -0.25216094318310889 3.1959294126884794 -1.7106943832035291 -2.3164700237854894 4.1721444706865016 0.29108599795669898 -0.18146746269963998 -3.7184690387542312 -1.5059348082191857 -0.89514068739660901 -0.81039780598378297 -1.489242419645687 -0.34513643293421065 0.38566053398853217 3.8539502769107279 1.9227558916781042 -1.6937063692683623 0.29235622876447248 -0.4335702756537283 -1.5708168548782979 -3.0529559016770107 -3.5673348248537367 -2.0449614766834898 -1.9360448762617062 -2.1460787316945558 -1.3688265063269536 -1.5898568048172097 -3.9874523743250401 -1.8863316855641648 -3.315467014514057 -4.0505200437493816 -1.3575735504779309 -2.4369866900515147 -0.39561336469416181 -2.0507417344501677 -3.1071784575143151 -3.3569315643315312 -3.4825558519206594 -1.7022845547636924 -1.3444480673483472 -3.42904779885877 -2.1059960353643548 -0.74111485783607467 -3.0630822844400307 0.32571255055695653 -2.2480890450470405 -3.0269136206161136 0.15169417197707386 -1.511915700213561 -3.0140908732370089 -2.4046792146160985 -2.0228480584065731 -0.85153444157398261 0.71205146575519906 -2.5151942476768436 -2.8624243468958199 -3.3989518963967509 -0.24910844264848186 -0.27014846839284951 1.3116149370028778 -0.28377324266783699 -1.0366665116227944 -0.95391374611338509 -0.64891974989030332 -0.90871572517535248 -0.70265671128496998 -1.3773234133642906 -1.3314576909242839 -1.6840932810963638 1.2975106343904557 1.246731096098165 1.941940555197829 -1.6063751686461782 1.3279570375264202 -1.6749743783498692 0.94500671060921415 -1.7224854634708489 -0.84417573141495783 -0.22870320386749246 0.32477098423580164 -2.4678251884989466 -0.21069896879609859 -1.3926923496173136 1.7073945408216225 -1.7312281755770509 -0.91387224583755611 -1.5756384062907538 -1.5601413736510552 -1.3751086921383175 0.093967036921503391 0.37953663860144549 -4.200749925860082 -3.5592379043042475 -2.5282858651016276 -0.22412567065321851 2.1442659168410287 1.1444514298077442 -2.6296384620761395 -1.7299312625039367 2.6458283384755612 -0.60336850989731272 -1.4097284530569856 -0.3471061947221924 -1.8874291537825345 -1.4406413416989801 -0.069928694141139502 -0.84630998016135628 -0.55778995246374297 0.43168381635789294 -2.3991672077363333 0.12408587006539117 -1.0678956960822894 -2.5643142677333746 -2.2595925938625041 -0.93919293524672998 0.73272004687865511 1.4511542305423721 -2.1757938532823968 -1.5531088433051459 -1.4944883310245536 -1.5550321027619387 -0.65584405521495504 2.0913822221902523 -1.7775589594372774 -0.034941397485262142 -0.39590742977117505 -1.4985947257817349 0.038577100691585597 -1.160025426801087 -0.1909325949275674 -2.53023600973171 -1.3844098665220972 -1.9181920535698009 3.9905792702114282 -1.2214198306946955 -5.2450919771250266 -2.1332061614122786 -1.5869886814609546 -2.2324763063565936 -1.0329976926105309 -1.3113451421549345 1.5120815234880927 -2.2697281807267498 1.9577413211152108 -1.9440862629784657 -1.3404606810918489 -0.13772682293492788 -2.0185040203156981 -1.0220500371456027 4.3481037539752938 4.0790060925250726 1.2644032344214879 5.4074691250824811 -1.9440557246307486 -3.5380145751308363 -4.2661922812036535 3.9756514192921975 1.8621008350715864 3.757035823250396 1.7475749468965478 0.03000187635112021 3.9386233951188805 0.34546446195298719 -2.243531212192218 1.0221862893741662 -0.61881644097517019 3.1114460895626834 1.6860228205034657 4.2420605493339982 0.56237795005751201 0.10749581759655877 4.8986538946100362 2.9453708658843212 0.50995540510510273 -2.6530697814681132 0.69923182312969157 4.1167366815819166 -0.18732857422768789 -4.5563912019426125 1.9592215146167771 -0.093875694251633293 -0.10980126599928773 7.5887839945288658 5.9957003488919911 -3.8810666507357019 -1.6462640881029209 -2.1332352546559301 0.00174890346377779 1.2079007382059039 1.9721654144804635 -0.20902793937104572 -4.532294421710561 4.4806091023851753 -4.4641549265211324 -2.6926706889982959 -3.5436870340574043 -4.8752246182609236 4.4351460013733561 -2.2970776150946297 -3.5065170099320131 -2.2043767374526486 -3.9364876201492613 -1.5510833460272013 -2.965762955665157 -3.4337655814464791 -0.96194005317746856 -2.467300157458884 -2.3440920980070707 -4.4118481377390326 -3.7694453356851376 -3.6182460315605023 -3.1845797799644777 -2.7406528781772437 -1.4605135019581474 -1.7219980060665663 -7.3547847304925691 -5.3659186038055706 -0.055748151551498017 -3.0285624816992294 5.4126002891722909 -2.7769714063233275 -0.33825219500281101 -2.5976670930922872 -5.7619948706788842 -2.3008534951675741 2.2703262722293269 -3.0694983803877234 -3.3151632047537252 -3.4809290962284862 -1.57722845819414 4.9553758204151475 0.72867613172478463 -6.6890808055556477 -0.98454764115022764 -1.4438577950094955 3.1557790961028211 -4.0373863935836658 -1.7529212502822122 -3.0420365454864746 3.9065975473077392 -3.2240110276273448 1.281516231803955 0.66240702137580176 -0.81940030315974965 -2.1002536008784651 -0.73463752769183643 -3.738658664674865 -5.8267767589100012 -1.5383709258614315 -1.7446447438627519 -1.4625934496873083 0.28912578172818937 -2.5259703949244083 4.0361142509800016 -1.0368133439629434 -2.6308825649784882 0.86357808203941411 -0.69207321601884753 0.79076253941716701 -1.3039552616902896 -0.20121743321613528 0.81707681651239017 3.0590028736340287 -1.072369632113483 -1.9795123299974435 -2.3324885738646595 -1.5954257052937393 -0.70983093627868765 -0.58425244520649622 0.026314492157051575 -1.2596287701100635 0.98973523327235013 1.0439417897267793 -1.803430416168595 -0.22441396868119434 -0.63944110844101687 -1.1243001742323395 -0.45219295677167459 -0.86823684960523417 -0.18671713447980565 -2.6053480059218961 -0.46754392856527122 -0.59273998955410967 -1.8570556056845506 -2.4543094243501167 -1.9322411717627268 0.33037892918076533 1.6393086665794403 -1.4081100631911532 1.6347931415920405 -2.9672982695170793 -3.1350968826564167 0.89530616804815821 -1.6002547337298776 1.1193507858098601 1.1916505089699012 -1.1465626108276379 0.41719722315044716 -1.1627272243164519 -0.065950483356778097 0.69661185572193707 -0.47727579212144927 -0.84241870140658492 1.8256946081469836 -1.0450558505826169 0.91773407181323174 -1.1398858834307348 -2.6488326546565961 -0.86380729005213674 0.86129832952167451 -0.88760947041061899 0.21239370358406751 -0.43829360847923327 -1.0271381599462119 0.51780084146911476 0.36814453203017905 0.56826935957409053 -0.60197579114611877




