# Created by Octave 5.2.0, Fri Apr 02 16:05:26 2021 CEST <br1@br1>
# name: ptcls
# type: scalar struct
# ndims: 2
 1 1
# length: 2
# name: x
# type: matrix
# rows: 2
# columns: 320
 134.58008136038995 97.449314518479014 95.762581344177335 84.041165086969855 100.21295290014631 110.3056588936717 75.174131558119612 89.163025184396815 104.42783588382397 111.57883883354943 100.85328244537341 96.898416424356768 109.64239257652986 110.4393152381074 109.17757951796828 109.95236702236771 104.41403851167966 106.46180505099373 100.0709638437352 101.34449061731641 101.67696966998551 142.93759590995728 109.43370214658955 141.78807500831905 140.40720132158685 125.7158409868988 142.00914608967292 139.18673618705458 145.44934805975328 145.92934914527214 140.37590113437139 148.23360691003268 138.44974495523914 119.06272717871551 144.90111923926563 141.38445018801812 142.77327238768075 143.96766508803941 144.83012722285707 146.03877769566375 143.87344850102539 146.34020062899344 139.16516402873845 144.91590326609094 141.65771311308063 146.758841269388 156.00702551829818 154.94513193880215 142.69311903201827 140.9228527548965 139.82649479694703 143.95842089695199 143.90257818031466 142.15405591362563 156.27334210136308 157.11142377916457 143.55742052866236 145.87962840048124 158.36659490498312 155.36552849347507 154.26160834467018 156.79435117470729 156.7627414103963 155.86546710357456 85.066741498049538 87.133690070615586 86.035742994795925 73.611629815253735 86.956268203251085 85.560090541147204 84.981288858319814 39.241295305433582 89.505675598435062 88.757882520903692 88.239414399098095 87.162037730005608 88.612793303420446 87.861523722768197 87.659965368095186 84.42686284141574 94.914865250152261 92.56328949759876 91.624549004494568 88.893994261507217 90.023555650552069 88.828571774229815 89.873506823377653 88.095430475855466 94.320566426374427 93.655909976533749 92.670258836372767 90.804378015613565 91.16485825345903 89.673036134821544 90.371322109244403 89.20439494228502 104.13314466232477 97.82710834536914 93.272388447566527 91.903117024776122 90.701548864239143 91.480718166154986 91.288899409079278 92.41475014723369 98.711622564698629 97.978816495862674 96.782307274208705 92.000083161821678 93.165831577112627 92.179203713448302 92.523570604441019 94.456909886031752 97.161751993353917 98.377547864625583 100.56625915175677 94.789080076148892 93.063996854290949 95.450809693926203 106.01641259182421 93.209555807454038 98.282219809358793 99.091056438775482 99.623454842977665 95.782895207106719 93.875383794334709 94.383588631661993 95.540357624461535 96.839333359692887 110.62162364130049 98.280296720844774 98.012465293336604 100.08475450081667 94.848429690727059 94.015962851327757 96.900311299601881 75.577756985528183 93.439178118580557 94.567618894438979 97.015738845142792 104.76083982988264 99.765312838527691 95.965325163669974 95.235105259362598 73.948113067787631 124.37265878777481 108.07771942981374 82.186628443695838 97.84091273806547 99.533068736938915 100.83171437641991 95.946927582480924 76.755286903404652 112.13141063872648 109.62152470647116 111.15853406456876 94.269161105333865 98.987101721158837 99.19466026975995 106.97605903251706 102.29051774594434 109.67849084695467 110.28890819800746 110.05229886302028 108.61867485621285 108.58742658514717 99.32208901639774 103.36031737161483 105.48903770412078 110.77554887441164 109.09056460355276 108.95805794139191 107.85196197020079 105.45704373206446 106.50837304379782 103.88615887795385 106.03842300820516 117.83605745638526 108.12874896357503 105.38466992094521 107.52551824435253 106.92129855040938 106.61472550203558 109.77514111455825 106.61586598237064 118.09795465792979 149.16623134922787 137.27781950083977 105.56279830230181 137.1685562576663 103.48584636724235 104.53732837050771 107.64961684365608 138.01343586402285 136.93919983027999 141.93139511604011 137.04743013943437 136.04133033434465 135.8937883349206 134.59770179796817 120.23195738375081 137.94313128860213 139.02188478477936 137.02375323359342 139.0615506082714 135.43701416395396 137.88357549458684 139.17373637505722 141.54737875142683 134.72104547154913 137.69339612724352 136.63335853764738 136.5606279762803 130.81033089782088 133.31138574327548 140.2198243583284 143.56851178621821 135.79042601261551 135.61149870836311 133.8459971941345 131.76777894837878 129.13844747157859 128.41916994331544 143.02273192943647 138.00183331432871 132.81838053289172 133.53013083762062 134.95819542323912 130.27066011746501 129.712694655386 141.07313124087918 142.47241564257848 142.63126364719491 160.01852771746249 132.83425794422965 134.40841273435643 141.43272498748922 144.33245520943308 152.41380695728293 147.21785254672952 157.68845692538906 140.13812340149391 129.46589481925139 130.71166132261263 151.52750635796662 153.44003428831837 147.96636163643311 156.29990349982896 157.34578238008305 140.59380032640809 131.24266186700663 152.5894338848382 152.9939306897131 155.58512004577767 151.39394877957156 146.81429571089183 120.35396551710022 157.71818694797921 158.51797665763209 133.38751214775448 161.73631645749174 156.42640010645198 155.60119234344103 156.97539760468138 158.099659027695 156.71690950738184 152.37552865861022 155.28460311626421 154.78890807304367 157.76983836343965 154.55806706942326 155.64926111799272 157.44678969668158 154.79200059734177 158.57356967665339 157.72459169036441 156.18740849399671 156.51823759225681 156.89156203121982 158.77544549957409 156.5545740844629 153.72682165756876 161.65707638669431 160.73809385648724 158.73793225149259 158.70034464044178 157.95315782029328 158.0593731964893 159.1620777457714 160.71059608889178 159.63447098719396 159.8429031371694 159.06764762625042 160.77077376795725 159.62050171524481 160.30904967647098 162.5615295572228 161.73736592542446 159.77080363952729 161.00569119591324 160.25663697140882 161.1697966669505 160.14768850683939 163.17882210071548 158.39668010846015 163.10027196166263 160.84687361315363 162.28648523888734 161.67885331341708 163.93006721834422 161.99785425989745 162.95510078619171 156.9974767599756 162.67281941568783 161.81774537995045 163.71527728694585 162.06229631505695 162.82584438394804 163.62506008357138 162.71284817952258 164.15560617134247
 6.9320486030242687 73.221562052328082 80.647630380128149 143.79213215749829 65.396612800256136 84.102964315208226 152.66004779026909 102.95056601765232 8.6664741170240873 29.667385729623401 67.663495113536541 80.203236305282857 89.059679414644648 85.200960351168007 83.841074902563847 83.07966983623389 6.2614694736064651 7.4539024077699318 69.702408756760462 66.391255583205492 65.248671580065647 65.472205921097157 84.869292322263874 66.26905904463672 61.329882044801316 66.014966510854563 60.04004551768945 76.685233044125354 62.78127232633797 64.766419906751509 65.941382989272341 66.274531731160863 57.805315954907009 45.647141885975628 64.344698581484522 63.66516963384526 64.363295520203764 65.954417253335407 61.920044011077621 63.699162730073489 63.949985502333917 60.683170978821103 60.060502353236302 65.416468521687349 65.13898453381556 62.955285688925564 90.139358230222783 90.925401063784975 61.095076887172802 60.054555772768424 57.776380365019719 64.965334768143023 60.909446091045751 62.3053493763991 91.163925455263765 90.421816234595994 61.95862107100902 65.940749561594146 86.26945797745708 92.020453445647433 91.809007526154559 87.943534526106774 92.42482605384923 88.756678460484522 79.791928770581777 79.748021389576977 80.857153955105744 79.896354013057177 82.18792781107669 82.033475124973592 81.040633317642531 113.14966825774003 80.513171496267162 79.526010713699321 80.533611144695399 80.878615034575589 82.451760590387977 81.679461157512037 83.12503606561549 81.938329184398683 78.997210521876383 79.34912414018315 80.14200680416819 81.404571370563403 81.620269111219017 83.561529654245845 83.875516904020174 84.352209767013647 77.945834156249774 79.628166980888423 80.451913186633931 80.838111446553157 81.999942561324247 82.716488827431363 85.095850076810265 84.691968417836634 79.928520299506403 81.936896460268812 78.362020756778335 81.215468052587255 83.080323054614709 85.50842430359107 84.47253937422964 86.199332990175705 67.907401042944997 63.518119148531618 78.708058555039003 82.689869137322333 82.89418028336263 83.760357960735021 85.061165061098166 84.649257821033942 66.817729711416362 80.931081793763042 70.723547870367213 80.197193172043086 81.642738875864566 83.658876271704614 91.513681936776791 84.123887519763016 65.300483460365825 63.623622097838854 68.724974421985195 78.171484188375729 80.766987128626837 83.289564180443506 84.820934475414759 82.515457702009755 61.52246305407413 66.499524729516821 69.253242186757973 66.564867893986701 81.410269054172915 82.073028631353125 81.286194827621713 151.49630295008484 47.230978100637479 47.008702210706197 61.480463597442402 67.569090665757571 67.636007942005037 79.522024542165639 82.505765054670604 124.18012951379403 25.834855329965059 12.313766044677671 54.547981977645023 62.129201451431854 70.972022457651505 68.744990927730811 81.773158013213035 151.5899859991712 12.89593458668485 12.954391428844753 11.240035630781069 48.022855961286503 69.621020067673953 64.746285165492878 28.810240561629477 8.3995938696844004 13.994531152873057 12.04059707960293 11.016437726672709 9.5074585995550684 8.3379928650881965 65.876863356267108 6.9083051077644759 6.9024549887963058 12.946792790231166 11.914805966566366 10.496398875527651 10.26111204757057 5.4695456085025915 6.4087169500506702 9.6868205276560477 4.523817561494484 20.786433967971906 11.280657218617526 9.3701028042516192 9.1670859420746851 11.115382505420168 9.6636960704220645 9.727281129079218 8.5213662875521123 19.505493948401021 2.2132097152099321 26.850877197913064 8.2070510381994932 19.581691083939852 8.0169108435893097 7.4344823909444342 7.9675084606110644 23.181622097080329 24.729120718750568 18.480808289932689 20.927672053222111 23.858479528944017 20.615541964761853 0.79940354119849999 45.058952453725638 24.322387564985519 24.321822827037433 23.557616849069209 21.449618937946791 22.788906310782206 21.565127049833016 58.757714824030082 61.145147926740599 25.239102153510281 25.73399118997256 25.851173883476356 22.1561677457657 21.452976118195512 22.944028811250629 58.830620090621672 59.52486537677342 25.131455445542791 26.291308177104582 24.325250934632734 23.603652183556658 23.087520735436396 24.051453339313735 62.939889724742109 59.123872531136293 33.819434667113185 25.425809535768728 24.146963132066961 23.233602534876574 22.203050239858715 57.954368966258528 57.776278525644528 58.946795802736659 18.504589769272528 23.869590714830299 23.17358167607647 59.103877488141407 62.845938776776819 84.197686346879095 66.437062286316902 87.21456747737237 40.459100242510033 24.213809111189406 24.297465976656142 82.346252985214349 83.777776186366467 76.937238821196615 85.743193790524074 86.116539302402316 39.528464577237024 22.538621508572934 82.984764038776163 81.936839997457994 82.382599438122682 83.467611958811673 65.460065105072616 153.00087039407242 59.389143060664338 58.711307196059032 90.677289203128126 80.826515050448108 83.027449291073737 84.871887860709819 89.246462573990684 89.391327648201482 79.768508340064102 71.714608164611391 80.01754835396504 82.992760500019514 83.764951073142981 84.11834761769903 83.69399757688565 91.521044193476101 80.953171113808111 82.062100138675916 82.730943461014121 80.794071640540764 81.85114052498902 84.778929765821019 87.403112479312242 86.845316523630629 82.796238698575422 82.031732081227801 81.539438857711488 83.201647390071415 84.253037528433637 85.113251657618775 88.312122835299093 88.451314088528363 82.617030897126355 82.152166787665053 84.606251851770296 85.517175372928634 86.85640627821293 86.71710754770848 88.875104256009863 89.807092377673584 83.053500004606079 83.404541105293475 84.982481367242968 85.831264401224956 87.939534479544221 87.696200082579395 88.745636763071417 90.751498631786447 84.531311848131764 83.77218047989679 85.242290606598516 86.142325798286166 83.598315177442231 88.485070833339691 87.716584034899228 98.222676600022623 82.369635061288506 84.242554960283513 85.616246597625477 87.142607487028656 83.479210863980512 86.856781680795535 86.22759538512301 87.963727094156823


# name: v
# type: matrix
# rows: 2
# columns: 320
 1.3579693284185725 -1.5491047806532685 -4.3815357566291757 -2.3617106020879088 -3.7309921527008543 -0.51892021118569864 -2.2325092417349932 -2.1848560259870178 -0.28172145728049519 -0.62397535907694635 -2.5771844808773432 -0.64242644032005614 -0.74118715823311598 1.1057317552883352 0.92587598464503984 -0.84820767071116276 -4.0672327144728042 -3.1970717917882547 -1.2568026859047241 -2.207241325300513 0.75843382313812269 1.539293616802099 -2.8965915213701376 1.6641569558340179 0.56173282149441572 0.18963793975630527 -1.5312361288925243 1.1313036246855084 0.88176749793310083 -0.0079189595177596751 1.3248119908774247 0.58400503106924584 -0.44389446822367928 -0.79794954796709894 4.5406868774245988 1.6577582046854158 2.2094997470201823 -0.38481019540627298 0.17098322887636494 -0.19236899526774731 -0.59199970397028112 0.27399627413045147 2.5300953728508131 1.8433977093599976 2.1866050461010889 -0.29461740264345898 -0.30270788396664655 3.6536368336549714 1.1580551298631572 0.364837705878926 0.9226288765877696 3.1588707634149706 -1.0645578758601466 2.5526042163318241 1.6592632446607278 1.6078397710020562 1.7205276365174444 -0.71091006101225962 1.9853420847595202 0.0022186995179240589 1.6981307896232705 2.9901540560494588 -0.80651645054448617 0.74884264406318013 -0.67650949603881894 -0.88518997408388767 -0.12607683140274645 -2.5555409142093808 -1.7591669276485322 -4.2486496214634002 -1.0639076316888854 -4.8083481724781443 -1.4413249150353098 -0.78464407025459815 -1.439228508704576 -1.9281582395923613 -2.886285340428552 0.30776347233737916 -2.7944229890385004 -2.3249556658873112 -2.5649644000855938 0.5498209312392367 0.13405796705455417 -0.77494541590352484 -1.393199540458014 -2.2726653080162618 -1.0831012043295207 0.034601917615968494 1.2411195717178245 -2.7088427741864738 1.110342458021204 -2.7287313271455287 -2.2207307253327886 -1.481447762952711 0.60274942044247082 -2.9810135354397236 1.0957960171126855 -0.68431657367294541 -1.9834042353990524 -2.6230285550705625 -2.4436640271388517 -0.92005969044899227 -0.9049849364782695 -1.266062417720585 -0.32373501027520818 -1.3252507836694751 -2.8933725642732493 -3.4655020638613903 -1.1943977426701327 -0.19240202187831779 0.41851696577489128 -0.4538712377596304 -1.9724528248273454 0.14857187662835269 -2.1685818561647405 -1.6560820833402023 0.55354719061093149 -0.37743208329635514 -0.98235940944024569 -2.1555726952590768 -1.7180414921539515 -1.9082151781877588 1.0963422785187125 1.6641564246712113 -0.38086452488286682 -4.3826564165383708 -4.5737949456715166 -1.752362217273093 0.63942593884555221 0.68108515089617805 -1.5428568727286971 -3.0333306118672008 -1.2134807527198919 -2.2219126751639329 -1.8199079853866846 -3.7957378720651369 -1.1285683739734511 0.26991279728146272 -2.7918515007018576 -0.94314333146569318 -1.8127740274579638 -2.2711099033248829 -0.64352839780994819 -3.1420302346738094 2.0503194377782759 1.0781174090227603 -3.3052369035009281 -0.23797967304054535 -2.3223472371600202 -0.35259826239826614 -1.5602979314758341 -2.6756737805290896 -0.27088947835918992 0.28658474862198091 -0.30101647917616409 -3.6202564038395288 -1.64723406817184 -1.7817167277805459 -0.91553894821569615 -1.4935411996816796 0.5027902108912542 -0.62860006352265951 -2.4852510386558841 -1.4201441894059443 -2.6100898473612175 -1.8126335436643539 -3.0486300539206108 -0.49889120473348803 -0.65671876640025117 -1.0607788341089988 1.2580974217030605 -2.1312719349758531 -3.1749018635336594 -2.7196618896492266 1.0884110678974606 0.36112748716669812 -0.042067941515109661 -1.595990752991024 -1.6838078994011434 -0.79801929166755792 -1.8329307202379255 -0.041603105170219742 -0.95467164041499331 -3.6032668451136902 -0.68938511047012418 1.9063454546835059 -0.61536729152880376 -0.63381310331412621 0.63227350421096751 2.1521422655708444 -0.50569212919031703 -1.7718256216826747 -0.085593510021114552 0.33246469381115107 2.5327848163482951 1.7847716543219574 -2.2184957685677618 0.52506192028147036 0.9259881844467065 -0.13605026260774591 -0.81586483938256671 -2.3629845522367856 1.0560388584870886 2.8383225281925406 0.42109413367528498 -1.0409349756079647 0.65313758917155962 0.98745840647050709 -0.23492483480567672 -0.29203508206354545 1.383917961005185 0.94761109786473363 1.1730658445094653 1.6920082290796139 2.3322678442140146 1.1618360858328212 -0.51289640922603164 0.51305755632525918 1.0718928541153183 1.9545793953079134 0.49230991871837859 1.752328713085533 3.6499034854273074 2.7038295826325696 -0.92266956557525615 -0.24512353551950833 2.1921014152243359 -0.85252710690313582 0.58360752365416746 0.26244337419410202 -0.28715683741755182 1.1270624334448969 2.2728166734052841 1.3050181991668759 0.31272743151739923 1.4322240714437371 2.6094202759944904 2.7008827965514643 1.8197677200984315 0.28958687619729773 0.41343194290369084 -0.8483105147087302 0.65548506145022445 3.213523374818513 1.9096034529213042 0.79445250808365253 1.6099356222646837 0.013428842646301301 0.58399638908881557 -0.69571460200893076 1.5661655318389609 1.2844914830986967 1.2200941514695798 2.182616530754772 1.1807055952205585 -1.1396072695747648 1.3571583732991588 2.0408674362069594 -2.100086601167332 1.2810560423827873 0.44209820152760104 -0.28828644746861398 1.4806928644434367 -1.0260753862514549 1.3861282561417099 0.88167391345715806 1.7862815828948497 1.9648903463024645 2.5925703180124189 3.1455499240642206 2.3730419153368496 4.0222250940691939 1.6741135339931263 4.3723413236097688 2.3843660948367855 1.6908548998589403 0.24368804126851693 3.1198966093497025 0.59521318342679541 0.096457834510025195 1.1599497736333442 4.381656838692277 0.86753351341419982 3.2127570557327223 3.4302863164619373 4.0383279933091751 -0.079053357865580057 2.1130731335967106 0.60443352831907571 -0.36137293386564145 0.81453787630166885 1.772155075057213 1.0204590844661203 0.12103846841559973 0.27010532047331443 2.4361742709704282 -0.33177571983534743 3.0494062226072622 0.83790177662639342 1.049575182039356 0.35974293123217665 0.78677134763642154 3.335296024555896 2.5236758339269558 0.86271647239428539 1.1195030984734551 2.5519614495063556 3.5087185071131834 1.801063069793043 2.4488021435330598 1.1749214323425201 1.0795806053282941 2.8002552255707363 1.552086611974014 -1.4518776845314547 1.7590007626464179 -0.80639818947638264 3.752095956608636 -0.37386196542175998 0.59521405281683648
 -6.3445512990119379 -1.117490105380994 -1.3033362540160573 3.1959294126884794 -2.2401484374548697 -0.71120168463772415 3.5516051524129182 0.29108599795669898 -4.6376314738109006 -4.5400459979297505 0.063687160077927962 -0.31330960828331722 -0.81039780598378297 -2.1556878833908955 -1.5577451325150413 1.6034747608792959 -7.64379935690945 -6.2571324588371651 -2.7930165993630531 -2.1513975738309363 -2.5838270162909827 -1.7829720524074459 -3.4511261397719259 -4.0178842463793103 -1.3032790900881426 -1.9360448762617062 -2.1462886729811941 -1.3688265063269536 -0.91018384389689444 -1.8694703267616783 -1.5310372323323633 -4.7350494246268751 -1.199710333045986 -4.1623929172680416 -1.4821330798666266 -1.5258392172919966 -4.5526017732662343 -1.5056035531061398 -4.2953807199326919 -1.437378583449797 -1.4403614522275574 -3.236378021364791 -4.5872516012724329 -2.1724560019261574 -3.2628826934833408 -0.46449279033610169 -1.6133884222819099 -0.19601711103114744 -0.71328884187966746 -3.1591880431060839 -5.0905027314488525 -3.8104232372950828 -2.618358978318343 -2.2365035973228609 0.019294623572239766 0.0087954932403534677 -2.4302804012833676 -5.5080871272896115 -0.13782847599785697 0.36992084761547211 -0.16144755544814937 -3.2560068268693505 -1.9040403862473467 -0.90711760196568525 0.87087019737859106 1.3112361969220601 0.59367913056581412 -0.70265671128496998 -1.8559205585710572 -0.6969387253445557 0.071542262116126798 1.2975106343904557 0.90159397989718748 -1.2283340842447421 0.96625524892793979 -3.2854372385163453 -0.38101789709829009 -4.0836466810720635 0.6400613851408814 0.60920374637162378 -0.72387070469515014 -0.40442634664949606 0.78634434574589496 -2.1354529704702925 -0.38225215206798518 -0.79627967536793243 -0.24986501816093282 -0.90405095389331291 -0.90479811837949142 1.513597541447913 -3.1538456588143897 -4.8944092384200841 -2.6008547217967974 -0.69584749381008659 -0.94257340261816647 -0.84722850042748898 -0.76998383527079506 0.26613902639665959 -2.1459510241507895 -0.66794840892365193 0.54815290615177614 -1.7159675663053695 0.094367559649112434 -0.27350056578701437 -1.6075483795079049 -2.293864557274127 1.2946990353602885 -2.1869689378730848 -1.5023546423298333 -0.047456614840745932 -2.1799585202167839 -0.69016095382516296 -1.0514164778940367 -1.5616586382208544 -1.0400236850793743 -1.3321308377442287 -0.68585645034232123 -2.4086562292043556 1.4511542305423721 0.27369401755956713 0.51681813039949653 -0.40713524726174244 1.3442708268072272 -2.6093525702430012 -1.1536278291755717 -0.66418753520985219 -0.81670147748038291 -1.3855576959902864 -1.4985947257817349 -3.6531692486265221 -1.6542803746083987 -0.12387724977567079 -0.51818172159983089 0.70274877311202277 -1.0299840474984558 4.3506509492387826 -3.8489816290643164 -2.7068318465324213 -2.0360656514204805 -1.5869886814609546 -1.3463428767549488 -1.5308334416533 -1.4952718596101895 1.5120815234880927 -3.5162276711970275 -7.544374669835773 -1.9440862629784657 -3.3350066648179819 -2.2321577330555797 1.4947118152170127 1.2630347243435225 4.6085713932215109 -6.1888406916127456 -5.7598348132010573 -6.7470085260381429 -1.8547540568537288 -1.3425145144191197 -4.6503861323278004 -4.8047683630626112 -3.7528956623351104 -6.0668151915047117 -4.728940637560834 -6.5587245893016126 -5.1640751002909164 -8.0696624951151676 -0.42874512525793762 -4.0171686556683905 -3.6960555342476127 -6.8841662746900596 -6.0879644193833391 -5.1161772412185131 -4.9759485005955444 -6.6628400286539922 -4.2057484485785697 -5.0064030224025222 -4.4535438592814973 7.5300944187976828 -5.6614266870774106 -3.0964299193393208 -6.7128563609462528 -6.6855754163168459 -6.6384941429350599 -5.8531996015723351 -4.8113504814648875 7.1894377369044768 5.9957003488919911 -3.1697542352623791 -6.3354901238799499 -4.7519062120038464 -2.8966729431321649 -5.3080318210577877 -5.8598527785290573 -1.9336351370795306 -3.4188216470328929 -4.4806091023851753 -4.5586464954146759 -6.3129724969201853 -4.7214256461135218 -6.5093544091306157 -2.5438525744779472 -6.2531609950282929 -3.0454744835762542 -6.0715380074185754 -4.6453434725614891 -5.5419215969395479 -3.3750373227955932 0.18988034914368501 -1.6802985123495373 -4.8295972363224138 -2.5037601131829192 -1.8243330267935673 -3.2501373025084899 -4.8075301845276401 -4.8460645521617352 -4.1735296546904594 -1.0819373632400209 -2.051378677877254 -6.0031466277432637 -5.345013875309486 -6.1442070573244507 -6.6445680960777196 -5.7131746599914823 -2.678332940552397 -3.3148921364529973 -2.5976670930922872 -3.6643006104525804 -4.7449467081374088 -3.016810506554009 -6.0238773351706758 -0.11954776748437687 0.16862807404448948 -2.3006570588971669 -4.9553758204151475 -3.1880438929305854 -4.0962204815855809 -2.2370741252149982 -1.6684595615501185 0.16387582536346562 -0.71473551886249753 -2.216430402818768 -3.746751214951979 -5.7848794663264504 -2.9383097255967949 -2.7136684144245073 0.98970819944328381 -0.81940030315974965 -1.8224369437957832 -0.011019867814446208 -3.0339439952093614 -8.6799836807716026 0.10278924491248938 0.58516106882470886 1.2509097480999314 0.14531658641108713 -3.0221276781741064 4.0361142509800016 -2.4946280395850811 -1.1730678693563352 0.86357808203941411 0.75974258260154104 3.2624710415005476 -0.99412392412363593 -3.513094501452426 0.029826689496565487 -1.486706286269337 -1.072369632113483 0.66495763126493745 -3.4142377593601578 -0.096550477868276086 2.1877646156396939 -0.21506276887214135 -1.4444131090298029 -0.20732171134744132 -1.5516842505689239 -0.80753117808764674 1.0654588272644641 -0.45556517694233295 2.0468046338347596 -0.073438221658495881 -2.8664844117131527 0.21827077820240395 -1.881779361558634 -1.8418358282872671 -2.1837413964732222 0.49499839734217893 -2.5288742765441357 1.3915630660796741 -2.0727599929564322 -0.040301065155422408 0.29086389871691781 -0.67215263073519804 1.4421614329511248 -2.4605837091617362 0.44316264602790179 1.0138937713685487 0.50445443983710603 1.551658176672285 2.0222393350104206 0.85039000242521179 0.61813697814847834 -0.1561739985786931 -1.4678259469780526 0.9627520178643133 0.39287041095280578 -2.1697387941381581 1.935450262645094 -1.5332989794907228 -1.2171821561325848 -1.9076397168284709 0.45106290110754238 -1.4458647846168202 0.86129832952167451 -3.0101747480672709 -0.75982591383195086 -2.6721898185726167 -2.1740159260450747 0.47756481071823181 0.31318632474285213 -2.7467837461766891 -0.2157859312013253




