# Created by Octave 5.2.0, Fri Apr 02 16:06:39 2021 CEST <br1@br1>
# name: ptcls
# type: scalar struct
# ndims: 2
 1 1
# length: 2
# name: x
# type: matrix
# rows: 2
# columns: 320
 158.71185479742076 88.464506790688915 87.85685581687946 70.343243594860056 91.655202676467326 107.59674630844725 58.149316546048155 76.490860233664534 80.357267410885072 108.79818204140291 93.974208592074675 89.185638559459548 105.34350705878404 106.49569445902131 107.7424002054226 109.37943970370624 72.033123446167437 94.855696460453487 91.385953810395549 91.75097662672492 92.856338964267863 149.37947998209768 106.76860211832799 150.78660269273988 145.10219164439133 126.82240385613923 146.78546428544138 145.74829721023394 153.179913369118 152.70434631662081 141.34091572937288 152.39186791087954 145.42880120243913 122.1677446667525 151.08142465599622 147.95214507551037 148.97071125469407 152.09778005395719 152.24039910759856 150.55947477537714 150.53774213150396 151.48516595106796 144.66179092193039 151.5332901915699 146.2603248378534 155.56515161313419 164.9455802705406 164.29949412819457 149.12529265350938 145.89995325580438 140.85397651003842 150.00315013382826 152.05983099899348 148.29076506362082 164.82343957956596 166.00212968704 150.18507451476435 161.10500892913191 166.93092414841712 165.97110064224754 163.7805558308641 164.43302374531916 166.93475809772502 163.78456373972799 77.547743679786024 78.618256732185841 77.545887004396477 58.789492512835494 79.3617595844227 78.21476519049699 76.665523427615113 11.352875905059502 80.571977935089677 79.478868608843925 79.847626328680505 78.740313725236717 81.378595461512546 79.632812595353002 80.253247248801543 77.214413714663934 87.738962481133171 85.576440244443418 83.595627152968333 80.771741671021005 81.204489685428982 81.252643851298643 82.286108282009977 81.212642392165392 87.816906499015047 86.560399518076551 84.463253718622425 81.963785519946811 82.402313938028954 82.073468067083397 82.224238684491169 82.60263574916587 108.86825393802607 89.752660515948307 86.766239692080518 83.33769448939664 83.161486843704409 83.234285535242734 83.306917803354892 85.060236762949231 88.910477614356779 90.736562456144583 89.434164846397508 83.58116668530873 84.192520148585359 84.280608256820841 83.304369297814063 85.493895422349183 88.329937170890005 90.260885890533729 92.393104251144692 87.202127405012959 84.638437901067178 86.69278005763735 100.31872801707257 84.127589432558295 89.251671640111738 90.617404447560943 90.90016525341241 88.786059668479425 85.911467292090023 85.0620550625612 86.016099721763212 87.837088157622773 114.3302940866059 90.630912964565653 87.59750709024074 90.281661779774424 86.545228077223385 85.45302824733642 88.425593799163067 59.431972789181437 84.783442688584657 85.916109629987346 90.875408995123365 99.626699076647668 92.449266200121144 88.342050855981412 86.062487755053141 55.7243377066834 134.00910968566166 112.23556866452067 63.01625440339302 90.123036617444626 89.443684067891098 92.709444733304153 87.20186121141397 59.443144924713401 151.5425934234774 120.63408029602624 124.54169878453102 85.598716312698727 91.546923785020695 89.468757254644288 104.61293181485634 73.110304826615675 114.37591447165457 119.41392287278836 129.51568207547837 114.50075592082372 91.57166120509919 89.423186276682785 81.442568586823157 89.448629488378458 113.85868286641207 115.51062369580549 115.58661509532523 91.029655436615016 72.058674790360243 71.156214629593265 98.222222010045101 88.345325633752068 116.81811268077178 109.22463418481836 107.05253500132164 90.322260751758776 99.528103333966996 107.83108024922669 115.28218680458252 103.08331604284542 98.375289673703733 160.22303498638593 134.82508579125422 90.42636253593065 144.25570423252978 80.739744821845093 81.387986550536723 89.253538235889991 137.20233782378148 138.43558959305594 156.62154705086971 143.26653710825349 143.02208535066762 142.43384472374129 128.21332464345886 127.86516966476999 134.92553247305747 135.94903354535612 142.19507485627403 144.76045634176711 141.87680629584523 143.47942606641209 146.58984141818695 145.73449929654558 135.88191303700307 134.37803702389155 137.56997951261303 141.31871285340856 140.29096501547269 132.42597084122295 145.73341656595463 150.92873882054545 138.97280627112406 131.80178051347292 139.26993877703569 132.96629055985281 134.92305052964434 125.06226018313346 149.43607619763745 144.69783756583402 127.46689705256196 135.89273159490068 140.25550365384345 131.47018630482867 152.21040090323967 149.81089963436065 150.46377287375691 147.53045120888348 173.20086442321431 133.31908838623676 139.76120551092023 146.46442001269062 151.27088891352946 160.61539638506218 157.96021695854304 166.39806046254259 142.90686846417782 117.37592210735863 130.5157906205884 161.90419938736386 162.69870833679752 152.57418618333131 163.53453884367576 164.69982247114174 143.61013958928055 134.95458697731445 161.7414266705741 162.80239141091332 163.0180575682067 160.93652845449046 150.69030506360335 113.7442433535594 167.45489368295233 168.4898196177941 121.20700986099087 169.47377079275199 164.96203494558276 162.51153388850423 164.78622169374307 166.90830493826314 162.31980955927901 157.48923735664636 159.29421254242621 165.05989129233706 166.08890214605805 161.53101160787287 163.92187917199576 165.96517731803573 164.04487545973518 167.85646098516398 167.05208524653162 164.13887970212633 165.9649741437936 165.79581933292872 167.50641099083282 162.72994319665648 163.67196398897892 172.62285840727407 168.91822380615756 168.20900804391937 167.15133891128539 168.23843446152833 165.97028396039821 166.96879947945155 169.98497056213955 169.15749396440535 169.65310355531037 168.5460147348449 169.26747934000377 168.3958995749029 168.03063362901025 173.54222720132051 170.87406888634754 170.72738148889752 170.48853560598207 169.34973824588224 169.00833610664216 167.95998088968093 172.79039596915894 166.92312892743121 173.61221772512721 171.87442744719544 171.67100570106675 171.40837570914206 173.84149738466877 170.21044501523198 171.06620938313498 163.25904427088676 173.67000399677724 172.72798277291682 172.55436750421293 170.13781107670005 173.82018305325914 173.43021869942763 172.17539423793323 173.95223176077889
 32.97767871144729 66.740119441120456 76.717843399994806 162.3285227510793 57.704534581738976 76.652845509795412 176.28383835408377 104.63886480580818 4.1473064525727343 7.4449454318450377 57.843622695513915 76.475574005844223 84.359372139939779 77.079026987788623 75.452172823666814 79.126198020168971 12.276930443896363 4.8100950007100165 61.960561180659546 58.865869534495971 58.081843874933064 50.672455891375677 75.827877010128745 50.993906448230454 46.914637912269974 54.772080035725651 48.297642074045889 68.746039307423004 50.592622707292399 51.640815827983602 55.087257844523528 52.747622900879719 44.930704192131913 32.667947510802847 49.911852001257486 50.084043704444717 49.660981912847049 50.726546301939372 49.676116060795081 52.843003075848429 48.884535816473978 46.14748176465163 45.972566700722602 51.918422014647781 50.686600865975549 46.771117589923357 85.367768964086935 86.243653493875257 47.582337705528445 47.727602535121392 47.779411337892199 49.789583755812991 47.216897042357076 48.723239146731814 87.259460183352104 86.100596906035875 47.838844652304687 51.87745110870857 82.228640989310321 88.782149777366527 87.445917157822421 83.189248944382882 89.456402256481169 84.981518428296283 76.859559879036325 76.704352605655416 78.008811392205473 75.820945087598645 78.801111191415501 78.896116277371036 77.476570093686433 120.67522993720299 74.774306614021555 75.04351662435964 76.139782806954983 77.846525177868699 77.974564540017852 77.246930045002799 78.266210753684206 79.404897385823887 74.685264901591438 74.478577563071127 73.933584472927905 76.978657418554036 75.74294779240121 79.127130470295697 78.431358400060716 80.306995824712246 73.571042837351655 74.875144653028102 74.513080376084858 74.963739062412159 75.993241758353179 77.174606890672109 79.484367864206405 80.502647929043121 76.039196170090548 77.479812145125877 73.797058962481259 75.081070918544427 77.173305357292648 81.384686125780206 78.403069757118274 80.640706339039227 60.216483532572205 52.636804628532801 75.476763344622057 76.191233911958008 77.087836168668957 79.011816713840915 79.560496113945874 79.218365180450661 59.083660806439283 76.305938995632076 61.753598487308452 75.721785026377376 75.849151685657503 78.705086773034893 99.930376473924937 80.253469442578762 57.557846081661459 56.631310520237193 60.934967647760047 74.534154162114376 75.703826574521912 78.046029789588928 80.155619623882131 78.805281474169988 52.830613644542659 58.934062014526631 60.496670380248482 57.697423866260316 76.692535534876868 76.995584039018667 77.67426739450886 176.5763472921534 30.954222615829089 30.707893907765051 51.45587203864546 58.521976604206856 60.683555578302489 75.789249245188827 77.876109376909582 132.9502023500234 7.7680824297347266 15.575487097160513 43.272281652373422 50.579423522779294 62.305416325612271 59.328730280552918 77.703172161577399 175.44895056355145 21.099689484121605 5.8866510721053222 24.637607229181558 31.819128060823378 59.918485598688314 56.45299670348529 22.507141227663162 12.635708050299872 16.683987654414913 5.8664657616766123 3.6466250472719279 14.279238104767142 3.4972383367166411 58.820744929662752 3.7000641456372265 2.5510145229254424 17.994635645486323 13.332304217536663 14.574016037201707 2.6135275680785766 14.448229864091166 13.360007687563304 15.126054930133725 2.7349159567479231 27.704348990402345 10.287317484579207 9.644555693797761 0.5715944336441624 1.2411224117049664 8.0717696141554818 0.11950424759765738 5.7566718781779187 63.338920491065295 36.988271738782721 5.1554735866741126 1.7073964408012328 0.11857881064506599 2.8240427365799823 4.7250394780127722 1.3945236301287147 3.8263060543747973 3.481883108292005 7.5067245039010562 2.4396267082297571 0.076063981560394456 1.5676506469148901 2.7109443227166659 53.620273816640335 2.8975771965401789 2.296171548044736 3.4850098396277795 1.2478939386675212 0.63011631629915077 3.4980062090528774 45.26238152870458 48.743850102344858 1.2055816949883773 6.4481354608892998 1.4758019280880805 2.5529203692366593 0.23753522044748693 4.9879235681754297 46.039657967399322 47.116117751559599 2.3701478573062578 2.9779702017154337 0.075605422459402952 6.0447644869533663 1.8465150808295854 9.5853890837988107 48.670023277371691 47.93341109312292 18.752965527178191 0.004975243212987597 2.7957464320037175 4.3894144464012932 5.6977485630315501 46.767100009765684 45.8529984259022 47.194916485197894 10.236589989135478 2.8124961554765249 1.5981256383335993 46.752422279809146 48.125924254940429 82.340666460050656 44.09325742271399 83.148623773126786 19.939009878430035 21.2141806747718 2.5797573880900533 80.801770867162901 82.83340796251349 72.184717062865843 83.758640620561749 81.957613289249281 20.720522722381162 0.69215327502636426 81.990521743410241 81.77908463313392 80.505151009340068 81.290606190246621 54.016511510931942 176.41033304976997 48.760833693643413 48.0669802912197 95.686042078951019 78.211980965860462 79.702041560978344 83.915891439068531 84.273337262563615 85.48126989454768 79.732505863069562 65.494864298360554 72.104031420377098 80.937752739017924 80.694289072087386 83.1066716271567 79.919714491534236 87.333642230991515 81.147610996892368 79.030050492699758 79.829007327997047 78.851460353413714 79.292685770507688 81.874146215496381 83.228227501585593 85.08733351673007 82.45147994892703 80.463510823677581 79.213385588550992 80.166482608736857 80.943057563166292 81.377218000677644 84.9016289598149 84.221510045388598 79.946547367863928 80.510365093624557 81.974477783074008 82.383543576105097 84.548838669990673 83.979906267246079 86.182698099086309 86.404847945276487 80.671428060725646 81.740329121764248 82.774610950170555 83.146040771181035 85.701363209939061 85.024194849138865 85.341254504018423 86.598942239583693 83.002411610225025 81.312723311382413 82.447605622334777 83.618998849392284 78.09651619620756 85.509241757950761 84.679820382787753 103.21820691125163 81.592092551356785 82.104946378920332 83.183696608539094 83.998329124946409 80.236581649373804 84.322025734125731 84.472559495953277 85.339114013940289


# name: v
# type: matrix
# rows: 2
# columns: 320
 4.4388033362693289 -1.5491047806532685 -3.0045668110655686 -2.3617106020879088 -0.17892382460786188 -0.77536109783275642 -3.8039152170248207 -2.1848560259870178 -6.2278115635849494 2.3972171231398987 0.040901041706086813 -0.0068704796710141458 -0.74118715823311598 -2.0271693584019213 0.74786836353734398 0.0054553980679680576 -8.3171015493957352 -4.4819068742017949 -2.1485724946836435 -2.9092331997691434 -2.2622679489784194 1.5518755133613558 -0.68280232314827183 1.2584096419465656 -0.71795622115194657 0.34223988520044646 1.3324997942788546 1.1313036246855084 -0.0023669853050071179 1.6009065790691395 0.076597165524798977 0.74848794637395333 1.4391551916677046 0.95492287514684171 -0.86975998691054268 1.0836049870794631 1.7889576156956026 -1.7838736498222889 2.2724329566254693 1.353668565260544 2.9501226351403056 -0.051579867529154763 1.5416625726827402 -1.0829261213851873 0.77194282835478856 1.6961192366017308 1.453719986313261 1.8723897034463348 3.1184197075426252 1.7347741716595608 0.56229828007824556 0.12159091543826661 1.2901600704296814 -1.8875896878193374 0.79627689331570262 2.7982527862307705 3.3104900030858428 2.5807933735430915 2.8273980708952386 3.8880962732524269 3.5635711865296398 3.3574760138237352 0.52144132733647031 0.11568040105718114 0.93599840925982125 -1.5336510910619641 -0.96245907310156853 -2.5555409142093808 -2.8012256996345863 0.73336627005134336 -3.076224010345499 -4.8083481724781443 -0.27993823438887927 -1.1992817335602159 -1.813836479621703 -1.0747908839045799 0.68553628946450573 -1.1905344993523501 -1.4736626457351287 1.1997749662325949 0.78137105085791014 -0.046572871404414171 -2.2442471494639378 0.55818924200258979 -1.8326545230670102 -0.28953159631079928 -1.7782311742645294 -3.0074880732684783 0.80796964879310817 -0.97376445981649573 -3.6852291259718224 -4.508932488073353 0.72639221015565569 -0.96695443819475213 -1.9022095201798352 0.035698232734402771 1.5956933715567005 -2.5415973205049682 0.41784986101417326 -2.26782781663205 -2.720914653561509 -3.224408350750978 -2.550358284965732 -1.269084774374367 -2.2931654283952763 -1.3369497431963739 -2.3604345137957772 -2.0640223685105772 -2.9082244714309242 -0.92667933721804807 -1.1658848966862314 -1.2729352929152464 -0.73288170945952114 -1.8549848871908221 0.14355280576804347 -0.14465765334865804 -2.4231073510293428 -0.17299083372424251 -0.98235940944024569 -0.25408677229936388 -0.83592868117252694 0.93214877903314608 -1.6499661356710285 -1.6847146747167241 -0.37978828350926069 -0.43682557992856841 -3.3819811041718033 -3.4486651041294536 0.63942593884555221 -2.03798053714599 -1.6486248131237926 -2.7192962551053488 -1.4286874962489722 -2.5682038744247659 -1.2951491404952094 -2.8981392625905809 -1.5110210393870074 -0.83538012177035059 -0.61268783945530447 -0.26415823193366156 -0.84998251335830399 -3.098660909581294 -2.4193510687616562 -3.1420302346738094 1.0675531579244619 2.4969375527113966 -3.3052369035009281 -1.6108143060293103 -2.4446186092839275 -3.3962919676607557 -1.8260071886684865 -2.0018664147138292 10.35078207216706 3.4622966268557076 2.9794398013476497 -2.1325108193741484 -0.7968247252612809 -1.6485958186256806 0.28301216482355873 -6.1023396873290077 0.891617326913835 1.7504927458223813 -4.9865230668161891 2.0005991334864968 -4.4033372573659522 -2.9909551380039945 -5.3608826897254716 -1.2368954509449612 0.72258315361995518 2.2868413766638853 1.9489787364745659 -5.7855780384275119 -5.2052937615734809 -5.9843874961719301 -1.1946868770402617 -3.125274711858788 -0.31910471256220463 -0.82858609247228554 -2.2307520166178505 -4.5424816650429376 -0.00090637047721691994 2.1076986057512901 1.0862742734625994 -2.9642624155779274 -5.7702912516331297 1.9063454546835059 -0.7898017951797256 -2.8899042525393575 1.8053011413011701 -5.5903916787899117 -3.0919329065095491 -2.5591097292964924 -4.2916247718607279 -2.0659602190981574 2.5327848163482951 4.4994307721954812 4.8283046644428911 -0.54280445875002092 -5.0247919854680889 2.6374331815122445 -4.4313052548717957 1.9204063680553602 1.5161660654926419 4.4044197653280088 1.7905788289116256 3.1389982523492921 2.6136938963149667 2.1015594671926205 0.44029023190331246 -0.66074763504655754 2.5304874270683055 4.3899880873925055 6.6703883670166855 -1.5857873712796873 2.1041487628562665 3.0126769310621793 0.74909625359816701 -0.78581356062855257 1.1552037888130042 0.20764606401246377 -0.82145089332560484 -4.0778283734668985 3.645656022469085 0.76659448840577893 -0.92266956557525615 -1.2793259460180351 3.3256636456912818 -3.0096035457852781 11.385883112231276 -0.14432506647663157 0.34544164815720568 0.61813547280396963 2.2728166734052841 0.3469800033479703 3.3145359530133445 -1.2055085947081621 2.9137888113478954 2.4644217477835504 1.6039025045154522 2.3071851642377368 1.2720118536990945 -3.8653379513087658 0.41141584909980616 2.6461608370572467 0.10346527911055714 0.79445250808365253 1.8873745301990719 2.4827283967275267 -0.2745835217065975 0.093182894588012988 1.2611569263785281 -0.96741436542731263 0.67714458553172796 0.81569952392143463 0.0922189635290947 -1.1396072695747648 0.85038426535009215 2.5476415441560345 -2.100086601167332 -1.2938532074288944 0.84602578161667108 1.3421725775869335 2.0491416504526119 1.5810999187126442 2.2617294646206787 0.88167391345715806 0.51532177851477956 2.5244130080585947 0.074541419850098822 1.2310243469516238 0.38961774871821064 0.2583446363441651 1.1523744748367348 1.7128799011320206 3.3349802773028969 1.3024140725777744 2.055905437349685 1.6631501334617207 2.2247758810194682 2.2924221392267632 1.5769197036123723 1.6902955829071404 2.0419423318032681 1.6213281679997107 2.1236523560639879 0.52186114009853468 -0.73678050064159906 -0.24999729016810887 0.99706013118051029 2.2554641960128987 0.3856475952867166 3.0530870494513294 3.3330231396748222 0.58424949268953785 2.2110395963294986 1.9416141589066132 0.82792142677776659 2.310540537437781 3.1892105920633567 1.7774775916602048 2.2584790619705677 -1.4523074948494634 1.195740799361539 1.9650322224063692 2.1376225674375999 1.5314397015945163 0.29036769938836188 1.5971856268239921 1.8476020312703585 0.41458502376012224 2.1874657758367513 1.0795806053282941 2.5602094691148767 -0.12257847577243988 1.0335607047519031 0.0041413330079831667 2.3785066315407395 2.1024183010732846 4.0707494407491156 1.4240090556967959
 5.5987895625229687 -1.117490105380994 -0.14305500593940018 3.1959294126884794 -1.1956967763010151 -1.2744588180962859 4.7744904302597817 0.29108599795669898 1.5893794851266081 1.2516843733660581 -2.179217067641404 0.55788574591031481 -0.81039780598378297 -1.3020681750106524 0.32116897975659553 -0.11200043242230964 2.1249496233776597 1.0634697339613519 -0.93815067376805739 -1.4835281302220997 -1.340041233837828 -4.3860115588379216 -2.6228302689651781 -3.2763818517018835 -3.476650149938699 -2.1797923697790602 -2.4173583978033784 -1.3688265063269536 -4.2083241177155868 -1.7229351646641251 -1.8863316855641648 -2.5727720642389316 -2.3215859951859721 -1.3575735504779309 -2.3528081543098822 -2.9892420287302941 -3.1653286111325469 -2.3901103676320865 -0.40863549824496254 -5.1349578111654601 -2.3197137400685888 -1.6689488642438528 -3.1616965798016583 -2.6052863851728238 -2.5881875581570206 -3.0630822844400307 3.6007422335104495 -1.5003744207702314 -1.2618650347833551 -0.97331702086850913 -1.511915700213561 -2.4981368790614908 -3.3658904376523462 -0.24735285536548901 1.4968525539086985 -1.946720060287197 -1.581182669312166 -2.8624243468958199 0.75819158056117097 -1.4457172749741773 -1.4709347783399205 -1.4256809277904492 -0.3054555031297797 1.9877942767584327 -2.2854298698773414 -1.7987336237175113 -1.3024897600761687 -0.70265671128496998 0.50373942596135535 -0.80892952421182118 -1.1163333210942521 1.2975106343904557 -1.2739227343104838 -1.28877306775756 0.22072820550061159 1.3896712733603538 0.71304112671878528 1.3719892771381348 -1.8008865673875312 -0.68398938141528798 -1.1283565288199866 -0.71304132511872098 -1.8951326216509905 -0.22092261065076096 -0.30650925960124908 0.51520876722420428 -0.84813675076056794 -1.1410700535279117 -1.3425132772698276 -0.85355777332401916 -1.8848583233521166 -0.88124744748269479 -1.8985028242826254 -0.53737662894917326 1.046846954165654 -1.1996439289765646 -2.0520811999692548 -0.31643558783080911 -0.75362982661094957 0.69624150976750954 -0.00059461239999542004 -1.284143233956242 0.92556661599091961 -0.68205523339132001 -0.64299948743560031 -2.4434106275225322 -0.79059326100581573 -0.43027149223423744 -2.4212051108704937 -1.8919188747251916 -1.3095439422461828 -0.83156842674138443 -0.54784897504904606 0.19504669544185188 -1.8947692697991105 -0.95769589803234012 -3.3748767158448616 -0.081529957191851993 1.4511542305423721 -1.8168371965763062 -1.142125591456604 -3.1876175526678381 -2.2915834112099298 -0.93890136475948383 -0.94121462869077022 -1.3470178697426651 -1.8888705622845876 -0.38222188596892276 -1.4985947257817349 -2.1179808485667637 -0.10949594070653396 -1.1695221537529388 -0.54372964054565109 -1.9120797558621301 -1.2323589060019575 4.339080430138913 -5.2843661235448183 -2.0622442076975918 -1.1972431825764787 -1.2143987563600565 -1.18774021058629 -2.5100291172088753 0.68624158043269912 1.5120815234880927 -2.9380605950238592 1.9702365413527385 -1.9440862629784657 -1.7204421861876571 -1.470765984835376 -0.90485119591649088 -1.5082153611909741 3.3972566344745339 4.0790060925250726 1.4332875071379412 5.6950017758415452 -1.063957201208046 -1.9597247481572408 -2.046322590176473 3.9756514192921975 2.8085112368938496 3.9431392078955136 1.5786906741800946 3.7196020697824608 3.9433270703355285 -0.66992455916237614 -0.38035777414651062 0.94387624056946484 -1.6243480530413237 2.4110761507288934 4.4639840613004429 1.9611669672715031 -0.26034552267478117 3.3034010861051879 2.4853388778122225 2.9453708658843212 -0.014087184749742354 -2.6530697814681132 2.1941529722359756 0.62617090636981476 -0.15659459784764265 -3.6971050442258657 0.39726628671660069 -0.093875694251633293 -1.5223548241135887 7.2161940694279778 5.9957003488919911 4.6667686884413175 1.9907294197805196 2.5710623460650157 0.14645564208886336 -0.62934289944072919 1.6721246259856373 -1.5001563033182324 2.884047315015092 4.4806091023851753 -1.9288208867707284 3.1009267013578854 2.4442953660048015 1.3376404403752153 4.6788934948907066 1.2378766682818614 5.7624523083187036 2.0264472238281939 -0.34127221640393113 -0.32914720563748046 1.4277454717180729 -3.0326404149788027 0.34363144614742436 -3.1468056154655284 0.86711499331885755 -1.3579065549291627 3.0039218783259494 1.2571701907830877 1.5456479872319795 -0.45508035051295137 -2.4646358144172864 -0.56863578824227101 1.7481398774814179 -1.7426755216443159 4.3601597902962643 1.7549616904011349 5.440488455974358 -2.8927845431257122 -2.6069693399157381 -2.5976670930922872 -3.4723530190962579 -0.71307189612451916 -0.78723513930857725 6.4048507363207285 -1.8596339279637686 -0.29412198801686784 -2.3649617515324226 4.9553758204151475 1.8656996081572383 -1.3806636985666301 -0.25054617397032808 -1.9018417623781565 1.3733744318273646 -4.0373863935836658 -0.043444933014731971 -2.8747989314646776 3.6190648965486725 -0.52029620969390267 -0.88255930687537265 -0.98766622081579847 -0.81940030315974965 -1.6783658775014816 -1.6195199236157998 -3.9058962786966536 -1.9931844267146122 1.101468277601799 -2.0097422384844537 -1.3582184174428278 -2.1462693433942248 -3.4229467351172316 4.0361142509800016 -1.9994467666191991 -1.6682491423222383 0.86357808203941411 0.2738033792052722 0.78805025575332732 1.1018341634920741 -0.025199810281310589 0.7412272658700374 -1.4217596732758402 -1.072369632113483 -1.9795123299974435 0.31047040085819522 -1.2502150835644761 1.2760985860608933 -3.0175652032873059 -2.0792565357524864 -0.26064867610588288 -2.5910521952531655 -0.85508634322409804 -0.6194301979060659 0.31369284567756028 0.031537852114690935 -0.031332990838267641 -0.53240699355482135 -0.46516027143212191 2.0494424983829163 -0.82385012843017702 0.19222516484508956 -0.80257610517259725 -0.81900628555489519 -1.9851088835687423 -0.45384715639183665 -0.98662187688527447 0.14788039331567734 -2.2313226688043124 -0.26093836150313537 -0.81346312522472641 -1.0424602855890002 -1.33951921043336 0.13197747924444492 1.1059124292807343 0.36045875775033187 1.1823494361016997 -0.71977104183544993 -3.163343288003194 -1.6165911706980285 0.38558211364113859 -0.8856221714523147 0.6740663541265226 1.0973293818123724 0.76843387214565773 -2.9625443351705627 -0.65743148379311667 0.392054281910927 -1.5992353660900016 0.86129832952167451 -2.8945035065096554 -1.5983819007559015 -0.47159364142801175 0.4556718984607997 -0.028877545096560996 -1.3490666321393392 1.3292795701635978 -0.16949723056252677




