# Created by Octave 5.2.0, Fri Apr 02 16:04:39 2021 CEST <br1@br1>
# name: ptcls
# type: scalar struct
# ndims: 2
 1 1
# length: 2
# name: x
# type: matrix
# rows: 2
# columns: 320
 129.35189944596755 103.41336792399485 101.58708302951129 93.133750905008256 105.30597451558917 112.78195517249868 86.621187209916286 97.574720884451864 111.60381509990579 113.98114396599284 105.29616674520685 102.77884823223512 112.4099709229053 111.76084653707872 111.49489582575215 111.78568035070687 112.00521591028428 112.768776575489 106.26170552820581 105.74909383338044 106.42212679485115 137.93539459561998 112.93102627020583 138.40305044262794 138.05941232968448 124.98573491884198 137.96214001168951 134.8312172320131 139.84627139200597 141.49793933726514 137.04383163670954 140.82301259532147 135.22598989071957 120.95534148582226 137.6937850991041 136.58641049149671 137.52893518409647 139.09645485411679 141.550185161185 143.57801620328138 138.88555604396058 139.77175853350735 134.51749636919672 138.57796619451716 136.8288422820201 142.4877961604459 151.58619400794376 149.80871928102292 139.11189786828444 136.73384514563693 137.66855261019589 137.70521947398038 140.75956722780739 139.45594705017666 150.58710841324194 152.8136094870851 140.2054239279052 141.17474839062152 151.53033072300295 149.56568654013194 148.95531986969416 150.9381187751635 150.46299740551461 150.73664061062067 92.79923315022684 94.325654428850584 93.197221036217982 83.450462334962396 91.918600448534477 91.982525752643483 90.412465010613403 57.753435769477022 96.547376942258779 95.60504008272747 94.130202743703563 93.089474888172134 94.107182381803653 93.03101738282875 92.885768498844271 90.888311043682734 99.281200651644596 97.755219097100209 96.93562728458177 95.056190499535475 95.175678019870887 94.012275526011038 94.429010864119576 93.388966158288511 97.538046365513779 98.912084602154422 97.997728932446847 96.042661205712207 96.25519612123297 95.112342246775341 95.447906134841517 94.86330076508446 101.59616858871337 103.748263231029 98.634563406097286 97.17062478835058 96.30298641149507 96.394514858862479 97.49775717545289 95.911469885367325 102.18491857715996 105.43053222805005 101.43328693796965 97.17965876608956 98.259102891542128 97.421745808735082 98.164379246826684 99.117748897816313 102.72765944911276 102.46058238083641 107.41389383705975 99.774060553899901 98.290371842879424 99.913571742576039 107.03233709728519 98.444752588691642 104.41042423428689 104.81365139696638 103.29454733188517 100.4124208589958 99.177980825501052 99.169610883043575 100.32705455206664 101.37860192808533 108.15983377674431 104.10154131380509 103.33331809728303 106.3469058405858 100.13704044873614 99.260639873282756 101.55009102944766 86.663016848749507 99.906029882777631 99.238926253304811 103.59527233031869 107.52813316878635 103.32762607950413 100.7949009601127 100.18008708573181 86.044929471279232 116.4789289523236 109.64361906453476 94.911790522172709 103.56273624210552 109.91883474930196 104.29852005747399 100.56000005931884 87.733066831554197 110.79432428418521 110.40654611960871 112.02725522025682 100.37481310731707 108.78356834383467 105.25366545361305 110.50088398314323 110.76965446185912 109.2490400168565 111.63863085787924 112.06992524603521 112.56303576000802 111.9301425759582 104.32672372895836 113.94726672442229 113.72124594739276 109.77846860553834 110.93000079201398 111.48773439074441 110.82086375347546 112.11254999184273 113.25612198134878 109.57977840067562 113.95159230251495 119.38645386769301 110.44550755458226 108.96137443321308 111.13290539927053 109.54087297610108 110.02681125232434 113.03606491009646 111.11541855487447 119.36365249676523 141.82680134870054 138.23213386534567 109.93319477645885 132.70851985101874 110.47202945187392 112.58602368779169 112.57236231675917 137.76822756576553 136.07609873758366 135.05726942637682 133.88215882621279 135.02203723378932 133.27186957371464 131.03264728785217 121.9352423473573 135.52767286870633 136.86551629886256 134.484689715022 134.41428952936016 134.1980399509678 133.61569504109954 135.70957520122977 138.44168944514706 135.34492752822726 137.17499230607291 135.41769921206352 133.67591289486839 130.12392517796565 130.93331361163368 137.21161855285797 138.71913463695051 134.52233404459332 134.99520793517286 133.37553119085945 130.14366622365119 128.19444590903896 127.11964139190256 135.65645600016413 136.60690409420576 136.49622836627915 132.25691848066714 133.89026589555365 129.03097006428271 127.8560916614215 137.68392178254601 140.18310482867011 139.89269908225819 151.26818352485137 132.36987647260929 133.05094547996572 138.91220324800676 140.39431390646078 147.59619573047243 140.07248563364269 151.24985867920273 138.93261514100698 128.01016747243355 131.28438940584974 147.37297616653345 148.09625998218729 144.9077194803024 149.76248403448059 149.92873276465022 137.95920950872394 129.07364824819354 148.62780404452516 147.89128705034469 149.1805231596536 148.40559934914793 142.30075717651926 124.74145350496784 151.43293930502364 151.72082493398898 141.47284556224412 154.00222429908385 150.47070019226649 148.45196986771234 151.81466160203874 153.08294417524689 151.87539202661239 148.98108409181037 150.12177641913703 150.15126474447439 151.42537462756414 149.45214545320934 149.36916085256985 151.71228645005866 151.04767127040719 152.24285690494926 150.39023774775768 151.487137924027 151.57089991396427 150.96510585573765 152.40952661997022 148.92564970240733 149.03115362525008 155.07821798442592 152.88315262586076 152.64547296000887 152.49972793324685 152.01872049321008 152.11281975695169 153.32479920107372 154.49721366146895 153.36523988523373 153.40805099606357 153.63660130084298 153.80792113287816 152.5711554362266 154.44199287915166 154.27046997993511 155.64646909185331 153.72889248968417 154.42502992636807 154.62968052472149 154.65207727891655 153.60271626833466 155.52926623184592 153.87421157310447 156.01876662396742 154.98831437044484 155.72266085408688 155.57866887513325 158.38049745922456 156.50567614531928 156.70663887581736 152.69230070892965 156.17416281597187 155.4628837519322 156.77253065745464 156.70004881544827 157.75072474282203 157.90445707394454 157.60945067080291 156.636133835908
 31.35857110422047 77.523898958043489 83.639417703028457 131.48780391865571 73.006721912522323 88.413013532712753 136.53229477645672 101.82988492551438 28.376858797029463 47.146562821650797 74.269907219392152 82.520623596229001 91.29672587492891 89.929700144125405 88.810037826082464 87.779222190395132 27.347038626681361 28.229229565368154 75.26670042828141 70.916326144842003 71.924476558107699 75.919480951905228 89.580230751482802 76.962109263109383 71.099622524097057 73.46873928446557 68.882277127899627 81.955215093488121 72.334226969777745 72.771232894538613 76.814896002403444 75.02131913610441 67.111678003609939 58.445428548247989 72.386321468852458 74.026837575975264 73.550533964207773 75.317003751554722 71.681369108573151 73.142700880901515 71.746304714372826 69.877718632644729 68.207164912635832 74.071852517688839 75.711233085655195 72.184789504715297 92.769707824358818 92.642089435661774 69.104100406376176 68.320192583384838 67.777114203234362 74.749838546480802 70.394303390425549 70.868227451244735 93.408366643770606 92.435309420270173 68.761951561303448 73.840935720317432 88.653020105448746 93.83577228224172 95.06725971334545 90.956998042907856 94.867447930254698 92.003302111847361 81.94826908073064 82.749428638656468 82.985345487081119 82.6015823515081 83.86609541880452 82.709689541819969 84.357104568213657 108.1542523153379 82.810014217654853 83.284350388737707 83.889053348521728 84.100272963854025 85.231272606684044 85.099029976052478 86.230275161477124 82.650687668101511 81.285362875453728 83.108788855527365 83.900151477419726 84.425476822894055 85.466951037104906 86.301239179613049 87.501569523826049 87.26167114981601 81.95201575993498 83.362326188989385 84.192074640878957 84.677160906540422 85.666084068780549 86.572516421540328 87.644104690758837 88.581881203028345 80.133159963832824 82.075826302453521 82.316484533357908 84.940495851042513 86.841906147970789 88.04308979583584 88.788852447369607 89.068672397795723 72.396737281263995 69.771447887935864 81.637898840301261 86.134080334297181 86.635202642710468 87.496171053171878 89.673055389599085 89.138358557075989 71.334598451053992 81.49305011903175 75.180505495226029 82.168431267265916 85.578657187618219 88.07259712743172 87.539781930410527 88.17056501488436 69.88513782368652 68.880478291945707 74.195100133101889 81.147634035178839 84.628898253650547 87.249386682382223 86.642312133462497 86.006606529301422 67.292052748335209 71.064903269174465 73.162162124024661 73.594642619871806 83.502851617392608 86.088409477872901 84.966682424971722 135.20212551644164 58.919210451824434 57.994624758999535 68.034170651624834 74.025895530321549 72.171946534185011 82.557502857320841 85.646665483764124 118.35861564835973 39.372331864074333 33.52711329065562 62.032714090109792 69.13898968264219 75.570353135178422 73.714265855533611 84.545566491129478 135.84523059136484 36.018694993514089 34.765347483931194 36.179474948780474 57.729386061740421 75.47381758191213 71.894735151318613 47.30859875942128 27.411325494553783 34.699036448657239 34.805044106883464 33.719279096870238 32.368754704188802 31.38830456960028 72.520815797667737 25.508590005870094 27.754850569293911 35.763018365231773 33.797727275199918 32.584315759529552 31.708944088487424 30.303796248247689 30.126111137723498 27.98836883433685 26.646156906646919 8.6631238211136878 32.696130084642327 30.914884972119268 30.657963201465432 31.885833241606242 30.854908947669223 31.407280581545781 29.394370728016074 7.5878278100012428 20.87023662802391 40.029892168762117 29.819059897794276 35.378088197258428 28.553043561542207 26.395715659047426 29.304065825257354 38.952841646116013 39.415888103460432 36.052609428643628 35.863798370023758 39.516770543301291 36.730504585724994 25.860418016350938 58.079710934675347 38.466915888834606 38.351683814899744 38.539336280610478 36.908960281678752 40.315889930373395 37.802418619856923 68.097681053929122 70.048355533849119 43.760581329993954 40.006962272070076 40.531298636210657 39.241749646599423 42.497512816681436 41.644046194237823 70.204023736884338 67.947072983433728 42.750305549127575 41.57110517641901 42.641690627668119 43.908140316066586 44.338331146266796 44.722725072747672 69.611526966772999 67.199004520738939 43.841909333719251 43.21440988713173 41.690448669839583 45.186322104462292 43.277700399253035 66.668591877176581 66.576228537342459 67.760355063421471 37.582786677872193 42.153323790068072 40.457822963469503 66.764129568723163 71.382859228100017 85.456091717621575 74.046312749131587 89.805454398500572 53.483462249418061 45.501887247306271 44.019029069375748 83.86150873645029 84.539719475604514 80.091929988364456 87.779915725371936 89.009725524559798 52.609779129450168 43.504463560440989 83.564699162565404 82.773210841021026 84.444670787415461 86.246202174581327 73.724486904875491 137.46183052779043 65.48775688570683 66.733322620440958 87.352513587280171 82.434473697916573 85.89155470586077 87.265016558131222 91.731096959996222 91.331952816842502 82.120962039989749 75.843231248243413 82.195082788993844 83.563911988433247 86.538472824176083 85.519039742658833 86.805390968237504 93.857050021110538 82.893755054630489 83.385639404106016 84.782049153640486 84.173725338790021 85.424755416994628 87.666179637381788 89.492535657618603 88.384288729539136 82.570475177086749 82.549305801997619 82.4381432773515 84.995295429148143 86.333284788 87.491457251795282 90.711813813753764 90.283549440377087 83.600581194291067 83.617075906601045 85.732741488590221 86.910565491929958 88.093177396591372 88.34646128523174 89.841681664158585 91.043560981709859 83.899769947821355 84.736346279370011 86.125198816475276 87.269448498977169 88.798999259791444 89.103273809021545 90.34305891941807 92.109263052469643 85.057967181506328 84.870599938147421 87.084508842852784 88.175599052769556 88.139921710303767 88.686647502676919 89.858870672108637 94.612966424207812 82.818453077375381 85.937982165429133 86.460660934906642 87.607578659395116 87.257956780710316 90.126233360805145 89.069664200947372 91.016391181003016


# name: v
# type: matrix
# rows: 2
# columns: 320
 1.3579693284185725 -1.5491047806532685 -0.44925797099661463 -2.3617106020879088 -2.6323511950128489 -2.8917119626743517 -3.1454039851961344 -2.1848560259870178 -0.85381272339871916 -0.62397535907694635 -1.4615308558344107 -2.7946449713271209 -0.29526788267772719 -1.903270228762441 0.57442761102257267 -1.5831941567101739 -1.6243591005961486 -3.1562460667060019 -0.0040262407769755485 -2.537119816613215 -1.3824490479573752 2.1392232812030754 0.53479679833673355 0.78165395042745422 -0.85330224266996157 0.18963793975630527 0.29233184694019343 1.1313036246855084 1.3270909109847628 1.0626877248661906 -0.425839606039779 1.9584633099390159 2.7453317343136336 -0.85832556146882244 3.3847300197727925 0.3435619780761574 1.3099313837076056 0.39870472234504972 1.1731000988566496 -0.18294873032748765 -0.27546446867303265 2.9499702752004566 -0.079955452587026632 1.5660809646829266 1.3769354702786771 -0.24339548708536196 1.2769205857697534 0.05712807764197346 1.9570275018007655 0.44211386020097082 2.8783140491654327 0.56547821094266004 2.8715685048304405 2.0218858751549367 1.3272783436925792 0.84810675191580964 1.6517051999855323 1.7905037343253243 1.1555372060020332 0.44266974085979 4.0076019451819471 2.0937565776866203 0.9820863112038708 0.63980823158010525 -4.036296492155687 -1.2595641885308702 -2.0884386176168968 -2.5555409142093808 -2.4564873170220558 -4.022847654907995 -3.6090690265894882 -4.8083481724781443 -1.4227739049258799 -1.2497801198089769 -0.88797832638855489 -0.093264135670212439 -2.0529646907503851 -2.347199139770781 -0.55102033042035559 -2.0893874516676467 -2.8182530137352044 0.49286352918612153 0.30356670794918494 0.33046641483091532 -2.3248277139559077 -0.95534590158514454 -3.1891749845518444 -1.3955646350577375 -1.5880978645653734 1.2860843049777375 0.32893406357367871 -1.1475146526412159 -1.2886198402536624 -1.2158214246770263 -0.39131024798949093 -1.4998040695604575 -0.24527409815721368 -1.6573659162341017 -4.2113736359270408 -2.0326854484354109 -0.74282075359604571 -0.45789780628567833 -2.6624273360449102 -1.1770971566213027 -1.5070404331690199 -0.032996448865384276 -2.1992851875177739 0.41816963952160002 0.65382123993005536 -3.5838672859756868 -1.3975711489820022 -1.0928646475342587 0.056911622066858819 -0.74324611953197262 -0.14003309396148203 -0.52863518945012977 -1.8544307904941046 0.43425628706721742 1.6085615904583994 -1.819870459207046 -0.68289123880523417 -2.2394675783471887 -2.4828702988086961 -0.49028187155719144 -2.7977945606893568 0.23115374734987854 0.090725913307446046 -0.32278358533391016 0.63942593884555221 -2.4382264184719049 -1.3701631565766255 -3.3212095965212765 -0.8495204449296202 -0.55510825403784658 -3.2175867895712633 -3.8095541164447608 -2.9626247575496678 -0.18750331808985873 -1.8661214308382565 -0.089364680184985446 -2.0637381558236565 -3.2314515482528354 -0.20651991324183852 -3.1420302346738094 2.0503194377782759 -0.38733685986454858 -3.3052369035009281 -0.50240400350990377 -2.7948472352854541 -1.8099307585682722 -1.0321220803175544 -1.7489627926883313 0.41261108122719381 -1.8012245507565061 -1.3886659410762681 -1.3287839048919947 -1.6367740699283546 -2.4133374906030607 -0.91553894821569615 -4.6513397488698063 1.6813609127200118 1.6002882457491181 -0.46069839435012155 -1.3310201813616054 -0.76932142805747983 0.42087922845083398 -3.9465050272943252 -2.2422938672637152 -1.2680821789267924 0.21771905817751985 -0.15440866634221501 0.84322468905788661 -1.8983183212762436 -0.83975275679700612 -3.1141915811212439 -2.1687889447868902 -1.1235508132091936 -0.82004870764151883 -1.2395449155346834 -0.073732804832129351 -1.2187525370518473 0.93823936751877191 1.2239473287056699 -3.7819397281309564 0.39209776122395984 1.9063454546835059 -1.2321108738750821 0.13488971890039841 1.4181714229849662 0.17597720583896598 -3.6782302385904626 -1.1004056426042716 -0.66575076295727897 -0.098386957863357119 1.3244418415689319 0.91402820393787187 0.68584975447174612 -0.11773899457453778 0.9259881844467065 -0.075674249106024577 0.28171606613079248 0.96111133510021907 1.0916931616336043 0.99816487124633424 0.87896353443078257 2.7542093453173369 2.4945314552856828 0.17799278558185244 -1.4320063319247611 2.0426041821106931 0.75758952377695898 0.22193705799369556 -1.0495303300466226 0.023979682786477025 2.8351630012755829 1.2780525995747622 1.4259869948237853 1.7621690510555457 -0.36090675613381284 0.25082579605030458 0.22585667007224666 0.28224351739394071 1.7084107452125825 -2.1216520578883755 0.43289771446525599 0.11383584063317076 1.2032252025261114 0.8229365926676222 -1.8174385939903539 1.7640274004560568 0.12913186620913614 -0.053188595468158323 2.2728166734052841 -0.8819172305792472 -0.15062830473314448 0.58314829231442744 -0.83053497994425041 1.3514365838742759 1.7704209161736078 2.4656777436592892 0.69610201294493201 -1.0641618365529426 1.4676261030549063 1.6270700769570652 1.7085967752480302 0.79445250808365253 2.8677940174208745 3.0778976191781573 0.30132631904757207 0.9375942291951771 1.5609083946569093 1.6018585992156369 2.4325843256332655 3.3227091572075058 1.5939084895856557 -1.1396072695747648 2.2563276822066705 1.1416981272994544 -2.100086601167332 2.2925580008669124 1.3604877920755047 -0.67910513686922824 2.5881491856895567 3.0494280340854929 2.3419157749217874 0.88167391345715806 -1.7986608919395071 2.2449111883043478 0.70280846910562356 3.2527232840964673 0.89518715137598714 2.6857190625866463 0.1680834047224023 -1.142433264377859 0.49035672156756016 1.3885479565723247 -1.7515503377394788 3.1464835336287051 1.1239517570737403 0.34351803266732234 1.1877650853591102 3.5239362806003918 2.5660523945673552 2.3248277519262546 2.8472405157473699 4.2678142457309374 0.66417323141895146 2.6124007081963385 -0.029593699252915311 2.099374731086554 1.0408217110983049 2.8439348487408624 2.42371378609911 2.7676270154306692 1.5363844104086877 3.5909104215091898 1.4190983861617512 0.98954529957730408 1.3597680611688765 0.40502447593701379 1.0665877121149248 2.2574048609519513 1.2058251660239898 0.42645611553770746 3.6622450764887442 3.4580843917811008 0.58751106352338112 0.3215204592051808 2.6821773906795183 -0.1792064855198737 1.6541044325895793 0.35934192642932822 2.2664091159107329 -1.8981847209024734 1.1881038944046822 0.61846513558122329 0.78739532815829583 2.9600748151009926 1.2121899240743257 -0.2777582583815878
 -6.3445512990119379 -1.117490105380994 -0.5615765639727841 3.1959294126884794 -2.1095719914180671 -1.0771484821646615 4.7804434758168366 0.29108599795669898 -5.43079266971304 -4.5400459979297505 -3.200386110898199 0.81288280414506708 1.1785235433918495 -0.8512754861167624 -1.3206770236999652 -0.94412585126390625 -3.6257975313981019 -7.2009128719803837 -1.516109126889595 0.13055797034476505 -2.8035049608688882 -1.3887301603690796 -2.5342572836188726 -2.4858735072741145 -5.9756942539955977 -1.9360448762617062 -1.128556610342905 -1.3688265063269536 -2.8740949673743583 -3.0987314323026736 -3.3212986197096384 -2.787174640068109 -1.5168732601955006 -4.3713579214076299 -1.05500810164077 -2.4474060263161954 -1.0944435697104045 0.57051264319027228 -6.4001025531239879 -3.8648612759270189 -3.5846370156801517 -1.8565893626672003 -2.3088994307791104 -2.2167152247385955 -2.2337154086071944 0.28145381911163625 2.7059867241748723 -0.16464068144751134 -1.3570776335916248 -2.1594226809482908 -4.8177722456041199 -1.2186778457215355 -1.3765865426264758 -3.4010961950000409 -1.8388262103401203 -1.2357825747264575 -3.9439664650251145 -2.5014288411842531 0.31679054969256748 -1.5958884391475237 -1.3985882498003919 -0.53816179214317128 -1.9490222158109096 -1.9773694783300175 -1.3422157340160386 0.15096651463870658 -0.018065693032580939 -0.70265671128496998 -0.17239028365767353 -2.2197916605457926 -1.0854259842510747 1.2975106343904557 -0.38039138700429587 0.58517820294605505 -0.5660880457990396 -1.9281074589802554 0.67615785062462475 -2.2062647893534639 -1.511346168205739 -0.2086187741526212 -0.11773003657344969 0.70475274966737123 -0.65396999165117431 0.55277855320870728 -0.80175119569595277 -1.2070643789029527 1.3702793788516281 -1.0138688610225186 -1.4276690249345934 -2.0818004535469585 -0.97810277531310397 -0.78740243762964734 -1.5189566058877484 -1.6700476593951352 -3.1405473777984132 -1.4989110843114526 -0.69976658817596149 1.1463409370432205 -1.4747353633475488 0.23293403353960199 -0.71028361773666981 -0.20150977150588617 -0.75263138480281655 -1.7349746511298467 0.034146428837938725 -2.9656551626145498 -1.1742324530087886 -1.9284839962689819 -1.6023790023485351 -1.0270503590596616 -1.7306917826909858 -0.56151619619299797 1.2626242100141276 -0.98093624966924142 -2.5930202139255849 -0.70172096570130771 -0.081271891938108395 -0.19293531797477106 -0.082569071405393379 -0.054003138557145371 1.6805009001297144 -4.8243594521412785 -1.9417367203034293 -1.7495652466827154 -0.59198557428519738 -2.4857651789888338 0.45549064615245211 -0.61681243760179039 -1.4985947257817349 -0.61841043449161859 -0.27099525379975253 -1.4593373712310069 -2.128245792111596 -2.6164141083791144 2.3355648186550515 3.1785553807102005 -1.8919845105579243 -4.5624232494745973 -1.704440127283444 -0.45643394025553452 -1.8314442287375086 -0.62354814770376599 -1.0247593988536825 1.5120815234880927 -3.5162276711970275 -6.8945223195253647 -1.9440862629784657 -0.55128883233938131 -1.0322129864969201 -3.7952713581312092 -1.9277307782489508 4.5518286383461577 -6.7541037030739712 -3.4292582213001332 -6.6803343501561869 -1.9561597724179252 1.2365307140215052 0.14180935177267198 -4.8047683630626112 -8.3343284371065511 -4.2644892953123152 -6.1670424706976874 -3.3625683076752892 -7.030121747236274 -3.704628967443468 -5.9504155972755122 -6.6336945508642797 -4.7203916923096605 -5.9225575694452512 -4.7632057117535478 -2.8936943668813613 -7.4819167159164852 -4.59763989835215 -5.1853614612418619 -5.5849418902550516 -5.9667193182259624 -8.5654066995930727 -3.0767402314870598 -5.8133122908664339 -5.5778329785375513 -4.3160540861015102 -7.8739510217578541 -7.6417853990356512 -5.1054316374674977 -6.0328199095977899 -5.9957003488919911 -1.7898480541512134 -7.0930817550362599 -5.5781470377015765 -7.0402399590647287 -4.5550634494959761 -5.3626150506099091 -3.4811402032147396 -2.6360293481545627 -2.847838418306162 -3.4916206876314089 -4.469255959022238 -0.21823800675142804 -6.5093544091306157 -2.3348875703383798 -4.7883033577584886 -2.6893310408469757 -5.081281347368515 -6.0977308974847313 -3.7873524298864933 -6.4939207504326868 -3.6425102691336186 -2.4903247675057196 -4.5336068671163696 -5.8274878965724355 -3.0225940265041178 -6.9187276442992456 -4.001667178373939 -5.6646221950553182 -2.344497312561773 -3.5553656212864309 -5.2542765768356068 -3.5537855166502355 -6.9401268501810547 -5.7337084146997324 -6.1556434552771329 -5.5512297947118698 1.583498025093421 -0.44932932355697103 -2.7099564406865015 -4.4506306840108429 -5.9251661013628762 -4.3067264190211025 -4.746980455969819 -2.7280974657486103 -2.5839202431577308 -2.9248798883737237 -4.9553758204151475 -4.6586233890827771 -2.5319674206986287 -0.0088314604704032365 -3.4855650279786379 0.3284256146007084 0.067302200259339529 -3.2285140784922777 -2.9648045471546123 -7.7284700254625083 -2.9948752110873174 -0.92945970967098857 -0.21637545135384881 -0.81940030315974965 0.013195041745419151 -0.17341696584404376 -3.8158906630067495 -4.317287658599561 -2.2184207741114115 -2.5376695075910236 -0.54399906953612076 0.95863327657059105 -3.5323629996251018 4.0361142509800016 -2.0632244061386578 -1.6044715028027687 0.86357808203941411 -0.54703978680362797 -1.8633633879703273 0.56221934577705723 1.6027858058843947 2.7569161013393071 -1.8366795964719296 -1.072369632113483 -2.4584859034291191 1.5801834020165912 0.45154898669284899 0.53416075713957289 -0.54194626160318293 -2.3756027315351207 -1.2570168273962437 0.082077059038283079 1.7101124741929852 -1.3193373511404125 1.0622784519269588 -2.3912275693622695 0.37307023260620015 -1.2740624838841146 -2.0738997589721477 0.54279573722894747 -0.90359374125468861 1.208969630485059 0.79875661504849171 1.3665981975242705 -1.1448749093359507 -2.9888535540388896 -1.3459968184148339 -2.2281279172395578 1.6114656548853179 0.96113084984325003 0.66464427047010455 -1.1662471705048649 0.56963395776693326 1.7017304257771371 -0.10611475926766882 0.84117248160779268 -0.61515052775175338 -0.2243564539494961 -1.6067705514525514 -0.65635373603158997 -0.29865443661059132 -1.1679235780489188 0.95127225921368974 -1.6124698355931071 2.6263124919380787 -1.6556432644032997 0.35906460885211505 0.87198005829266212 -0.74118348305267479 0.45361110250866676 -2.0316217592907679 0.53689315983505481 -0.29196817628144306 0.80339227373476407 -1.1368853873439813 -1.7318648152461649 -4.5320775209014341 -2.5716472135810582




