# Created by Octave 5.2.0, Fri Apr 02 16:03:36 2021 CEST <br1@br1>
# name: ptcls
# type: scalar struct
# ndims: 2
 1 1
# length: 2
# name: x
# type: matrix
# rows: 2
# columns: 320
 122.22256047176725 111.00605177428226 108.65019799654479 105.53273156596971 114.38028543921611 116.682561628749 102.5455938579794 109.04521502089057 120.7730162706206 117.25584814796352 115.1665386757989 109.88424464774853 115.46793320195006 117.51652704422735 118.62194573658161 117.72862353922625 121.97020223206457 120.59225469534188 112.09130045702103 112.04591929089547 113.17691944052905 133.69844805804073 116.35893799110676 132.89344832925826 128.68222559670693 123.99013573512815 131.47291390714511 128.89187320241109 133.49425586556697 134.5002702579541 132.35935002023902 133.54599068859591 128.32290049962492 124.41240338978074 130.01449193210419 131.06327933223977 130.27937452890274 135.16919783517415 135.95395797966208 134.55904753305174 130.16875653513853 131.9351344087159 132.42948652995875 130.63311632888204 131.36237287399595 135.10752457295743 143.0254191935507 141.27120354805498 133.55038611321726 130.6767748697435 132.80286539322657 132.77851702956289 133.97148987610666 133.22757945428265 142.12113403877723 144.11416749429517 134.8168207509656 133.89924758434086 142.55636311231157 141.84638952574383 142.69144438432389 141.85552038498236 142.96724981948296 142.92169758480421 101.56991445622653 103.20477909603659 100.61873397789581 96.867052134565114 99.939494531859822 98.994880498488712 98.965332623879718 82.997263674985192 103.67348811350035 102.62334860789265 101.5730432928415 100.95645759782842 100.96094105320306 99.944315140638309 99.888320611746281 98.021724700129127 106.64167100834121 104.47557874333322 102.90551492047693 102.03740486619647 102.01207024986671 101.02119055213407 100.9413364602798 100.09387027937656 105.65175581106371 105.40798901845783 104.1494028460873 103.09144163813413 102.93954332964405 102.13541223314218 101.77681835414435 100.8454662510925 108.75241639098205 110.05522873920502 106.53537903590585 104.06971445815734 103.47643873223043 102.83094131738531 104.05347866767627 102.22650398694883 109.54194151113094 109.77288852425714 109.57194323306399 105.03672305933915 105.96130530397288 105.23160602314995 104.59783970273583 105.3009260417802 110.63845793730695 109.47207780020345 112.69584354486074 107.50279171993944 105.16377202997457 106.24004452214334 107.31963346734973 105.75712814936949 109.22769190365382 111.47527934833337 110.91947780271957 108.65740328770295 106.34606327670934 106.84697464483448 107.52820172352057 108.39877005584542 110.11254032209609 110.87550893645744 110.37275463009391 112.81280566465411 107.6135843546385 107.33863863383124 109.22564023666345 101.40099412032758 108.98875098949776 108.70139349424818 110.37083049125783 114.64713798011819 113.95474627705865 109.71161729078898 108.12253111945307 102.54058820331323 113.96155797425193 111.61326331077755 108.99476699275945 110.87644603964952 113.80408875075459 111.0233662406214 108.67300044698622 102.76626760714134 113.45035383919128 112.31516387194833 114.58992070612035 108.65243704605933 111.73225698811625 112.52717037359162 115.30862991444948 121.36305040453421 112.09383141756841 112.85851651599083 113.97505723317157 115.31653852297468 116.23453571236851 111.43148498106792 122.34331624927957 122.24962358556323 111.52768650517162 113.37817015639662 114.50535516900908 115.57673598673559 116.66634898543296 117.74327730236338 120.0482003626568 119.56486873180435 120.88201026607658 113.74831327418984 114.90295115180696 115.94657110321879 115.18747674810771 118.15016026939512 117.22593141772923 118.99088894417434 121.7082246213034 131.81848771161782 132.54975598635156 117.03931640381585 128.52245473490368 120.09823209555482 121.1816118414671 118.29962966237855 132.52659807528553 132.26939695092804 130.62181927324548 129.33388336668261 130.55151035039347 128.02387151683558 126.20353835403385 123.38167944891684 129.99500568869288 133.60451553727978 130.28450443335669 128.83504962423376 130.97643921447684 129.87238194688464 129.30062387696069 129.67350092906605 132.49163287652286 130.99272347089271 131.772152949054 131.06059459728442 129.94226004410538 130.52163183754121 130.64614502485455 134.22418550657832 132.97790536466641 132.32903984955396 133.29902377585478 129.79974880650201 129.37038516905511 130.34479416535527 131.68869042644937 132.83741436743179 131.39390324403277 132.28553298664616 132.30507420504546 130.35623087987577 131.17766451858432 135.10899716974103 135.67931451793595 134.94757478732063 139.33589598947256 133.30036223319919 131.71652964516727 135.64373554275718 136.51709779412016 139.56422294030924 136.42785136229929 143.64754898290647 136.0955164146761 131.74741497632243 131.12844371038869 140.50100066368583 140.90335504039669 139.73657711443178 141.85307330250123 142.33179601695642 135.55980949209442 131.50507862587435 141.11291719181094 141.42343460170437 142.60510495630231 140.65864431647438 138.53843048581413 130.72439167023506 142.81128045834481 142.50284828076073 139.54580823372291 141.70711436000954 143.27843983017723 141.13957859538075 143.48324661855389 144.39042466703353 142.4939220618846 143.88006986191934 142.42033789648741 142.37631245601071 143.13557543234234 142.24271726461586 142.06152298304994 145.22940335148741 143.36493693447909 144.4685419165281 143.75709109821116 144.57702740440931 144.29980475013724 142.74127374042342 143.58415275773515 141.59777312664028 141.44109028540768 144.39458442495035 145.09976564643006 145.35311437509267 145.00717765920677 143.86603435527027 144.66804830879744 144.60865338335361 146.20852353034255 145.67672344824842 146.56940077191257 146.24355966583389 145.97468486997684 144.82158523115797 145.96003424128978 145.41172241703657 148.14996771892925 147.17164543352425 147.4712196298787 147.02799986628003 146.78344033194315 145.80379782558819 147.00625376023828 146.72274676597965 148.53591323395349 147.60058122003963 148.25814583411892 147.8661715834622 148.95102753116029 148.15679750301533 147.96856285686638 146.54227240414406 149.46629808549568 148.49267158895694 149.28297464150401 148.86734185177968 149.99697217355384 150.1005772660624 149.08127504902109 147.55605438731425
 64.667465424030468 84.537011931450479 91.206203944358407 114.70917450204038 85.501838619449032 94.491127789747225 113.53374698067594 100.30168343623536 60.02052992315285 70.982708884455477 86.203835818376618 83.57105519181583 95.017518741389466 92.952863844807126 94.987019212493934 94.24743173232585 59.556404828621176 61.977070234709679 84.783338447798371 79.663772265362766 84.794885289460936 87.668217229131386 93.245012062193695 86.886111393799339 81.247042816572986 83.632974884844216 82.076704312362509 89.141554251710076 89.019292498450511 86.576729497262164 85.659213835442827 85.978516315195208 80.213678656556283 76.242863304116113 85.281045581239994 85.230564515582572 84.186017562977284 84.417059438239505 86.668577608375955 88.290877376919823 82.124335649189135 83.200133122190934 81.463498423574805 83.13766622212583 84.1469028084435 85.437656781653203 96.466579156754506 95.028385269432121 81.515245304614183 81.184125639505098 82.551564283887515 84.607642071283053 82.635610587701024 83.565006628475842 97.042756640178226 94.81340482018075 83.260157565707814 84.503803897860394 91.45637472928145 95.952478384999893 95.225657996829412 94.1472778496872 98.782850477048413 94.111078198429809 85.339611507780191 85.168106108415074 86.019397640544895 86.290530085759357 88.109603843116389 88.707002790295803 89.958358787581545 101.34232148478954 86.555819615470583 86.161350560837207 86.59669582865321 87.529657128559222 88.600023734570485 89.512201737679518 90.611511405450329 89.140393954397908 86.238171059628428 87.305065418860252 87.234731309104632 87.960226898224292 89.03336150769573 89.6949114655405 91.060163724362468 91.767678584018242 86.733146717756313 87.905198549130091 88.330992492999258 88.432647414332493 89.553345612032373 90.339310918050955 91.681476254536506 92.549616293875232 83.743013173216312 82.482609626368912 87.493061164432916 89.485135043574076 90.481015014710977 91.624522875834501 91.360297487687035 92.599907854921199 78.24857255274803 79.304350318051206 84.562288998325741 90.082356524904711 89.674175671434369 91.362143569336453 92.260374039280563 93.570803697141841 78.287707558211167 81.476896635376107 83.259586832642171 86.987858457965856 88.93131579882585 91.379451464626399 92.699259198131116 92.524207911729249 76.605684358003515 75.309840480775208 81.559435887883751 86.308156174475741 88.621806186669332 90.504393694437027 91.636895093451443 92.628020273484779 77.376622385905293 79.57949072899936 80.688356093664225 82.04074305638143 88.160880734884785 89.292076941605259 90.152517157445729 113.77405261447234 72.283535298598181 74.504935758974185 74.838330984231447 82.102403865574033 78.444097183317652 87.026725313836508 90.318738399618141 110.42018765004023 63.179631088644271 61.314332286162319 70.972707396649355 76.293980276885904 80.994609637650925 83.301992081781393 87.458656759184692 114.59000694103078 62.28345414499433 62.247109318865427 62.204384621096445 73.288277583955278 78.609393077128729 80.94208029781494 72.532728091823799 61.013785753945015 60.371774752896314 61.312164912164384 61.2271801327256 61.365906877535025 60.807074325894874 80.580277118988121 60.732742514263578 61.804643146240871 59.410841870237448 60.314224165953021 60.149314984606754 59.746738539386186 59.281731353854269 59.258764611419124 57.954308172910764 63.005352382288322 46.966246439830861 59.222186016264246 58.985564194437238 58.441873202729624 57.496671081317189 58.269141771962637 60.330708762293035 59.090209443933418 45.925394889536143 52.34766345970602 59.157325244226399 58.21706331611788 59.376286213730133 59.135237070895784 58.75999998726207 60.191987984520061 57.649145392480968 60.271422152518241 59.926460928790689 60.463816728780195 63.445430861680627 60.388084243194328 60.047179298908148 75.490065010473941 61.366026592615988 57.799736784595567 62.335850505958859 61.467948547471231 64.670211467543098 64.264670933187162 79.235318015770758 80.707855087053446 62.616176267686562 60.991381541476372 63.411822070381774 65.891081223938286 65.666584102451878 66.809351476804267 80.012963703825662 80.618685179097483 63.619506170737772 64.472806789050153 65.002476175128265 67.617172432425988 70.469114897456464 70.922223311063817 80.594435914214117 80.42985599593473 62.495084059944837 67.781444805223572 65.534389824407313 69.702753598031876 68.897442919563957 79.731660111125777 82.446960023070872 81.594474298930123 63.598509735053554 67.348863800367113 66.789930031581036 80.746122580308082 83.13320857517742 89.16130994029804 84.321995000215495 91.969606375158506 70.386630236087896 71.277968730234392 67.825329606250563 84.598962262773384 87.373897585545294 87.75612626224347 90.550505884517136 93.251938803073514 71.30526099612743 70.184930848194583 83.729634038096066 86.134765481570497 86.838653276565609 88.529883791461472 88.13428449548843 116.27223071014141 75.164873224910266 76.311609803179877 84.011296187084056 84.665268083517475 87.629351561863274 89.616331602035885 93.095987574895929 93.75794704279555 82.546412144776511 82.105084432976028 83.785574009814596 85.596903592177668 88.621316273171686 87.996022425836657 89.053815769131148 94.649733369855426 84.769124238320202 85.560953076915212 86.526942357314837 87.376767940789449 88.512412308240144 89.89990499449037 90.813299776018312 92.348037861207345 82.743230160571613 84.031725480365253 86.533328819934312 88.305873928950987 89.365592674029614 89.62337402715616 91.535373537313134 92.676448385218691 86.295562835789354 87.330034441549444 88.076154144956718 89.108072776534442 90.128966291338244 90.46393619136083 92.633501118919114 93.591741457927512 86.227975272980885 86.681164185219515 88.785040806401071 89.759879634075403 90.904966344896849 91.59587717179059 92.037884471509884 93.542727890378828 87.364067313689588 87.755050074347437 89.575503284020598 90.75535450365544 91.500600195172851 92.148977981964293 93.200087800170408 94.661685028509154 85.863624075119262 88.519492556293315 89.45471001931223 90.420172651775601 90.778681178203541 92.217238774275771 92.639291796801189 94.240216372748591


# name: v
# type: matrix
# rows: 2
# columns: 320
 1.3579693284185725 -0.7127410496295763 -1.5157146875809924 -2.3617106020879088 -1.6944253413114889 -1.1254145726372899 -3.2761596280269307 -2.1848560259870178 -0.033859221687851583 -0.60487161656599331 -2.1695458451380727 -3.3354250971859853 -0.12032889289508242 -0.95265684697807462 -0.70457362834096338 -0.81126738348265859 -0.29364033744131607 -1.524548849278152 -1.6381055776933056 -3.478027439759785 -2.6066064106527582 2.1123792923619851 -1.8499784971313094 3.5640304926117379 -0.34120057820031841 0.18963793975630527 -2.0659674695107522 1.1313036246855084 3.4205934035588843 -0.05355982330890998 2.0077957006364082 1.2577505210441822 1.8020481381738698 -1.4612063475784358 -0.31870272051448834 0.027623348451719196 0.33159619329818357 0.4405105642653388 1.4068464142249655 0.53529344997090744 0.43107923705357587 3.4473591684209386 0.40720053173314441 3.9946312180151726 2.5425880309650828 1.2840835991953656 2.5963186465204955 4.1336695004381871 -0.35399412503120548 1.8879017299357623 -0.37454581261708053 3.2401592358759097 -0.066985018598578527 0.99782040315774934 3.9174652819745051 -0.93823377088828463 -0.11219811384714126 -0.27907124194802374 2.4153813200409582 0.89181304792744753 2.3810706428385866 2.5914176428223175 1.4090919930744303 0.66396562487000432 0.18622484966562805 -2.4836342411922367 -1.4039703418678164 -2.5555409142093808 -2.665747444779238 -1.115727284685335 -1.5240469471433189 -4.8083481724781443 -1.2146176249641036 -2.4264175818532121 -3.1421658421038536 -0.96324909242829881 -1.5285564665359599 0.37354469020904479 -1.8546799092757131 -1.1690778439036318 -1.4943946322915331 -1.3742477076327928 -3.491040022116477 -0.62049481803785067 -1.7543053836286659 0.065709356103397787 -3.7300169966350332 -0.54351844816043304 -1.807989985714191 -0.63602776666583694 -1.1641618201821649 0.0095456909961968289 -0.698060861696156 -2.0936794177046516 -1.6035988590792725 -1.5796618979502242 -3.5896042356647277 -1.5362086055949407 -2.3403129904171869 -2.7284301753806561 -2.661861322649627 -0.63179174709070773 -1.2445845654241805 -0.78466053471961028 -1.2660400419812039 -1.7192233452943588 2.3815452624486517 -0.069820310257487778 -3.7842723722559044 -2.5836729877412368 -1.420537533617749 -2.1917960449198448 0.90555707449276401 0.19632104310808482 0.075532202826681799 -0.41937012421988507 -1.6149265526837 -0.97781931172193759 -0.062619206965041016 -3.2092438394212337 0.13620240723997673 -0.64609578173552085 -2.3959058118480936 0.74312734849474116 -3.1449654359968906 -0.13381831497280711 -1.0743991741239745 -0.45424270635545294 -0.62283842774101739 -0.009881515522691682 -3.5569451262713927 -0.15013126353009906 -1.0506449522150223 -1.5189052917046144 1.3893259911254039 -3.8053545959397166 -0.21493991093660184 -3.8368306592155608 -1.6359031497456871 0.36064867824518332 -1.8031446368064357 -1.0808401876151752 -3.7084905478816781 -3.1420302346738094 -1.7689640014631223 -0.75423924795728359 -1.2757686315347039 -1.9875305023333432 -0.92403650339147714 1.3883829552516886 -1.115422628959106 -1.6224066703625479 -0.73812145168216414 -0.85458075703749781 -1.0518559323856072 -2.7868240437995517 0.011218778639975668 -3.2151057553786289 -0.93464269072664918 0.49234691316390777 -1.388041691032178 -0.60957321439056833 -1.9887148000082167 -3.587099265128586 1.7724799664721009 0.40968376928678207 0.93734892004905324 -1.7139130594116936 -1.5011516783231162 -0.64808638025935672 -1.7894550732137635 -1.2423511953761366 0.0010582104532163294 -1.7264344201275379 -2.7411258051871883 -0.49157452622089853 -0.5278173899123636 0.27027472589956869 -2.9783408508792695 -1.6665479745848413 -1.8365665249756413 -1.0283555672313429 -1.2760179874004052 -0.30049820929086346 -0.20363566207286737 1.9063454546835059 2.6539319042503053 -2.1467142653065014 2.0262189403389854 1.2542235385988223 -1.189060298253291 -0.54874355665993801 0.1842259777565578 0.51154599090930475 0.65591789454763438 -0.56853355870975009 0.75546734600860765 0.70467625851719806 0.6418351913242587 0.52720653700359033 1.9325775778159253 1.5648344262754847 0.064862342713429236 1.6878515763009656 0.9246097745609988 0.65588078612870737 1.9045385066234102 1.3379187239101233 1.5030059629303627 2.211934078867301 -1.1119533247200108 0.18879227379465441 1.764249086779285 -0.55214954952104756 -0.5205408671536047 1.2394267393797691 2.033293237154072 0.46211909855525268 0.080041770425257952 -0.13269380672762424 -2.513556280465532 -1.5078016405890386 0.30475948481731946 3.0817840387494635 1.552602596527304 -1.5396073671639177 0.36025008811239717 0.4877987425816101 -1.4366357112091173 2.5616904863000953 2.5697573620272758 3.3742441124588138 2.2728166734052841 0.049456599451779791 -1.9685962544427922 -0.039219228554402318 0.088083874168030624 0.20105753717615674 -0.87169632159724031 1.1540000373225132 0.13594464751763838 -0.5935904212454991 2.6122715973686774 1.2379985770555204 1.3788275523626949 1.7282719040813503 0.86201682697440019 3.1718426972543377 0.86148368447486501 -1.0100642985579718 -0.71559495570883624 -0.56868804552302921 1.4908306543087941 1.8706386145456451 3.6685429685935369 -1.1396072695747648 2.0562491186755563 1.3417766908305575 2.4333189950837584 1.1063903639149486 1.3960065920402687 2.9132828668819286 -2.2915692928397697 0.96327797388970215 0.9089808281655416 1.0862545113157791 2.2330243116507127 1.3531065143645307 -0.82783353395771953 2.086325772973511 0.72589658383347566 1.2928257555609088 2.978312783344867 0.79435647098019269 1.0335671726307119 1.4257793381407045 1.4080523390846413 1.3833654601658492 -0.14574427808137516 0.86645722466462249 3.7257809092797864 -0.10939362083510058 2.7987175975197669 -0.19667193759030233 3.2198227274548064 3.1837884969814776 1.356830110048217 0.84077352870365996 1.7315788968029278 1.0667086688613421 1.665222446394651 0.27028986333866223 -1.2473219051220341 0.039615505901554916 2.9771151028448446 -0.94320120195348156 2.886925875310582 1.1791918911206234 2.7974521961037118 0.65421959480779091 0.60565046622186092 3.0007701850984794 1.4568442734606517 -0.15375437534816408 2.7710556645954192 0.36644021689513445 1.8566076583185511 -0.44986319924023954 -0.033056103063974579 1.7924631725063416 2.7814254247701982 4.7393466757755931 2.1569270207611546 2.5911334000413571 1.8412491844020333 2.1168354996348029 -0.19480256946902982 2.7915194466947915 3.7694620919757216 -0.38963646475339903
 -6.3445512990119379 -2.5970215407276869 0.54934316303079322 3.1959294126884794 -3.6935784400709206 1.0350806847377059 3.7176695072012462 0.29108599795669898 -6.7214380693680038 -4.5549588825428069 -1.7044973827058489 -1.8127654728913909 -1.0143381280548691 -2.6358523561268905 -1.6403537402934052 -0.23014264388232586 -5.6692152088109928 -7.6597954517986713 -3.2422381648019583 -0.99982530620648125 -1.5516200027588329 -4.7709946374692738 -1.0633543998525163 -1.2244893346427728 -0.90885239048208 -1.9360448762617062 -2.6318159971169401 -1.3688265063269536 -2.4789880994847584 -1.8626210097406817 -2.5552141021156749 -0.53323014134805191 -1.2882162700148276 -2.972373563655859 -0.85958352622385525 -3.0948158364387108 -5.205815095709486 -4.3360238487754064 -5.5105403732362612 -3.4065237156587655 -4.312144491619585 -1.610459368000331 -1.2098431448810247 -1.2857701399220789 1.268193710284051 -1.8643733796244994 -2.8023225320229694 0.45524350895249965 -1.6710644601549369 -2.1063112356334042 -4.1933020752866508 -1.0620454352905586 -1.9117158596687571 -3.0097244653514084 -1.5418461439443554 1.9357215282869242 -1.5487729062825395 -1.659131048386806 -0.061617866453525509 2.3910880207070013 -2.5735454853954063 -3.6163574374039369 0.28510348442137612 -1.5163418982605192 0.079989010055078941 0.66215413336544449 -2.1620757765988756 -0.70265671128496998 0.50240915170874756 0.094825207160979752 -1.3182717388402723 1.2975106343904557 -0.10230701830785296 -2.9187892744875574 -0.4205619236235224 -0.46353826549758992 0.87099527559094947 0.51668880872849221 -0.035982486985283182 -4.2622502861372462 -0.091936773966443952 -2.3047182372511763 1.0049159268258325 0.3842645673765599 -0.44884069918297409 -1.8815030642396395 -2.1197170460026626 -1.57661194467746 0.96929195447182448 -0.063448309377095724 -1.3354430500180785 -1.6703811857973159 -1.0358679976344445 0.22843280992177914 1.3859388625490059 -1.1185426191096743 -0.69045810465990198 -0.87826511781793404 -0.85588329972349919 -1.1950185784508889 -0.1961077040299439 0.26965945962638505 -1.0234305287388248 -1.0991748152340561 -1.738148811499018 -2.592580636143885 -1.7925041189994804 -0.53649487811118513 1.7007977884694001 -1.1703707625926842 0.4938122046517317 0.32151150348923158 -1.4661776953492391 -1.8926457219041533 -0.17808796591971573 -0.49926613119010066 0.60152504727352718 -1.3915801525464913 -0.099496447900313145 -1.7199667511209555 0.86014430650354678 -3.2672408541966411 -3.8857560212268569 -1.728609884468419 -0.10574295629385684 -0.75266101192763957 -1.9870990940856861 -1.7911847413933029 -0.60567540632855055 0.14916915888570259 0.21880493455327971 -1.8789916321272468 -2.3540030663004075 -0.79943527098389644 -0.23315018571136778 3.4377525969581435 -2.9576838828103695 -3.2078593077251547 -2.016760479987004 -1.4106833381324442 -1.7540200425052965 -1.7547719765246133 -1.4705256720686013 1.5120815234880927 -5.563079988599565 -6.3601129507877721 -2.793431995000093 -3.1140377526835832 -3.1160241288920636 -0.052043462633310653 -0.44148420398477123 5.3554053907138011 -2.7436252555105551 -2.8111150616481315 -8.2669064683825546 -1.5106382353224639 -1.0969688636387478 -2.9993389398555168 -4.7898554784495548 -5.7358745310455852 -6.8162103818377293 -5.193022149386624 -3.8344116102443291 -5.9572558767999562 -5.6202350942620827 1.5286820412955595 -7.9983403572321183 -8.6494198490083765 -3.8627167464148662 -4.5625181111802622 -2.6778877769276987 -5.6677222010797381 -7.9657302550323061 -2.1395299488888573 -8.883034958030688 -5.7337429774069859 -8.0462555889923628 -3.7039043509663219 -3.9013930221866788 -5.2955822322898198 -4.348167555310364 -6.4343881403027803 -4.3110800059577894 -5.7407579886733835 -6.551971020198514 -5.9957003488919911 -4.7963406032827285 -4.3244416045534697 -3.4560987773972536 -7.5935204898338551 -6.9830981791011331 -3.8720847496617523 -3.4155236702294456 -3.0892538037307058 -4.6330458655385387 -3.9346674472351242 -5.1587397828392332 -5.5912045566927535 -6.5902752263348328 -3.733871928090152 -4.5692060759825965 -4.3188727454336862 -5.3381601668630827 -4.9673741499912021 -3.0460676632694832 -4.8747698183056345 -4.3217179840763 -0.4769361742783283 -2.8725799452805423 -2.5279960993916424 -3.4425797734453916 -7.3949312738979183 -3.6903760664938017 -3.3454906997180003 -2.0611070415477912 -1.9368305733654563 -5.7092457372783754 -6.4129751762762401 -3.8839797214699288 -6.9901153883189409 -2.8925080008098307 -4.1325156847317031 -3.1434441761172569 -3.1037592142882864 -6.3781874282924385 -7.0549418510081923 -5.8342491341933069 -3.5052222534327866 -4.7360962943160558 -1.9578871480563727 -2.8004685253915897 -3.378531672813287 -4.9553758204151475 -4.7478670414789015 -4.174622858590185 -1.3519580978341659 0.82134521498226065 0.52296126321827052 -4.6990919854294368 -2.7141433528305465 -2.316956925142136 -4.4636780910808547 -2.3419901045747036 0.85949912081175794 -0.38167981895069869 -0.35054486068259694 -2.1883501229519888 -0.95902704413405426 -4.4637382850192449 -3.1758031928948687 -3.1185383262198108 -3.0674458373161331 -0.60117491888687369 -0.82952590079362498 -1.7539051007922002 4.0361142509800016 -0.69729163445861342 -2.9704042744828048 0.67840728787442994 0.7966072463541366 0.45478530984761789 -2.1961597049414645 -1.0540541712437699 -0.85770777987974867 1.6898730694555988 -1.1669726386433272 -1.0891718056892019 -0.29770951402631929 -2.121941192759774 2.32389944431175 0.37451547220530484 -1.0254802944519701 -1.377233366392167 0.85192171964714947 1.1510114296615936 -0.84144629349675237 1.0336408215986173 0.13795503970645928 1.8251922839625583 -1.0083659276692785 -1.4522317666377653 -0.79220636082509688 0.36392106062599205 -0.501316839541875 -1.8942149059548565 -0.56854268699566379 1.1181479284520084 2.1824022204156219 0.29142310087417589 0.84869706760773334 0.27595365677572375 1.549166243234642 -2.9057565791602098 -2.9322917160750572 -0.0017881218579740704 -1.9026537611459653 -2.0015519044185202 0.52426251745009766 -1.6422087790855338 0.72757464349268108 0.35821332323280203 1.5462156075972633 -1.6635710833170809 0.62727441105171988 -0.75296252537711916 -0.84620930438060771 -0.31585263165468891 -0.29413680071688975 0.59151938888377709 -2.7684262854654151 -0.93459361725889412 0.3271444679496669 -0.63138940631974849 1.0719676730544989 -0.1418693326885232 -0.59674410222129348 -3.5663781898015827 -1.6276149945992375 0.22989034319261886 0.67858509970976022




