# Created by Octave 5.2.0, Fri Apr 02 16:04:00 2021 CEST <br1@br1>
# name: ptcls
# type: scalar struct
# ndims: 2
 1 1
# length: 2
# name: x
# type: matrix
# rows: 2
# columns: 320
 124.93849912860438 107.85087218547886 105.50333824922106 100.80931036179392 110.85556305901719 115.67309823385838 96.083822180387969 104.67550296891392 117.36789823433566 116.00906388299053 110.66112861846534 106.65067237325518 115.14848384199384 115.18490769479025 116.10740370962917 114.97230968094645 119.04081071149515 118.29958513638553 109.22959315193573 108.17968927988065 111.59988192010279 135.35230277003922 114.16188633769187 134.80577012718197 130.96248373971079 124.36941161463818 133.68672776902733 131.15448045178329 137.64657153410315 138.36239912662381 134.45563058119811 136.45808392538771 131.51767963876665 122.54609356781501 131.75203261137852 132.40201659903983 133.09962055537244 135.71407701203137 139.10946572914941 138.62806706695682 132.74021559224335 135.29498749769016 133.55443396820036 134.25329207435698 133.53882867707927 137.85180980982611 147.16399242207873 146.02298529525956 135.55902600795568 133.53766523064178 134.61273025273638 134.81462055707709 136.01475420194242 136.47940020113444 147.6279295612851 146.94165922832724 137.14258819233797 135.86469336311737 145.28679230940796 146.38548265881118 144.92111221585446 145.897001083709 145.93665728806084 146.10933907093292 99.446501788312105 100.30470127703987 98.426019551484345 91.755970306145031 97.146915771332459 95.233954232923651 96.114339309019499 73.380567330030402 101.4582611323987 100.62848982755396 99.273241047209183 98.202742814490918 98.168671786240182 97.24881319481851 97.449269702704029 96.229801531390507 104.14720659421096 101.61227527531918 100.29705476208501 99.082231226237312 99.280275559051418 98.341261083005449 98.637541251871212 97.080575901529286 102.73163524426553 102.42448530531586 101.38836730191237 100.29269854237211 100.36781397872331 99.369125923082393 99.477726724962096 98.550020424122067 106.95627574890585 106.62847758816639 103.53622929963086 101.31682018691907 100.43256924345778 100.59315389533259 101.45423864618567 99.52709676378835 107.82458087919704 108.97813249479067 105.88042414963139 101.28688510870575 102.24033124642391 102.37859086405969 101.57883540613788 102.56423484432656 108.49027497241742 107.30034052359375 113.20528199524412 104.55294674395077 102.14942415619934 103.30694677228338 104.36898156273851 102.42616456171827 107.658257158967 109.18435563214759 108.35906505712342 105.34909981777136 103.22953111719434 103.32210719661491 104.46904859069571 106.46790727131376 108.21378070880627 109.21147642338281 107.31123423980362 112.36630738729471 104.33979399119211 103.67791888065193 107.41464074478282 95.974608010505605 105.01871640846407 104.21408957748406 106.99529265726662 113.75995962228603 109.49115005616989 106.28603682641399 104.7671572513685 96.256527733966948 112.64516156232013 110.49627885620123 105.82164126604575 107.22851323654466 112.69696928341305 109.54749401474932 105.43588546233173 97.246583605896362 111.86954898792123 110.71607035408314 112.93562006060596 104.67559638668322 111.60220599902119 109.3205162386315 113.47638556484064 117.91031277603653 109.69162514795347 111.56126630891251 112.6399420161808 113.69982992660971 114.4023616287556 108.3123049546987 121.22038879768124 120.13686584025398 109.43052234376532 111.75598550106182 112.81434128577935 113.79294927706333 114.86664800755872 116.08651491238768 115.8868781107371 119.47391478028385 120.34460443176069 112.00526109424554 113.11849180081607 113.98869982297059 113.95914343282629 115.28712356643645 115.46551281627312 116.18113481802301 120.78272435164918 135.63117862098267 135.9387553447163 115.1342359378814 129.89527216378676 116.86486045967764 118.16388184171052 117.19137476283183 134.68209915410114 133.54230561138567 131.9029535549154 130.76500825972838 132.58996696672153 129.70397966571559 128.0231856884036 123.37998964973274 131.68634748321134 135.35215078417016 131.45465022221217 130.60066723737361 132.53085982578801 131.67027420643873 132.67236170271804 132.04406954977577 136.32101049626672 135.60865215628266 133.57929691122263 131.49592409113725 129.6007009379575 130.80160325462097 132.49684246155613 135.95631526016621 134.60028928182604 133.69700224869408 133.39974657164487 130.4925428148384 127.6215729323843 128.73808727047125 133.31263680558945 134.93670900885218 134.78755569079161 131.84705685303786 132.4622888804241 128.47799837745561 128.82179501089959 135.85646505627003 138.05643961110866 136.72080344806542 143.88152933628353 132.40857927512451 131.32689837125363 137.12467193451926 137.46829360419963 142.68003908851259 136.69146581531206 146.04298772630861 137.44190990833346 129.88932959401694 130.74099090492365 142.92049137791216 143.67602576564084 142.35198702788796 144.65588532493126 144.34605608227005 136.20827266242179 129.60159270445359 143.79573259563057 144.53447653212604 145.4442010306058 143.63798478249373 139.61633466969218 128.44517713108874 146.43051281071894 145.67966754739868 142.62311141441401 145.45876451527482 146.17111651785581 143.72897884491843 147.02717780863617 147.80786918611284 144.53140503312846 146.11564387308323 143.63819656901538 145.68137145077029 145.60351331907594 144.78345770013013 144.60626101029115 148.46478975425083 145.49080364321296 146.84984580279871 146.56359701075286 147.43722009167305 146.93773334780474 145.59466577309925 146.36043980346182 143.27686097184235 143.14885926266442 148.1816373730783 147.92484634052849 148.27979386555424 147.81129618161444 146.71281739207572 147.2226681055248 148.00356652380833 149.04595876656742 148.66408757619868 149.3669283568382 149.01259039447788 148.67936263577741 147.5043148534663 149.13539131976705 148.79711277640206 150.9526429922752 149.8596054269224 150.11856139520191 149.82765618356848 149.5352100400128 148.4266273803272 150.36893406029012 149.47651164549274 151.85580428413405 150.66411097413132 151.1990545337911 150.66300633628541 152.56656014855798 151.43172259278157 151.20576609232674 149.07101419597626 152.06228846343566 151.35625492286781 152.39585459943993 151.7753469536915 152.76922003834383 153.96280902433142 152.23634407419684 150.04840215159271
 51.97836282600764 81.480694661896194 88.870226366184212 121.10103332741883 79.744011034822137 92.90166497319828 122.80541460888892 100.88385543215118 47.496014517097578 61.901712314920367 80.8056404831311 82.178565359602956 93.784053748976334 90.686647470874362 91.879201216273259 91.815887319044776 46.971229713956753 48.329573966100575 80.935697184609879 77.541635896648231 78.714749747653656 82.122279673708618 92.775597487645541 83.141690907996491 78.108362468546559 79.760885132319018 78.342018768356155 86.403901239054093 82.093537648934159 81.279045052632441 81.454204691801152 81.886679716898868 75.945255583258884 68.787802721453772 79.156078493346811 80.783902229501223 79.86472999290757 79.66897582877489 80.302820186645263 82.594382448494102 78.834877183021675 78.565202838258642 76.119010924549997 79.307776970748819 80.84237571536697 80.377397163513052 95.089669908437585 93.344864824640538 76.704394497169886 77.257634621803831 77.504926082210019 80.340653253503334 77.731436630673841 78.845834189552875 96.143042550859406 93.763957914103344 77.748973103257441 80.840648538097568 90.264181550453301 95.864175226582134 93.932227335817643 92.151406181598929 97.128717071688229 94.588142074372684 84.536298116803593 83.672719063260601 85.015635992361609 84.88521666318745 87.031648973346506 86.990780696660693 87.823631456905602 103.93734275356987 83.888383738120694 84.651872788602617 85.668618928271883 86.216051003018677 87.669007860884719 88.384356079133852 89.370441442044466 86.329654452952909 84.7379829300463 85.357242563395843 86.253107706741346 86.929936173078687 87.946687235370163 88.804651670116073 89.938512394099533 90.48675437996107 84.992339258631063 86.117227119739212 86.479982520698286 87.433767829743857 88.559327923211512 89.142651921343543 90.60813727647033 91.155994564317027 83.263589053507374 80.907218233363864 85.908531484680594 88.02529738625006 89.882379825091476 91.154993314011961 90.270384607039546 91.641253874189616 75.574419685559789 76.778081066258281 83.816952246513651 89.112588440756781 88.407213807087359 89.684245396075255 91.616517739332124 91.985235688082355 74.652201927024564 79.874563303388541 80.620630709080714 85.724600389546779 87.278671926824103 90.222074703483742 90.510756781617062 90.891414060290614 73.778308622886996 71.944597914223522 80.318599208099997 84.932335223735222 87.062487995354104 89.152635602346464 89.347083482199878 89.752563977616106 72.829731267221817 75.515801787164634 78.442066190166983 79.517079325141268 86.803125992778561 88.087203916804569 88.939078957971901 121.69874000692572 68.578034363097203 66.418268697624185 71.231851629664817 79.485152346133304 74.332425231641309 85.768851946048798 87.895619011214123 113.44435069701909 53.440352675678724 51.252337871969537 67.755376423564286 72.305463559904055 78.413933417588126 78.976302985437627 86.326318614827514 122.41530691011083 52.620678103247791 52.410856365644428 52.369506105042774 67.576880713531466 76.531336418642624 77.791714149499725 62.924095939375398 46.440311456397936 50.585360422742447 51.515780259856314 51.203626956040786 51.455852575168102 50.568205461908946 79.038704066029183 46.362370472279331 46.986259384685916 51.62328349880756 50.403392636180257 50.050277455824187 49.659514236741778 49.495762653756273 49.025273242408979 45.97241742488054 47.887841456810875 31.23747169314256 49.20193019130366 48.061549664340617 48.647619421823144 47.383468761601222 46.931995262381754 50.474885373402586 47.699695186462577 32.457716417842711 40.356262761922359 51.571700126612924 48.404038443900141 50.317566846051911 46.534697268105731 45.406965301151715 48.604464789556182 51.429977516225975 50.78451177114443 50.617558143337085 51.023808221539248 53.526925694291968 51.405378696548041 47.015819846026545 69.532634609644106 51.715565976782287 50.52644903005649 52.996550898961566 52.154279018054034 54.626649675223881 54.133637587546168 75.524703774110847 77.908449171543765 53.791671022203587 52.979185826277465 54.086231418020809 55.182637149949542 59.535694302868919 57.244415392498951 76.650363737259937 75.591941836637702 56.019319474233988 55.232701975913479 56.248744223766984 60.212511494230803 62.226244158461938 62.430261145502435 74.522905690689953 75.172365140318632 53.76027065973777 57.697267728579874 55.752618468656927 61.240816381592118 60.253620478405232 74.286926832100633 76.652160803821332 76.791773719178721 53.687758094222559 56.82379232489167 56.317236456412317 75.762399147383888 79.177037493336542 86.722301859029997 80.062157217704879 91.089669204813518 63.829522237478706 62.34382921819779 58.469829164475478 85.658368007881734 86.363779873227259 83.071526312408977 89.406482550249677 91.247689091065581 64.300978574414032 61.28704872459916 83.820292928620859 85.234942711736366 85.877238031141204 87.500668428538233 84.189318188123224 124.3444592121004 72.538092733957086 71.602998476250193 84.294038181764037 83.707707920394952 86.691252367114856 88.783275315188249 92.183153474314864 92.917027767322509 81.613846367197979 79.328432552608106 82.588090145954581 84.748772583704266 87.606864179796986 86.710729645953265 88.216637405505764 93.756908601240625 82.572752626543974 84.310579064335002 85.564011367568284 86.457482208076101 87.539034874181951 88.695929581825411 90.0844814988682 91.262165061254905 81.325367670159011 84.119980566901972 85.263752103030654 87.196357194919457 88.273278449690324 88.809905094346647 90.798050267878864 91.651374535449932 85.15266722538945 86.211941974779165 87.283927130588026 88.46023081076369 89.532261941835259 89.700917435921909 91.491298662279121 92.44316552247443 86.198778917080475 86.210674391652617 88.118058821224849 89.321811877208802 90.338443660131432 90.538032925651493 91.428053568589291 93.368754251355128 86.927214198156975 87.170467137900872 89.129522728434068 90.057486405903447 90.718731243314792 91.135241784865215 92.37183083788446 94.801974481527566 85.838729596057945 88.085867495048603 88.606088091038444 90.099259926474119 89.649743403091847 91.313653942501077 91.778658838752676 92.45511184593343


# name: v
# type: matrix
# rows: 2
# columns: 320
 1.3579693284185725 0.522088590773085 -1.7957804760986955 -2.3617106020879088 -1.5640907406415414 -0.61661818312409977 -3.4574658590693206 -2.1848560259870178 -2.5492183677539924 -0.62397535907694635 -0.39783470903372037 -2.8870719898019295 -0.097515352036797745 -2.9062928887344688 -0.65956270312085608 -1.8462777635120358 -3.1100679805572131 -3.6114258993008002 -2.7958971318678798 -1.169154661197519 -2.2880237410344506 1.5790288397789189 0.56204706906287627 0.70123006780830133 0.13737923938382726 0.18963793975630527 -0.35927461046069054 1.1313036246855084 0.99704196677938084 -0.8731740121057443 -0.0040623870567128295 -0.26032008311960336 -0.91520037742338001 -0.70959135959353592 2.5239852401058172 2.7138051374061054 0.48463886526120009 3.7577465268918733 1.5750935978264606 3.8401642770118252 3.0449884591450389 3.7693937372892128 2.4707209305168716 1.3305210967903953 1.1782990748808897 2.0672472252745573 1.421735337879217 3.1429134296898873 2.0391946188693728 0.91883819606717054 -0.50965323711358068 0.91380040947464813 3.5538956142621547 -0.54235452630143144 2.5377145906182061 2.9970681395582912 -0.9823247793495673 2.0791183479660305 4.5257476994310366 1.1602758017234365 2.080579162700003 0.30998916674001986 2.3537799028492752 1.8647855988841802 0.85593087834164061 -3.2538085624665221 -1.7435932514589019 -2.5555409142093808 -2.9973290409981503 -0.16027337111094631 -2.3126712915746559 -4.8083481724781443 -0.80576806969713077 -3.0836801154036082 -0.85922304426679141 0.097832132025624824 -0.14521448213687296 -3.2756829827841742 -2.7176252450428202 -3.8738349392553957 -0.025797345292588744 -2.8336337635257882 -0.5077775561632869 -3.1518417198869395 -2.4034520527024856 -2.6669895719014769 -1.8962177348983762 -2.3267916013086598 0.42660774371731486 -1.8810487905623612 -1.3520825297336001 -1.6693140146239616 0.9208849622597155 -0.64528296864655488 -1.1920685807642886 -0.390764618741063 -0.71787513690985461 -3.6781944918605411 -1.1171340877625384 0.34306147222659084 -1.371861185442427 -0.70940375038798698 -2.999276781299117 -1.0399957992636006 -1.5713578572483913 1.7764283087263388 -0.50760091529851803 -3.8137511065136604 -2.6609900055700222 -2.2345302655374577 -0.70706356700784967 -0.97043711087447293 -1.7144483642353006 -0.31850931387377807 0.55904368589512243 -0.31455287200030063 -0.22109982725727731 -0.97475454581659415 0.84672175592756216 -2.6402428050726003 -0.82744564532294251 -0.28779023911837259 -1.2299418614479056 -0.19947147804141402 -0.26075014034358146 -0.95471558928374756 -0.819677912789884 -2.4029885678071419 -1.3211605873013088 -2.7093658659271793 -2.6117237891174088 -0.075425135423339507 -1.1555229083589855 -0.16702425705658247 -0.89111313444039897 -1.6161703329386368 -2.6674255863883376 -1.7663465065649022 -1.0615489851114503 -2.4377585858618125 -2.134110196553566 -0.4180301872286547 -3.2997639708822586 -3.1420302346738094 -0.352768613841212 1.1330640891235528 -1.2459709097401757 -2.7306373711774574 0.92043508266930074 -0.64004835237680768 -1.3718895482095961 -3.6302847023212492 -1.2986497910163426 -2.2125042590258106 -0.35236439323079266 -2.1044058813390403 -0.46294733397499171 -1.6402528869816206 -0.91553894821569615 0.83795718116855689 0.084575984726423345 -0.21790689785126841 -1.6226668938206716 0.064505099329090654 1.480443751182436 -1.8025981112185085 -2.8422030406287022 -2.1283985122529003 1.5860535977484596 0.080775512121599558 -0.24271925776046432 -0.78922860679483808 -1.5390863064966982 -1.1942318833600962 -2.4156778750193153 -0.39631174354888021 0.45984564337902961 -0.96108304397930333 -1.6496116118696624 -1.9063461997751676 -0.82231272706552716 -0.13662504862064537 -0.58326599705730919 -0.57675509497960653 -1.1912986953642635 1.9063454546835059 2.0532372648226014 -1.2722013475267628 -1.8758018072386879 -2.4893040412007825 -1.8858716830288726 -0.79901196559414234 0.62379200270328139 1.900523178911383 -0.51639628454811681 2.9868963435613636 0.25929612890089204 1.7925737886140183 0.9259881844467065 -0.22440845098130988 0.90347029382047739 -0.81271372144383291 3.0861210040713845 -0.68836665311542777 1.1948559258712734 0.53596750013714956 -0.84253415078247529 -0.020795030872559628 2.3882383173446629 0.79543066470216794 0.39409110302353428 0.46574556551153162 -1.9753277546012684 -0.23790610215984223 2.5160280057544728 0.63312511736047594 1.4605334255291145 0.50468463911162509 2.3952935904690085 0.5057481063490642 -0.78285961149668704 -1.2830390501561466 0.57233953403237026 3.2985298348509908 1.2252032291719466 -0.22346071490747416 0.13729743659852983 1.4709298703528932 1.1234700642137621 -0.96119658502102612 1.6275362384033361 3.1246352877374632 2.2728166734052841 -2.7317910801860879 0.89297131100727667 -1.9918000743102497 -1.0914433736656239 -0.069026326686996403 2.4209826337917213 2.2824113482824981 0.77130284008996985 -2.4491293133051251 -1.422921174545855 2.3291370153046196 0.89499716211203517 2.2931760122476144 2.0988495947503529 2.3234916621344222 0.22612549190253475 0.31242323510293829 3.1706660796544379 1.5236324647572168 0.40929034907969464 2.5912912147361715 -0.2582743541516368 -1.1396072695747648 0.61335774253278297 2.7846680669733326 -1.4451274472663347 2.7107301233788319 -0.073185851365168808 1.3624770667744852 1.2453660957748325 -1.0736653282715276 2.2224642606369103 0.88167391345715806 1.3931033941498199 1.1903153305510388 3.0208097591382153 2.3591106594452662 0.45274401038482948 -1.3485457786449169 -0.53235339256347392 0.9753185987143923 1.811592303405509 0.63378433725071659 1.565125369911843 0.57897802782022545 0.4975556834462424 -0.19333830769098398 2.0483294950895341 2.6165494106280986 0.53642444628468744 3.4053132447261047 0.47674658928374986 0.88164351925254636 3.1661927194527442 -1.6902292474165834 1.6538493840657413 2.8416055109806857 0.59350499145935476 1.0100790070926406 1.4522988374616175 2.5054434286872991 3.3104000197687777 2.6769622570867062 0.54928438271454694 0.85203783252790144 0.26448590173658626 1.8328623658705203 2.914470337017566 -0.96151294874052606 2.5221213553076289 0.1400955305343399 3.3562872571370437 -0.7624561656966371 1.5170397862364473 2.3926253963007156 1.8103217412463555 2.7116385456597487 3.4748332308365253 1.9317233040475139 0.65898535474692665 3.8848778529811154 0.99381845371143818 0.761274233875193 1.6209637696258425 -0.10886873823078265 0.62590197542500048 0.98075100497889145
 -6.3445512990119379 -1.0546123934774292 -2.4796792616308951 3.1959294126884794 -3.2116948895902238 -1.1550146857649151 5.548699076254918 0.29108599795669898 -6.7518159747894151 -4.5400459979297505 -3.3369845017985309 -0.046750654700346714 -2.4068165403237014 -1.7363226793092976 1.7868002205369662 -1.6819266985603629 -5.3713187421993185 -6.994236726359115 -1.8918745762550822 -2.9926500158412428 -2.3258735949478093 -1.3632465988653977 -0.35568020005099921 -1.0488820720294247 -3.9875127777282477 -1.9360448762617062 -1.9084959754349418 -1.3688265063269536 -6.6266082174742582 -3.8160394660423664 0.95727240799673685 -1.9792211313026769 -4.1228174956965766 -4.9379413947275879 -2.2814964862289715 -2.6251116582785792 -2.4963576639570433 -4.0379138495392004 -3.4249936553229063 -2.080554367374825 -2.9495424425764698 -1.2029142580183296 -1.0954655160663165 -2.9205210440902971 -0.33466898098724362 -1.4175154958963854 -0.13700618934733863 1.0443843007298719 -1.8747042570679835 -3.1661166332284605 -6.4631016781498953 -1.2579815678601893 -2.5173343502093859 -0.84760621688798832 -0.89225100529926105 0.067453248449061656 -1.5278750990533851 -2.2848434328394807 -0.81620989691347712 -1.1626791090368984 -2.5681761877260056 -0.12944113297008103 -1.6972404093883267 1.5034683986618125 -0.99675214107449517 -1.6115564074793016 0.15417861995643933 -0.70265671128496998 -1.6828886911688241 -0.37470591462590425 0.78309383748539796 1.2975106343904557 -1.5252332273304339 -0.067956956897121307 -2.7982584793249901 -0.74595195488433463 -1.7922312174103796 -2.9376225747617095 -0.058092079780492467 -2.3073543892307695 -0.89498690605888254 -0.93674316960857651 0.79958754747955718 -2.8257370756909506 1.7118643305312744 1.3984755678909409 -0.27081007563190279 -0.63766970521697675 -1.3351898906653035 -2.0726468452583888 0.6927194366246493 1.108490272690821 1.2073498977756882 -0.16338038150950301 -2.5425527543766662 -1.0236323526871884 -0.65597495434027087 0.20240068983110365 -0.08392638923579096 0.082211464504068188 -0.25078756823275244 -0.66132688198835654 0.22473638151214145 -1.7387084558035226 -0.29145968205236317 -1.222435281872148 -2.5983195816809093 1.2927040259097511 -1.8116016835128059 0.15013769320956619 1.3344783535181934 -0.017930135818568983 -0.80928151988973651 3.1584337451900106 -0.2985751968467224 0.27151424633594989 -0.58109388541389217 -1.0283219947979378 -2.0645536029029601 -1.5363682727974082 -2.9242527472674853 -1.2591546162099563 -2.1162236585246315 -3.0128959811857756 1.2837712757989332 -1.8589680654743932 -2.6476779549698821 -0.55057619628672838 -2.3797323309784781 -1.9035407930959305 -0.48291782466390376 -2.126580973340114 1.1162755667115223 -1.4851094956900466 -1.8512457645590423 3.8311981122301417 -3.5247535957744391 -3.1581221250903799 -1.7189672565197418 -0.55473290497073013 -1.3899165897116179 -1.9800420256172211 -2.9534766137627044 1.5120815234880927 -6.2330410013602311 -4.9703433413409543 1.1102988604802961 -3.0791886804951187 0.066416257259628519 -2.3749811103131782 0.13208209060060852 3.1309303063881346 -4.535104481389145 -6.3168758203277955 -2.6354972409383155 -4.7820769350444055 -0.96184536531505072 -2.4702848299349185 -4.8047683630626112 -6.621968849585893 -2.904364381914867 -5.446081224337318 -6.3676230746017568 -7.0001647442636052 -5.4810490630325779 0.21832311849550348 -5.6636066148414805 -7.5207691939181274 -3.4358646187839117 -4.6615666112866698 -3.5988960709212834 -7.7745793683080171 -4.7779231430535907 -3.8544383959763051 -7.5792543491935644 -9.5123825891029181 -6.7937998807590914 -5.357856707595495 -7.1544316377249766 -5.1146619139748362 -5.6915490637025945 -7.008975507200355 -3.5411036131097267 -2.7184034456241291 -7.8044267284317703 -5.9957003488919911 -5.4523569060818655 -4.0877584150973938 -4.4683767284466693 -4.1391130823868796 -6.1370619028715936 -6.6416786874076355 -3.4180944946725695 -3.791522083163795 -4.286097099790676 -6.1655416190424042 -6.5348723139137013 -3.9991501632346198 -6.5093544091306157 -1.7683040970184287 -4.3262001364952489 -3.2200198193605059 -3.6068093744185736 -8.288677447457049 -4.9603882387659448 -4.0553063381981564 -3.6833535292919906 0.93579852978342037 -1.9723187416212191 -4.7590786678301429 -6.1381795306184079 -5.3677804064472223 -2.4415664744724572 -5.0021424919893525 -0.43138419474937634 -2.5294176681839708 -3.0222257235219665 -3.2978462559971127 -4.9779172790859407 -2.4538875569743075 -4.8453867975706029 -5.2094653042424124 -4.279450427234825 -1.637702003031891 -2.2312039494597706 -3.6210754483407697 -3.7914887811712665 -3.824335310379027 -4.8795751447094302 -2.669556355689422 -2.3695274721063555 -1.4468787183484682 -4.9553758204151475 -4.4383214775138295 -4.6893330046478825 -1.9163910171861134 -4.007021138551714 0.40367842094453671 -0.18099225212324696 0.36650312029630627 -3.2985394807755282 -6.9196534749235505 -4.7587613209536332 2.4001894980162861 0.14707004197111473 0.84642888834893737 0.2238761257966988 -1.3525421074263893 -3.4821557293858407 -5.7632418554581548 -1.1161560364758354 -2.5954314500273568 -0.023933343456188291 -0.15141417640250479 -2.7403053353436113 4.0361142509800016 -2.1734432694878505 -1.4942526394535673 -3.3581438774571941 -0.83484155075014244 -0.63597570158778494 -0.62415043937411907 3.0809351423408819 -0.12612542611213967 -1.1499243687088554 -1.072369632113483 -1.8001497627990297 -0.31610247647833878 -1.8748824482313935 -2.103554590595293 -0.22349644382865952 2.4825858219809893 0.74032753554032615 0.016885844119080146 -0.55858098207756757 0.12942123817089266 0.20324257866201229 1.5592289786735627 -0.67547988763484934 -0.1722400130807655 2.1112957025251471 1.3830752909606165 -0.13889409045227877 -0.24991753733490468 0.39276209928378464 -3.5655947775680485 -1.6821721258576603 1.7431435264065265 -2.3226804347509216 -1.948793206959758 -3.168663890173772 -0.77887364625516387 -3.8668109783429827 -4.0580988960784863 0.46210227058846332 -0.46787973509809083 0.80165673613132937 1.1805209299869988 -0.9524011411887674 -1.4141715094645788 0.018253875474938216 -1.2358873601113569 -3.0709245815901558 -0.54922254829528216 -1.008549218619919 0.65274113088932695 -1.692611946104047 -0.71723470204158102 -1.4841950201231149 -1.9481668252248263 -0.24609064973859257 0.38948551067134507 -1.1156602950803001 1.8836778336038049 1.3445067887878361 -0.0054433100687724667 0.3318777373003633 0.90942048723533508 -0.94969053354736699 -0.37663221851094003




