# Created by Octave 5.2.0, Fri Apr 02 16:05:50 2021 CEST <br1@br1>
# name: ptcls
# type: scalar struct
# ndims: 2
 1 1
# length: 2
# name: x
# type: matrix
# rows: 2
# columns: 320
 141.17245411056967 94.583470674270103 93.458366257217776 79.672000473107246 97.033694558818794 109.41017146155282 69.573995743294901 85.121041536318415 101.00870169559795 110.42448441925843 98.978814201728582 94.473243899789694 108.27119633380059 109.07574114237309 108.3310685945446 109.91477503867573 97.07330458836384 104.81643941602252 97.675929103345993 98.615490730556928 99.530382625753745 145.50240942367259 108.44746000439109 145.96098211482325 141.4888146940807 126.06667117544558 143.54907732145477 141.27964789272386 148.22828753166075 147.92375957579924 141.03835692554705 148.58679376991444 140.16555141271971 119.30364839881913 147.21413113074325 144.0915299939781 144.78318777166868 146.87139577068825 147.55594295392706 148.88455225912801 146.59077348805488 146.94998345662685 140.36350235922285 147.52688336458331 143.15355163533386 148.56778167734183 158.39611519125691 157.4070875917989 144.64429504674419 142.47948992478271 138.84919511948468 145.81156139308507 145.64903028905667 144.08659268013653 158.39381149124665 159.30707856259141 145.13678778411312 150.73232172323156 160.61537709037111 158.41046384130507 157.31062923657473 158.93646710532803 159.40126913373228 157.93925420333483 82.98025803944094 83.716096648414577 83.035719068353501 68.883879123965158 84.065501950839959 82.51577972053876 81.439742356471228 30.345851186348018 86.237135123098241 87.458714942026219 85.132733979557898 84.077171860645507 86.279083543944552 84.922192683614881 85.134335270117475 81.400338273639505 92.761657682157846 90.785759650832986 89.751143683234446 86.134349315719973 87.226900462883336 86.439338418309489 87.231247914606783 85.361674675575955 92.746327178644933 91.584639728210504 90.57441736776363 88.212492291130445 88.239677830358119 87.274530555097357 87.372301892047545 86.224561886449365 106.16036729398571 95.429388868211788 91.784801274189377 89.330105189440985 88.3578405978229 88.465628959405052 88.318466098066082 90.554564333851644 95.602192258743287 95.612462101037707 94.9088818542198 89.317707155006318 90.475112393875094 89.511562670351566 89.391292924336824 91.810486551644573 93.901155661179018 95.610933834662006 98.486730772346561 92.550238551101984 90.276640309604417 92.760167997074817 104.19904768436032 90.599249660217865 94.937492012366079 96.330882960106095 96.598028803971559 93.68134294176231 91.417110873306058 91.444357278478506 92.869652714600974 94.296178015082589 111.80456162816515 96.609408437177677 94.710537383576934 96.77071527537818 92.39725711255835 91.340424933517525 94.256682654833767 70.418396910745429 91.675082252155391 90.599168320881475 94.595048961202082 103.01602466667056 97.766938414655712 93.64026297522058 92.212114705890627 68.135357133642316 128.16574974766695 107.77231349135219 76.071940172219939 95.621482353627329 96.507846021882074 98.633390189097085 93.275874618351978 71.412529138503075 112.97479673467751 110.38807752894755 112.62008786541462 91.715720381333057 95.4921793174219 95.961152030906334 105.28231197832007 97.921768552747821 109.86928363073598 109.80717344827178 110.7681528837836 108.22622805480347 105.83844348184905 95.592277390282348 100.15679563498203 101.83732860914408 111.09941675910213 108.73224618184584 107.49186317543278 106.39995238398164 96.244659735699599 98.283705189203275 103.57608996567163 102.59834108510999 117.80656924136115 107.88234327294799 105.09557480384258 105.07706440500158 105.61944682500229 105.8178167420795 109.82681046887656 104.70713217065456 116.77425472678107 152.69297044039035 135.781146090221 102.69756229357837 138.27788837785039 100.84879406666742 100.63344864572628 103.74465476864403 138.86389691536385 136.76368747003511 146.61704702628748 138.69127417594231 137.55837599886414 137.68464363187769 132.23065044659216 118.26313651408387 137.84240410157915 140.25214270081125 137.79713495951106 139.53502250483584 136.42631758168727 139.00962783648055 140.86690082936266 142.3146200893365 134.69046451110583 136.77126898969601 135.72835083343475 138.55773991214502 130.59477820687317 134.30451259026518 141.57851752081254 145.56192684182716 135.60824136630671 134.6245153781156 134.56213511813758 132.99603953982117 131.42096366095291 129.38266376533764 145.15569624496302 139.84475342325214 131.11144183657964 133.61004616335322 136.46173212717332 132.30086861297804 132.53581738469569 144.09025849137652 145.33996227351321 144.24021740258181 164.22323856326264 131.2418914091505 135.3297789271428 143.23390144189966 146.33210900438678 155.0799826134471 151.62480206571612 159.69379860782485 140.81298845413485 130.17360649025707 131.12269300293775 155.205511856143 156.62964626872298 149.43609877639201 158.56056327948832 159.55800872127065 141.76417768795332 133.3669183758594 156.02392092595434 156.34796923878008 158.90148912972924 154.4618585357685 149.59445494342921 118.24569206838461 161.11106702616462 161.41144432703285 129.50235193559712 164.04744962817048 159.86108362473942 157.43500896729699 159.4742225994558 160.63165178817709 156.9983144412457 154.00662539850106 157.59289509476935 158.09724832783817 160.83676017675106 155.81037460352979 158.8232012419752 159.45480996250691 157.87794728531389 162.22303344301162 160.92709042241725 158.62703079822128 160.04594113083814 159.68819133563613 161.16052543079309 158.12785776881469 157.09047437314538 165.09374869419884 163.69941389269036 161.78176928569295 161.5191315533726 160.40401725240113 160.2550279236838 161.41882256719649 164.76494604440614 163.02384117760107 162.52926980226434 161.70407136760477 163.67854150725503 162.46280947659028 161.7338487055481 166.07677052154037 165.90294359889373 163.93965341079036 163.51439728391935 162.86213736400393 164.11246102387193 162.77309577899109 166.53608053935045 160.29117767474662 167.09621417467804 165.37952444405394 164.73947283582356 164.124977363255 166.85451709933696 165.33014328124139 165.85717603633972 158.99470087983519 167.91918743760601 166.45512267955789 165.82980503958575 164.7441545202544 167.13551496361512 166.52892020766188 165.3115358197135 166.95546453230043
 10.86499044211755 71.154205357373925 79.603730639356812 149.70460157096809 62.325860908085879 81.700076656922505 160.33127491246137 103.48907511387445 1.835093091837142 21.268300633453254 65.130123428464245 79.161908645851341 87.560443473574992 83.446102549473721 81.314300779555708 80.595226292920998 2.6990513275364196 0.039567517336121398 66.800409019275193 64.095661018703183 63.583954816214359 60.728384410056037 82.434526201607909 61.709207048044263 56.30630135320672 62.433283489769906 56.414720769025173 74.15290400741857 59.057450467163569 60.957965043003753 62.53826800250274 62.497533521017722 53.375418989248956 38.758236919425265 59.840647114627131 58.558922000679651 59.900020559281053 61.122717508197184 58.262489735125435 61.388017673358505 58.859183847008865 55.974961311927252 55.404146442321071 62.058538960846533 57.846661520619286 57.948329794769727 88.174060874306306 88.684243817860676 56.385983469087115 55.705573222474932 53.938437107698391 59.684933161245077 56.784365371263846 57.36091247670435 89.474577125325084 88.959558572505514 57.795059068234899 63.201039956814995 85.325925823864452 90.667322442900243 90.592641406561967 86.756606420744816 91.042055911226868 87.184715141463585 79.336130314090084 78.481344557588713 80.334706937071815 78.596439097178163 81.383374269984344 81.378449775661849 80.785779356067152 115.55006293136184 79.075081186509067 78.028240445295424 79.271448297995491 79.569805244765362 81.276049368585305 80.488340304287391 81.686420810357575 81.905295947986673 77.680175184128302 77.296878448604531 77.783123049122082 80.203086775537315 79.595755981575408 82.385652896639854 81.709162787678892 82.850885399951665 76.374362082879969 78.143467184199338 78.446855482250186 78.938906828266255 80.143579520765357 80.658737657623632 83.17635916143972 83.487997011386284 78.504050204252991 80.204765258638545 76.98012061069177 79.053090684900639 81.375938951670761 83.625334017669175 82.441977233247854 83.598269569099713 65.668131371343463 59.393943641431974 78.095267091332644 80.729977154374637 81.105128313773989 81.928381749831772 83.152798881995537 82.838013041725858 64.306584435462369 79.170160556561228 67.629751235775373 78.777265946104052 79.539998282976228 82.140857842408082 94.198317263280941 82.364751596430054 63.18651653937755 61.529763187936069 66.108251921218198 76.942168586203962 79.207374846895746 81.653400341982518 83.344619950028786 81.418833740999602 58.750062811378747 65.010983746275301 65.040540521661384 63.721072931450671 79.823255462056238 80.371113263715714 80.328732175002997 159.47140683142368 42.823883720886421 42.160114681544272 58.462352784639734 64.633161605054127 65.367948299553362 78.321263794282032 80.929722932289124 126.97748033224947 19.329834138250213 5.1210538077979972 50.951422391135978 58.067180478486257 67.16503908703541 66.204919684570754 80.893906716553914 159.08868586115514 2.7922166050924631 2.3805245453150312 1.4127759952632193 41.718987935166084 66.737876942675086 62.884874119109789 19.921419089963287 3.8806882748416802 3.3966520750235261 1.4011700122974913 0.88737108595508629 0.094687713914007765 0.41606771259064518 64.050915361324655 2.7111239432445071 1.1598510561301369 3.4647164178526886 1.06012726270061 1.2527171743747931 1.4401283949877828 1.9213933483277923 1.8694580658570894 3.423173752090944 0.34087106199749767 34.099269506082535 3.1813896968678019 4.2280136309126961 1.4113765395830296 5.5022409500951168 3.0192159921223261 0.32429969368629197 2.9366623701693775 33.423792898339407 13.30525536065999 18.843967048054395 2.0443516418457581 11.228232699156933 3.5909173237396845 0.82996831311273578 1.253600154597325 16.655438188585297 16.951885311161018 10.19168145052025 13.306553856355661 14.947747373020743 13.797810497672756 4.4274596265722534 39.541303260545945 17.24356347903106 17.338607825197062 16.015951056327427 14.293675389540086 14.670260992882415 15.563406285984867 54.302086202979339 57.063814550451283 17.276075492574456 18.102960008063583 17.792208617887283 14.430436157891858 12.186980126046691 14.454433145691105 55.084636257832592 55.320322047462554 16.587935260838915 18.511358192154546 16.136943638754101 14.543264020023598 13.031399899480741 12.685238284786541 58.912216220212322 54.484216913153269 29.013750544892879 15.513581117281069 15.896554799223784 13.680855667163717 12.483349957022051 54.223155090033927 54.291470594535269 55.4025356634669 9.3371445015043353 15.374235521918369 15.377364349825672 54.802225194696611 57.678667965568408 83.446594173236562 60.040933677371129 86.024350298708015 33.974376549168653 13.366516508871301 14.189366827083923 81.675078472471299 83.896165419011623 75.421348260349731 84.46379536724281 84.872693012634201 33.468902131779821 13.528046840205308 82.866967287858103 81.850525608877646 81.448698228953518 82.429819039044006 62.802891390123946 160.46768175838974 55.036170572293891 56.279042252887827 92.274908654899221 80.496706968610908 82.059719795577024 84.780824811195956 87.913312109440952 88.206589021187952 80.813041758048001 69.730724345203797 79.795043002749992 83.291815035804362 83.132102815292399 84.62292675948666 82.531771242134653 89.965740346790923 81.886408636162386 81.415554916685849 81.767622667958094 80.314037205758552 80.998743710238458 83.297801717497919 86.314455198422777 85.565579455785823 82.744455643444695 81.257628191015044 81.62790233767258 82.478569504824364 83.996509514223163 84.151653140441326 87.059234687004405 87.397214173871447 82.227103142965134 82.485240916924454 83.601141999735802 85.43045771563456 86.293540126880217 86.633730420947018 88.521637189532058 88.189885960220451 81.926029217745437 83.074601951982174 84.292185554102332 85.662918234924646 87.328960753176915 87.765897946757534 87.117034073171951 89.286975336453295 83.98598453178063 83.120011540200011 84.044424853631469 85.098717512849717 80.16302821572684 87.123889727648191 86.098625668844946 99.816078509638771 80.348233695572517 82.950254398143741 84.068772887003888 86.118837007271836 82.138883427779987 84.884248091142425 85.082542345456844 85.89310190181898


# name: v
# type: matrix
# rows: 2
# columns: 320
 4.4631351475886749 -1.5491047806532685 -0.77317980358185556 -2.3617106020879088 -1.9813471784020273 -0.65408074438043773 -2.8732252506269669 -2.1848560259870178 -4.745277331306907 -0.62397535907694635 -2.4432149106610623 -2.1376311329951414 -0.74118715823311598 -0.64000946216612165 -1.2593034115676907 -0.0054338375007904893 -6.6378682505582267 -4.652043555206272 -1.0640448992635743 -0.60057278901512456 -0.65884292334089756 -0.45554253866566619 0.32671579228141739 4.973627508752001 1.3580385427192572 0.18963793975630527 0.78646446627754152 1.1313036246855084 0.72437182529117339 1.0810780021765938 0.076597165524798977 0.78734276884247867 -0.3665647925241754 -0.1513789582946827 0.069440541072939455 0.93246752415188661 0.62960287763900813 2.6237492266205069 3.2943873207227581 1.0842715198355204 -0.027560903556614127 -0.063899931339714611 1.8660025234679245 1.7108193384976444 3.1152548011818748 3.7156167963479549 0.69378644419716773 1.5495938672020182 2.3615744346988885 -0.38269726052298542 -1.9255278988446443 1.7166617065883742 0.87787121807481061 -0.38134041892097548 1.2271223132172351 1.3433220840655493 0.12307780316702907 1.6538124112063928 2.7451126020539078 1.5528445519529659 0.84609502322171271 1.0799803033912496 1.3464419835941506 -0.43204319058738488 -1.0439519494026062 -2.6193922445379472 -2.0638605386422624 -2.5555409142093808 -3.6795260389664857 -2.2665312170857561 -0.80671530800734315 -4.8083481724781443 -1.9589350357543172 0.71754637495805407 -1.4647366093725129 -2.1551438348485887 -2.164704473179035 -4.0181311347428563 1.4719325535556154 -1.8629625127009422 0.54013221682415002 0.70162390542953512 -2.5325542208768872 -0.096662057124319037 -1.8736095302920204 -3.3773128029264727 -0.8971545626167422 -1.4484226893552858 -1.6161799432142079 -2.6773492300235739 -1.0348270979464302 -1.2057622760909257 -1.362652150980052 -2.1305891526288607 -1.2565159848422605 -1.4982941216554526 1.0957960171126855 1.233124796906675 -1.1413461570952053 -1.9360065482136306 -2.5667817038084877 0.14965979028184842 -0.83371736958147624 -0.77260305056948009 0.27485151915868483 -1.2052439704034563 -2.9828809399055389 -0.90907091912058946 -3.1355122850959716 -1.918781487535649 1.2504500455682621 -0.53652871446864381 -0.37509317045807455 -1.5068802117219795 -0.76736335492767704 -1.070954325093644 -3.4337640798040114 -1.209621238216495 -0.98235940944024569 -1.6889164157906669 -4.2899083169699805 0.42657893546636511 -0.39165529733365073 -0.090709777409235137 -0.98249555613208528 -1.5207954297044182 -2.1555510254923775 -0.38762601304653016 0.63942593884555221 -2.5794501697381729 -1.2294565680441396 -5.6755960541190804 -1.2235936653938539 -1.4367528990290002 -0.80295353307314021 -2.838257894958367 -3.5839111252966842 -0.98522022813375576 -1.7688801182497651 -0.94314333146569318 -0.88424223163023907 -0.995019188187373 -2.5842771826251929 -3.1420302346738094 2.0503194377782759 0.033226120381428408 -3.3052369035009281 -0.65310565077767546 -1.0056230246245637 -0.24396813559611411 -1.0789871974857466 -2.9924377487438805 7.5667504481284213 7.5152976746037163 5.1490732486777082 0.090219372898926953 -1.2704090506663814 -2.3103673036791701 -0.91553894821569615 -5.10338741834099 0.83085365084491358 5.4982261399528136 1.2337934887578836 1.2194638662702564 -4.5587454712846922 -3.2910043992044278 -4.9226306469894361 -3.0661032881058112 0.95828704815664623 0.96363093467166316 1.5346831761525122 -4.2909487100628869 -7.6141741646636332 -6.3542126412663089 1.6392892958460312 -4.3690515581111651 -0.93645533734050534 2.423699789984902 1.1814726289770532 -3.6358946411180644 -1.0940245714761601 0.75027736473718631 3.1596835946069315 -3.7335415308355508 0.20500228535527304 1.9063454546835059 0.58074881732125716 -0.35075782284659562 0.26904687497457902 -3.6534531610124494 -5.5176281479028386 -4.0987288649980638 -0.34971512554769218 -0.25558863915109764 2.5327848163482951 -0.66791985710461221 1.9857993163467458 2.6839538865495514 -2.1791776347234002 -0.78262085228016531 -2.4606773509437461 0.38551762574960841 1.0720601913400534 1.8781207614969211 1.1298986542575371 0.19931462778060824 -0.16766330466474705 0.2913682584679701 0.23443544360491919 -0.36521787093276348 1.2578356864971567 1.2477783443984889 0.64905647637102715 1.8117349008467343 -0.60027312463738014 1.2550402897959749 2.409852208457842 -1.3434197988577732 -2.5047660829168605 1.243074292101811 0.21284272093394521 0.43105370279114141 0.5276426314816105 2.6833645857457955 -0.92266956557525615 0.78687297667624201 1.312512429176889 1.1265102166155649 -1.2456846382723323 0.036800806672289799 3.3681556259215339 1.2624084718727768 2.2728166734052841 -1.5183864894788144 -0.81699618194241053 1.1629408734581417 -1.0501790088610279 2.0985088905095406 1.6039025045154522 4.2684091013327103 -0.71385932487685388 -1.7106223104789553 1.9733383991615456 2.062141026087176 3.9605201369939196 0.79445250808365253 2.3061363910708437 1.1878009449640994 1.7112876568693551 1.1566012636012131 2.5149894640380022 4.7248177949474366 2.3550401636666782 1.0857204584949454 3.9243953507356029 -1.1396072695747648 2.2962882915649914 1.101737517941128 -2.100086601167332 1.3978442480968511 1.7266715656378222 2.3078621507995676 0.89323571620278264 2.0818297035387143 2.9812190976547712 0.88167391345715806 0.32049241360314623 2.6936711234494517 -0.48077469809521389 0.5753646568288725 0.35134891994398187 2.2631958341319756 2.1911772081337135 2.3358443137546301 1.1333608143289988 0.16232481386584191 -0.78950350530260638 3.2246120120773849 -0.37265989754147716 0.10373363818558552 -1.3944218828402493 2.008476544783103 0.76118978404601589 1.3704666931454077 1.6303552773374552 0.052653105146059344 -0.21889696812064038 0.43508997751728246 1.6622168126998427 -1.1098678550644783 2.1280783704216142 3.0630848731678575 2.9121497246046468 1.2505596938262644 2.2447220009798965 2.0923295906683728 2.0066293189640119 3.1387230044878165 1.2054595048635872 0.89667986997866955 0.72990321297607896 -0.66316094416184734 1.0039619249115108 4.3706284277396303 1.0306822545039835 3.5309068500112684 1.5518620577315063 2.8793877103628764 1.2137572811227602 2.8106065970260508 0.66110713859162407 1.0795806053282941 1.5064342911380268 0.48006754540285024 2.9632131605335079 2.4184438020449974 1.0277217587152008 2.0168806922897273 2.3961294041250412 -0.4109079064507562
 5.5882195178359559 -1.117490105380994 -0.031221608078707323 3.1959294126884794 -1.1345265225844248 0.50508883872693278 3.6392877911063031 0.29108599795669898 -0.84766088383077187 -4.5400459979297505 -2.7600731852282725 -3.7650367515066301 -0.81039780598378297 -2.3034132562542937 -2.4321011080589425 -1.1636541873620854 1.8606883568837025 -0.8947546742938981 -2.7075160119251303 -0.51334791869105489 0.12154476125505093 -0.76030950818722154 -0.87820636648790518 -2.3947802868212902 -0.35746998207888125 -1.9360448762617062 -2.642425775978944 -1.3688265063269536 -1.9666732961048574 -0.63375324016625956 -1.8863316855641648 0.4490018614416752 -5.2036413508837951 -2.4941877506757186 -3.6190836862698035 -1.0780966067932516 -3.1250226886416166 -2.9046059299099873 -0.73933671445282212 0.13054300814077413 -3.0528350133369146 -1.822943174062325 -1.6717403302814147 -3.9652696976890063 -2.5366215369471283 -2.4873288836046048 -1.1033687079328749 -1.1147753554951116 -1.5544286011691137 -3.2480440872971901 -1.3564260532665344 0.69077524168697768 -2.9526494188914731 -3.0489412340304818 -0.3100490478011923 -2.2427103792762173 -2.806491978224273 -3.3059242542250846 -0.83231272672791579 1.2985964698054295 -1.5503094378982774 1.0253620351181087 -1.9203097972990284 -0.64422629522040165 -1.1470887320838665 0.93668592499855119 -0.66179124155147417 -0.70265671128496998 -1.7242716225153463 -0.8173894051369478 -0.38388790434463466 1.2975106343904557 0.38257047086874885 2.0791713740630429 -3.457646043126422 -1.0508947562741617 -0.65908250063761875 -1.274561035002423 -1.1694334360093022 0.75905462825495074 -1.9493806476563793 -1.5654600229318547 -1.2145457474778942 -0.066168042713828396 0.49417001836276464 -1.6851587199798044 -0.22418880948990402 -1.8562872720018704 -3.0573576908769415 -0.98070721744380851 0.2761806393569512 -0.6392148414796931 -2.3711726189839957 0.26520286371405372 -2.0188558845403275 -1.6725553754014035 -0.76998383527079506 -2.6888165581145653 -4.9949763666935256 -1.1967125403131447 -0.72689629108040754 -2.480510715685964 -1.264058927081972 -1.0926894059589882 -1.092542028864488 -1.0044879532252657 -0.49517587584561229 -2.5790376406868036 0.91436138542402312 -0.25052653664451208 0.84003846583652297 -3.4472378627551592 -1.9648698089380245 1.072693633601552 0.17296757772791571 0.33956493595564619 -0.45488417116871915 -1.7011168510543944 1.4511542305423721 1.0651532006665105 -0.75589331292764506 -1.3746214776013532 -2.7539036717478242 0.74006369557826646 0.53252700679622811 0.6506378974727054 -1.7169067205724631 -1.092828927389772 -1.4985947257817349 -1.2759553529502554 -2.4745578762513194 -0.87891542435498116 -1.4851662294533965 -0.69477949515679005 2.5757506967085253 5.1267336716355389 -2.2242877642882952 -3.618727079473822 -1.4655060254341739 -1.5869886814609546 0.42670674215723825 -0.31678443482407476 0.9696660333224032 1.5120815234880927 -3.5162276711970275 3.2317838713366283 -1.9440862629784657 -3.0627386124103819 0.36099794752472231 -1.8144592855484489 0.55022711288791415 3.7448060321313905 2.5819520435704537 -0.62345358273409746 8.6633646457299598 -2.5675526886883455 -5.0937982234487738 -2.2106036717232134 -4.8047683630626112 2.7048207697362936 -2.972325293477462 -3.8539719058373829 9.110565094178023 4.5677140659579356 0.21499757426450536 -0.29533627732967649 1.987491859229092 2.658821150211419 -3.1185562689687614 0.99864005604088313 4.9637291182182723 -0.19731586521490374 3.3963749551001126 2.7272568005738371 1.4426747832551587 -1.6775301468927102 6.5414982933021832 0.98134403633374656 1.5544941688357266 3.2534459963142313 5.0351330269770056 3.1808249855746427 3.4732835329244227 3.0026848709842917 8.1780338623999889 5.9957003488919911 -6.9978092574407178 -0.13646642927633662 -5.4389877141803877 -0.010313918855098627 -1.2585573159164847 -2.1831755061818456 -3.1734240054121754 -2.6417912025867514 -4.4806091023851753 -4.8859259317659651 -3.3982010382106296 -5.8692828125748182 5.4234164077172782 -4.2120577410702662 -1.0583027981413593 -3.7875644698395763 -6.1004304931529862 -3.9896907762948373 -6.9151556352019821 -1.740004679818971 -3.3259207832858149 -2.0462292627712295 -3.1968524524603148 -3.9212700982564819 -5.8738356679703596 -3.9187040296909541 -7.2876043948586275 -4.6703068444014466 -2.7996072880558476 -3.1189709784196209 -3.6553554070816192 -3.9949567746183137 -2.6725682652938141 -4.040448932194491 -4.9128241960710222 -6.1697927846848035 -4.5017095752460845 -2.8365672927593351 -2.5976670930922872 -2.5339511107003112 -3.140929718014692 -5.7954228893380231 -5.9494727200122002 -2.8452549423157261 -1.8617839212870657 -2.4567470097066528 -4.9553758204151475 -6.7074328657595865 -4.8444271566367663 -3.5337334553233286 -3.2517850669688095 -2.3796789170281314 -4.0373863935836658 0.070524744022268396 -3.0001483826273447 -5.975907388888575 -5.3402347932539547 -0.30360283941945621 0.97201034998024183 -0.81940030315974965 -1.5903874619482592 0.3089269871563704 -3.7805468275339891 -3.3010522606853896 -0.52791754122884604 0.84822253131855796 -1.1864266639161214 -0.72403431491306436 -1.1918006889359318 4.0361142509800016 -1.8933388363691515 -1.774357072572273 0.86357808203941411 -0.6041719707059694 -0.22540886840768326 -0.55806546121769318 -1.8965086592420093 -1.7336298306898392 3.2563721554288154 -1.072369632113483 1.3645999945871334 -0.27654752590741649 -1.3349326859200406 0.71458542739232789 -3.6608862307943029 -1.2613957754865559 -0.70989314407467174 -1.0392803259868451 -0.52435385036574134 0.62310117870316162 -0.44510965090977123 -1.6139888403272515 -1.5608971410523778 2.0098198174083959 -2.2359779875425367 1.588846552883556 0.3064485502194973 -0.35601724422634812 -1.9371653655815668 0.66804624954311831 0.4864967883157123 -0.011404549190653571 -0.28710430466099579 -0.39133602870931117 -1.0157695065314389 0.15086184652547946 1.2819929496309284 -0.12968015402498473 -0.41843776212420219 0.54141729723403842 -0.070976919751845793 0.28356712420891095 -3.3970278370564118 0.30911993375735358 -1.6713840438908558 1.2132735912458497 -1.792105819841606 -1.561378240177417 0.39666210489817244 0.0068499899549918364 -2.4700570623989915 -1.4295507601102126 -0.72282522009164729 -2.9866000229879059 2.4244972922725889 0.86129832952167451 0.73782053872112008 -1.0349869334486561 0.15797276685101108 1.4455697512741768 -1.2192239769404556 -0.57213855991390883 -0.28082459478325233 -2.8210798748996342




