# Created by Octave 5.2.0, Fri Apr 02 16:06:51 2021 CEST <br1@br1>
# name: ptcls
# type: scalar struct
# ndims: 2
 1 1
# length: 2
# name: x
# type: matrix
# rows: 2
# columns: 320
 162.7067778000619 87.070312488100797 86.486188572465565 68.217704052980949 89.984806534364779 106.68887345832785 55.555794812010532 74.524489810275043 76.179944734597072 110.83981895880076 92.073877449552143 87.01523121674424 104.67643861637521 106.0483589065267 107.88492580482516 109.384349561967 65.689795133453913 90.821980273672125 90.186926249238368 90.143830825127566 90.859590950488553 149.976167292041 107.14221818995532 150.9687975581966 145.7879209670738 129.27859766043395 147.97786933935001 146.76647047245143 154.22934916675183 153.40306801908125 141.40985317834586 151.83218766383541 147.16595791848229 123.02717525438456 151.76300637623169 148.58830899236386 149.49581395328013 153.0179938144652 153.35688085822269 150.83882891938376 152.3252251667534 152.80246180980851 145.92055115256522 151.92854063886173 147.68890816412792 157.09165892607521 166.04962136920668 164.87472323991665 150.10033489180367 146.94954242788054 141.36004496210927 150.68011983103349 153.38560801096489 148.85187738189438 166.1832563977157 167.06023619116789 151.87303296785356 163.42772296532243 168.69908162598176 168.82643561062721 165.112406160451 166.77628402515668 167.66651119502617 165.04093069039263 76.593846247701293 77.710947368868545 76.340920570193774 56.489505690046457 78.794659657204207 76.968910237258783 75.245038187886209 7.0253625498292074 79.458394357077111 78.486983923303612 78.854027332551752 77.404906116180754 80.462149295971741 78.510729312318034 79.310824840759224 75.876062471031673 86.314183951082782 83.588469688081787 81.490705730164052 79.675939010379281 79.966700589278844 79.926537591938327 81.470494443221554 79.332191780439359 87.468178026532911 85.120137652355297 82.69346213743647 80.746835571785084 81.116473406577214 80.766942184806794 81.12426980551048 81.592260966150874 108.6797267297502 87.899081046573286 85.753897839984973 81.902639433128485 81.897133294161677 82.299464908480445 82.612967802223167 83.507152307978799 88.01155472974952 89.512792235439434 88.091435047214887 82.512762280031836 83.065408865045853 83.356300051622071 82.160486096295088 84.322689104611172 86.121932283446895 88.161217571958105 91.257398097843293 85.754659473272184 83.639398851231888 85.586883424272358 99.43460454857663 82.787358890378414 88.109589439961738 90.48822974517789 89.076498985634643 88.451695973009663 84.550505053549841 83.65593466740286 84.202824948429921 86.661882319794529 114.90577743156709 89.165758655864522 86.824720714542906 89.198809888065611 85.264194399056791 84.095614082484531 86.868054014925335 56.633244567699869 84.433803207669669 84.394158913813854 90.009892943980518 99.388956667906911 90.991027449727738 87.277266340895679 84.740795678566556 52.896510495477571 132.81996991032113 114.70413070048156 60.041541190242583 89.007916189479801 87.737934440380002 91.187656076759851 85.962873497913947 57.001866075336181 160.85829728842936 122.88830891281596 127.22319460574413 83.439285727308729 90.054591334220078 88.812791731188923 104.86764276319708 66.709026956386893 115.34506331453431 121.85175281579343 124.7816042290827 116.53463824593038 88.389841362154584 87.90450316189731 76.69325261654997 86.715255488095977 114.26515893822602 116.96124746787004 117.57072359938259 87.751434689680536 67.309649893309484 65.601635464563216 97.147003820709614 86.030756745861069 116.53091843946549 108.4494005930277 105.18062088233307 85.649473437031347 99.527289386854804 109.7376109004295 116.259833650698 100.41547808250937 93.182027547233716 161.93593472063432 136.26875911665658 87.136907802478788 147.16901652123823 75.609301009368579 77.201152054825457 86.6354407671936 135.76639496045627 138.90813755106353 159.57718295307589 147.12944397209 145.92713639042583 143.82844161373114 124.17994585616623 128.09068162051588 134.0402102668466 134.66079445447625 144.04682357394475 148.42746462081163 144.99546212168667 145.11354686793985 148.08450741660343 147.7734567290176 135.75448328059156 133.35934798466496 139.86941926565575 142.98709256336454 143.02404001792775 130.56147823386056 147.01155939498076 152.20595909584878 140.86441885612294 130.01397053856743 142.25654640168585 132.00928445887658 134.83892508987122 121.39221464701212 151.25379266673187 144.57999098872841 126.63649444354527 135.39961849413086 143.29394145284692 129.37122362285891 161.78156613675606 151.02963757385837 151.49792920778651 148.60160122344956 175.24639942927925 131.63492688837172 142.20833783603422 146.85244467336534 152.90228067972131 162.63584401919641 159.40654038757179 167.65217864492806 143.43491106434067 113.89711795118154 131.13832785315395 163.51707692122392 164.79481661958417 153.28919344060861 165.77420930572592 166.55648693274398 143.9797824879108 134.18253296973762 163.62967900546496 164.37689777828152 164.36361571512282 162.53753360303676 151.11608860128831 112.71859681094099 169.01594182470745 169.98699470459459 119.31693191994134 170.59618275747033 166.3428329016576 164.89694843436672 165.90730452756753 168.21440924187866 163.14713336509519 158.28274387875541 159.75800214309098 166.76912179172663 167.60766207324346 163.51678457062548 164.36954068136714 167.36836153991396 165.44005539216747 169.41610644724776 167.90222419157968 165.6249045302385 166.81561599882005 167.60250003815653 168.74892499554753 163.93852785161985 165.59118351207036 174.39389993453273 171.01429851349914 169.85462271375857 168.72024087395874 169.87090014276038 167.2017822776169 168.51364702464278 171.96920235745694 170.83691664545799 170.76068576881281 169.72738479869642 170.35934431374088 169.52107976046884 169.30022980778298 174.94082969059113 171.95091558282769 171.96209567782151 171.53387058792663 170.49710175521651 170.21744985197702 169.30059512173727 174.19324322564731 168.26222691330406 174.70512389516415 172.95152929277836 172.78179867964872 172.38843972183778 175.4613230697779 171.53985757325231 172.53158908792332 164.23066681568332 175.06181533685876 173.89832215475138 173.64164406637249 171.33489699970755 173.82780896301375 174.59123439195167 173.2724807989174 175.32043447960589
 38.016589317718548 65.734378346277893 75.380835077777945 165.20485922249705 56.116635446656197 75.663563637343273 180.21340770094926 104.9008422039703 4.9536305870750965 8.6137439086012506 56.594763515892339 76.274589688233092 83.630014114554541 74.719699402387207 75.425557825612245 79.025397630987783 14.633170408033342 5.7672177612752042 59.914531191684134 57.572675574082098 56.775111561359168 48.422507350711612 74.51128516817819 48.779187858442448 45.768197861193947 52.98797559253908 45.91108756452801 67.514095451727812 48.132931193178891 49.694122778225527 53.389559327515606 50.459288536252068 43.079455189789861 31.446131315372988 47.884000132701125 47.962659675777438 47.421063857874778 48.515564751915448 47.265850726557687 50.190698885712493 46.878193680067092 43.730664337583718 44.386883647131199 49.331185923493138 48.568689882902554 44.014343533927267 85.088267253757692 85.751560807221296 46.57442746345329 46.516589066223823 46.418687207700273 47.654529875795255 44.824429107039045 46.563417119496869 86.241041918800875 85.518200253097433 45.710647090712051 49.301269196502702 81.521505052519814 87.22165795218649 86.823413741695262 83.31483296840922 88.020821423615487 84.66442591589508 76.399065569784199 76.074056091942751 77.475018192546287 75.188554047441286 78.464935495291286 78.395586831710261 76.726164755722863 121.84298950815413 74.214763096242493 74.824835313218912 75.857881420353436 77.313315198751525 77.381340944655079 76.823497843704843 77.543550219983814 78.814163935018513 73.72549942971753 74.041268090804991 73.176365889384471 76.525300955226726 75.333357355890186 78.592687446463174 77.083838744985783 79.47788131333462 73.468182983456671 73.620135388449555 73.252980778300326 74.112944547454674 75.227613894727412 76.247516709086113 78.596760486126968 79.694399984073286 74.493769933892921 77.743126865326403 72.673090583339615 74.230330953509423 76.101829795595805 80.661581681733153 77.102627074356135 80.44364792747443 59.333351030275324 50.764669015634055 75.276129175117447 75.064498517517251 76.099206159773502 78.529435197868295 78.356739006318634 77.975731620475727 58.358024168947999 76.564599625842746 60.393402513986061 74.653190605579667 75.176495374500831 77.736347384869617 101.23641528141344 79.452241095951194 57.033139484012246 55.116644038750621 59.089780865255079 73.896216873119712 74.560745812936176 77.190226718021776 79.327595223188681 78.54577268939299 51.4818783913395 57.926189514305477 59.386264469837542 56.833526141399183 75.709967821580705 76.084641857006332 77.413592235644742 180.19633930933404 28.13672534949794 29.27546861057607 49.786624459356325 57.429017723482474 59.214387817907742 74.597799259768209 76.908744467456813 134.31107572116133 9.1976183260860349 17.403902812970369 41.522604015693346 49.295820318309147 60.369013603786897 57.829511426904268 76.68918892605933 179.15913394489104 24.77079496739443 7.1691099055368079 29.76310882743913 28.499539845138102 58.630571388664066 55.364269639268059 26.085227505026275 15.45545942436277 19.632473703227248 7.2945686136696102 6.3484531412974654 17.481085329606138 3.9861771637841912 58.049285573075139 3.5771848605830772 3.3294349469993065 20.618783173590142 16.462670353755694 17.66439038241387 3.0078255555098541 16.344175406709255 15.938051548515361 17.776888709429507 2.2295451988234998 25.316586187081306 12.252424652119236 10.066063207685078 0.27108562630687461 2.0862767300981933 8.5387035407913547 0.035016122771187874 4.3865479344757379 69.83349515355107 42.384490285957519 5.7457175358921226 2.0929240001842655 1.3307844430176117 4.0839041688766695 4.627064817777657 0.99701711289595629 4.2989842966979808 5.7121958565363142 13.540565136206924 2.9794878201131958 0.99540888376533931 1.9500851149542089 4.4121212879197449 57.653569272427447 4.8019607252312246 3.7037909009277277 5.7698774712950707 1.7094031204708224 0.13257271506730423 5.309762832207058 43.966368812160098 47.254417980534761 3.0848493333464782 5.9750632627899831 2.194578103031144 4.2273012137901338 1.2327499835562374 6.3676196771211826 44.269219336299983 44.721329407180853 1.664417489349594 3.8425234342830064 0.54835419272122299 10.368147492246612 2.6837447453585193 14.481828694175812 46.748546511633059 45.509449774443105 16.415065143395097 1.8241757201677591 3.1295083757940296 4.7489745021491663 9.4608217855609436 44.809075150798243 43.82191273466313 44.885414662909248 14.696428227509106 4.0581769977433577 2.068124807512651 45.337833301904645 45.948642208910847 82.723208826901697 40.459521435316212 82.695683568189935 16.678090479168961 24.471339081665636 2.9284157054511502 80.777952327104643 82.345206870565605 71.447256790021413 82.939286523055273 81.985284265544081 17.878816432497054 0.21673902568634065 82.102632498773886 81.338524195574252 79.981272175255484 81.191534021028275 51.29040422410916 180.04283587565408 46.561295257013448 46.96559240980244 96.463262352785605 78.344104418149286 79.866974138942794 83.566622310272933 83.93933653402172 85.004845051210893 79.62742018563857 64.529731629459562 70.322470323378397 80.859405001518638 80.221366644246459 83.433518608668237 78.719001671875873 86.823808417653865 80.454223464749461 78.796962791937517 78.686499655669181 78.54249865411812 78.881561056438542 81.66005535117651 82.700485752676371 84.655817838256539 81.537038811826378 80.717136920456852 79.354042240052408 79.825848061578583 80.433340438677348 80.87643207947697 84.303689974712881 83.740688972504728 78.916139576445104 80.414950351900401 81.555742775265841 81.89423056617035 84.09207336818082 83.358715112459109 85.777003254593353 85.631451599604688 80.01037760744444 81.202625862561661 82.302076788398963 82.72521503377331 85.174670962092989 84.535868314497463 84.767396091300157 86.103912270673177 82.719323628978742 80.659851995028816 82.208325092327911 83.298048422747001 77.768235495692821 84.680150775460802 84.998872078708771 103.99337540782165 81.68715798504941 81.96292189599798 83.116952504002384 83.4773956910864 79.761722689254114 83.78414024356357 84.11671745280394 84.578645834544304


# name: v
# type: matrix
# rows: 2
# columns: 320
 4.4388033362693289 -1.5491047806532685 -2.0625591601061841 -2.3617106020879088 -2.3659205382353061 -1.7853262278921083 -1.4285123905062502 -2.1848560259870178 -4.3458206934800483 1.9771833204977458 -1.1479260343893245 -4.3377388011958393 -0.74118715823311598 2.0834352171149839 0.11085519460233435 0.0054553980679680576 -7.3219771037588055 -4.4819068742017949 -2.2677674778855872 -1.947740787512533 -1.6222474715902244 1.393952047789655 0.21288759568386345 2.086417999121672 1.5538671215828643 3.2865924376512514 1.1450482857451589 1.1313036246855084 -0.25768662062865288 2.7258184261788587 0.076597165524798977 -0.44967554645829882 2.3579049004151771 0.95492287514684171 0.20999827657142595 -0.10359424827902812 1.71774044905426 -0.55496268663479953 1.4925368375561876 -0.28820687951040269 0.54102869898102379 1.7851986203169432 1.263432464255642 -0.77266239879339393 2.5117183301828359 1.6961192366017308 2.0504446188441308 -0.46051142742405349 1.7276673338330015 -0.49047582928539452 0.56229828007824556 2.2753061789699673 2.1731445526397186 1.4165765062160982 3.3091588771201126 1.9076173630212898 -0.31659885252222192 2.5807933735430915 1.3302008237051679 1.5968391091601573 3.2119766026608425 4.0656036639402426 1.0236377101836716 -0.20095811872924399 -2.1688801009982979 -0.0057092676941684524 -2.2697562401717737 -2.5555409142093808 -1.3480747656014882 -1.5095298395449082 -3.2645812387354436 -4.8083481724781443 -4.6885754905594679 -1.6201875256589335 -2.0777754504174775 -2.5423399513492084 0.81655572701627965 -3.502855830935125 -4.0643625847043525 -0.85763387308479488 -0.021764460323571749 -1.2807844275415941 -1.3861536441283606 1.6314108113781567 0.52357612480997784 -1.9970928722444627 0.8338973391175285 -1.0441220743111868 -1.180401125817732 -0.69819658202289059 -2.0924904584721626 -2.9803244254618284 -0.52176741995562503 0.16605752381151134 -2.0464921113027232 -1.5739838774239485 -1.7636228237979747 -2.1523874178250759 -3.2289965393989108 0.31339960165495895 -0.41036786196260844 -3.5843503787384914 -2.3948205373453972 -0.99165395655020028 1.5026427728655916 -0.11421321913181959 -1.4655656776079098 -0.65220381222949597 -1.4999949066894489 -0.0032095168238104386 -1.8622258097449087 -1.8946328049900956 -3.3070953787127757 -2.7100158908055039 -2.6559831079358918 -1.6967747291923394 -2.3747587513830499 -0.63637009872382611 -0.98235940944024569 -1.2102577207399066 0.047686511866684052 -0.97445938214894134 -1.7336573997710296 0.24760286491827341 -0.86661296206209848 -0.052836948002416638 -1.1353772378453901 -2.6716110802366209 0.63942593884555221 -4.2477998591403994 -3.3057813976695027 -2.2662617502930318 0.4498908026330391 0.52929346159440727 -2.3291244006144622 -4.0834383684622022 -0.23803730567958287 -3.5992822376896791 -1.7146773181698498 -0.26415823193366156 2.4090979904352419 -0.37178177450550548 -0.96113786277544122 -3.1420302346738094 -2.9760563125063015 3.2214454245208994 -3.3052369035009281 -1.7315613513793193 -0.42090264039574721 -1.4973403856880392 -0.071426864845053076 -3.1919701353607777 10.35078207216706 2.7298487974531032 2.9794398013476497 -0.64159243716224179 -1.2414500008996343 -2.3850304612850568 0.28301216482355873 -7.11154499044628 1.0016169891772417 2.505398742068238 -5.4959226272253874 0.50339484175848248 -3.8254814774869739 -0.99957037541371196 -6.4493966376167817 -1.369582811261387 0.46967597267570504 2.1545563749715497 2.9968676767662594 -5.5157173313718815 -5.9851238896434715 -5.1904765106215969 -1.1946868770402617 -5.5550567559801785 -0.31910471256220463 -0.86365086495798538 -2.0628606792712292 -4.8304106556400868 -0.00035586832987127392 2.3949058435325283 1.0862742734625994 -2.9648129177252724 -5.7702912516331297 1.892113619862053 2.3780694656971191 -0.56036108869848211 3.5311227161331451 -4.4211122717528664 -5.0546892357601685 -2.8859709850370163 0.43911760762979379 1.4096056935038199 4.1268127163193284 4.6003737864999987 4.605428352773802 1.2809364019873259 -4.2515706162839697 -0.3069193709385597 -0.19105328730373547 -0.70870782799718901 0.082430591025574429 1.7750076419643011 4.2753173946458043 2.9447600234315638 0.71899190283440739 2.1061479115363624 -2.0087732446627524 -2.7276848539015921 3.1915761876102136 1.7313684069175754 4.1310593033413587 -1.8710045710110883 2.862531202269377 0.61177066359905397 3.0758090865895329 -1.4621649703877269 2.201877132585897 -0.16239421222936953 0.37442623083140725 -4.0778283734668985 1.7156151010075764 1.9655320330273081 -0.92266956557525615 -1.1780062637410316 1.8839543609806642 -1.8368596544544522 9.7918552122602343 1.6374224618696156 1.105499281375387 -0.67842513863846832 2.2728166734052841 -1.7230835397175834 3.2875000463145359 -1.0306577553164922 2.1998110446866934 2.1828780545328779 1.6181343393369052 3.9849765834617186 0.55524265755089253 -3.8653379513087658 -2.0337559595497603 2.1634522945110009 4.7838526343060712 0.79445250808365253 2.6675961694394634 -0.049831100173780882 0.4421856744416065 -0.2646635789173879 3.5580544184476413 0.20711633803291224 1.2458944605214997 3.3121703016707933 1.3794573031741311 -1.1396072695747648 1.5912790119821183 1.8067467975240132 -2.100086601167332 2.1386695282048351 2.7035433948574199 0.7991922302023815 0.98045343638116023 -0.0034137111133838178 0.96443034405818251 0.88167391345715806 0.51532177851477956 2.76313292335908 2.8274708439363301 4.3334451062683907 0.94529157609496917 -1.5712979179165589 1.2880947162376739 2.5443041090274194 1.4651435623854872 1.0939887680159699 1.4029849782652768 2.8805989994972476 1.5624032482191197 2.8426831271650648 0.71873771271122411 0.87492408260335031 1.9414957335159457 2.1763932523281797 2.578035602352537 0.45173600911170791 0.13272219594443752 0.67824936365772848 2.5260423410792696 1.2637847622402054 1.1797902929539803 0.89717957186580666 2.5430254453454824 1.5855625848432113 2.7633531643620022 1.1739273986883623 -0.81006075016807388 0.25884874175971717 0.19759430790157026 2.8624168768147409 1.8814785448149023 1.9257084451889368 0.43664684026560385 2.0570561435070016 -0.95961890023465435 1.5710475679861671 3.3489575994157694 2.1067619826019759 1.7439419860067886 0.086832125835257984 2.154791325589088 1.0795806053282941 1.5531479029447182 0.85667238614856689 0.23005723511662887 0.53311655851743267 1.0379797158144561 0.098483266086697996 0.85867688001549636 -0.61161353149023434
 5.5987895625229687 -1.117490105380994 -1.9350538193413869 3.1959294126884794 -3.0393730648936161 -2.3415520156371952 4.0245792445841957 0.29108599795669898 1.9630982795772232 1.3100690261148269 -0.69029833764161652 -1.2638837691493103 -0.81039780598378297 -2.6613756744457659 -0.64258769543958383 -0.11200043242230964 2.192197184331679 1.0634697339613519 -3.0108035423182389 -1.6916918372269079 -1.826934710160329 -1.103582711114901 0.32170739564043443 -3.6134251588368662 -1.9388792553398033 -1.6842615605321667 -1.9827563530830252 -1.3688265063269536 -2.0975143236262608 -1.3588622544607836 -1.8863316855641648 -3.6308965117439569 -1.0235354468828686 -1.3575735504779309 -1.1443791469304876 -1.3928184480915506 -1.3392519996031151 -2.1735594424359008 -3.3255329186800235 -3.4850815244715698 -1.1405903013430316 -2.5197083542956302 0.90633838413065793 -0.60669898758539742 -1.767023996828462 -3.0630822844400307 1.5655397598999568 -1.6462732057240148 -5.0147375920512687 -3.6186868181053353 -1.511915700213561 -0.35772014011536979 -3.8280722140205916 -4.721502245452065 2.0166426882485111 2.1979025426049859 -1.3625244538139658 -2.8624243468958199 -1.1515476482037201 -3.0156134738595903 -3.0718341307210837 -0.64227228980617912 0.60283860404888956 0.89343208389769146 0.99316501657051925 -0.9004138842640077 -1.9297020111146501 -0.70265671128496998 -0.088457179072993844 0.41016899609327345 -1.961295505962231 1.2975106343904557 -1.7806613907322939 -0.21445320030304058 0.18589627001461698 -0.61301404563010886 0.20187926963543557 -1.8081127007901023 -0.18315164525527175 -0.08710104281764014 -0.93796832186222612 0.21744689905269049 -1.3887292102156659 -2.1855776368137638 0.53515044009463597 0.36256183369854267 0.54686195651047598 0.41178669963507925 -1.2671790425303755 -0.082022669574716836 0.25390038844556356 -3.0649500329103967 -3.2790165102003761 0.80844353053805296 -0.72389600734571202 0.052741343767426875 -1.6064614924026657 -2.3264442858469692 -1.5388985962930006 -1.5954431629924406 0.3756456689991019 -3.1340969981736344 -1.8261098806237868 0.949131824278445 -0.24907295104931976 -1.7193116969870079 0.4997320081309008 0.29436066194061172 -1.8543002748822339 0.033566867311954469 -3.6880675633359603 -1.2061526396132118 -3.0189924975781772 0.26788633072566798 -0.43225501022009777 -0.35795982227280621 -0.65358101267787161 -1.2749003177426796 1.4511542305423721 -0.070812667678838204 -2.8852438403588327 0.7252806402208597 0.1947498549869571 -1.4142497652767088 -0.80183872175405446 -2.491351460123814 -4.2966024026149778 0.30671942879399933 -1.4985947257817349 -4.5832315075151024 -0.82226262800593564 -0.61681583400641438 -0.85636817879872795 -0.12379791902462749 1.2766626604872719 3.9470185475719894 -1.8953083860808004 -2.8243862662037187 -0.66031207421179472 -1.2143987563600565 -2.9157331636120269 -1.510542181487788 0.088767213281459936 1.5120815234880927 2.9815828039527279 2.1122350579448645 -1.9440862629784657 -2.9814722250878667 -0.76360188027353304 0.085285201265724656 -1.0350613247615019 4.5392297027170443 4.0790060925250726 1.3821734598575552 5.6950017758415452 -3.6908728801659354 -1.8529573109992632 -1.0932754838168668 3.9756514192921975 5.557814954596811 3.0298720243607469 1.6206020282406235 2.6152911204778739 3.7587815323344511 0.37937156544944639 0.29688828696958147 -1.2919494795186981 0.81974029915271862 2.9745474476823381 3.8314867323022184 2.9860072042600017 0.45396112733308674 0.18308112517886671 2.7891075600815638 2.9453708658843212 0.39400484723759055 -2.6530697814681132 2.182676113160066 0.45209373950366916 -0.096264720545769469 3.6985259027531554 0.52443565990988772 -0.093875694251633293 -1.5237756826408781 7.2161940694279778 5.9960307082412312 -0.5840531230391186 0.77076213142945604 -0.71563230038952019 1.0863487494714248 0.29287091881425648 -1.7840211217662383 -0.29777129023458676 2.5207145001160329 8.9777298278450584 1.6785167678476562 0.70540976029022673 -0.99451617408873816 2.2791318312070179 4.1833626856438144 4.0192279863976692 -0.4769791034784181 2.9678047954316078 0.54810191172314993 -0.18276219749472036 2.5642599302587321 -0.46830512058098378 -1.727131027717387 3.9820169780061869 -0.66386727728805894 2.4336101075229424 0.27738714064568687 4.4712873579949379 1.7417519675155533 -4.0096023807849681 -4.5749709038598265 -0.82141806271222706 0.44373838094557977 0.55876827888083436 3.9312306574326361 1.6102237319343311 5.440488455974358 -2.913794988054526 -3.3206866503065955 -2.5976670930922872 1.9349439215893403 1.7460095495675707 -0.83860243743846019 1.9077300108608601 -3.2231926880142203 -2.5549291866974597 -3.7642604524523384 4.9553758204151475 3.8367089492169093 0.24388016926422085 -0.920890324799577 -0.8090886044540877 0.39505156674849168 -4.0377167529329059 0.91006133900441721 -3.7094987753636626 3.6190648965486725 -0.60231168797294254 1.9936759943580133 -1.5857137975757207 -0.81940030315974965 -0.9663520724217618 -0.58502642366768254 -3.071196434797665 1.4007246097707962 -0.31673173040265534 -1.0996289641391812 -1.0219602096603027 -0.91446973373085261 -2.3693566090673457 4.0361142509800016 -2.6615710343044747 -1.0061248746369631 0.86357808203941411 1.2519302403858443 -1.0070905263654497 -0.7522483912249821 -2.1452334171257226 -4.2914780419823328 1.1831559242541942 -1.072369632113483 -1.9795123299974435 -0.65229382116283652 0.12597520392507139 2.1380948381336267 -0.56192799881862121 -1.2110575564154586 -1.4515882063462711 -1.1007783024657094 -0.76830727133754662 0.13631446847464462 -1.0319259797875115 -0.64595536242432849 -2.6929289162745453 -1.2572559029349892 -2.0889670303404384 -1.1096795109669071 1.7475650232278586 -0.78092701788621843 -0.47990362127516806 -1.5643552850632847 -0.2978622746190317 -0.45436680719113248 -2.1835569685751599 -0.66844835948584191 1.6431803357807959 0.6306192488818203 0.58781711681669591 -1.0230963968493305 2.6663277514051926 -0.35913918235387376 -0.59739248447963855 -2.2280623589493906 -0.043469061547803993 0.23340539638295343 -0.90183555144615013 -1.2078536561370936 1.3541704992581574 0.03939494208895096 -1.615562803901065 3.4063636256193623 0.14596392476610423 0.99045713538802982 -0.17518694368094051 -2.6325631967483907 -0.53638470337431099 0.86129832952167451 -3.3724323733389161 0.094648251727253885 -1.6988945730241383 -0.2264258412082569 -1.6642474511172185 -1.4619561485452508 1.6997598353042744 -1.9073802315709352




