# Created by Octave 5.2.0, Fri Apr 02 16:04:48 2021 CEST <br1@br1>
# name: ptcls
# type: scalar struct
# ndims: 2
 1 1
# length: 2
# name: x
# type: matrix
# rows: 2
# columns: 320
 130.3703764422836 102.25153933850476 99.93750229049212 91.362467953442334 104.02369897971155 111.64186017716308 84.099434514822988 95.936078864960621 110.31910263272606 113.51316244668568 103.79316902890838 100.98510420537868 111.95338050051789 111.60886136103261 111.00844792287836 110.59087000881915 109.38232530917219 111.36429284995971 105.33781464950138 105.32409616094989 105.17225430768879 138.29865858026244 112.18771391358396 138.98167191881114 139.31134565843908 125.12796337365825 138.95102180699314 135.67969495052768 140.99805252936829 142.16838535694848 137.79719363309957 142.0721848355758 135.99895526011051 120.74657586159368 140.17779481783776 138.03148118450932 139.28465377385666 139.56540344160578 141.81367532803398 143.69049944237119 139.64292446424989 141.0250105462828 135.9466812932825 139.99263834555376 137.20488777498613 143.17082740921873 152.68906076783452 150.7125773298755 139.72425017143149 138.18118426163991 137.95486773492939 138.86926975800858 141.91528302575776 139.92792103721416 151.50172600401629 153.82252579281015 140.81263361397069 141.66389961807869 152.92184290317496 150.53855973228065 150.32732092511807 152.15509326755776 151.34665256890062 151.66355619718749 90.66611430079017 92.64463059817912 91.657024439250677 81.533806649304864 90.696821455932451 90.811984750409962 88.342767366474902 54.14717464011791 95.633727352641529 94.651998687706879 92.82737904219195 91.777839119994781 93.00657262610369 91.858068056091099 92.193512855580806 89.625117518095095 98.168301445485298 96.685157714379287 95.85693788143692 93.96026501567512 94.13532616948811 93.272774105321545 93.615880690751069 92.521177100989803 96.506739246934217 97.780372273939832 97.024561296849868 95.040157813060944 95.405220557958955 94.342995511417627 94.401862385711297 93.231990728656669 102.13348043574869 102.4528783999146 97.475057539777112 96.136140668006433 95.343371324508183 95.498772535556881 96.471604086853731 95.426871050939596 101.09593893767288 104.03260359123054 100.62767760288378 96.31511886496412 97.644300045888968 96.418285551172872 97.661761204880335 98.671470785129003 101.24158681657536 101.68915798367584 106.99389547432598 98.667813542260305 97.249479590812911 99.702724678645325 108.23883461918241 97.359852725010782 104.19130305633907 104.49880180236963 102.62668577151433 99.443603702476224 98.290239960260649 98.53964808578877 99.950027426892518 100.41692451208607 108.63940323087863 103.03374883997641 101.9607620495031 104.8874264665577 98.849290224775501 98.245521342557225 100.66311926540851 84.624765735292925 98.11743430978018 98.961441637383828 101.76252263255677 107.28161704311384 102.14798382665685 99.763554200882879 99.357835964436148 83.688406795274375 118.01666853065825 108.97488236494929 92.432862844547344 103.07803876113276 107.79421039342414 103.06474189498749 99.598148479240962 85.765129969357133 110.62412088064556 109.94153894248349 112.41709058646165 99.081709310836857 106.78833246640768 104.20039975191834 109.81422977198228 108.55207599459509 108.93767873856012 111.26649663573649 111.82835479586697 112.12336284181947 111.60108334532181 103.1575803788424 110.98654703556947 112.0977924765041 109.56119631639699 110.73823151088523 111.01571172876699 110.51899306279462 112.2524584051899 112.38903517087088 108.00376833270876 111.71452752949611 118.68723014764934 109.94962142772279 108.71835790999715 110.84713169673826 109.48859141246491 109.8413690219645 112.77336119802328 110.16427614059386 119.51428642781991 143.25656043971236 138.42958604133165 109.20950026905324 133.5685221747826 109.31382599642403 111.01638057025352 111.38951378645763 138.24732550997115 136.43916532514302 135.5828915436451 134.62705088134493 135.37230421875827 133.71911877028168 131.72713842618646 121.44350811365464 136.22519545482979 137.21358992548636 135.50496077881584 134.65021880324764 134.38018227003815 134.10387605559359 137.01447769995704 138.99467358347709 135.60683711351902 137.3967334131045 135.28422827045145 134.55919992096798 130.12480769997657 131.22742874486849 137.32329896121624 140.33020589769222 134.53706254546464 135.32183773194049 133.34740656487452 130.52666449356067 128.25107380145243 127.13190579492426 138.18128839744472 136.98005039638991 135.67963471238821 132.64989768864368 134.37373446641314 129.12437253867856 128.60988458010246 137.86350827161175 139.65273504912707 140.61390908342793 152.97279602990548 132.22474151769006 133.24634126558615 138.90965284649079 140.38293877854079 148.77142909390886 140.95049755195913 152.65568628457802 139.18662935605883 127.99834593070051 131.4646217423491 148.92606293073726 149.77892842344204 145.50355886136683 151.12583285973253 151.81224706451354 138.45326654266646 129.52137970785282 150.01843592952548 148.92763163078175 150.80747209240573 149.53881447248287 142.82249235631579 123.88674805278583 153.18902986334183 152.51325373280039 139.89778061136951 154.99932905581957 151.23326886382617 149.12915922814435 152.79168177489385 154.01700755908243 153.07965742237593 149.64233952690125 150.8494843987225 151.47217381461152 152.38359340163456 150.60223950896798 150.12686323681069 152.70246465171078 152.1456444675197 153.21901665655747 151.60718057555431 152.46690400737882 152.67636539067234 152.29501511252025 153.72848058052145 150.47724070016878 149.74959376148192 156.27554125914679 154.11422300503511 153.62996944371076 153.80764519100927 153.32973908497172 153.25005532878359 154.34010906339202 155.55995782915801 154.15973741128968 154.93460410903054 154.34724874242039 155.32018278406801 154.05994705562696 155.49155952509736 155.16104898815649 156.70587603082183 154.71497493777917 156.0656696130356 155.43857037540147 155.89464196750947 154.82554362838593 156.61384900970347 154.95141528139393 158.07779997138408 155.84089199570323 156.89270607411981 156.41574097998824 159.86436839939918 157.05126972297541 158.26146354605189 153.65052349675304 157.44776848893483 156.9053858596119 157.85235521573003 157.58990109546127 158.72844175698469 159.30193613294648 158.52722667198415 157.91924806608174
 26.600157629961377 76.68578137900802 82.937018905691957 133.8847509781705 71.875562304925324 87.384471131550256 139.74364585377756 102.04819942398281 24.230007549698389 43.741528323203973 73.165885489724616 82.373823451114077 91.418482918244848 89.30218794575903 88.423732537615919 86.862867138383436 22.430769860531246 24.308904642328038 73.5453911442671 68.602673560321065 69.771407074214636 74.17755827995596 88.255487818424086 75.057359366778329 69.282830446946789 72.016705627268621 66.475718172160782 80.928595213742128 70.465725169542466 70.718560230726794 75.14210224403493 72.832706779618519 64.525609217707199 55.347659535750772 71.499956831434716 72.634394764254083 72.074324058331797 74.045359593000697 69.554167166639729 71.157935628417064 70.524481709588258 68.553224339040412 65.873955382694646 72.932907253412608 73.324672827130726 70.221256896284601 92.356962171590496 92.159907691453512 67.264573022330936 67.310920969433965 66.207908380353274 73.157962066115672 67.744342751470967 68.46514965022854 93.006047574049632 92.499875973606237 67.253417355759026 71.77751925335356 88.022845401047647 93.519177991002792 94.656921232740601 90.321592188076053 94.277141094727455 91.428998604160398 81.049037102294179 82.131999803329009 81.561232572962965 82.074589818043634 83.412358247279755 82.393744060460506 83.191896627614881 109.12738529113052 82.140946786818049 82.831536641018914 83.258080327954644 82.896234912381701 84.494759979128602 84.399743864602527 85.460727028971618 82.952618481396925 80.768648101686139 82.498235799366327 83.263345587938375 83.747109638826416 84.796305099412947 85.553116377762649 86.625901743084668 86.588303222328562 81.133486391343283 82.926546446782424 83.627202433924495 84.027933417099646 85.114633517228526 85.8951320966558 87.825161558891594 87.601261418865505 80.170066925901821 82.384892253157048 81.672808095671314 84.321556214917322 86.272046854360894 87.344057812746016 88.144932801757548 88.528522014304457 71.61288088287607 68.161766189857829 81.23965450335055 85.690250755183129 86.180026758455 86.832030081884128 88.659224983496983 87.920341899646246 70.499878742996046 81.377840233013032 74.037437071356905 82.157141941468694 84.996218195865069 87.284502031663266 87.477835519001061 87.287142718605466 69.287268698001256 66.91524179699671 73.510559113109537 80.705992472244887 84.236139630218716 86.75887490230815 86.064571685407131 84.976371282206955 66.168106703998177 70.033988949413768 72.552805835126549 72.443135140569453 83.32096015821817 85.339469948137719 83.662334855013 138.54597851167026 56.174051968066266 55.537981096051439 67.756197075859475 72.608121844376527 71.219574187128927 81.784169375459243 85.268257922765343 119.4926767909768 36.735161110676422 29.783512922050406 60.574649392876395 68.89351852807809 74.900004837812659 72.331896606446307 84.214349678737875 138.67314713997027 31.562628417270055 30.589486552216751 31.264617885595076 56.623262559108923 75.466349872837242 70.663811714888041 43.705022487124175 23.039727257025447 30.975636286055625 30.641855127117726 29.737121621093994 28.13457625452277 27.158715100989614 71.185660679145101 21.426259909888099 23.524178403627957 31.928830892908774 29.701008930383669 28.654320442044 27.54421215344723 26.139850381558873 24.684412860820231 24.020011108121171 22.270189719872693 3.0767831088077542 28.961222088961424 27.125279281045557 26.347776023970056 27.872842463129263 26.564855245618478 27.185962448187979 25.413073276265521 2.2254985654140431 16.373461366355038 37.892758425711158 24.834570301802771 32.145004076514894 23.795893153027528 23.080192958352466 25.404287552965048 36.7857026648336 36.910036156405717 33.199211532358184 32.400575136762569 36.353944751265203 33.189172539333953 20.978402209503098 56.147795828363051 35.637665557746033 36.162639999140893 34.710134041407166 33.712997588869527 36.955767917540612 34.713454475391565 66.573831821377624 67.997699231719636 39.783503468572789 37.445856956144077 37.432624493131939 35.724396448206548 38.776817002882069 38.488029142106861 68.124713817292104 66.227450842221486 39.266697883909899 38.506175466623489 38.612123570992566 39.955715121455135 40.059563341978325 40.501651267500442 69.71984711514969 65.527161809257834 41.852510616274806 39.374010961625878 38.009281018761904 40.761799799513341 39.053752863023597 65.106133694571184 64.557334288009869 65.086640299100182 33.86625481256057 38.214105084151896 37.452370572184449 65.343852767257104 69.479907530760343 84.87296715218389 73.509011567355586 89.146747601186021 51.053991613202882 41.383104213555747 40.835379803142764 83.050173916057915 84.545641468833466 79.477379760994097 87.358735011316668 88.414304203216872 49.953728358044387 39.795181388952948 83.485391134546589 81.648843709295903 84.169458611875115 85.755183337643786 71.914017315848795 140.48891621602718 64.227016587760957 65.243290986680677 88.000197148808994 82.715536205075708 86.284645804098588 87.354976134812006 91.177834991713624 91.447390960080099 81.835123407832469 75.038954024159253 82.368347042479712 83.315946375730235 85.850205347444373 85.21748174512085 86.742830835991001 93.558167001094162 82.450059015110355 82.826911240018234 84.763587414967219 83.648341468046567 84.790826679884546 87.044209967138414 88.916791701294272 88.350313120100779 82.334319954440971 82.697481452867436 82.107788250741777 84.313269112699672 85.666856741091451 86.674009501436586 90.049169915494105 90.22022062041988 83.626635080353935 83.38324164302783 85.579078195422284 86.634900294346821 87.879226962915268 87.68570124174191 89.983305000989944 91.038870723234709 83.882666147406823 84.468535686588154 85.727671205288388 86.58581808270165 89.03083950080979 89.155131346740234 90.130681157844592 92.363979354513063 84.779236337375607 84.690097715767749 86.354292976703078 87.290015171112188 87.193258886578093 88.970552082668405 89.346627472270029 95.552108248714475 82.719027163844544 84.852539410770049 85.828175335422358 87.233602615682784 86.88777406858101 88.727224371028825 87.911206197458895 90.390831811137517


# name: v
# type: matrix
# rows: 2
# columns: 320
 1.3579693284185725 -1.5491047806532685 -2.8730905689849093 -2.3617106020879088 -0.85237938756968312 -2.2317934146449558 -3.0591983987863176 -2.1848560259870178 -1.8954992702391513 -0.62397535907694635 -3.3317962637100442 -1.802831166688651 -0.75289247583885432 0.81588694844886511 -0.89665073097947046 -0.67278471307444554 -3.0739455286544621 -1.5705262537752829 -1.66855540000674 -1.9879236720680085 -4.4873269560003006 0.75903943703047516 -1.8317604931287967 1.4434877882549637 4.4302045352921287 0.18963793975630527 -2.1765181648156418 1.1313036246855084 -0.64360264983010418 0.22322571459292143 0.64874689652017603 0.83023377558774647 1.5665982695904994 -0.17112894193189709 -0.30919798736844795 0.17509343667921001 -0.76700912071445404 2.2779750587135439 1.6582895578171213 0.44912581308771604 -0.50825716955125266 0.27856671426334473 1.7713865783602112 2.0493292021379852 1.0264065491380319 2.4078569901967266 3.3555003433275141 1.1564093312948285 2.9753204779669562 2.107062267394554 2.4790656968538847 1.7235737241474831 0.55281526195949038 2.4684311187336649 1.9626458193703722 0.37096112306186957 1.0050176395243564 0.94209967531544192 -0.71039820231853068 1.3983980276224259 2.3125980975803757 -0.51710736595819728 -0.46728305748972704 1.2304541563728355 -2.2802798384304173 -3.8833171442346877 -1.4113483393170669 -2.5555409142093808 -2.4925514337138082 -1.6431860798219364 -1.1677284835330604 -4.8083481724781443 -2.2054353547744423 -0.76669373028442622 -0.47331569911300053 -1.0519090100452633 1.4274000524333874 0.22163023713489 -1.02791524624683 -1.7766200618457542 1.0978383006355656 -0.68306207823786702 -1.7809035167223024 -3.5006189782312118 -0.20745871808292576 -3.9760364302675515 -1.4673685627383131 -0.1717202872914925 0.22215154837953466 -0.75563284017689369 -3.065205463014586 -0.77568759665654397 -2.5000308790617716 -2.0542128700775146 -2.8018298944386801 -2.1585938457067626 1.0452677334560352 -1.765683485471337 -2.9154128929714145 -3.8218575289204573 0.052005179596599033 -0.59360737291135957 -1.4724905829398212 -0.91690847443457602 -2.1259750618544455 -2.2195562693060364 -1.512352426035241 -1.5917610198674412 -0.98974786733218012 -3.9004089903210692 0.31457861937599813 -1.6505106683962205 -2.3520978295697668 -2.3384627419605808 -1.6046773297535628 0.34785184772320549 -2.4128091805045488 -0.78007183688508364 1.6143366482106687 -0.22486028671555008 -0.47532460249733532 0.15916020265142095 0.10401184852368463 -1.1625774637704334 -3.4363314183379066 -0.032810543717379292 -0.65991859406067466 -1.4938176839167154 0.63942593884555221 -0.17575772691165165 -1.9663064401671102 -0.30518521402751247 -0.37713103894648226 -1.6725219311326025 0.17183550994089974 -3.2033917998471488 -1.2811771451500187 -0.29973524452324635 -2.7787600117303914 -0.17768509300673521 -0.99800874639786907 -1.1333327930307056 -0.61090358720928761 -3.1420302346738094 2.0503194377782759 -0.23468139040123531 -3.3052369035009281 0.44886394111082761 -3.176016231370125 -1.9799529209455264 -0.44483336850321059 -2.4413306956957572 -0.65647544672998326 0.95881433567835472 0.38858308353573612 -2.8979995908582521 -2.5194003244213792 -0.83150010075669212 -0.91553894821569615 -2.1512811541622914 0.13027570762866703 0.71114361197676967 -1.7027163349907946 -1.4110911316327184 -0.42905389504255853 0.37104719583909929 -3.3236343424585808 -5.3427143522226865 -2.6548795193706511 0.97476281218287564 -1.1165539074224842 -1.2990333852167171 3.9376032561471201 -1.2281381328173451 -2.5025178560301655 -2.188184124104259 0.085821584113575822 0.049793154840459208 0.74376525736377475 -0.41769140599198762 -1.5336698905050752 -2.891470333457729 -0.14194481150441479 -1.0969337111718418 -0.81727463609881101 1.9063454546835059 0.38140701681101652 0.83717440148530575 1.2984611613683843 -3.2953061975263771 -3.1863970110527653 -0.1283395396934752 -0.44953343936950446 0.21208251949991297 -0.34079112174422527 1.8369123867459975 -1.2409628968939648 2.042452548550231 0.9259881844467065 -0.76287086864294884 -0.72419767362128085 -0.22169521054397412 2.3210562160836661 -1.1082117395438515 -0.22164054366914399 2.1898921936153917 0.096791845142809085 3.1379685575355398 1.4111248393313784 -0.54496497458697257 1.4889671309355383 0.46361163488824308 0.47268606026256293 -1.8191707346107664 0.74941919952597447 1.5590797187846728 1.657140675051689 1.1804649342019295 2.4247430053299031 2.3754515073173605 1.6132584606602041 1.0646769166239498 2.032516423986646 1.1492830293652707 -0.92777535669125433 1.5927002693562975 -1.194313077125007 -2.3986338037028747 0.70004903395159701 0.37075520261318462 -0.9259611659100111 -1.0128495212794124 2.2728166734052841 1.7739111000474281 -1.1894998821704168 -0.31708331665946299 -0.33236891854988321 2.1281872616924944 4.2166372246403343 0.67364538280988473 0.44593437696130356 0.35285947268312018 -0.51757272251306563 -1.3254985836080491 4.175963466437687 0.79445250808365253 0.29674137120714694 1.8523412997593027 0.55149395503120258 -1.5458651843321571 2.7052898164235466 -0.78207228675370766 0.84718013972987716 1.6947058051461976 3.6883451729122072 -1.1396072695747648 1.766572803489542 1.6314530060165797 -2.100086601167332 0.52864856583085784 3.7364877447301859 3.3029965444096736 -0.034497982749480405 2.4105391502886504 3.1844836427610561 0.88167391345715806 -0.22948648965170798 2.6152344720317666 1.2325224461366864 1.4108961882689051 -0.13268574647851586 -0.13747523095708558 2.3392026811544038 -0.7155669224428538 1.2108763043909732 2.2930845451524302 2.0530961400276455 2.0784042262562901 -0.0098523045744237613 2.7667693200605514 1.8438774957399269 0.79764863764549843 1.6447941941980078 1.7234315602875314 1.7954851807304297 0.73348315648459939 1.5936996142856028 3.1408599273889446 -0.5053318177482381 2.8354678747617221 2.0406426155098094 1.7827633583081215 1.9108592237480868 1.3580481572440699 2.182825735269915 1.4365665638984115 0.95445444183456551 3.5281595603115177 2.9680548334627246 0.090474788672015832 0.96072562409048512 2.8681472785151767 0.9052124808394717 0.45553798542974938 0.75119566950411842 1.1689784689200158 4.9820727894485515 -1.1162432788146723 2.3039803796378235 1.1922093712023378 2.0337908314279876 1.0884219431193272 3.1473440886566904 3.2047423581606109 0.015781114069408811 0.65238001685060754 3.4864755049973102 0.87644478745738585 3.2381820391235752 4.0160899932402536
 -6.3445512990119379 -1.117490105380994 -1.4442007537733408 3.1959294126884794 -1.5887688935792184 -1.6634121580648888 4.0282159723428421 0.29108599795669898 -4.2610686261451356 -4.5400459979297505 -0.64879456167238703 0.79878615123986918 -0.38510580843875775 0.43300118302021062 -2.2282860453797602 0.017622375097883562 -5.3919883123438339 -7.7569619114756936 -1.2939083193039129 -3.2460782539915733 -1.6578111509588764 -2.837911153993546 -1.721289144476907 -2.3592554820796132 -1.635838874637694 -1.9360448762617062 -2.9734062501205973 -1.3688265063269536 -2.4767914132731144 -3.8956635274755782 -1.9261551357468296 -0.64951075565931427 -4.0252760690322562 -4.6504470015311776 -3.6876747470197913 -4.1181291084552605 -3.3127702547379143 -2.2910075048499499 -0.17266011690879843 -3.6149493147490408 0.54504079054482268 -1.7581491146959001 -1.7823103317889812 -1.5295743511422291 -3.9320687061709374 -4.0437931252279347 -1.2870061307958778 -1.5947905205338082 -0.30054007647039677 -1.8877753252455127 -0.89445865041064043 -2.9065634324615885 -2.2444516551285001 -3.7798257942268001 2.5868724884145378 -1.1862652868353465 -2.0019770211721166 -4.4886611731369097 -0.95017141430887753 0.56480847751077146 -0.70979412660555874 -0.61992026395598843 0.3874937799011301 -1.6320556988533041 0.26024759372155709 -2.2444505903733911 -0.51552099559796871 -0.70265671128496998 -2.5301667225222575 -0.32361633459888084 -1.7983898069669644 1.2975106343904557 -1.1039129063001849 -0.5173044786536064 0.81733753982433299 -2.0768027802533733 -0.72824378619502173 -0.94203747678423055 -0.51210876389516635 1.276640518912993 0.91207735852481508 -2.7685497566944339 -2.1114775131783445 0.83637171365998075 -1.7869193257724443 0.6010791418170941 -2.3045956659872764 1.6986175419054441 -3.8438990118815028 -0.59841132475226466 -1.372317272143414 -1.2862817230004111 1.2077704154696862 -1.8407740149500238 0.21383878639823475 -2.4744481143349502 0.61321372091874604 0.67737020651177493 0.21775863899997955 0.59154877680415019 -0.49914227691700236 -1.7466059495414852 -0.35343274433703753 -0.094977017787138268 -1.4579227119780322 0.1091005487540503 -0.23296502627403134 0.19534586669637274 -0.3043624068322866 -2.8958450117187855 -1.9970320712376728 -1.0301567629201085 -0.18754490341729874 -1.4650647780415185 0.046576225973593496 -2.3332804404209755 0.60001925928026467 -3.3266537940899714 -0.084060056635495845 -0.36143369607222087 -2.1667644388436349 -0.64763221167268237 -2.0534953174698884 0.10671171791701947 -1.5366790447770149 -1.865586296353904 -0.046078856915370503 -2.42460933562058 -1.4985947257817349 -1.0353456801720833 1.1206265111682692 -2.7762348831580135 2.3660893645180341 0.02881643013268341 -1.2464674559383631 4.5218002506145751 -4.5866013070440159 -1.6681705453241151 -0.39222587141381254 -2.516097743808452 -3.3452599770722586 -1.053915945324662 -2.5818858423245357 1.5120815234880927 -3.5162276711970275 -5.0930174243042234 -1.9440862629784657 2.0440226314265519 -0.81991662541369315 -4.0169508421800657 -0.94776420032579978 3.9608112719157864 -6.1199034582910716 -3.7502992786338378 -6.4916911555362704 -2.1557956800823188 -2.1666140421323474 -2.7778781883793866 -4.8047683630626112 -5.8562870113206706 -4.8392579643957552 -5.2793024792306387 -8.2318995542402504 -6.3162428926917826 -6.7119620523129342 -3.6635055946856148 -5.5181893201937093 -5.5138999323101627 -4.923991019902406 -6.2646813964184727 -7.1066505915831044 -4.4923642468251002 -4.337524649373897 -5.6900739829325238 -5.8121907960572416 -4.2511878602921023 -8.7142626270285817 -5.6493923240725845 -6.9880039911546685 -2.8445481352343309 -4.5594456869521824 -6.1508420570438362 -6.4199088237804673 -4.6787878450969993 -5.8839639821622747 -5.9957003488919911 -1.7678554426866029 -6.0419289204373516 -3.5881916099523461 -5.8540912750122676 -4.436710835369861 -6.4508361163593575 -1.9075641475765943 -1.9310501045941226 -3.4483584418969087 -5.7078290608036983 -2.4123269705266308 -2.5519415800784317 -6.5093544091306157 -2.0557984902148219 -4.7477221614772285 -2.3937432191881705 -3.4172606422416365 -6.048155822254567 -3.7379680935274724 -4.1082728770140404 -3.0061671330296922 -0.61431039233089013 -2.6007437922571435 -6.8412461234977657 -2.9800338593460598 -5.1749424892804354 -5.71983754193307 -6.3845813568898677 -3.9968098336414832 -2.3735706330719371 -5.1694930799978538 -5.997576283983614 -5.1337308598101892 -4.0590590310683421 -5.4604214243232629 -5.1541657695217467 -0.34370696086611541 -2.228646326858418 -2.4528461379649729 -5.6389201876020456 -6.6013708576188197 -5.8033145050574895 -6.2601817419369459 -0.27446635103221978 -1.1343500010693164 -1.7441666910603046 -4.9553758204151475 -5.6105663921329931 -5.7975853837062337 -5.6948123849296959 -5.0042206449382816 0.020000293862100567 1.6227884026914139 -1.8268356697651322 -3.1398577880987264 -5.7573065602105755 -4.1487296543293954 -0.93349030336545169 0.347888191761417 -0.81940030315974965 1.4308104767971719 -2.2183461046464026 -3.6408374220626243 -4.463304554682999 0.16927710084347156 -1.1192639541803162 -0.9327672227152386 -1.6214412299046317 -1.8838049366582594 4.0361142509800016 -0.81051056863851201 -2.8571853403029159 0.86357808203941411 -1.0805946968825741 0.62839532945087373 -0.29599142356271979 -0.3928362941759817 -0.21527374278752393 1.6567945656452878 -1.072369632113483 1.1523926428711191 -0.31613547075314707 -0.021185015880126751 -1.0501456253907406 -3.2858077594061488 -2.8726422533729408 1.2388027655217324 -0.57533695201706314 3.6450916806351046 -1.8024648172780522 -1.7810826408828881 0.20559726757714017 -2.2486408447144806 -0.1533262760582268 -1.6676533850562176 -2.014715709301464 -1.2164353653246986 -2.8508355147336721 -0.61222254751394689 -0.68139820294106224 1.3593813803971013 -0.53776164449931152 0.054283615462837491 1.649393016484773 -0.58734911607737628 -0.11598712560096593 2.1394189779225852 0.30532538372066731 -0.83223083575710866 0.20041145207104588 0.27849275064055956 -1.6322367298199609 -1.6247017406670108 -2.4007436971094274 0.48525284377307421 0.34195151291196463 1.1476033275922881 0.95495883707256046 -0.12735120044490858 1.9001947722979451 -1.6330544879568698 -2.1331526953897653 -0.56275454384878698 -1.1036121767147413 -0.91680838260057085 0.8801552970018709 0.20167832638167218 -2.1624010320068758 -1.4829938196480195 0.83687757799286822 0.0091676013720812938 -2.737060962452162 -2.4591782681539485 0.70211032126077477




