# Created by Octave 5.2.0, Fri Apr 02 16:08:01 2021 CEST <br1@br1>
# name: ptcls
# type: scalar struct
# ndims: 2
 1 1
# length: 2
# name: x
# type: matrix
# rows: 2
# columns: 320
 190.52248047542679 76.613855218689906 77.325661934363808 52.276157488887648 81.941541846804981 107.17731137270796 29.564624123164982 59.776711634856603 41.937933257771057 115.4001337388447 81.55110363851071 77.705636985723089 99.673425298308956 106.07949217579694 105.18679243564742 109.4211734989227 21.476286196976307 60.56910887281191 78.685053470956973 79.751201484525154 80.602795126434415 155.50974155059637 106.37413212642625 157.460962534201 154.42465461070657 141.6826156268902 154.6618323762815 154.40276993908259 162.89538512731079 157.42787963876964 151.70736503332171 156.36586256163508 154.95802397195371 144.67763961507819 161.44592463578152 154.33955947112077 156.6692999370627 160.01989698455657 159.49997808259852 156.30017584555171 159.53886941072963 160.22735280721383 153.78404049185559 162.79916625813385 155.76973673918252 168.54046377313287 175.89972122885086 175.51290841332974 157.68115344900872 153.47620756144326 145.15555835264064 158.5335096399852 160.25616074656602 157.28157919240456 177.15316378809953 180.32938801727136 158.48768937459451 164.20592036600502 179.7135047735789 181.92373652430342 176.53995622322626 178.31167933156726 177.60350587102531 176.53115854869935 67.275417078298375 68.031171272543062 66.899911278596122 39.239604519128676 68.120526507216681 67.932952570223534 69.950102910537638 25.430987614398042 69.453495287099344 69.28843296215932 69.103669973492728 68.268259900924249 71.040274526292379 67.922346780231649 68.59756394530838 68.78326639292024 76.82038367404833 74.893474669600195 70.597624434298297 70.009632237394754 70.342605402238632 69.00483695117299 71.992736601304372 70.083019135458258 78.359508224783056 75.747288578535432 74.741962960031003 70.359938972692987 71.399696453195745 71.21405802587023 71.686895792812109 71.58949417105913 103.91942042985656 51.232237409177813 76.0284492021175 71.565818585056277 72.165396930425274 70.496626125419951 72.953703568715511 69.421311700545289 79.317052412510847 81.515217628278378 78.157630119459213 72.37244583279012 73.192552878205206 73.893481863801028 72.797318516306674 75.043572322704065 79.222721692536084 86.306178983233252 79.764565798619515 76.502557314440821 73.565777008089356 76.068927104980929 92.803678534857056 72.745066668608899 62.923809833232298 82.739225368174758 77.454732864274447 77.934245387826294 75.476424313879093 74.092356769220558 74.212621287283682 75.500156854857138 117.44455203819074 78.180739316097572 78.059082505254025 80.537876999931925 76.180175642549258 74.274403773080323 76.748258169590329 40.47003224531035 74.289584279645254 73.395612641761119 82.528256903539102 97.605888602351229 80.432480227867615 77.582944925618605 75.115101901615006 31.687806411433783 121.71759983135249 123.75500490486841 37.731192091614304 80.454076588486117 79.168560674053154 80.98673043099113 77.054654094962316 40.404783049848717 230.72607627556903 129.07441585244069 147.33441326482398 74.349395058798279 78.551630611151651 81.683418806841701 106.80790236374136 22.736562398737654 128.59274834630671 117.12760980429053 99.21129300242913 97.38227900699863 62.166442142246048 81.252032211317157 42.512206925780532 62.789103014723942 121.8924131888099 125.89432583047329 120.14227026984888 64.594016463162944 23.624679292351967 24.611002721973978 89.082867400693459 63.506245288976622 119.16035502530102 102.61975725456578 91.256311297252211 63.613222368632847 94.612975069166012 125.76012864845428 123.17543973452194 85.314903094317813 91.155121291325742 175.27699802799643 145.9604664921616 61.830159649603253 167.06289580986845 41.68141998198076 42.72271308919165 64.147498903185124 144.8778047905335 148.42297598221921 185.59469265682085 176.36783523703383 175.57367983226197 156.46406601312668 124.84197343340036 126.01897586667533 136.82737028307079 138.06662278570698 154.20748583505656 174.53700132857344 166.36805972563548 153.9990419189501 155.49172245597356 156.80493699455209 122.59056039387386 130.73504586212024 158.82445471450941 164.42671497847715 158.05629671332255 116.48084455358583 156.08555712490596 158.15321519979662 164.02794967537463 117.33561775656648 159.09599261276034 123.23344427989812 122.04148587126672 127.2095802935393 158.45951171982207 153.76035903740015 116.60775068953743 121.34081670052791 159.01124929706697 117.68147348733977 227.87658881952547 156.57251894457707 161.45751352530101 155.87632277133818 190.58791197476629 115.02071652174602 160.10205628724472 154.95458592635549 159.18736766755612 172.61715348002306 170.32894717810626 178.17950793647691 147.74697246661427 87.776159291864531 128.96172627702387 174.37823088868885 174.29163175449025 158.65174787018842 175.52444528590448 176.78888928805409 146.95673409423455 123.41798349342159 173.65102660012965 175.78248276997778 175.02851314229233 173.96817752472245 155.42537952324761 105.02624774130297 196.12613069374103 186.01342582642798 105.14134736206989 183.06333426986774 176.7048390668904 174.77465610067804 177.58618823824725 180.12495687139941 166.91089564134955 166.03087807075838 160.79479647435369 177.90973166226149 178.51102092346278 174.35552341212536 174.94234074741198 177.68579956576929 175.55386705863552 181.28306266776374 178.63060104137767 175.98850395432871 177.57318714422081 177.52380590332194 179.41229379856355 172.76974194504135 176.35050272582652 184.6375442259511 184.10035558440993 181.3922284720351 180.21250186047638 180.87782454088645 178.94263819098779 178.82660904052128 183.86671881571149 182.3166092249694 181.75882507935611 180.51390757862285 179.21384677986242 178.65679694300692 180.82983908542786 183.3197406298884 183.6835262004308 183.05906613170421 181.14197661191122 179.86530220900934 179.68041959295337 179.15780138768184 182.33817055189311 181.36603484718083 185.26033718858926 184.20342616545668 182.30499808753902 181.51682529211476 185.37746548403345 182.09144587238595 180.9538156085205 171.51783590165752 184.02720801585096 183.46505719490216 182.91079589265178 180.43144411464692 184.73222352076306 183.11486316889236 182.04801054178716 186.17498895685563
 76.235477202916215 58.191320134958673 70.57400687591236 186.77738275813013 47.897346796357709 65.982362806556822 190.8897900765443 106.86567269018617 8.8781413552567567 19.573278711285052 48.940432200052413 72.328721224909202 78.159828924165254 66.30705630792491 65.456214380825529 78.269394712128872 33.615356139795061 12.945638465514939 47.620472052926338 45.650176007769986 48.430184045708245 32.835582851396197 65.203337415899625 33.355580219169262 29.95052666372035 44.32028406629265 32.094049538662972 58.274516534019817 39.766348256465307 34.516817983563044 37.955746442611506 34.72965320681017 28.332925970437088 32.583438890956735 29.489878449788687 33.780539526092504 32.427262338877938 33.058220813335076 30.632913132723381 33.627260647440643 31.887665280107402 28.129186954686407 29.065307296627712 30.073726055029642 31.637301941241184 23.338538113956595 81.654960129177582 82.740086927431207 31.941078197149093 32.343767473888654 36.213256231260829 32.710686802769601 29.392268907723498 30.261238747556451 81.825708429176501 83.625419192248984 30.183639745018223 60.035272018209277 76.733751318449322 84.38868217882694 82.792596392267129 81.653074840542303 83.342918582686394 80.83348255727249 71.857255954071249 68.822113086206755 73.937580361925896 70.445621246261098 74.015237939693733 72.930206150485375 75.306148439360257 130.60118629028776 69.823952286168975 68.631663639514784 70.851604205385101 69.999104205377805 72.162762879793505 70.988168446665867 71.813116585151079 75.12115671950167 68.690248945316824 68.157393484916824 68.107665762235399 71.488306107879595 70.320381119258229 73.210546913728322 71.729765443017925 73.284803857745871 70.220551787716417 68.852629707285189 69.21156447144152 69.175826332902645 69.830563825510808 70.941892587292628 72.996412091888203 74.283145187171115 65.085586050784798 106.02095883097805 67.607293574682345 68.624635283247443 70.540258120584738 74.338470479474807 71.239610582682261 74.229730547323243 46.650464543386299 38.003567067213609 71.286648663585012 69.340316225341866 70.131676039757409 72.313615188204579 72.507584238994809 72.351175806942294 49.785773549060693 70.059176106948826 47.601222157992524 69.80304657308713 69.173720369248912 72.053102271963468 111.03170633757723 73.606258245566579 58.329840812714174 46.937900700203677 47.515674341628944 68.369971350397677 69.904850160497134 71.28175696015397 73.452142990300928 73.321842819435417 47.5981849743171 46.668213939894486 48.852119899549237 46.451838830682057 70.927946867789387 70.190724073360698 72.92707962852046 196.06634449006157 10.363827042392522 9.6327622040112413 37.401073670690053 49.231826118049611 49.8032085477195 69.439724512903268 70.88040093053678 144.51762600469579 32.051181404014649 37.707492538547534 28.400021740591459 38.255075080460983 48.616660335584427 47.481230589511981 71.528187530497974 194.95668718431352 52.30408609193708 43.906580271187757 68.204370814367451 9.1438137147678198 45.506997356324057 46.542286691504778 52.47715073639197 33.84740404399551 10.568728238376131 22.330031157712323 9.3744077560290151 42.320508125942013 3.3946891612999357 54.334243157902982 6.6714452439981642 4.4652420780920705 47.356197956458672 34.823454022130001 35.043942256293889 12.529242840829889 32.958039664990245 34.324912502115154 37.658142054149224 3.469604777888907 40.330136779186311 26.985488415948851 13.117695949334157 5.2246282763671639 8.866547014037538 12.064069463204882 1.4312013839089539 30.018935664369419 77.750559141976751 75.382044573915863 11.721324467700146 4.9074911644566344 3.2652553233716204 7.671873407983667 7.8603115883973889 4.2655592886578377 12.133856379893558 22.727018732320015 28.755152195928403 9.3827736360721232 8.4624039381331944 17.363685964129129 12.71955332441801 85.891267400520078 15.038016665096333 15.029208936333893 24.083025150671826 9.2426366705712795 2.4531717662663537 23.000431844041906 29.317131380345163 31.250404234984796 11.241340235638837 9.2573354329665065 13.518811210142456 9.3102399543569661 5.8493341671648471 4.8774050421891753 28.428441693279385 29.16925931635582 8.1836133471292651 4.0280421287513235 6.3143354436365096 31.941702237478484 10.334914960260296 35.51583251198894 31.217648463213596 31.308628816766245 6.1136056805064483 11.336532305851263 5.0995552645626914 5.0816000516372899 22.337999358871045 29.397420322344409 28.428011595403287 30.369017796395564 48.145215015313617 10.283492161965135 5.7237440264183643 31.011381487017637 29.368137115507903 78.866880641854934 13.204933353019463 79.711246989013461 5.296986691506171 49.34375098222349 22.949780222689242 79.637521786913055 80.752389659668609 65.916304743688187 80.481635420247244 79.827847897386064 6.0042498460666724 10.502356322302361 81.962687063584212 79.458758377837967 78.567387981597051 78.054789919602896 34.293803167309513 192.71339293021515 54.383690248721649 27.781844708728329 102.29241440654501 75.071657062287343 77.264950441476969 81.779474842334295 80.678167690943212 82.581069808383205 79.533870798925477 56.432496195249243 59.260746525959142 77.946506291888269 77.052859499042412 82.80976721437797 76.713934605662018 84.887452875818724 77.667594687839738 74.650942473586312 75.751912489998674 76.186781937739141 76.353954619499262 78.917302501268964 77.768560767775099 77.720559107714408 78.42502276677277 79.043164874399551 76.001764782705649 75.652415043208734 75.715411202606489 76.583134263283853 83.57191607302444 80.695142782936429 74.243004120974646 76.789513880602001 77.817609320171087 77.747529141651995 79.640536734866075 78.647458836167957 81.740591740901891 80.870086530434989 77.043428438315161 77.943802047617226 78.700466392365229 78.746699601469018 81.347311892704425 82.293933542157646 83.272707003431151 82.738019312825116 79.995986320165784 78.086331858916694 78.947511819436016 79.757083263793533 77.763975006244578 81.883441866700366 80.643419778771602 109.80713913209678 80.004944264716144 79.02301434276302 79.953598188386707 79.692336031627605 76.909583515724293 81.894328185230336 80.751601265662558 79.348659614633533


# name: v
# type: matrix
# rows: 2
# columns: 320
 4.0452272840958052 -1.5491047806532685 -2.4671831124595198 -2.3617106020879088 -0.639182187326229 0.062529541512649542 -6.2106094508590788 -2.1848560259870178 -4.5740404614282353 -0.60100659307165627 -2.7424727249165155 -1.82028931137257 -0.74118715823311598 -0.022379261555974458 -1.372231358283212 0.0054553980679680576 -5.9396461333582238 -4.4819068742017949 -1.5338272023799262 -0.17002839887983395 -2.4526335702263551 0.55521024443981593 0.8810739462574646 -0.59588170987133449 1.9124057762732289 0.35029495785484888 2.9064449340795067 1.1313036246855084 1.7875350110661496 1.3538710551504718 3.0128946453212055 2.3924120315106849 1.6314989334630288 5.2435936435317503 -0.13768357856059898 0.8615817427091268 -6.9746980005169767e-05 1.4689731649725206 0.54517833128280224 -1.2529862678902222 0.36543272901981716 0.45364709140412357 1.188533470386022 2.7470141453227179 1.5159998268688915 1.6961192366017308 2.5984199469840723 0.41912110912044587 3.9295951238689444 0.96323106603364717 0.56229828007824556 0.98778178086235069 0.27053827345701831 0.76134196138794696 1.6237603083673189 -0.11508634663120661 1.6779919288165419 1.3293554749027776 2.8964788436294886 2.3893892104101662 0.3067603022683279 0.62929725165640027 2.6130385927149273 1.7157711397146838 0.5149888369500204 -0.26158328773004025 -0.71307517739361925 -2.5555409142093808 -2.1620259738982641 -1.2235720992880774 -3.4606365708084779 4.8083481724781443 -0.77151846703414728 -0.68340753022188738 -2.362858414376122 -2.113966347401548 -2.4164482815706956 -0.42103678261584193 -3.0423457467431616 0.28938259783343007 -5.4233321644435408 -1.2589785655649814 -2.3805774983810419 -3.2247795890834152 -1.960821166640258 -2.0450501975290689 0.7402063690946703 -0.89832334279868065 0.067010290572105211 0.53256429518364179 -3.8945404674780963 -2.2343582354148528 -2.462260835499039 -4.0362575053371108 -3.0935598405241325 -1.2175771376491342 -0.69076391221983502 -6.2008401770682422 -1.2339845282710851 0.17189020595934718 -1.6791800643759216 -1.0805061411411914 -2.7818664632205614 -1.7736244286961897 1.4263893409247623 -1.1199893453404939 -2.265143000777575 0.64398637839682416 -1.7774885177888937 -0.11361885877543045 -1.6719956977053012 -0.48768243158627966 1.8128395991732629 0.83635664410673316 -2.0873200421207416 -1.0282037831408783 -0.28546008723678656 -3.9794930847364176 -0.98235940944024569 -2.8632551180717982 -4.708855312620055 -2.2535746511192087 -1.9567454673249776 -2.2271310230444308 -1.2445494393867789 1.2281028656182076 -1.1520337104076923 -1.3499278681316773 -0.91901916719394472 -2.9348111912963049 -2.6603546755447365 -1.4573195981236831 -0.98038637486252878 -0.82853767978060988 -0.70518805551741814 -0.8194701808320487 -3.8462343216215205 -0.81125048803722566 -1.4207153622054425 -0.26415823193366156 -2.1455439261509248 0.72283781928259649 -0.011742785271173735 -3.1420302346738094 -0.90532790582836242 0.71109349501497576 -3.3052369035009281 -1.0197471811350471 -0.98349166452273895 -1.8416776007286062 -1.166355801780701 -1.6738412626380836 10.35078207216706 0.19756493752138243 2.9794398013476497 0.17857282912723282 -1.6569400980502078 -2.4556715881211697 0.28907770316144898 -5.9483765323766029 2.1289798520658563 -0.77894882957280687 -3.8979409362357114 -3.3913228914080427 -3.1149115368967748 1.0137137855549803 -6.9654638440216887 -2.6774942107453041 2.0348274944037255 2.3154872030828271 -2.0852349674428252 -3.7883259683974826 -7.8192160660075514 -5.901883762727695 -1.1946868770402617 -4.9342600150761191 0.85973893404808166 -0.86365086495798538 -2.0628606792712292 -2.79442466664876 -0.75816249943952441 1.3948595157044188 0.99616988720600141 -2.2070062866156208 0.5599963309348468 2.975341492171609 1.8618058825300798 -3.0194404904807288 2.7593738737718345 -5.0204046874972308 -3.7111098456627758 -4.213724217230836 1.7484183317401749 1.4096056935038199 3.0913229341824215 2.977870108924654 5.7497695744801129 2.0498604029075538 2.1997144237903195 -0.3069193709385597 -0.061291557532976673 0.84142243016195861 0.66308170098222918 4.3156469417914947 2.9019519655394665 2.1249989646074128 3.5616849334086598 1.8502344794532011 -2.9887095475004073 -0.19023854147997604 1.6670029544563978 3.7771886234322452 2.3802481811406895 0.25000964406075882 1.13217729158707 -0.2020318114960192 3.3500143244000178 -3.7994706125080904 1.1872376465820607 -1.2871551606379308 -2.330597146376534 1.2703789624948789 2.6071237735959385 -1.7331994504143799 -3.0081932357514471 -0.38332252065380762 4.3475896160546403 -0.34836509243979663 9.7918552122602343 -0.29605842207098076 1.3554276479680174 1.0753105831973675 2.2728166734052841 -3.090973361697769 2.232620175209199 2.3477411310445548 -1.8401993719014644 0.38778751784259674 1.6181343393369052 0.20687793098287016 -0.43776885684893585 -3.8714034896466614 -0.018388054878221378 1.4859001076296727 0.4981475947794482 0.79445250808365253 2.7728824755600718 2.1461983309886348 1.5492635673627038 -2.352732311605489 2.4550327926516609 1.9823614375182941 0.28728754419124564 2.4587171732120998 1.5893818752781106 -1.1396072695747648 5.8342632862706818 3.4175476846685409 -2.100086601167332 2.5378184298676447 1.6953683702888882 -0.083626901712735222 0.62497373053309802 1.9041203427329392 0.48846253060245814 2.830174483264996 -4.7856375728717264 -1.2070026792083217 2.6922442920159066 1.9397983246529866 1.0153666108775348 1.751641289786771 -1.3253689976101177 0.57061473761167658 1.8123932663914919 1.119874708363612 -0.99701795563144036 2.3985638575668937 4.1550223492220368 1.9493149896967634 0.71001974164929582 1.5239634369499087 4.8049946179334011 2.6966039569329383 0.58147176344650486 2.1641766007586205 2.478386900543903 2.7274330122436572 2.1229904878917942 1.1127122418222704 -0.93929339899675779 1.99684574983153 2.6002003211825531 -0.2619793574813789 3.7542003186190449 -1.6091400523572801 1.92044969240429 1.2627490904358591 2.4146947889201376 0.36699410643580338 -0.70550513737617104 3.5113596352305851 1.0337097955434591 3.1865326722950513 3.2862932774875091 2.693563160647733 2.084306344892958 0.52381796584124585 1.5530631131149819 4.8511612542784484 -0.65406381032067784 1.0795806053282941 -1.1447631802648679 0.99571094217362344 3.2811331192961211 0.90034295080256543 2.1767911207837325 1.7495329685152274 2.6477974032573948 2.6511587102029721
 5.6746610425660311 -1.117490105380994 -0.098770906554004445 3.1959294126884794 0.061296549926482341 -2.2083926283375388 -4.6342608888700507 0.29108599795669898 -0.57986563215988007 2.2802740130875314 -1.161455314199209 -1.1599497810126602 -0.81039780598378297 0.91912221612478417 -1.9423321884453262 -0.11200043242230964 3.2800768282860018 1.0634697339613519 -1.6642536054498638 -2.0868142446850424 -2.3473006057179222 -1.9269264940930559 -0.71769996906762434 -0.96128547783818952 -2.5655788381031717 -0.88210704781953475 -1.9297409861273642 -1.3688265063269536 -1.0139704414147523 -1.7600521766680808 -2.6884861982767987 -2.5588963158001312 -3.9125458276404697 1.6694031693815439 -5.3394501243249461 -1.1211169305020854 0.071495196371207145 -2.1963192635123563 -3.4985989877140566 -1.9432178478102409 -1.4397260118354398 -1.6650577893756939 -4.0136103724556511 -0.71206943150635504 -3.0069293831124604 -3.0630822844400307 -1.6789158166130504 1.0898419751887196 -2.6969441354193746 -0.11813286259403188 -1.511915700213561 -1.6153453015824026 -0.96304630330750218 -2.3365536833380052 -0.016563960678203968 0.021943945424242002 -0.63852613285925575 2.6559446616187063 1.3878062079376332 1.4303724385733798 -1.1545839380338665 -1.3694415242715479 0.9086528009447693 0.27817579599324743 -1.5209705555060782 -4.3608783198614463 1.5041730983951129 -0.70265671128496998 -1.2164806153462737 0.68974558126807128 -0.89275056840219735 1.2975106343904557 -0.029228177744490214 0.85107187599748291 0.55618003648214287 -0.25704973586221114 -0.15794560692025744 -0.25244604183518943 2.4567339134435895 -0.54547546886049547 -2.2291029086445451 -3.5933219090361495 -1.1553579485244989 -4.1322107162380153 0.46861605904023068 0.018799757258193404 0.49448012902256144 -2.4649431250318883 0.85374515981778543 -0.38068329642557164 -1.1136428461840715 -1.8704657854533484 -3.9986458805504457 0.35807067866198666 -1.4024713959880666 -0.11979980769708665 -2.9809669125590625 4.8970965420429486 -0.12575960498065031 -1.3741142676097966 -0.5276830163072177 -3.8981824568439718 -0.31726776749334634 0.1903391086549733 -0.13177945504285468 -2.6952535694031865 -1.4387496702383549 -0.34220636998594933 0.83629888900318927 -1.3509847211001225 -1.5513258012800992 -1.1326461942901378 -4.6374647193563732 -1.2511771984691764 -0.54312338582134401 -0.57555911442521601 -3.3121133778399923 1.6988846017461956 1.4511542305423721 0.20922330159887931 0.79862800313806859 -0.43327816291614374 -2.4834136583633852 0.3335853595379179 0.89897321118904594 -0.4624395123549852 -3.1989508052728444 -1.2051868815959035 3.8620357615178804 -2.4736251190589509 -1.8506448129595854 -0.26021271498248011 -2.2665349975188476 -1.0470735273887568 -0.93603125869280646 -2.6519136424304812 -2.5315483487509325 -3.2769515998494629 -1.3080895450839127 -1.2143987563600565 -1.0830423671513463 -0.27023342660688887 -0.28868985296771899 1.5120815234880927 2.6594275869313861 3.2193689319130208 -1.9440862629784657 -1.3577528817995506 -1.8703888649613023 -5.0828799848966213 0.88318779406833703 -0.6932714876105569 4.0790060925250726 4.8120311240586187 5.6950017758415452 -2.6020675838500642 -2.5437071433103067 1.314075735252209 3.8793708077086242 2.6215608796515593 -1.8896500028491148 2.3527586518369832 2.4361773678480465 3.5401989572604635 0.89674314354178708 0.28904425432282665 1.133572990545606 1.1878622544445905 4.1491065127601665 2.9456308603562591 4.4371531307750134 1.9668184924153542 2.34979535216095 2.4707677640904304 2.9453708658843212 0.744494847737877 -1.4238569325053376 2.182676113160066 0.45209373950366916 -1.0836069765166423 1.8249665120869287 -0.40750204261437684 0.27046533535377848 3.9997167321991984 0.16374669928492003 0.58315260886419351 2.9613701886559407 1.6951232995827035 0.26351210530689689 1.271326422089105 0.22533468786938493 -1.3051755246969217 -0.77523674608734294 2.5207145001160329 -2.1019264816061574 0.83405776663000053 0.68207520641771857 2.5554140728832921 -0.21599794450773754 4.1833626856438144 0.87680827167329467 2.0528792284755766 1.3605064207247715 1.8872729624718818 0.25123825644883757 3.9740097569023658 -2.5747143467816729 -2.6007649479809101 1.6661202572698617 1.4029848457557814 2.0033045347491587 0.84651219193062455 1.2229536154367422 0.39660630100693928 -3.7581006766092884 -2.3811578034773433 0.49362218862994356 -3.1637717741411522 1.671798895967342 2.1570714821503278 2.3369246453639647 1.4687470794834621 -2.9451338284195998 -3.3412998170358379 0.55079853254182465 -1.0902369028794479 -1.3125331532451643 0.46531575473873393 1.9077300108608601 -1.7431407464191655 -2.8852497912955677 -0.82910985015514671 4.9553758204151475 0.65405078510978476 0.57366192103117308 -5.4133592398463977 -3.6241198350172357 -0.009844276957560294 -4.0377167529329059 1.1046189634741839 3.8948703042289932 3.7153455081322457 3.3848254212749538 1.4709168228478899 -1.0356125600600175 -0.81940030315974965 0.89159307774829966 -0.86165458477393875 2.9035517737856793 3.100730076107939 -0.68194164867942686 2.9228338584642373 0.11960022686086666 0.26558923316110211 -2.3389143459688682 -4.0361142509800016 3.6665063691707065 -4.6530594434976464 0.86357808203941411 0.51477733738226505 0.12758901722194138 0.13989557256453117 0.098158074064884263 -1.3676069951879328 0.28908030533995194 -0.39629386386608167 0.13846436959092417 -2.6022492408258744 -1.1609359253100333 -1.550854332762815 -2.1490296432145879 -0.39382409072744207 -1.0554002669782625 -2.337743963455734 -1.3362347583584131 0.13592659061221696 -0.6961666308327723 -0.76633838345820005 -0.81662430990317025 -2.2969972034526109 1.3101027226774444 -0.82514174487854464 -2.1708175473791798 1.0020096757832988 -0.6618490245324995 1.3374656781076983 -1.5590350254065415 -2.2319728200502702 -3.31621932425272 0.18461596427650198 -0.26711264056642159 -2.431950947316293 -0.72124651954793895 -0.33569455209989885 -1.9745391697591228 -1.9504627828232519 0.055426150611035854 -0.22134607233866349 -2.5966932660110627 -1.355895178987514 -0.35368591319107812 0.033533867532178671 0.97127159491983106 -0.6109786581878881 0.31998200195504084 1.4696116531458725 -0.65650166046525804 1.4551396550118403 0.4036854564841672 1.0727986954389344 0.50223772286105184 0.86129832952167451 -0.25998643723133935 0.8266194031218107 -2.4204573342775846 0.17918765778143514 1.2782380217719744 -0.46978545436328378 -0.60171577030450074 -3.0617025165808736




