# Created by Octave 5.2.0, Fri Apr 02 16:03:54 2021 CEST <br1@br1>
# name: ptcls
# type: scalar struct
# ndims: 2
 1 1
# length: 2
# name: x
# type: matrix
# rows: 2
# columns: 320
 124.19161599797417 108.91296955433263 106.38392369431143 102.10825119294226 112.06409855290042 116.11921381945874 97.845064172289398 105.8771737832075 118.15442580114625 116.35225033048245 111.37693525428472 107.70966133571275 115.12825703913997 115.73406889274706 116.70160816527439 115.75271485284905 120.59379230842721 118.93931480160546 109.88660250543101 109.31070357351499 111.56350922028685 135.56802745613635 114.87254763124679 133.90935544081793 130.77371582818509 124.26511074777292 133.27375705502865 130.53226345820593 136.44591015399374 137.83849232604192 133.7211898438066 136.18571383522593 130.86494737911869 122.58518830538958 131.23910437669133 131.76540450327286 132.09668186196674 135.13353631503523 138.38485182354268 137.51187383690444 132.10732734326973 134.28730169646303 133.65170550338422 133.29781742273377 132.89785449461223 137.03926805832992 145.60136322449634 143.94234691542016 134.84867690962804 132.85456862004509 134.12492916393168 134.06744006444546 135.14400837538511 135.14601657777033 146.29961503360599 146.38341877110992 136.39017778183998 135.1029833766039 144.380929889013 145.19642056971912 144.45181395964309 145.0453250872103 145.07155941411307 145.05184118882951 99.956680560462999 101.2122599587517 98.225010008991731 93.161517808960554 98.01759700028839 96.741081775806848 97.364491958157686 76.025158824892969 102.04766026181272 100.99255795664955 99.418133978778613 98.838878811306145 99.244397809292408 98.434060764724137 97.907853111351102 96.892855189803271 104.22715258651932 102.12127082049524 101.12315998651334 99.889664184566641 100.03122298480653 99.181010530515564 98.988105390185964 98.00463981562369 103.25981233989228 102.98861764579412 101.87584188233626 101.00575040673664 101.16978870609726 100.16881836194403 100.20313581537947 99.135657451188777 106.78823622509402 108.10404958306633 104.18625406176844 102.01933241850682 101.20816077168314 101.3037514317307 102.20589960980867 100.13872760540953 108.7353881940152 108.70612325363959 107.03984301876781 102.12688294977879 103.73811898557845 103.22182701947085 102.31502457565939 103.86304186035208 109.55498722211972 107.98801259719912 113.77556219348543 105.2583343868168 103.03407602145742 104.19738048984614 104.9654089058229 103.16903337856249 108.03164960987493 109.14820595662459 108.8028427227224 106.35433616063571 104.00204668223377 104.67090214178583 105.30517905614846 107.35367302920184 109.35787989752286 109.69257442409327 108.30048574567718 112.73402542609105 105.01177011033384 104.7397796774688 108.21103264736833 97.187643069850012 106.86897932781615 104.8036440121772 108.05224563277446 113.82310465419867 110.67325652454288 107.20485997720367 105.62628175112316 97.984644363037177 112.70831593809773 110.53115102811297 106.48511968667844 108.3288603715152 112.68924077768419 109.91448653128542 106.06051003555302 99.059463046531533 112.12131695150704 110.92204855119995 113.36400618417326 105.85358249822319 111.85441677464225 110.31741975676665 113.97993198635866 119.35813797436087 110.09378663008306 111.6671312017088 112.70682710447129 114.08862980755121 115.27970856021163 109.05646247848171 121.68758398293008 121.25240341073096 109.40266600886856 111.9344942956767 113.2928091969121 114.54302067308706 115.49834954337148 116.63527514187756 116.79748624094445 120.36616552788125 120.25636612595837 112.36405386913879 113.5095642787805 114.53568045675951 113.4144218374627 115.88995135742628 116.16690671518474 116.96588479387799 121.2732618360433 134.58268862090733 134.76980748935793 115.56568093626069 129.77207254421296 117.94672110457074 119.01187962652975 117.87119320428931 134.06551963444761 133.02656828135397 131.67669776285803 130.64926087601532 131.8361932386965 129.39703188171481 127.51389218695846 123.85459480797435 131.37933684016031 135.11044040647332 130.80872321230859 130.19252588841522 132.19237578079458 131.29439048261941 131.23189131770479 131.71433606026437 135.45956273173965 134.25533273057869 132.79560674282024 131.34961672761045 129.67610642894968 130.54372886171348 132.05818750807313 135.461365483485 134.56394753508962 133.20696685454001 133.70899292604869 130.03408353863657 128.06605785453945 129.12786953752766 133.34740870846105 134.32157446553836 133.70136794470682 131.78457923047648 132.44610483605376 128.83046705042622 129.44252361216704 136.11803740918907 137.07511593975863 135.96498377320654 142.63148016591052 132.73133938870293 131.62769746732135 136.51367440924327 137.45581540121185 141.67283423726809 136.1248564772599 145.25328260494553 137.00590444179059 130.28480619766353 131.09432864304722 142.33103354207066 143.02840149937043 141.04492402568061 143.71143409783826 144.2113991589745 136.09569254636907 129.80877955299559 143.16643755178072 143.97668588996953 144.89759365796996 142.91998243425118 139.66637202479532 129.07196112935398 145.64289512020068 144.59837104268877 142.08367017753326 144.4995029820343 145.79390031229255 142.79270452986086 145.90700637457826 146.79059515542713 143.96954034258275 145.63072322068325 143.16745855632792 144.96825253492705 145.0878960145819 144.12781987787881 143.90911228307451 147.4807696898209 144.67965940278481 145.96079711115379 145.95701081882774 146.87536037542566 146.34217459622158 144.71888171984077 145.42955628719079 142.68900900292988 142.9394796474073 146.94409491913026 146.98017332897444 147.54224074050222 146.93380756793582 145.75368402282677 146.31535725110015 146.90686537225974 148.26134079296386 147.70506729136468 148.65902125105956 148.26377296169153 147.85977362831869 146.77824330961477 148.3267772458544 147.78445441759615 150.08866950528972 148.9081764432668 149.27431492817075 149.06893170488854 148.71567215399094 147.50768931062493 149.42483446840356 149.14871621128063 150.96569249760947 149.78016143648196 150.10747124267994 149.93699206675092 151.80540716427075 150.52591825629489 150.30729584548152 148.50418755728347 151.84056428959968 150.51471404232086 151.33085660789533 151.12164657758922 152.32813509748166 153.18441053820467 151.60398469495547 148.9420107918306
 55.467866040463917 82.086545743581794 90.071026887326937 119.34327215043976 81.229431483750943 93.628043366965514 120.21228817175103 100.72375813327433 50.812310984352941 64.398737613781492 82.042362887114066 82.679089015717608 94.293533897442373 91.099864379556948 92.684303378414953 92.232519946847631 50.28541762001025 51.610069005656115 81.622507803928173 77.996831418853077 79.87401809553576 83.564261033148469 92.956715567694943 83.916484334169155 78.953014674735513 80.825709814263448 79.541617587781772 87.156755817534489 84.269126664770468 83.194081754199459 82.58703091159515 82.689675855087444 77.327657033127821 71.120944268970106 81.216265896553566 82.395394174806015 80.476674437804235 81.463904434433985 82.051199699624647 84.263396594883673 79.413322140182458 79.849036461480964 77.764939559392658 80.644330440074739 81.594862682713256 81.860015120536232 95.046091010802527 93.838464368300748 77.851265459553716 78.512724672636068 78.796348006544378 81.417841141611135 79.000920332651248 80.438251880790304 96.012945306212245 94.166609504031413 79.027054082014828 82.57641233442493 90.390077724596509 96.159254864431844 94.979051465577641 92.796886079509449 97.451249881688099 93.907088735483555 84.566967439768291 84.283910030961181 85.874750723921693 85.271677854394724 87.437031926930274 87.36973626222283 88.534106366065117 103.22371190465527 84.941774994654352 85.325744580693339 85.810491315370115 86.683434738535937 87.671167898097167 88.474177213161724 89.567756751433734 86.323193942276006 85.226060951888087 86.041884622346586 86.428014915428605 86.807170771220825 88.4129556977216 89.100143485738556 90.197942826681825 90.940390907684517 85.735082561306243 86.818340330732809 87.140168442326015 87.7811441864188 88.836458670477555 89.589960397440251 90.669449007146667 91.210503715383652 83.219444887721679 81.385127702359455 86.299062866888733 88.21551789068873 89.988657165254608 91.067840437001294 90.56292996185914 91.925944234089201 75.8516970224331 77.107514908064644 84.475410350591318 89.433619906968744 88.679391648797818 89.78750481523295 91.860525265358518 92.18353563651057 75.179461885498711 79.662168424777278 81.171220002261293 85.887513021999638 87.846179868026127 90.44262904896631 91.611076616013264 91.197198067224463 75.061485349393209 73.001767345768997 80.600092648182724 85.722804423765041 87.38129779980386 89.521722513754654 90.382151476813149 90.44502178306422 74.069465126105072 76.326609428169803 78.520476824496754 80.347201314770302 87.085716863823336 88.266922911244166 89.561720375475517 119.35988028607609 69.998539125897722 68.597964103889765 72.796708888437124 79.797230834808417 75.656881702370441 86.426198051914724 89.164228146676237 112.6127058590999 56.059708129583115 53.85349808171329 68.255460908840831 73.884025886054459 79.207046817077938 80.351499259011831 86.821581228730523 120.46633794591811 55.121267942584716 54.875134590894838 55.169255672353046 69.171655646674836 77.160486926000289 79.244122391109585 65.56671853905948 50.529059488035706 52.808435686640422 54.119178861421673 54.15626232030381 54.334268365810409 53.656179635022831 79.548639361149142 49.983170627075829 51.138544362852677 53.655828027955877 53.143196471116916 53.186322414574626 52.691854768226058 52.121357579716737 51.406012902800917 49.067064057371169 51.988159804585827 35.460466814248385 52.146742512161048 52.060888140633075 51.57270198278519 50.936515631786499 49.898886332680505 53.014169060830518 50.322615912545274 36.263745931791867 43.653897953812866 53.683738983265968 50.987557706376236 52.681073339200978 49.754286342430539 49.605583197524773 51.886632136031189 52.844592286525177 53.288062074067255 53.330893289288952 53.523681366848358 56.066619982274233 53.776454804087344 50.595964771048685 70.887928082588246 54.48541044478165 52.449665995694424 55.445823997713667 54.553642841248887 57.506752127892604 57.01939492675384 76.148766151584354 78.434830099015556 55.972385831433655 54.770363298457625 56.58844084703145 58.186750617409359 60.763971169804677 60.164127967702463 77.346544328132012 76.852275477396674 57.659628884942009 57.753861471754405 59.120346849599706 61.87793337392467 65.243332302611307 64.921804384431638 76.49581398341445 76.849278236692854 55.808358712224127 60.454213324665346 58.582480835234293 63.710126368236367 62.728531492902981 75.89746717931034 78.08849183088175 78.058359730850242 56.413214795451083 59.716009809308311 59.313511866984491 77.036745454182679 79.566999444983907 87.784087676972163 80.754715509357169 91.265782414108543 65.648143648390771 65.019410881667653 61.424889346283109 85.582753419299834 86.37641946734378 84.024927068835225 89.512844191708211 91.559287352825478 66.211739529090707 64.068229064134144 84.05406330694548 85.604344486255968 86.303578346609712 87.560678123201583 85.580030284904012 122.12459637406168 73.245519594854443 72.912804365270659 84.443763246207752 84.17055903389705 87.025010787778825 88.618565375187373 92.231225257303308 93.19011422988639 81.875741107854353 79.918235850269824 82.653819119333377 85.18189275132741 87.950327618669036 87.38799852894482 88.423198960591037 94.056306416377041 82.659077155492909 84.836639315183888 85.851603245651972 87.120888277712226 87.993531166760221 89.236374978594796 90.060255560327136 91.251374861249019 81.394344837555394 84.306716081289125 85.506693518786435 87.914379655000943 88.988519038492313 88.881482925667328 91.09836919795039 92.006165278546831 85.297511758521424 86.414749705632431 87.362541618698316 88.84943455768591 89.838062576436414 90.010773319683139 91.768938454396974 92.810579467105924 85.997152467313128 86.216770855730275 88.203414231236621 89.586406646710344 90.621396518417271 91.070678229712811 91.717393338277873 94.511809632747358 87.055607439808639 87.102425997205856 89.192433330727184 90.312227651725621 90.742164805669404 91.259908942970313 92.340833967232498 95.344807399984987 86.39791222352315 88.164821362587944 88.985431612714493 89.997864563993133 89.602687384845566 90.568312023311606 91.704848464000506 92.715857462621003


# name: v
# type: matrix
# rows: 2
# columns: 320
 1.3579693284185725 -3.9979235271092248 -3.0865531453464254 -2.3617106020879088 -0.30696746210276593 -1.4278353321887807 -3.1514812960848717 -2.1848560259870178 -2.1484868739148553 -0.62397535907694635 0.28624114725716443 -0.73041456493282431 -1.5920629925078451 -0.80783592306518126 1.4088882967544101 -2.0632225366805796 -2.5810165091038364 -0.15791842183550336 -0.75071921672866071 -5.5610448992901569 -1.05846390164552 0.56039015116730262 -1.0821513337774058 1.2651443838701681 1.397004425366851 0.18963793975630527 1.1569618205002716 1.1313036246855084 1.8147914177903104 2.4593997812651138 2.0519108332692193 -0.97326234916353482 1.5308911683567401 -0.20098527809415931 0.43266121934383678 2.3952425225964196 4.9479535829683492 1.4226302080365951 0.85660544049943332 3.3508240638700193 2.2416396255043303 -0.45199684217315445 0.32447927673609545 0.85796903208528597 1.1613759029950432 0.26643709638043617 2.8682026433519954 2.9367894926370783 -0.5598073765046474 1.4890304113083581 -1.1531880726918449 -0.87773393358525609 -0.16371641255432173 2.0273305042982646 3.0585274730247791 2.7559465822840026 2.0397555900307816 -0.091330152672700962 -1.6663915679730645 2.9635371500330474 -1.6115025072497582 1.3870642457897251 1.7602863671098432 1.4780184831407954 -0.24546898744497872 0.17193528213359813 -1.8039861915818254 -2.5555409142093808 -1.5136666971816357 -0.97559196700904172 -2.3305064475369441 -4.8083481724781443 -1.4086864645567816 -0.86194351472132968 -0.16081392538046402 -0.64116509209305661 -0.76334619320329211 0.86002102995159002 -3.3097573769671627 1.7626636836818663 -0.61314210678572945 -3.3830248333081201 -0.27917512019316193 -2.9305351526512435 -3.4833915441086973 -0.64014607986013949 -1.9813505738839214 0.10021408743276583 -2.13122037591071 -2.6096359455669877 -1.2047386302248415 -3.1356302931936582 -0.80933257494599609 0.42054601852855422 -1.7145149276140237 -0.68091507183648337 -0.4678061987204436 -1.5660521492316264 -0.96579018401528016 -1.4418076876603954 -1.0143176142420427 -0.39693226969517692 0.043215757675140243 0.19882564046254589 -2.6126678883331276 1.6421761652148437 -2.2418006416833509 -0.79710649004458456 -2.7930458268314116 -2.165557390992269 -2.2391152970132988 -4.1896706817779288 -1.8412228434240667 -0.19332693236981827 -1.2316598883524115 -0.59954199356330973 -2.0636994764470513 -1.5377050568051298 0.89503345936674084 0.26984207319450021 1.3076190418694276 -2.5008155013616076 -1.2213782093067678 -2.0391566876897458 -4.4856840893406424 -4.8773139071628684 -0.38112076379781862 -2.7497568632925926 -1.4339653000954204 -1.2777110174332842 -2.7898418144157224 -1.1138040894621877 -0.27586819983271088 -1.2191617897079419 -1.0101395806299744 -2.1782129404521702 -2.6058734283354372 -0.49313675411092656 0.036058975606064893 -0.18125490009211448 -1.1101514168058855 -0.79914863480064957 -3.5668255545527812 -3.1420302346738094 0.86830621480720216 -1.3145986721131488 -2.8805863484038676 -2.6445596625694341 -3.3967462854249511 -0.80921321166076721 -0.92118344585116163 -3.3742266577921596 -1.2057383089264979 -1.5942288139099152 -1.7381212310822383 -1.8045523531822214 -0.34310357196367347 0.63922789878499342 -0.91553894821569615 -3.8483328818182647 -3.0085449029104554 0.51489229316510232 -0.37479776326614411 1.323188679960182 -1.0689406388780669 -0.020484960440603439 0.19158711017391289 -1.7397799195897683 0.23983830708944573 -0.084138783604899306 -1.3504052501432451 0.23103199718272902 -1.3407688685733856 -0.65641969640395359 -2.7629443090882955 0.90092510919874658 -0.58532301113104412 -0.40938085827053394 -3.1471008455860376 -0.64960608556911237 2.1371842020925107 -2.9556727798612141 -1.6532920106797 -3.2726837655583871 -0.14613004085418921 1.9063454546835059 3.7495201099716819 -0.59929331268838903 0.72591927010173862 0.60268242794501248 -2.0876405108839524 0.049771805087289893 2.1733289216401328 -0.59360505847937228 0.76932537693191361 -0.19674489045040397 3.2794445123480198 -1.3058976524716475 0.9259881844467065 -0.73301453248068671 0.5883925765510486 0.70669379820957379 1.0485866342408203 -0.062633082798574838 0.64190205977850412 0.63723362532542271 3.0277688394183184 3.51496671750653 1.8251956866032244 3.6268506608175803 1.4799038654087882 1.179506937068918 0.60004358476879149 -2.451333641434231 2.3864671759865042 0.052833808613258787 1.0226477562628804 -2.0252201514417627 -0.10145413459768172 0.53765003955901491 -1.62284121884487 0.52538895475064673 -1.3452332650139303 1.8926004539838317 1.2208884345328499 0.023961917377223519 -0.19277401105295497 -0.018170711873233297 -2.6310515975578164 -1.0156519394847265 -0.17532024670108518 1.9564337460569072 2.2728166734052841 1.2166616529991261 -0.65479243480271299 1.4229476837364645 1.2041979123905033 0.007217561941392947 1.5024084751170972 -0.086288678858999532 -0.39761563471211703 -2.3933505264269952 0.70142797123535361 0.76570323470666934 0.71202995307249584 2.5637427794288929 3.4011423026132337 -0.96340511024963804 1.3950439667046231 0.37847548794632635 2.1588316761657755 1.3430977687286398 2.2515061621319106 2.9505588879561819 0.01521705230192889 -1.1396072695747648 2.5449815028982257 0.8530443066078891 0.10819680954689641 1.6041199183850188 0.57944715525833301 2.0278578158933391 1.8259939168275507 1.6061909815371109 -2.3983078472182862 0.88167391345715806 -0.69440917736564245 1.4513384153011595 2.622431317095308 0.62675768224434092 2.9666531849733424 1.4045647012107727 1.2060503544560317 2.5022765199286132 1.0230863429298025 0.69609339298696249 1.7201479706758693 0.30446660401025843 1.2056216871985457 1.6153268638919407 3.441020348499626 0.76068265574457716 1.1529034221481276 2.6519203065968533 3.7519943290118412 3.3650323617135518 0.31059443165477035 3.6250426538266005 -0.810814821956507 0.083607479461811005 0.47325788122201179 4.0418972516415357 0.84287998206427728 1.0405651012096058 1.694062747254437 2.0936804410021677 3.1651410086280851 1.9123452523167805 0.2982120460896035 1.6933891790083071 2.4287436698142191 0.78054113587723262 1.3365614326278588 1.8266899445942095 1.2130769058764788 0.41882370849046957 2.7399226464490254 0.35111144142987777 1.9026204059294831 0.63428314793419771 2.5222915441549145 1.0096425817653405 0.42217233985370201 0.37555059865985885 0.72836880412129501 2.5313864031014606 2.050982357209322 2.3923564426567543 2.0303520357833258 2.7608993883418536
 -6.3445512990119379 -0.94400557885512704 -0.33386005277952346 3.1959294126884794 -3.3331253538925165 -2.1232014551852836 4.2961569511897881 0.29108599795669898 -4.8659492591953812 -4.5400459979297505 -2.9371051082745954 -2.662322319614467 -0.15731508574956043 -0.7485136913999082 -2.5133516997310168 -1.8780469834142495 -7.1556528360461487 -7.2732450006813716 -2.2513767905043363 -3.6719687456180821 -5.2045391224199742 -4.0211671082867495 1.8714683320077132 -1.7308053649747273 -0.30299566600429434 -1.9360448762617062 -5.5798929500151955 -1.3688265063269536 -1.7625827548640423 -2.512064551704726 0.66962556700849951 -1.4909937545544114 0.31000263698743818 -4.3007072448978523 -3.0395714444672799 -4.2267949971564329 -1.5211324416385354 -4.6150219242221713 -4.5234223931789925 -1.3208369372598769 -1.6791003136762666 -0.64177142193542747 -1.7090436711787436 -1.3054260516289355 -2.4007177357924494 -2.4890126653043856 1.1679251737049527 -1.4317760697638819 -0.49998600310008184 -4.1415618228243556 -4.1799677407818132 -2.3284633283867056 -0.86878371725199033 -3.9285935495776889 0.79062024845850754 -0.021150637018988797 -5.5549406760788544 -5.6947587709999921 1.2119041214718611 0.066581638504559962 -0.42146700945404791 -2.0768813912741795 -2.8337461783285809 1.6757691398593892 -0.19559462506070396 -0.074588916663053978 0.63271593873797216 -0.70265671128496998 0.97967791448418007 -0.82658674662617426 -0.97674123299115956 1.2975106343904557 -2.0863320546790582 -0.26999284114090338 0.3291200639671984 2.5967294034360568 -1.6423016051794208 -2.2564376860568736 0.9519460121766179 -1.9532550902278893 -0.26243376254460937 -3.5423270613510209 -0.32100818897547223 -0.68842746119896026 -0.77837519457684434 -2.1907075019081557 -1.7626895408718859 -0.30209417784467657 0.030214054757845575 -0.81190276273438089 0.71641837800664498 0.065565271816514503 -0.044638862270285712 -2.3358047118111456 -1.2878146204422289 -0.22530210555110122 -0.35432967082852362 0.099548469278669366 -1.2522616110019582 -0.64635589722111486 0.22665053341195895 0.45866656971147624 -2.7762139441998479 -0.48791663448197109 -2.7429203850203305 -1.019341305922679 0.44575178187322184 -1.2358892916410564 0.1038337868455463 -0.53853428208717879 -0.23089317958353617 -1.3630214258827766 1.3069240689944164 -2.2138764299022808 -0.28933548132549414 -0.46466486695247583 -2.5472553697236484 -2.3348273135557092 -1.8697681977182321 -0.4363590093704196 -2.3044583035786688 -2.4973895886656665 -0.12979113052708074 -1.286684254790494 0.087969335227103373 0.56085810323916485 -0.41505508033158356 -1.5877025476271496 -2.9269439045807353 -1.3024432592344253 -0.95517185587963416 -1.071903743430632 -2.0060180765946947 -1.8359543057412324 -1.3527312276157692 4.5000494516553351 -1.1044665521727974 -4.503705468128846 -0.27514430349454194 -0.27474790729605786 -3.080867096658864 -1.2788660730288754 0.060534486081277837 1.5120815234880927 -4.7326055169258234 -3.5304845646548841 -1.0913206478191297 -0.47704204828579289 1.0070991912316751 -5.0809591924458628 0.19737463628293153 3.7146210920280716 -2.86660784453337 -3.7840125386505616 -6.0770827866806947 -3.6551611273081588 -1.1956915908989807 0.36390228998519558 -4.8047683630626112 -7.561674957269247 -5.0845385109764694 -3.7068531746372448 -5.2261629256314466 -3.4344130445767456 -6.3946115621199535 1.8056837945692523 -5.6263360816749799 -7.2163869380284602 -5.1089169187661492 -5.0445012553508821 -5.2383002507842651 -6.0472425360980013 -4.0113108164316946 -6.0316349626353292 -3.4053565988365548 -7.3439985156469403 -8.2455323611597606 -5.5266109749270456 -8.7755694812671763 -5.8561665173344233 -5.489691121076822 -7.8703963047986916 -4.0586371752097241 -4.5269441927627794 -6.3526942480311002 -5.9957003488919911 -3.8383004909441718 -5.1042898176110834 -3.0954834332214669 -5.713697377309904 -6.6445498864195871 -7.2669273529719831 -4.141897414020522 -4.5184914502998952 -4.676349986201676 -2.5749431294959479 -5.1236243584944026 -5.973915316249836 -6.5093544091306157 -2.4055382468481668 -5.0776303912098628 -2.6976962775494462 -6.4919384012582322 -3.1254461991153279 -4.3743542252743906 -6.5678614175383911 -2.6644695641697362 -1.7391848928334905 -4.6725421271576026 -3.0506594084541514 -3.8973721079841415 -5.4623961399952039 -3.5697509521504651 -5.8243531007427203 -3.4446114965641308 0.23436056321377424 -3.5929365060594116 -4.3950843088689471 -5.180321835506966 -1.2391095171624378 -4.3725731730526638 -4.5649772153163983 -1.5717670600694307 -2.2550597224720512 -3.4422841900721233 -4.6536966284768448 -5.8260426407096206 -4.67850284409141 -4.5336679742338113 -0.47921076259812934 -3.6882372828314391 -2.1036757641430714 -4.9553758204151475 -6.1565114533967833 -5.7980558942528377 -2.3334196579191806 -0.45759996254349311 -2.2712216925499846 -1.6619189007125406 0.86126810856136626 -2.5697262018849427 -5.1287588651596909 -4.0317175504517637 1.69512116856397 2.0027315402289099 -4.0175571145627238 -0.28242992480829837 -1.7403682526730331 -4.2109690082764279 -4.6289508368007164 -0.26800527592082757 0.68710976451412131 1.0830199856696803 -0.63655757920152523 -2.3630191212843581 4.0361142509800016 -0.83657749120894354 -2.8311184177324744 0.8813620448026519 -2.9173052204198284 -2.7769942859041148 -3.2262822890648044 -1.6400444000747381 0.49658435585912547 -0.62962240721964047 -1.072369632113483 -0.14317380314285777 -0.85978536479403433 -3.408739941762585 -1.8137996335869784 0.5660690880889172 -0.5559207311705926 -1.560634906849327 -0.8702475764470976 -0.42509500373368153 -2.9888806194776922 1.6465153922097051 -2.8637271173727723 -0.97215842898499372 0.6762165768664995 -0.40783449403441069 -0.51141142353279667 0.22276178038065872 1.3016110471901046 -0.53918262535966766 -0.2207261020183249 -1.6494041965754984 -0.82079785498856495 -0.50039107530566918 -0.48931678744770912 1.3272323815051572 0.16196942156920896 -0.16170005327019452 -0.50866839588974555 0.41525848861187131 0.40311423178484412 -0.030372476084144083 0.89028757538248926 -0.48040351600653108 -2.8889736204187391 0.38272838419973271 0.13337812204918026 -1.0919980112682985 -0.70402049284527368 -2.4496156988231128 0.99668048387097963 0.69502807869032202 -1.8176377280264657 1.5441131805018329 -1.5090182771641591 0.56953621291400336 -1.7732058328662621 -0.17556450673888752 -0.9141279992569098 -1.3206365505389708 -0.088947774230230925 0.34607220259955757 2.2896547079896052 -0.00062500741966264872 0.18798123535739086




