# Created by Octave 5.2.0, Fri Apr 02 16:04:13 2021 CEST <br1@br1>
# name: ptcls
# type: scalar struct
# ndims: 2
 1 1
# length: 2
# name: x
# type: matrix
# rows: 2
# columns: 320
 126.36436692344387 106.83188054548941 105.23893281522592 98.329514229601628 109.54025187352399 115.5170290431724 93.500847328089051 102.38140414162618 115.91925663427345 115.35388975596051 108.84808172304976 104.27783219974651 112.90613273528599 113.62134265931469 114.40106472233403 114.92135375710536 116.7684206021095 116.96518048853733 108.36519484196026 107.57200908299937 110.79181827999521 136.75737773282535 114.03873576915878 136.07546241266965 132.95022322296941 124.56853145138095 135.41637416882131 132.34234925770369 138.9443605939 140.00414563135291 135.52259687373481 137.83115604540211 131.96215174691204 122.8567183698233 133.80829151927415 133.77724583059586 134.79774959637192 136.76933586843069 140.77847403793444 141.09704723748689 134.97329779945443 136.14366751947969 133.49447547275821 135.78967377178435 134.58900796383452 139.40341174322532 148.66766910948073 146.4467685214382 136.5738070495415 134.37835699843816 135.49567817240626 135.62604003785671 137.33471207023371 137.0725939327977 148.63419206877563 148.95544903020934 138.72918184704417 137.79770694736288 147.18344235478958 147.30098131362439 146.00223409553902 147.2668439632476 147.75887251351503 147.60424376195769 97.697352096617266 98.444259643681519 96.599298689206165 89.072652346224487 95.498455210062815 94.38572841813783 94.893809285006483 68.331801748929138 99.464888141083563 98.725917211777031 97.744186259662655 96.589418589037621 97.134601538234151 96.00920783210492 95.700564318043419 93.210563678414744 102.18894014697192 99.992731323069336 99.29831771123321 98.344946711194325 98.131521425375965 96.791016780334473 96.649980929255989 95.647414093385308 101.09705828406851 101.19653013240833 100.32876468320688 99.358332427360054 99.103098126562301 97.645645542398469 97.358999183506427 96.381814711937153 105.25434434845774 105.35237482658565 102.1536366140368 100.38451108718814 98.59722778423702 98.615173073647441 99.857590480409129 97.396038206332463 105.95778057505444 108.28999927128427 104.72574557500604 99.898004822276178 101.25935759783145 100.95528293037708 100.78019057192728 101.72445424330411 105.81385452194753 106.48111251051739 112.28295656628292 103.22054122714081 101.35653980547013 103.0172517537998 104.05549845517542 101.84205035247899 106.837469102358 107.98683977192746 107.54214196129502 103.45971246833729 102.23607728949864 102.13362842556728 102.9175032127431 104.06061001705399 107.07591414840812 107.24180350908911 106.21813954012323 109.99962927603305 103.60311886883984 102.11994692732269 105.31236099410465 92.402986487594006 102.47301607941161 103.293663513097 106.02286683620152 111.01715127598921 107.11060926460969 104.23636235122872 103.18846221148227 92.957395987560147 112.66175807776814 110.08252446397643 102.24620946060121 105.9500117536891 111.92924167830866 108.24485219431139 104.59018393393131 94.262063042061143 111.8976432853636 110.07990387246932 113.29636156290965 103.54379825733326 111.16707916271129 108.426236504527 112.51506966921532 115.94195674600017 108.91420027900598 111.098854150764 112.40752360597125 113.40295376213457 113.63708717349232 107.06193307271126 119.09261831718877 118.05759157910454 109.00024882343268 111.58858414134106 112.56336356899837 112.65066186968288 114.05175945994246 115.01338604983879 113.77251538393107 118.51882410164198 120.65359376120294 111.60510801467544 110.9939529750346 113.20591972969663 111.89868553464188 112.62167673748176 114.67318714680071 115.18198848468072 119.70570931762256 137.63284134839921 136.61736499462799 114.10504553581484 130.22991468840601 114.79529937547018 116.96843613525975 116.24359718769136 135.81620290650409 134.56196420046052 133.34134943119975 131.47103076077028 133.72536005097834 130.82264500827102 128.9954732820716 122.088665046621 133.05806435174827 135.37470540595805 132.89481853424113 131.97295050926536 133.21118700936708 132.62674082859792 133.16059500718504 133.91210212431096 136.37759798796552 135.26220925470247 134.31291778201444 131.93779825927732 130.11779095720348 131.40205240454102 133.79696082984466 136.73155000205546 134.88584313016688 133.95139758815517 133.60935452520198 129.89493619652481 127.85318352849335 128.30280018508074 134.36728165549383 134.9538258851143 135.35265098048316 131.63589903955639 132.86816986982325 128.98741991898851 128.12267196227364 136.05595605425222 138.75698022162769 137.70923718392882 146.2679868433593 132.44673858701037 131.74052646568941 137.89831529125343 138.33671384577755 144.43301239201125 137.98185107762373 147.0726618282809 137.9916189442296 129.35120214655407 130.51683025477698 144.99215095725322 146.08244348526688 143.16645865241722 145.7167363363076 146.02709115102775 136.70586337511776 129.11105016341961 145.89136067608558 145.77289428682141 146.86475220462609 145.51576252885184 139.18015588270129 127.24858949803505 147.58514254855288 148.0929649095462 143.14897163210904 148.39875620042298 147.90673439929719 144.66181898313747 148.26881091185606 149.43286152653647 146.5427664369706 147.04140148221046 146.27934088508565 146.88842888660747 147.69919879972176 146.85420876577371 146.57972455497517 149.75765281270708 147.32697883432033 148.06703532457948 148.03346899188168 149.06193567825244 148.74956189083656 147.48586680233748 148.0671442096718 145.03505729805678 145.21994153132832 150.08331811593803 149.00685568953932 149.92205992443567 149.83010523779285 148.68183205692907 148.27515898046161 149.36049725411192 149.96267122600852 150.01490097800644 150.98075220929118 150.69888331495895 150.71382377230807 148.7969300830469 150.16777385636559 150.42097133084226 152.36469586450778 151.11918584889568 151.82095539693114 151.62136915088149 150.95636869128654 149.83842611634876 151.96861801975956 150.8452670702053 153.17580341188028 152.0791464955401 152.5611920956554 152.48278681589315 154.35170336029486 153.11890224326967 152.52158331516256 150.78369950865059 153.3663517261617 152.9879150061937 153.60728607277832 153.58000531312274 154.69459142502589 154.73841575466554 153.7556851588092 151.35442547087604
 45.316583962045655 79.937897637505756 86.687181595716893 124.45675921074252 77.272885028706156 90.472892725207586 126.53105426554608 101.18949573000698 41.037745724518551 57.134664017094813 78.119209056407783 81.685947071078076 92.964618115704056 90.99210262885822 90.218467875548768 91.331496488911128 40.188251261773331 41.269055242599187 79.739583163427582 75.369288315107084 76.803769966364072 79.791619629259372 92.03706576913676 80.93330376967819 75.390020983614491 77.728038012243289 74.908556743670076 84.966633407409702 78.822750735104378 78.958049344786644 79.599627516117437 80.393466847693546 73.383323224725487 65.283991081994444 77.062633601054728 78.200090358591154 77.645077278214174 78.022636050373194 77.999157073011375 79.202725912888766 76.409358101914435 75.85083109066268 73.215175858582796 77.185205592667216 78.965559241763174 77.773401496162492 94.756191336840914 92.982703137782991 75.001504120239645 73.887811533385374 73.682739570510535 78.449167269242167 75.883597471434086 77.014843073626608 95.830251103561991 93.673436737451354 75.029025896665118 79.068665582967611 89.739598718808196 94.998472977008319 94.698317831897128 92.004967968837889 96.516627545118297 93.923164606038142 84.374680584985896 83.54901762103438 84.48303604744261 84.147427116337198 85.910659419623002 85.604169377787883 86.922536246521872 105.29972891967954 83.634095050362333 84.796662346563735 85.453530040483088 85.617744739874524 86.756250886369742 87.00770160258979 88.044988828445156 85.09943204383957 83.831990574245935 84.924428129829693 85.721751289851866 86.378985378377607 87.475111512413292 87.753840274994801 88.837450698097001 89.105844359112211 84.545018887809121 85.575993009816671 86.280881787324319 86.875948071414953 87.963624650651141 88.458058313563498 89.598879471698027 89.967672087572367 82.237291561441324 81.21196471013829 84.965690038177897 87.321579754859428 89.065426783150386 90.348327437561593 89.703064839814502 90.725181652085823 74.522067529289203 74.547289822687304 83.204852378865468 88.655380298060791 88.075018891782079 89.219347522508855 90.411440953380833 91.273060873375741 73.229173171573109 80.96138646591308 78.915551240321335 84.38223407412795 86.688969847814022 89.591099412028441 89.500378367440618 89.885187063538993 71.761110184185554 71.29177214635186 79.018390046749104 83.241882333856481 86.110302730830782 88.800677441471052 88.086078679797879 87.6179954250549 70.015182611774634 74.290791404787598 77.230407347444071 78.262870834689423 85.802558338206339 87.388899679045437 87.865342867241338 126.19478554877716 64.581825972610687 63.713526240281865 69.572420590737607 78.527954506377412 72.821272119612999 84.199966322469095 86.868233626146477 115.03203629668299 48.221769578446178 46.029706331884611 66.234463814553862 71.135748881811878 77.68576077750501 77.230557001309322 85.324280131529989 127.32999058121914 47.414084706222788 47.118057591397005 47.160348978371736 64.926357685170231 75.606268911709378 76.121454516131877 57.879089158159452 39.444019858655572 45.69411741441214 46.570626937913168 46.319364348666397 45.804057498691996 44.603331841528004 76.453828167545382 39.859433997863881 39.760520746018344 46.771244340133485 45.559042509049974 44.99719902087331 43.870996815029009 43.429190555758176 43.058816233967988 40.39432820443794 40.843262080168067 23.721967565374673 44.210514452497591 41.294648989640727 42.716700304596486 42.53698103077906 41.710794944423014 44.264872674039971 41.969486312593887 24.645082605960187 34.060777395585937 47.400414480397011 41.966296958769661 45.851659159451927 40.994703510746469 39.02681489991803 42.085575102424002 48.079727483438376 47.857505877993439 45.245046617331575 45.720084829375431 48.770404573649564 46.823531537807426 40.180997716438824 65.994888482770136 46.603893414771399 47.113859942145019 47.686515357610531 46.756828902072506 49.836743308076798 48.867996327263008 72.193179235190684 75.998727682429617 50.751661875177817 49.045482159081871 49.75726857855831 49.857437777831557 54.324509319903044 52.185814437806471 74.759215522068089 73.807328506032249 51.683688199674549 50.78943756134516 51.793840475034038 55.938552041240285 56.132425551674373 57.167494637730272 71.769103498133418 72.678098861094526 50.355869486704854 53.376609074407 50.981417305247867 56.334644950850056 54.636053369616569 72.849002742225224 74.014446914744994 74.418756956913299 48.484613482786287 52.125998020091906 51.17142928419409 73.311116469605693 76.420200748922952 87.003741412701231 77.73183912155703 90.913631156490766 60.499589875796602 57.46203100144853 53.326636890074603 86.074635798543127 86.11996846355818 81.894037369581795 88.839250498809534 89.957942162141023 60.511180965426746 55.12688493375726 83.260387222732376 85.124310602190462 85.377869892592813 87.17607664500143 79.83539778783458 128.58237917562928 70.630274277313845 69.659736228504926 84.806218643190533 83.036967004842026 86.189351528844838 88.359974349255623 92.718448165807473 92.744647753619134 81.25749265204918 78.202444438890282 82.273540573014429 83.912956978256219 87.413356546208135 86.759027876512093 87.851779646590572 94.509341685571428 82.368506765116607 84.039741101817611 85.138011563926483 85.989009434755289 86.977662769349251 88.582624730526405 90.415205761678394 90.611346384068128 81.488623103729466 83.264180777720568 84.920220388415459 86.631404289225387 88.40649390023296 88.103262162240085 91.519241880346385 91.590411281549706 84.35034466242881 85.460964856511325 86.531444166525901 87.696851804892574 88.949261614010098 89.191220776120716 90.863182181913132 91.975606768360123 84.936317993623888 85.354803127545878 87.169806057061763 88.421244304580938 90.019855882839991 89.561788319302408 90.210431921070324 93.099892934050345 85.74965771716073 86.121103488924348 87.979746026632085 89.169929109811633 89.950615367114594 90.181901205889673 91.288561741887023 94.438313499757555 84.466921759093253 86.790457424729226 87.751386654971256 89.009113524316334 88.928451318116529 92.038831348297535 91.224086699311769 91.162273044881644


# name: v
# type: matrix
# rows: 2
# columns: 320
 1.3579693284185725 -1.4979736569702822 0.57210023294222845 -2.3617106020879088 -0.84242489737507309 -2.5279089271930091 -2.9778632961145171 -2.1848560259870178 -0.39563189932287468 -0.62397535907694635 -1.7037007077802322 -1.4787005573694096 -1.5685215626092608 -1.359105426589396 -1.5888304244887121 1.5644179588660783 -1.4901482230831002 -1.7104551655287239 -1.6027796712201827 -1.2560256656075024 -2.7881412800839662 2.2665300536187889 -0.084271439451088087 1.8818218287972561 4.3085913107820302 0.18963793975630527 -0.065527279243529024 1.1313036246855084 -0.54625667839901815 1.8051752825758858 2.579622881957893 0.87643772882584614 -1.5725900349896211 0.14589627862020954 1.2620181360819667 0.54890189201299788 -0.94689074958746833 0.2987772010997401 0.17071863638814883 2.4566135316625206 -0.10786810855608092 2.0263442442900104 -0.79136097073328349 0.64026767765627857 3.1486472571557931 0.30619204578202913 1.1503764310238549 -0.20262733679659795 2.5295864001825947 0.63599831924991923 1.0096038483747032 0.20230740846587275 -0.4839056981555413 1.9531099561451759 2.9494965972430243 1.5629378188614873 0.9604604669630189 3.0229331827722241 1.9932517029178354 1.1795916210000477 2.3132408439445502 0.86576712100909925 -0.75122165475303238 0.73838388628784002 -2.0795700203238403 -0.39892500042665746 -1.0943874164741094 -2.5555409142093808 -2.818077885958175 -0.10555190104969875 0.19959150977626702 -4.8083481724781443 -1.8191984770783298 -0.67445434810010729 -1.8448547852472641 -2.155241425586027 -0.63215245134287601 -0.14776425214713784 -0.78121047958548506 -1.8543133704744463 -1.6394467707541975 -0.37107471072216736 -2.3332352884447363 -2.3844239736475097 0.76143305617417012 -1.0442089523756166 -0.51189213299013248 -0.85559762008893803 -2.3737088809278295 0.15188632450085046 -2.4190683545040734 0.45363430361791457 -1.8763834020489667 -2.6689259121366153 -3.7459872847268914 -0.11498383037310389 -3.1609801599376288 1.5410572799848368 -1.3071142173843766 -1.9330106663718016 0.40812636004163166 -1.2250633977995427 -2.4862481797590177 -3.9050629492658109 -1.9098327140145281 -0.12079724629889402 -2.252808427810999 -2.2492426851746621 -1.0352539283145339 -2.1618899655852277 -0.51294878976956038 1.3803019654638591 -2.8885687787594172 -0.73089252305016061 -1.6948779841213464 -3.2129440657090464 -2.4546394088296517 -0.28960471226001117 1.5977787295476888 0.75416555331373358 -1.7991068085206268 -2.018500540705316 -0.64853977737578949 -2.1476263099288597 -1.7342095379799609 -2.9669491323999391 -1.2106053206333154 -5.0726565724371326 -0.44474423290817916 -1.1465742972096864 1.5036847421251462 -3.116947609335782 -0.84013703122718097 -1.4380612123549208 -2.3877354721118582 -1.9037822453658644 -0.79903819061994907 -0.52600127448187051 -1.8615354948268146 -1.8496629231055548 -3.0017130880235996 -2.1668447509539948 -0.56118226719224584 -3.1420302346738094 -0.3276954788936518 1.2069072556647573 -3.6563236373336716 0.59559119210276268 -3.0969376022764159 -2.3288284060094235 -0.45580269541989937 -3.8222753528488309 1.8217032727454316 -0.77233619954291244 0.06889054487533805 -2.8027857815969508 -0.16980626836127613 -0.60712819754571334 -0.91553894821569615 -2.449401842804539 0.039245873069895659 -1.0984207964569845 1.095941055531767 -2.1417076717826053 -1.0915539484029357 0.60128195076015978 -1.4217339572604357 -1.2603643803631215 -1.0751173386130688 0.38665732715935297 1.7565029567453558 0.059580791715634115 -1.0993030220299582 -2.5524051828720506 -2.0714528148515621 0.69518420915470336 0.43627018909855275 -0.39416409125502566 -0.94654805786095131 -0.39750423872599772 -1.0942785379861879 -3.3777266348908133 -1.2743191913724621 -2.8336448484820944 -1.167723241083785 1.9063454546835059 1.1270553478037064 -2.164798409445611 -0.074571429992435934 -3.7309100791013776 -0.26070875872046401 -4.3887263845703837 4.3273742029005211 -1.204131755435673 0.90656801663540232 2.6993171597776504 -1.476482388570272 1.8857949952225248 0.9259881844467065 -1.0798960891950546 0.5308991018610546 -2.1291241583121594 2.5852363500639557 0.17982683053700876 1.1095624214794486 -1.3861658101448795 0.1391845768053199 1.4400612067637055 0.66065858701442448 -0.92959449713589715 -0.32992738597202032 0.72781993273941692 0.46252739648019359 0.0050273664070948632 1.1599566598398805 1.3266570670725555 -1.567687433999204 1.582206917435135 -0.40122044284107172 0.8790705822453535 1.2199084081418712 0.79051720943154169 1.8256126720479213 -1.2190152505192426 3.2098903779568122 1.0539538183061135 1.7057568571446513 -1.7761517480577791 -0.058899032794946952 2.3450731798853535 1.4745879016785177 0.59709419104307115 2.2728166734052841 -0.88223677677756429 -0.027898458313979843 1.5981278067897327 1.7773666172845846 0.34501072846111613 4.2351943781464723 0.2547381296874619 1.1597011126926846 -1.0490124511425061 0.58883388481238097 1.5790936896331722 0.12861931367425949 0.71414594062758241 2.8620965624258679 3.8651991508382202 -0.16227278070018103 -0.53562127270853654 1.1823046781609812 0.022221196915349108 0.3629079579311999 1.2650123672551679 -0.81926023902742395 -1.1396072695747648 1.5961591669470423 1.8018666425590759 1.0172742152173484 3.6397815428504181 1.5282313708098019 0.33101704411061877 1.7506194362301573 1.8461324323967436 2.4813075564616058 0.88167391345715806 2.237744851123102 4.1035832608622425 1.7427390715571642 2.6730125721473197 0.1251291351050674 -0.03233577267675905 1.5178441397071467 0.32723051084198584 1.6963356055502445 -2.4006176357141147 -0.15145787642005043 0.15888523296237309 -0.91763164605205016 2.1740523892110275 1.9536097891446618 1.4299859947344264 1.5539456506603668 3.6052693928008104 0.46564796527649904 4.4353266756921768 1.8877329773269347 2.7221016441707375 3.1544921142694498 1.8866224341264888 1.7849937105374323 1.6939981473422121 2.4678523191100687 1.7027099540340309 2.0852742969948483 1.5552470548416208 0.041850963829757643 0.51887632923563254 0.87325109066358453 3.0200964864476512 0.82683539133033312 1.2595247876674325 0.26932933703121953 0.62572564229286531 3.68659616546456 1.8592346589274245 1.6511244461426962 3.1912065827201528 1.579374698961644 1.1514827130657967 3.9787621872557271 1.5555070209552344 0.86063772413491058 1.0032083732503776 0.27788047673723271 1.6761043819356383 1.3365594381897632 2.4347963478294208 2.0370888974136925 0.71515125000457092
 -6.3445512990119379 -1.8880478981457371 -2.4799143992316659 3.1959294126884794 -1.0832685137371054 -3.1291929394889819 3.2235685128745537 0.29108599795669898 -5.2419846691296446 -4.5400459979297505 -0.44493910996023267 -2.6232783159464304 -1.8197860871318527 1.3792670421934601 -0.67161108300077599 0.53654678316326287 -8.4921870732705607 -7.357972785306524 -1.9301139639689717 -2.0077324253411173 -0.28977100213110368 -2.9168095439211665 -1.8441842992074269 -1.7528638329105328 -1.3325650615485753 -1.9360448762617062 -4.0626610110083128 -1.3688265063269536 -0.36532711629491954 -0.88910740681958711 -1.6750988565831539 -3.3761667235411026 -2.6754575056073682 -2.4349860938046493 -4.5217861879451569 -2.2096829898475963 0.32228487263997924 -0.77730167185689591 -2.98126308062783 -1.7133067679897855 -2.3154212845194277 0.18029285149774477 -2.7394149294189307 -2.0552409045169586 -2.8855849327244436 -2.4233343165031807 -0.021636081968786365 1.5490489111368215 -4.6476274704731395 -2.4363015156241206 -2.7137978824037687 -1.5960842184180912 -4.6721062119735315 -1.9395587172413209 -0.43225128894087861 0.71336782518621478 -1.7615378795125074 -1.4127016191259787 -0.1911109697180251 0.12296803806800628 0.79664579549884273 -0.67727728323917358 -0.074256305317800322 -2.0812825242540072 -0.00039779395677238399 0.13765674527600832 -1.355434124548659 -0.70265671128496998 -1.0467082832641543 -2.980577631088587 -0.9877186779629864 1.2975106343904557 -0.16052428683252548 1.8387900143686751 1.3542892160370512 -1.7023383958485685 -0.89728649703498109 -2.3706900866077687 -0.70002805577229177 -0.4914944333513766 -1.9284718528851017 -1.4573979260625836 -1.8481797218396145 -1.1253602723118761 -0.97425875818465246 -2.5483290632636 -2.5863754814287438 -0.95427413684346218 0.51881312395323154 0.12276933162386414 -0.60940980716828719 -0.59286862978263666 0.62026472324213744 -1.4568741539013526 -3.3233587676210115 -0.15387873039452163 1.919872027981274 -1.0006978448271688 -1.8248948351205703 0.27815108827070023 -2.0465014853221715 -0.34371555760691846 1.2587934715441342 -0.22894432462689671 -2.5669738287303434 -0.47712199864298177 -1.4112059630103875 0.35138994752032671 -1.9464306186766132 1.5324265531834347 -0.99230272874717962 0.38883156674756858 -1.6037351428405893 -1.3520632915317139 1.2850944375068747 -1.0260503865512207 -0.10767891880005412 -2.9751821988203142 -1.7456134302843158 1.4413144820783932 -0.69541381335190011 -0.87416178348857498 -0.76740169144728165 -1.1179758651723011 -0.56066245467313869 -0.091962673417711277 -2.0830405185179863 -2.1635988618433397 0.08891762625566943 -1.6914361591344735 -2.9715740799439248 -0.84191758572795861 0.029821007220855976 1.7516619818860086 -2.4979332638531448 5.1522205941220989 -4.4094240865379817 -3.4019562305458888 -2.0927092299829786 -1.8988628008198984 -0.55995652432138321 0.4831088286862556 -0.90225047904146527 1.5120815234880927 -5.7871566368734504 -3.4167020198351294 -1.4161035599683911 -1.2869498410368607 -3.9227662434063149 -1.9904441469515319 0.2647822956127639 4.1350383878765387 -3.7381939958303727 -6.609391156178809 -3.4525862161522638 -1.127169918376655 -2.6461687900840762 -1.6878016484954277 -4.8047683630626112 -5.5106933022477964 -4.0026242199021436 -5.9512653221000704 -7.3855030080957249 -6.2558781870065125 -5.3281826343037615 -2.9591517894013548 -7.1545661732669767 -3.3705310051329076 -4.9728506312774687 -4.3265564453094543 -5.9668601422018677 -6.891390963329993 -7.0123828325700419 -5.136178845458625 -3.6633392659640736 -8.2633653609359872 -7.250924964894522 -5.2611146712704135 -5.1037691028215963 -4.5847084510514104 -4.7293887994170545 -6.0339811523437552 -5.9465737339459661 -4.3295880586047915 -7.3473016442963539 -5.9957003488919911 -3.4283033622558987 -5.7277031972586716 -4.7970196719607667 -3.8246258963289224 -7.5669478003158899 -5.20461584348317 -3.9856815742788156 -3.4154438053130458 -5.8818947014949678 -3.6310415043085622 -4.9628452909481755 -3.7449826529089365 -6.5093544091306157 -4.2712593979413684 -4.221767908854007 -3.0702505002667175 -4.8582856022628587 -7.3136759151758932 -4.4898808061400697 -6.4898416427019932 -2.9616431457691239 -3.1342491990503789 -1.8222889153379498 -3.4926971940992488 -4.0830004821899673 -5.4503385498148296 -5.5818958548185895 -5.4384630471918847 -2.1660691732327102 -2.0022699894220937 -4.1893765433693577 -2.6023515372746497 -2.834153695331814 -6.7423062986975602 -5.4154003237076473 -5.4485731250499558 -0.13718804037730342 -3.4676271255553184 -3.2882945266210473 -5.3934611116152746 -1.9936247567277483 -2.8296474268085259 -8.1544251735097166 -0.60354884488757832 -3.6984275392559431 -3.9384823962379905 -4.9553758204151475 -3.2943209230274331 -3.6519807298107274 -5.0294283316452972 0.32133306203954815 -1.9697734654808523 0.055226785300555817 -0.31336882105325808 -3.2082678800700157 -5.3295513685016394 -5.8213081654510246 -0.99013787579024315 -0.46864394768884399 -0.80960260502088399 -0.86473094067514278 -0.74892155847645681 -3.5724273300913496 -3.8298230731429066 -1.5660461215052528 -2.3939941620440712 0.052434211934469427 -0.95561642594288965 -6.5504457093547757 4.0361142509800016 -3.1342690446739834 -0.53342686426743702 0.9095114817558575 2.2230170004932455 -2.0957005809628111 0.35464107323212968 2.7745827884216907 -0.50850150302802666 1.0625839445686589 -1.072369632113483 0.94691632895197531 0.59563794838414119 0.1676418123856796 0.67516291671900541 1.0696749127163201 1.6780806047133991 -0.39174384453207939 -0.1933934047771293 2.2766487839040495 -2.2665680541339164 -1.1668527183360304 -0.83499355493649752 -0.34084267366626381 -1.0302579323368024 0.7313011698858326 -2.8426144223116059 -2.6929078794883345 -1.6849353784034593 -0.74886090661738414 -0.85771341434756265 -0.46996702815502611 -3.1570240570710588 -1.4660549836035668 0.023858023814991327 0.22121638439387864 -0.34757522993061624 0.30910281337634371 -1.6760148897037048 0.37422702152963949 -0.81808771933289182 -2.1257647173136291 -1.4232808777570685 0.50246437580637926 -0.24203121509182263 1.4173147992176469 -2.5892166524167792 -0.24465386142373816 -1.5398401195660103 -0.52884646572020422 1.2170028520104932 -0.32438389060154721 -2.2055898315447804 -2.9125368174749204 0.17918311403173728 -0.19973883661669523 -0.21062952047436168 -2.314224297544758 -0.7178822346381093 0.59868539999769099 -1.2494501000760503 -1.3645161203984379 -0.16838207364610902 0.086310651475256114 -0.4101938877333195




