# Created by Octave 5.2.0, Fri Apr 02 16:06:47 2021 CEST <br1@br1>
# name: ptcls
# type: scalar struct
# ndims: 2
 1 1
# length: 2
# name: x
# type: matrix
# rows: 2
# columns: 320
 161.37513679918152 87.535043922296836 86.783483778625168 68.926217233607318 90.64612463652297 107.01574445666476 56.408691623782445 75.17994661807154 77.58861117108269 110.18759057299742 92.723185106186591 87.765308184746317 104.89879476384482 105.93898073985876 107.89286161174762 109.38271294254675 67.580457105128801 92.166552335932579 90.486765627275233 90.531761308643951 91.610546439369898 149.52853095935882 106.79857631390853 150.68046641368659 145.52480588094261 128.29261992913911 147.47371149579917 146.4270793850456 153.83238133450718 152.7360916451583 141.3868740286882 151.90334844909219 146.53124687723877 122.74069839184054 151.31895317467848 148.45530348183388 149.40124708394805 152.82534634705436 153.03836639964678 151.02425450866238 151.99348675434968 152.30531966526118 145.56668871267959 151.80877600633622 146.94138960882992 156.58282315509487 165.56160711034954 164.69966488727945 149.81244688916718 146.40456398337938 141.19135547808565 150.3064227705797 153.13207445005537 148.38696838493451 165.91310835950293 166.78418433287158 151.43416260191086 162.65348495325892 168.21141771755379 167.94454192672876 164.53138152741008 166.02394186623789 167.4191891742266 164.47577830712902 76.986333239013149 78.053526737530078 76.686815334674236 57.256167964309469 78.84938917460201 77.624604755098531 75.923849698648382 8.4678670015726389 80.137616065219177 78.6449748446082 79.171474994270014 77.888915158499401 80.67544140872846 78.962780050340228 79.534458335961517 76.47238321449484 86.732049207786574 84.039051693394455 81.880974159717894 80.01683611882774 80.289592716291097 80.46038456484267 81.963098926904991 79.811648846706632 87.657018180561394 85.576619829427571 83.05229399624092 81.146591159627647 81.57734906062808 81.091342043507794 81.54194200169141 82.095991014443641 109.14047128049224 88.193196710356005 86.475927598292685 82.382211638589624 82.161650154049198 82.6924709857648 83.062022799027375 84.218096093995484 88.242515393478087 89.808045404994289 88.537686340501708 82.842397205788089 83.29503851722923 83.835845683377556 82.734000796005574 84.947787329317094 87.042439235820382 89.194127203711915 91.77143289147871 86.058330758829499 84.027202769931634 86.3291282210145 99.729312371408611 83.423636644296792 88.602515027131133 90.509309834680323 89.901092502319997 88.241925448804878 84.958742645708753 84.138306808133009 84.582287489507408 87.204061088875179 114.71394964991336 89.381854116240703 86.961301642338853 89.699540097689408 85.481904307172115 84.479792544550804 87.151710625934044 57.496712069483166 84.518513125785887 85.077753883215934 90.473606982504563 99.468204137487163 91.399207488705585 87.348788550628029 85.150936685548245 53.839119565879514 133.47941702306835 113.80516288052621 61.033112261292729 89.317084548005127 88.10517071777241 91.567026648139276 86.171110832490896 57.896678030079784 157.7530626667787 122.12982864331111 126.32936266533976 84.014654433949943 90.37041738928373 89.582250501232423 104.78273911375017 68.89028315411808 114.97638741343124 121.04584814911027 126.41087384893882 115.80734520990218 89.551042499860003 88.185824291062602 78.313169002470374 87.623354449867733 114.19008502923802 116.53143415394054 116.96628039542561 89.047861474375154 68.936105466349034 67.585998470458676 97.505409883821443 86.404451611237164 116.62664985323426 108.7084958525149 105.79947908611445 87.167758069853861 99.527559511681019 109.07821253702375 115.93395136865951 101.30475859349924 94.913114922723722 161.36684225919538 135.4734733450926 88.473226472206136 146.23848296946161 77.071407435367675 78.791768458003347 87.404190046738705 135.89698664266638 138.48525584301217 158.33930112862441 145.71188953101185 144.82511378983389 143.30289175496338 125.46873488369449 128.18275743179768 133.82164379716741 135.07206047232339 143.51476613313204 147.44833468950335 143.69151260217112 144.65302224559022 147.5720885515187 147.36407553306759 136.26531566746905 134.27753608759761 138.98387405935179 142.63193144497501 142.441460380184 131.05652268135651 146.57046871520896 151.94711824068352 140.32999462788263 130.67901267848845 140.72844162746631 132.29137250355018 134.61566967466641 122.61556315905257 150.73507693449216 144.53131410117098 126.9132953132175 135.69256058766021 142.3888604449609 130.18005569364294 158.84384758263255 150.7357557160631 151.24345173992228 148.56078004302219 174.5645544272576 132.46425795972635 141.47099934517757 146.62870287789963 152.65300453766454 161.67994958217864 158.92255846125093 166.96960264103294 143.22606530499698 115.05671933657391 131.05266384622607 162.9370781785837 163.96975643752737 153.05085768818284 164.9944751417938 165.93144904219346 143.88939974765677 134.2874779544068 162.84416415858365 163.80135516243902 163.86305439601611 161.91540414248414 150.98825367026527 113.0604789918138 168.43607574077157 169.54745304567862 119.94695790029118 169.57923413339671 165.6774945523681 163.84575651093826 165.36143926997448 167.92637695848114 163.29809059191192 158.01824170471906 159.60340560953605 166.05038502172275 166.92874030855998 162.80806180029606 164.37923853674059 167.01718395937397 164.9031043639047 168.75109475020972 167.61685159989747 165.44180403519371 166.45862263098854 167.21796670251331 168.12476109748576 163.37962172316927 164.79297159228938 173.63205242043654 170.31055197614884 169.18642775390489 168.19270472077477 169.21765146187514 166.81890418781796 168.12233251291249 171.39012635104922 170.10764014242679 170.38365311412346 169.26847580152418 170.15975353349498 169.10553396210543 168.72426822235599 174.46286092390204 171.50898245828341 171.54650734665296 171.3238756376455 170.24378870588779 169.90632898138452 168.93079552439713 173.62471123695758 167.90279088298809 174.49793822419724 172.57697035896172 172.51694850576692 172.25729222399161 174.93668969220988 170.9643161185781 172.46771975053713 163.90679263408447 174.76612903476484 173.77839467341857 173.42565494058465 171.27043348353956 174.02697787224741 174.19789051270774 173.00015244977141 175.14433039191704
 36.336952448961462 66.069625377892081 75.966433338717366 164.24608039869113 56.585405717196117 76.091822521950391 178.97205957521618 104.81351640458293 4.7076640933291198 8.2201120311052254 56.924735235597154 76.412252049253652 83.87313345634962 75.563970283708798 75.379387128013505 79.058997760714846 13.758392416059777 5.4481768410868083 60.88025819115208 57.824298843564037 57.203482832954236 49.501900409909638 74.841284348770827 49.714953580672571 46.123793695738904 53.493254060698895 46.709329239947692 67.924743403626209 48.710227119862253 50.520022027540598 53.955458833184913 51.213731431231643 43.693160597536391 31.85340338051639 48.461202662491054 48.813264992275357 48.184602982162858 49.276351570779795 48.046245212405147 50.690521243305163 47.597596398468433 44.440423830649827 44.429253274517507 49.656033299891369 49.030981698404965 44.933268219259297 85.244636931506605 86.030668687918364 47.004999910501972 47.042199017980174 46.872261917764249 48.698119097719115 45.345405765384058 47.530110585332991 86.89844563575744 85.690749103893879 46.564214192557266 50.159996500571324 81.596661951800073 87.490699029373459 87.156332747985047 83.263652267669087 88.796200904456754 84.881380835016941 76.601856695418164 76.173851519117576 77.70411694271435 75.399351060827073 78.82891364503287 78.597396116470023 76.883773262433493 121.45373631783708 74.398712608389644 74.671702992322636 75.788659838280154 77.501923339042506 77.573907109451469 77.016242065616922 78.028597572490469 78.827769661283924 74.13803931691487 74.22242313837971 73.362784517947247 76.717773729206726 75.563130064067465 78.620731335381166 77.679712636002591 79.570607258110215 73.572502446848247 73.948977167702424 73.672972468897797 74.308628455726833 75.328972733269197 76.478934297519857 78.580120708891513 79.721119834711473 75.016492529655736 77.876189100651146 73.075517982168222 74.542467412880669 76.517637276729261 81.338735614200999 77.65845147933706 80.770229927300974 59.68176178445146 51.203753933623283 75.551550419644144 75.549826056711566 76.526055340644646 78.507937368961876 78.814325533312783 78.347583252634394 58.751641215670794 76.467306603751666 60.891821727164476 74.941998225592627 75.366115166490658 77.924987233471128 100.80106901225061 79.659204846812642 57.107246260422606 55.393932177212321 59.936291844180438 74.506755930465204 74.872073295456701 77.379291862257162 79.391490141861581 78.513838678232673 51.931456809073886 58.487302090891191 59.884122059152439 57.057954245519149 75.996210123562236 76.374401693532747 77.383021252927961 178.94032153408483 28.79193012385517 29.843280870008787 50.317700942900004 57.793337350390601 59.309046345415595 75.077808518877973 77.258182364714528 133.85745126411535 8.5261303918324529 16.780643897127344 42.105829894586705 49.933987715662269 61.068161811078653 58.254409935041437 76.856565681103703 177.90325159741141 23.547093139636821 6.7392730988064722 28.054608294686606 29.79969307108329 58.941505516222136 55.931777870232693 24.89253207923857 14.366658717977472 18.745574238486302 6.8210306437662851 5.5314929648429239 16.3747490230732 3.9903009123502171 58.24302514780063 3.6358847094801545 2.7386275208470736 19.68487121200625 15.548283723427925 16.521304661777048 2.8855900414649653 16.011482844770175 15.017662561556634 16.893277449664247 2.2645189942025428 26.112507121521652 11.597621818171254 9.9304350858340076 0.36391736246260908 0.97714061483055414 8.3819840124799612 0.063178831046677708 4.8432589837097169 67.668636932722478 40.58569194811782 5.6268512841545215 1.9564683323087391 1.3173593215944339 3.4944304109463702 4.7886946800535961 1.4333202023807201 4.5762390063125915 4.9559815065015291 10.846731817374508 2.594685353324977 0.88429089664216454 1.9247721567883931 3.7632967090730269 56.398560466734111 4.0736253840284027 3.2251468563855306 4.9902617083435343 1.5134681637159848 0.30989775114961243 4.333827796745779 44.165404888660944 47.832112760543048 2.3671760637263373 5.9606394814662744 1.5165811776449554 3.9648758415448926 1.1508039132561891 5.7631699531237368 44.767531937816578 45.499785958195609 1.8762497868964489 3.7553260963264918 0.15179027247248181 8.9657913880845772 2.1363300704616708 12.849682157383478 47.597707714660977 46.501064132422506 17.194365271322795 1.2495272372042785 2.7384478715593268 4.7602620068671087 8.8890171527816104 45.666070345306395 44.6896294681302 46.181087173540043 13.209815481384563 3.6879800472722137 1.6135688771192656 46.017858151185827 46.399677207153815 82.593772380254535 41.670825586563538 82.614821064302049 17.730673059795539 23.385619612701024 2.6151583218743473 80.793483521568348 82.547000448981422 71.693076880969556 82.989901363510597 82.191978799856287 18.860442414918872 0.186129715027575 81.977528341357385 81.403915322765911 80.362628003075031 81.194801866113067 51.761477432894985 178.83200160035938 47.273916421392528 47.353280018105778 96.204188928174077 78.260393053472882 79.965444467156388 83.70696469475152 84.137571461084093 84.962830259284061 79.418469491191829 64.851442519093226 70.916324022377964 81.002811329700791 80.059924406024635 83.069341774261503 79.304245442600688 86.924068339287601 80.775552314444639 78.941839608072698 79.301488311964988 78.999311687893055 79.097279779583033 81.119347732071404 82.651915730746722 84.647106040389502 81.893815415663511 80.981973819721802 79.218301100736667 79.991129352231496 80.435872957034377 81.225774322040337 84.341922336886697 83.781223895825249 79.076919839758062 80.659888697307096 81.776477906700151 82.289708034549164 84.050629432760672 83.382208101155626 85.668465943882865 85.795716216436702 80.236799840265945 81.381883268499934 82.574132469676087 82.900871123620306 85.2513068870838 84.572734463912013 85.081700286301384 86.322336467080319 82.963872461430071 80.905295671885639 82.129568513012558 83.19820126962243 77.823375102339611 84.873147263142869 85.16784253628019 103.73498590896497 81.760720116401941 82.11779747873581 83.125415354176425 83.876852596700061 79.779827371633473 84.147071121328594 84.184748527001716 84.954402692629387


# name: v
# type: matrix
# rows: 2
# columns: 320
 4.4388033362693289 -1.5491047806532685 0.44765921404468062 -2.3617106020879088 -2.520597105066547 -0.69233356026715798 -4.3627875239127309 -2.1848560259870178 -4.6602031342649379 1.951238890332744 -1.6636917447317938 -2.7353246670704157 -0.74118715823311598 0.30325704506204282 -0.17705914214648408 0.0054553980679680576 -6.4532343437205864 -4.4819068742017949 -1.9055713173839381 -1.1771742399913476 -4.8773232222468517 0.3471403692396039 1.1656062587742964 1.4956667904560497 1.2439492169360487 3.2865924376512514 1.1403890934934759 1.1313036246855084 0.13063726407907114 0.84596215195527025 0.076597165524798977 2.3568502561106417 2.9114670489527175 0.95492287514684171 3.0576805210399947 -0.50793831289182201 1.1563025830462856 0.71204381706347142 1.4379187040106345 -2.3359414681747768 0.98214371620347818 1.3003864833343923 0.74918067966989743 0.73353533756035105 1.8791991827447327 1.6961192366017308 1.6176861069263966 -0.10118599590315266 2.010975158975473 4.1814909234930822 0.56229828007824556 0.55400269359780641 0.37971778609925522 -0.23932373316293179 2.2550936175308216 1.3620352106376692 1.6992457633208518 2.5807933735430915 2.5301261783223459 3.9439283843623181 0.73991194228730395 2.4635674729120147 0.9416332962418954 2.3939312392128267 0.037244581473224909 -3.7581626637578931 -0.62505034316929986 -2.5555409142093808 -4.3206717017978908 1.4667446552504118 -0.50391211265391078 -4.8083481724781443 -0.91612684781347331 0.64854240121705609 -1.1804793481971874 -0.58379254482632958 -1.6499541165610812 -2.6087531173988423 -0.23357237085053267 -2.2551036179422659 -1.5317229950712188 -1.8773270440697059 -1.281368395275851 -0.83746832497445445 -2.4697415504642608 -1.8355292500345395 -4.686770672825971 -0.33265785794356512 -0.82178992995146394 -2.0550429424039498 -3.2154665015614725 -2.0524177623058271 -2.312089692436444 -0.87832787507895071 -1.2079238075190417 -2.2445016722284383 -1.7412416457116016 -0.30567551300594581 -1.9069776367997879 -0.34971768313471036 -0.66138000996564528 -0.43807362190742372 -0.57574982248846873 -2.9740009752212475 -0.21736872446387298 -2.120057361680828 -2.2783754367384321 -0.025276744253249578 -1.4030193835575475 -2.3172235114128079 -0.1246774012288336 -1.3717507270839966 -3.9281429530394756 -1.8749090933623378 -0.26993639805731373 -1.9178257349523362 -1.6568475990936622 0.46477683049485585 -0.98235940944024569 -3.9193746564902185 -2.2727108172380497 -0.61087430174179158 -4.1482310665177984 -0.64192790491397256 -0.65838706955851101 -1.9991931958080038 0.22313923820515419 -1.5062641773687089 0.63942593884555221 -1.235047722973426 -0.40963786223132292 -1.5448051629959454 -2.7714409241501272 -0.65321425721400406 -1.6834974571049004 -1.4747607630150885 0.1417531289882332 -1.6244307450776097 -0.17536428770056478 -0.26415823193366156 -0.53798571259602734 -0.48194521237763338 0.19438948830402067 -3.1420302346738094 -1.103228301993737 2.8079206397614724 -3.3052369035009281 -1.2650302392995956 -2.2728496323661793 0.92217895415038775 -2.8356658180800123 -2.8663726074014164 10.35078207216706 3.7254112871636225 2.9794398013476497 -2.9962343644421319 -1.7732983130160171 0.083629641173565306 0.28301216482355873 -6.4698435202853757 -0.005637597438509518 1.487378085514464 -5.3759896575837427 1.7453971720796884 -4.0877443763216847 -0.068069472465477399 -6.6047851485686371 -2.666683378054286 1.5028557161900482 0.47590252941462485 3.8211188198628161 -3.3050821907906371 -5.0028457262947112 -7.683198904169469 -1.1946868770402617 -1.2579256162923835 -0.31910471256220463 -0.86365086495798538 -2.0628606792712292 -4.9580419240464453 -0.00090637047721691994 2.420850273697527 1.0862742734625994 -2.9642624155779274 -5.7702912516331297 1.9063454546835059 3.1211379943756943 -6.02876167518769 2.1302794395388074 -5.7910553376103762 -3.2149752181659212 -2.238341944782873 -0.42807021823530161 1.4096056935038199 4.1197736225477248 5.1059131498717285 3.1761926644936653 1.6493049575601009 -4.3490454190823549 -0.3069193709385597 0.57042676477319953 -1.6395600930322232 1.5225029085341681 4.8193288779541241 4.5368700203006185 2.2830434134227913 2.3393636450069977 1.4052199280014612 -0.67395061766472275 -3.6555182802587285 1.6724552734386893 0.62392929193292257 3.2560520287419314 -1.1464272094408765 0.21504002785937837 2.5958685104546686 2.0095276679979537 -2.7968891965012559 5.0080731409846795 -2.0352222227419352 -0.60704098495602254 -4.0778283734668985 3.6962423968535685 -0.64861819122231879 -0.92266956557525615 0.43950384736804343 3.2084005488280547 -3.8149747026540939 9.7988943060318405 0.51996996308353316 1.4436479398827258 0.78778159082866328 2.2728166734052841 -2.8394471180999914 1.5966480492010597 -0.59123993411578235 0.3848820594389864 1.2175764418622237 1.6039025045154522 2.786074437572069 0.86209219328554387 -3.8653379513087658 1.133751450435079 3.2146058778265969 3.4670315126190574 0.79445250808365253 2.6597056418474896 4.1008193308730174 0.13533613870695421 -0.47708608359478488 3.2837366627853672 0.059758412517094454 0.57342284018033884 3.3295503710715528 -0.63364998450168886 -1.1396072695747648 0.58808273200337358 2.8099430775027558 -2.100086601167332 3.4920865203552829 3.0203542028481629 4.8489873481098806 0.40151708360875765 1.6741934459109009 0.79126597496414786 0.88167391345715806 0.51532177851477956 1.6614169249768778 1.0881784452474812 2.4219640185722486 0.71156321694736813 -0.58596443132241793 1.4004248604378191 2.5411523627105583 -1.1952523735446661 -0.94020907861717751 -0.19891892221312477 -0.7292522386992375 2.040996105962106 1.1690709914612007 1.4163919914045582 2.4909916676583039 2.0555337311856667 1.5148284231721485 4.0562523361939018 1.7181849905605757 1.187737250872442 1.4743068664964187 3.0395219278536687 1.7498398378813971 3.0070180381196039 0.89379117020352583 -1.2828248242267597 1.4527645099338833 1.9196737823013961 2.3587412080286536 1.8426591768584939 1.2984424052575638 0.14900872791184694 -1.2037465071448286 2.3943038384326547 1.2224223437095323 -1.4407875299153925 2.5447927834444184 2.3126006492068241 2.4699430520304264 1.5262246589981592 -0.32410780244297749 1.7667374683484374 0.44811798258086927 3.0458796257273293 1.0795806053282941 1.7997688178966076 -0.81967721325683707 1.7935406005094789 -0.65578548585565011 -0.8431271296732562 3.2528956816179244 0.77930608717593497 1.8904228259621865
 5.5987895625229687 -1.117490105380994 -3.2307099183084107 3.1959294126884794 -1.464554645047996 -2.6704927632606426 4.2564736649928925 0.29108599795669898 0.30345642401424799 1.3559190429414414 -1.6101679426077451 0.018049270035750409 -0.81039780598378297 -2.3616958939917052 0.50609169830677481 -0.11200043242230964 3.1110666038255466 1.0634697339613519 -1.6397136184009085 0.33236269736615304 -2.5393246262565707 -1.80701316559328 -0.99803125906394752 -2.896831603981882 -1.2970176075007365 -1.6842615605321667 -2.7939695932766835 -1.3688265063269536 -3.596043228308146 -1.930803579475656 -1.8863316855641648 -2.9518565358910163 -1.624847945590947 -1.3575735504779309 -4.2212061686625377 -1.3522561092644052 -2.1546484122492884 -2.2053714077463415 -1.810225825104864 -2.3381436036788181 -0.72083031967619071 -1.4932856314177645 -0.060303118337221864 -5.7839537379959536 -2.3484400230003408 -3.0630822844400307 -1.5094993805710986 -1.370855584715986 -2.354704740346043 -1.7363377339294239 -1.511915700213561 -2.72526332083156 -2.7391602201863221 -2.7661684592692448 -2.3849448562365105 -1.7717898235244314 -0.3888934330815772 -2.8624243468958199 2.0677078308672079 -1.0538255680966633 0.99240446550628303 0.044543507373955279 -3.1859455751719472 -1.5687096942794587 1.0678643278981579 1.439879845492158 -2.2956679845482229 -0.70265671128496998 -1.2480055152219447 0.49765348870389126 0.47385641752448787 1.2975106343904557 -1.6154182796784298 -1.4613194381739412 -0.53413164325385032 -1.9698252527640863 -0.50459411578104851 2.1740187965075903 -1.9806544536339208 -2.5287661118483307 -2.6832266520348744 -2.479184417370345 0.51732533306313588 0.0092760846706737426 0.72229309844924861 -0.29486194862259296 -1.6161744327930752 -1.0060092409960912 1.2255870935587778 -0.67140427103373035 -1.8848395464874594 -0.41076319137535744 -1.127441262169451 -1.0366338238450263 -1.5794798515902826 0.50543557865699973 -1.4061412642752558 1.8482028087952149 -2.0947484942486216 -1.3231389006564203 -3.0955141997140951 -1.5762176977078177 -2.488431148710422 -0.74601585035817086 -1.134493790561738 -2.9902914683723587 -0.80545547270152573 -1.9453972629216256 2.5878609254378215 -2.3568652982270168 -1.8953938880957928 0.6033532444263725 -0.64665712010378329 1.1878689499445925 -1.9317748147896843 -0.15237677456874579 -0.39590257190459405 0.64038519379045478 1.4511542305423721 -0.45789465842916016 0.14376953545465826 -1.8565454132423898 -2.7574890814095729 -0.58117562830040348 -2.1093068115168614 -1.6088038338289143 1.8427009333810906 -0.7409009647893855 -1.4985947257817349 -1.2064492136517491 -0.82658869852328754 -0.26417667036477577 -0.11852732218972478 -1.913872810564051 -2.5467339653379302 4.1402313938908817 -1.8074652142138787 -2.0341193368266981 -2.0978043490933316 -1.2143987563600565 0.95386879395516966 -1.8456743630159529 -1.7885742298455674 1.5120815234880927 1.5738591690838029 2.0542375964870772 -1.9440862629784657 -0.27300017882097771 -3.3473309638542483 -2.0926030417999195 -1.2943213850293136 4.1141224359894562 4.0790060925250726 1.3238160033300546 5.6950017758415452 -4.5689829814098797 -2.0576031341378553 -2.8232828001840211 3.9756514192921975 2.4085014457390237 4.4121661945731256 1.6881621779879812 2.8389418615990811 2.8235929514036826 -0.62634844990024985 -1.4215850680728916 0.77444879121402355 1.5968256142616308 1.706823942855477 2.7428523927062591 4.9532569208590056 0.32954845701418117 1.9560480824600062 3.2465846921643391 2.9453708658843212 -0.72314461358461435 -2.6530697814681132 2.182676113160066 0.45209373950366916 -0.30602638657497577 3.6971050442258657 0.47858564308327345 -0.093875694251633293 -1.5223548241135887 7.2161940694279778 5.9957003488919911 1.6251400519911925 1.6409059903018997 2.1746316984615035 0.6663040182258384 0.30615923489009828 -0.97420648322758019 -1.8351321992175329 2.5207145001160329 9.0015371082272733 -0.45960394395830118 -0.090053502330950788 -0.54053893251111251 2.0462783968659513 4.1833626856438144 2.3962585262190705 1.433911973498488 3.5874733060850401 0.70412564804123867 -1.1890499992255046 2.8684192946285458 -1.4385615165185166 -1.0199410434700105 0.90545023521157586 0.57625888650845158 2.1346219486595479 0.34428784290920655 0.072083225063187401 2.6237038300046875 -1.7947516910513808 -1.4789235930315443 -0.41428946996983551 0.47800178327467513 -2.3059412710176592 5.3389542923015654 2.8867684571614016 5.440488455974358 -1.7126330239858738 -3.3111556646745637 -2.5976670930922872 1.9799193824698498 2.6183599865457348 0.51695567494845196 1.8839227304786388 -3.8938821699446051 -2.4442783004484792 -5.3712317288747577 4.9553758204151475 0.80173248415801635 2.004005515301055 -2.4182643657793701 -2.8069897211279957 -0.6369681992028281 -4.0373863935836658 0.34817168358539446 -3.1359332865935001 3.6190648965486725 -6.2806456089931767e-05 -1.5646664906124708 -1.4648559521757316 -0.81940030315974965 -1.1758474992894139 1.7155870789207808 -3.6447619235678275 -1.4446669652321207 -1.342671527104587 0.34863563943611492 0.12204507853195193 1.5248230494547907 -0.50902280826753699 4.0361142509800016 -2.5972014841642697 -1.0704944247771653 0.86357808203941411 -0.78312664112936414 -1.7199418238282322 1.1155279172724959 -0.98599579036376295 0.79075213679330558 -0.76294574227220258 -1.072369632113483 -1.9795123299974435 1.2426836424753334 -2.6008453351507312 1.1710066224906075 -3.2707865980135704 0.5570327050225069 -2.5052116708944059 -1.9828077348601139 -1.5707272488277439 0.47201608878882634 1.017888202519001 -0.18125926974308132 -0.93014117028478116 0.63218340517312488 2.5199062488727106 -0.57335114484855065 -0.5512211165186891 0.50050764219078869 -0.71247204963387234 0.012548544513685353 -2.0459509702128016 -1.6765027806976776 0.62121310942445362 -1.5928654980454575 -1.388779966374214 -0.55286619749223376 -1.9920417123438443 0.91849563363420073 -1.2434126244888954 -0.063698109802840491 -1.2700960697560031 -2.3704191829973427 -0.21952780250204251 1.0909046062735535 1.1819241396314106 0.89012797142277122 -0.64282065218555795 1.6753500480278236 -0.66097195922057983 -3.2233762845461644 0.25594043125598331 0.22357713326961559 -0.21824639688337877 -0.51496684422422445 -0.091993864972482381 0.86129832952167451 -0.20825337691296489 -0.61595965128048569 -0.62531180353469162 0.30497988629670825 0.79223271421014507 -0.30827769306682079 -1.1809611966824318 -0.49915790528532367




