# Created by Octave 5.2.0, Fri Apr 02 16:05:04 2021 CEST <br1@br1>
# name: ptcls
# type: scalar struct
# ndims: 2
 1 1
# length: 2
# name: x
# type: matrix
# rows: 2
# columns: 320
 132.2036350356525 100.16024788462258 98.310999082397274 88.174158640623673 102.75166125993303 110.71836261442613 80.124674632510008 92.986523229876383 107.62384150736787 112.6707957119328 102.75248995827833 99.30065323494668 110.93947010343592 111.76084274989702 109.66773733124472 110.11449061224076 107.84988232723114 108.63497202556546 102.62239693718357 103.71441603176949 104.70136087450283 140.55143295915266 110.95338492173003 140.57955061073133 140.65456069366905 125.38397459232752 140.62758559394493 137.20695484385391 142.60638508100845 143.60245116233187 139.48012594175989 144.06746298337697 137.86505684723886 121.07432438169803 142.34209517495361 138.88387831564077 139.89236625505097 141.45808400137318 142.70621367241952 144.73307850642755 141.22796046158598 143.68325090229348 135.84297111776434 142.80945074427885 139.38372006620656 143.77253070404873 153.16572393191791 152.40757901603035 141.08129131898937 139.5858117377351 137.91872068220087 140.77705019817239 143.87364070124667 141.83848062995915 153.60837010303851 154.30795360666158 142.79396639937829 143.84718811441971 155.5240852321057 152.81884360066752 151.80315837606875 154.07005169859784 154.01135507605429 153.30961444647744 87.81767840982684 90.392837154566394 88.969266348976959 78.083826415121308 89.100120592819636 88.148795608735966 87.098273146122594 47.655904607271509 92.470276106278689 91.361785768768456 90.499326070911664 89.527521773659117 91.325156720741916 90.30941082873214 90.253479517131581 87.454486619143168 96.959121683444565 94.755726216438916 93.672409051091748 91.524372138993613 92.364015355037466 91.331244015235498 92.420390773551787 90.745522327444434 96.675679769678183 96.13991657214072 94.912586330031814 93.068445694272668 93.467623625571491 92.365849422730662 92.089562352136042 91.040461709751071 102.20725747077185 100.41179669261304 95.791952984859421 94.074789407573689 93.515734861528372 93.470780415195662 94.730829490609182 93.738055497567117 100.2777769606397 101.21421194478276 99.183944349018688 94.632539478882208 95.747005912049644 94.400167209213976 95.899600577949116 96.673102203623358 99.64798166042668 100.19748652936906 103.54270363707768 97.145446668433692 95.219775522519768 97.740097997298648 107.7355415583441 95.560207081116204 101.45806369244409 102.27740627672554 101.23981655515124 97.757946236865848 96.040781870214033 96.910144632359916 98.598100738698065 99.326598367420956 109.50262824832041 100.77285786885206 100.206548665729 104.07442980294194 97.36284749210779 96.495889396653837 99.392940275718743 80.787392158083321 97.376988996556321 96.473638950400058 98.966689289266299 106.38256152689821 100.85092293043618 98.083392131536016 97.547725047941313 79.446665978465631 120.78459977166062 109.05443675933338 87.970793024821688 100.08003964679612 103.77525637167587 101.75519846216686 98.516734852857425 81.826970221535362 110.93362509174855 110.12331665680986 112.29210678716508 96.263426137327102 102.59292132369158 102.8629043178868 108.57825219189259 106.58876235912506 108.96339139489814 111.16569960414458 111.41830162815461 110.36360202465897 110.91361695014147 101.81160885478202 106.76361406248974 108.64568656738413 109.86906529675225 110.12533516684495 110.48474339548108 109.29663845709464 111.05710720714984 109.71081378307986 105.66054172737307 107.64196692866579 117.97027997603951 109.36835081741856 107.34481816340892 109.32549191412444 108.38184599865875 108.40237356354804 111.7244438630409 108.37230462527043 119.24377497924968 145.83012680353363 138.24575038247406 107.32066137357417 135.63609862378399 106.6430851933053 107.55454456663207 110.1035786673291 139.52440428973031 136.64064417541144 137.47740951764189 135.84516641612953 135.45527545893742 134.44598727579196 132.97722247518817 119.85485984927419 137.06620254190562 138.55790837308339 136.30750796877027 136.68669418578921 134.23808761441902 135.56925759817611 136.91610288619736 140.01709186662612 134.88010390022899 137.7040161145822 136.69568392128832 135.28857510260488 130.05578603604181 131.30216831108186 138.17678471638843 141.94887315462327 135.71656915472093 135.86050450386662 133.73952828045182 131.54248209986477 128.29299280218549 127.35592513936294 140.33833779944061 136.78072313240153 134.43305227264639 132.93814053500856 134.48358093282695 129.23671777956233 129.27172900831403 138.86559835556139 140.9930893962354 141.52720029090332 156.04109853900289 132.55846728963795 133.39482310614827 140.38303571231228 141.66239887292735 150.65329252069986 144.83535378947656 154.87823264877267 139.56852267527617 128.44115857564307 130.51496820484846 149.91357204400924 151.72759765022388 146.57606974728279 153.20161954663939 154.36858583163612 139.41790147163897 130.32101948078605 151.01129343593581 149.93998279711616 152.59131183187057 150.25911668369176 144.70884967325728 122.34827823885823 155.67003856502126 154.61957987395436 137.06266369979522 157.94701590762816 153.67416166707434 152.19012332653324 154.37881759740802 155.37044506357299 155.7804990204456 150.83259931006484 152.06537987834446 152.15090050099315 154.7775506961965 152.4331226120502 152.48808779888057 154.72125463081716 153.27857351108068 155.91032161548176 153.63670484245759 154.16570719838595 154.9884587409652 153.81199291228415 156.05000906551064 153.62505205021716 151.10270416806733 159.08660363039857 156.75450593453493 156.07931758470104 156.00275742184334 154.84259241046527 155.18327930902936 156.21588121574868 158.22519356004435 157.03040220860765 156.99759213596224 156.24811512068675 157.97838516563584 156.74411329451596 157.88819508666512 156.68694357031998 159.32651917828363 157.25945552633689 158.31901100957106 157.63360191504876 158.32427590216022 157.25090450397838 158.90860293925573 155.56332549330367 160.40871189381969 158.205620490721 159.48101623818997 158.6778744125852 161.82905318674489 159.37251805443779 160.28939143013071 155.10821070064895 160.24979301424682 159.22347545738208 160.66942778636948 159.28704550799824 161.75681885110291 161.19840332663662 160.19614594858763 161.6642538937231
 18.035013376295009 75.177169736744176 82.075369933260859 138.19925568529712 69.202066589963849 85.973442464178419 145.27999786893832 102.44116552122598 17.37573451908624 37.61246622599969 70.298178118852178 81.303940206326473 90.477875575115945 87.916405664882063 86.063807509099277 85.09593971619249 15.174177908681267 17.075316898241468 71.440800991468024 67.379072212959628 68.097866855325776 70.112507973308141 87.020867012099131 71.324082960358638 65.99968766681198 69.403045044314112 63.276330499868678 79.080679430199339 67.461835695444734 68.650493410103394 70.743972686303678 71.06077706514705 61.77793070211186 51.129425856104461 68.488942357608607 67.414603631427454 68.348301678484674 70.606174902775933 66.400725815377697 68.139018480494798 68.052596681717489 65.485063088763667 63.423503248758912 69.465438271885702 69.29777482222724 67.507951284700482 91.164124044164282 91.927827749638723 64.498084804530677 63.758684853018664 63.000089082884976 68.973934816602238 64.303006818498517 65.446229598696746 92.34271298698107 91.375616406674752 64.765270287140638 69.95265057889452 86.922863739486843 93.06769714561095 93.7128351975187 89.037300345377403 93.341459525655253 90.046169837997752 80.772418921253461 80.875082790502987 80.497891070071219 81.126003257807596 82.807808182263685 81.880136377160156 81.689156189334739 110.87902464755724 81.63101987552821 81.526656117140874 82.121426709745791 81.545355372450601 83.966824308678085 83.339492629882272 84.768127503265035 82.979411045656335 80.652969558947177 80.952988874723388 81.709090166223007 82.611846173396955 83.545718438378913 85.058272403156749 85.910919351473154 86.05492106579085 79.494579670733359 81.408983400259459 82.12669161639343 82.579993099495894 83.816682521611597 84.671623182978038 87.201950695589687 87.150295841054984 81.276801175150823 81.650580515285569 80.424390510853726 82.961774470162993 84.875050558208699 85.982578712432499 86.588718220286964 87.131418573940962 70.317197389937519 66.428876138714287 79.998927636559657 84.241804956018782 84.350170084004503 85.565160649396717 86.793735517154843 85.881627616098413 69.479726793846112 80.530378634878318 71.924853962763478 81.675612713608672 83.330991527884009 85.90653322787098 88.97416203332692 85.678693983285868 67.441976956750807 66.844006774195961 70.88445700202017 79.972424519534343 82.509783767307326 84.903597745461269 85.089202865110238 84.069650492831244 64.145003824191519 68.219980845722901 71.403732879037648 69.849628319666465 82.858711266733067 83.561317102084217 82.540537024229948 144.38572924934709 52.029939931987698 53.050357891679212 66.043038082286756 70.339443612221586 69.285752260640606 81.051295360492432 84.106251274725167 121.53398684768753 31.988253754560183 22.438145843229229 57.950132937856282 66.181841860941304 73.281456813514993 69.828080678374747 83.281684741741515 144.18666150521167 23.9974710281477 23.174706173737423 22.502591075467102 51.900731630751572 72.808321999975348 68.158174117500934 37.218585196989387 15.572092246573392 23.673365893756934 22.726889652464472 21.616517486918283 19.400698088196332 18.309740518967086 68.465613286774513 14.592447068733215 16.019385823339977 24.392352725873625 22.053152557049341 20.955384432041832 19.937229623625566 17.071457310209105 16.581821672065523 17.412129570292752 14.037638249790247 7.4164514255066889 21.170764104465555 19.947186848832306 18.806296418324166 20.576145259643784 19.39387260805216 20.12665028085619 18.179225865000099 7.1162952183874175 8.2792658953510667 33.220394574278167 18.653480332756622 26.333211639124581 16.844442659121484 16.284152402575966 17.649197824489065 30.682616996843283 31.717358452798621 26.329492179412775 27.622526498427511 31.269646437090021 28.134680437396092 12.190773757176988 51.3125980941523 30.63314018312046 31.217199396580213 29.718987833167645 28.507422262057272 30.666304594619177 28.755510562781296 63.778729579531458 64.787668911088488 33.000319093164762 32.002448776249857 32.835200011945766 30.207846258420449 31.067775938410829 31.377790917915259 64.037730717188794 63.428520297928848 32.347972151634956 33.623797680541152 32.633497853343314 32.655633370490783 32.477105085884148 33.355204120983551 67.254935481607006 62.532639068293896 38.365352080023513 33.40545293653998 31.88087763683108 33.13552818166206 31.955675133791189 62.199292771291219 61.21344612815971 62.185773825306541 27.176497454999648 32.323243965438486 31.43927909892863 62.159183699526608 66.902080657393654 84.235965952219303 70.220176447704162 88.220842172098202 46.505408757737243 33.968885399396243 33.528949002583687 83.317521788026141 84.085417579381527 78.371189351727452 87.071957899063165 87.134078028607505 45.348372679792156 32.336821628786147 83.0198937818502 81.92350611361158 83.354583598053893 85.39317574064053 69.149585948639086 145.93767045485333 62.547524439120188 61.971393658250612 89.166027559560874 82.147596248409172 85.153545174024501 87.331407464702295 90.15543652582069 90.376178785086111 81.403367228344393 73.591255020807765 81.244775038569685 82.372655155089902 84.79473053272983 85.132692157547524 86.289509415509713 92.537482679188898 82.179266528326323 82.770188528816362 84.055495209342112 82.939539529342667 83.756777207240575 86.211633152753592 88.575771933552531 87.999128392743017 81.724014853858392 82.316698024730172 81.858110453802652 83.82069534724198 84.851264034514131 85.944442528486434 89.247424252262093 89.693161521889039 83.205723031242243 82.821907514410157 85.283342884022559 86.162507309125218 87.526092085556158 87.211781620919439 89.770384227353787 90.620331903481301 83.607380150134446 83.909992323319315 85.481996840375416 86.261541786051851 88.568587104154048 88.807983945962675 89.525997685615096 91.511383324265211 84.405520282468487 84.449180533267267 85.764492474798402 86.550483586503688 85.970717421181163 88.562902888856982 87.705057131111445 96.7154045233587 82.828337625158397 84.662051409301696 85.590524871983135 87.378363236777048 84.845951121820093 86.92718136697367 86.653277053149168 88.034744793662981


# name: v
# type: matrix
# rows: 2
# columns: 320
 1.3579693284185725 -1.5491047806532685 -1.5592859297785024 -2.3617106020879088 -1.4248497496611447 -0.13601056761399757 -3.4161516552502187 -2.1848560259870178 -1.370208978761799 -0.62397535907694635 -1.4546848955116658 -2.2584026584043144 -0.74118715823311598 -0.11881427573739606 -0.69985021779791068 -0.62680957271564475 -0.94929774221220198 -2.1138114160607073 -2.8055444494720869 -0.69637449009753016 -0.7958047385059227 1.159452484689379 -0.65062702946867812 1.407587051795282 -0.96535628064487489 0.18963793975630527 2.0809799286278134 1.1313036246855084 2.2223521134100652 4.3840046657527285 1.4340386016778939 3.4089293295862095 2.3369942122339582 -1.209474653959375 1.9115978991108762 2.8571000601789875 0.78530277200827847 1.1255959912336171 -0.67008194878146121 -0.37506266484311057 2.0701977667733069 0.84003151521399011 0.99034118158313644 1.0782468548201736 0.71948250693344595 3.1510498874817632 1.0619675255316703 0.80242910642168075 -0.61295431059020666 -0.47727393974501048 0.18901755742239895 1.7041382331577537 -1.1451278593488976 1.6081450457320645 0.73088512360946578 2.0139311150087802 2.4515789880326704 -0.51309090104763122 2.5243851098202619 4.2658042750877776 0.94954732539216624 1.4356731286469147 1.7074571034675305 1.3973847755990254 -2.5713396116496443 -1.1543807588001467 -0.66022554587236837 -2.5555409142093808 -0.73308510918706071 -1.4021097722304148 -0.84650341145175367 -4.8083481724781443 -2.6786433544079697 -1.8853050735421628 -1.9831654630826114 -2.6867388577714388 -1.08830321715669 -0.27568221459221492 -1.9598796302244721 -1.3277656241435691 -2.539807842520013 -0.1852062628265907 -1.9918852728040546 -1.2332477875579961 -2.5619505768027806 -1.9683036479840255 0.95452251258884357 -4.2752945641007543 -2.9103550493924191 -0.35948210143435422 0.12168821725125289 -3.0688392947768275 1.4522560312424106 -2.2127527446977648 -1.0027006388756219 -1.9654748136319034 1.2497451349370876 -1.8961244159319137 -1.3617136291944212 -1.894904820512312 -1.0937210002784019 -0.60952064777722736 -0.68622466325140274 -1.27711797030384 1.1245785542634077 -3.0618956772643462 -0.47157690630987947 -0.011964931418235722 -2.3654691507546732 -1.2060869289305989 -2.1429031218540233 -1.7872780237324823 -0.7495750147758089 -2.0006732588487428 -2.557471248450315 -2.1566970333245234 -0.71414038447271377 -0.42510394365027776 -0.98235940944024569 -4.0263784936945131 -0.64714288318828639 -1.8104169638492356 -3.1515807880293103 -1.8856029328718182 -0.017992874657712515 -3.7882008898175616 0.49629564662549225 -1.6641678789034116 0.63942593884555221 -1.5576756167915962 -0.66029270876389545 0.9772701879412482 -0.27435287149115439 0.19302862195419762 -2.1841043466301011 -3.4266152501445704 -0.80127623882545096 -3.4035022221001507 -2.1289774388823419 -0.79712862756043956 -1.4977755718468373 -1.4104703659175093 -0.11130544987229637 -3.1420302346738094 2.0503194377782759 -1.2916218120190071 -3.3052369035009281 -0.64670507882827877 -2.3809263617880578 1.0744178802861635 0.57722873214808545 -1.8611539889344404 -0.17867280995026352 1.8545139244035855 -1.2783870822669139 -0.27413351960591409 -4.3663861518464797 -3.9449061053226129 -0.91553894821569615 -0.68482711577703081 -0.68508966959390938 -0.63199113243010785 2.339671920615539 -1.074744894958972 -1.4633007798838367 -0.97125445600049221 -1.748437296900875 -1.2886726010494041 0.4308475476276723 -0.4833554871466052 1.7457663904645802 -1.023128139676611 -1.1226125631341846 -1.7962092635178732 -1.9107122958471763 -3.6474633507038097 -0.29631762939367623 -1.5716487090768578 -1.5152136728487948 -2.0547603869885438 1.9273239553567558 0.0034910475889684822 -3.1953836739252184 -0.67630953777217062 -0.43513542259155719 1.9063454546835059 0.54826637884474227 -1.6480317778325955 -0.043795464632176706 -3.3957468400596409 -5.6136155271750257 -0.62912353382292696 0.15267867886908759 -1.2693675020709911 2.7784471113511557 1.4050547721832334 0.15416806072053102 0.7728565069108041 0.9259881844467065 0.27547484338453099 3.0406091500378247 1.0632997380530993 0.88036003581509004 2.0425194347267794 -2.0839010560359852 -0.37047121104846881 -0.005146099849274402 0.060091316694067691 -0.30151740545330552 0.94366821332303896 -0.10428281587609403 1.851163979253007 -1.8153107904601344 0.4968659400471282 -0.82454582183162151 2.3229093708989792 -0.11063159109467693 -0.9018259266424874 -0.40033126634319788 2.939375862871068 -0.28903049009293447 -0.62469664595505814 -0.50699555944900743 1.1802103960148527 -0.92266956557525615 -1.3124352901016236 0.80273902218563953 1.0615529684467624 0.47622127095943095 1.5963216583059041 -0.18566436477568837 0.64076587422500675 2.2728166734052841 1.5025252525140649 0.25814858284844056 0.32462319800509548 3.0253672906518423 1.2234189680446084 2.7950989933404364 0.77007877563849192 0.46468167592043491 3.6867840223478479 -1.5222103069881687 -0.47788948243683982 2.7700347469263114 0.79445250808365253 2.3294114789634115 3.5082705134990935 0.53274665607207083 -0.37574693174087381 -0.95872786056605808 1.1333344171554838 2.2363267424924209 -0.82362368384360851 0.67664754430141405 -1.1396072695747648 0.56020835810988667 2.8378174513962349 -2.100086601167332 2.2748537246864919 0.2810519662866573 0.47028798340504646 1.7382566891461522 1.3899674357548883 1.1413090422960785 0.88167391345715806 0.78970722321321785 1.0884387622010712 3.7178726790464762 0.32233088339663896 4.168635590573345 2.0166323522671328 -0.039280744680642715 3.709303070443069 0.9500367729558028 1.837073505273453 3.3986102574854637 0.3285722583074519 0.78706709059582813 0.69644475596525313 1.1138785401059641 2.502898743518406 1.9509401988444717 1.548014813640006 1.5796022643503078 0.43200078392265973 0.57174265574977179 2.569495120717149 3.0884541909659147 0.46557537021614914 0.78927187816319089 2.1010211724076222 3.4877132705672342 2.4106669760382489 1.1229340253367233 4.6696370853106943 1.9918385685284663 -0.0011539948824009563 0.36218085815838819 0.48820295468866359 1.3836187719170137 2.065278506477854 1.6988377127649383 -0.9987736155634892 0.69443409378847543 2.9702899530707318 3.3979549740647279 0.94015838928945294 1.6868055463732212 1.5817086464410681 1.923973883432081 1.0795806053282941 -0.40190423684996068 1.7498201225960548 1.0014769128411507 3.1854934020425998 1.2385748102465204 0.49311973431672107 2.0136435981377572 1.7337959981232953
 -6.3445512990119379 -1.117490105380994 -1.2619927066351189 3.1959294126884794 -3.6896716942256815 -0.47915845007480889 4.867028907232978 0.29108599795669898 -5.0140247100641959 -4.5400459979297505 -1.3274171967133022 -0.31230540012438118 -0.81039780598378297 -1.2839540660477704 -2.1457520099016953 -2.2881790261994737 -4.2384151843319176 -6.2026233060335523 -2.5112140162847534 -1.1933752560577409 -2.375453449423429 -3.7294913276140123 -0.07524252721255216 -1.4613670212815482 -4.6390525304849897 -1.9360448762617062 0.71757297673577747 -1.3688265063269536 -1.7702796911704075 -1.1393798794977117 -3.6112650514914035 -1.4836199303045343 -0.91110680542494116 -2.306036144895415 -0.39688728747283053 -2.1613515074943397 -3.1675204980548641 -3.5445829385240133 -2.6182507337387717 -1.2637605966267456 -3.8544650223561399 -1.1561427364023114 -1.1896581955476144 -1.301765965388338 -2.027346906504333 -3.6199751063703611 -1.7119338591443343 -0.88195275131506823 -2.3800473753054647 -4.0519737308787374 -4.3062181524463936 -1.3371449688962613 -1.5120762572721309 -2.4280082105284682 0.68136768605767395 -1.5390844918561954 -1.0108953086979635 -2.859628227121692 0.41783710012672515 0.67316716036566715 -0.57127723294334298 -2.1443815508333519 -1.1219543180156399 -1.6628674371547183 -1.2064187893100842 -0.64551162787445482 -0.79234311364234589 -0.70265671128496998 -1.2614415892533648 2.9112806095553072 -0.65708896532920369 1.2975106343904557 -0.019808977797595051 0.40125324358762293 -0.92855737711236763 -2.6076626186066756 -0.16177707015576978 -0.94863066439414545 -1.9036772344555504 0.27278209692993083 -0.76577616596331599 -1.6678339084790097 -0.067559547958091798 -1.0066596966279033 -1.2875824604685178 -1.0170731338287631 -2.05281867353508 -1.6729608838476047 1.4030012845166908 -1.9038666096667898 -3.2334535553938015 0.14850758890867588 0.79442404389269849 -1.9036195989472962 -2.2060284420347989 -0.39634354970230523 -0.78070508189818322 -1.9384866783537757 -2.4536403946171692 0.48182704039499857 -0.064173942357559924 -1.3304922091047218 -2.3818448406991304 -0.92192833833211196 -0.65481823158877872 -1.4922871499311472 -1.3308643798018998 -1.9464848686022449 1.7099908190336721 -1.0036628670183936 0.55643689868472979 0.14227457687165301 -2.3918041582955505 1.103191867529749 -1.3832284017118741 -1.3823030416164137 -1.5323289864342151 1.3007164218910441 1.4511542305423721 -2.0533474467309825 -0.016029963279304005 0.91585046126012526 -1.0519881125103414 -2.8282742147685438 -1.229691764290165 -1.2675250273881562 -0.33538661863953428 -1.2561800631910329 -1.4985947257817349 -0.177998102445069 0.78924231963009928 -1.7382225214361444 -0.66834548602698685 -2.5477528377192677 1.3560346643983525 3.7037608125304828 -1.9248812900337573 -3.3385921231524587 -4.2844774696317156 -1.5524695947389255 0.065139461403244392 -0.63230186618572493 -0.049103862733475057 1.5120815234880927 -3.5162276711970275 -4.9075678614099729 -1.9440862629784657 -0.72361848159415265 -1.9019865777678873 -0.57198616693968773 -0.20683130766798377 3.9400377751097477 -5.7514775839743209 -4.5810790797283527 -5.7467037684390165 -3.1470941192642399 -2.0298749065774118 -3.0679451823305746 -4.8047683630626112 -3.8267251454473792 -3.7271602511190243 -6.5519835787580343 -6.3048737967850546 -6.5360963849282374 -4.2816687684231907 -2.7727899027907634 -6.2384830668664346 -6.86969503734172 -7.3223731295759364 -5.5617185159133564 -7.023399013061554 -5.2082147601738047 -9.7814289543395851 -3.6718102673605189 -4.9538611814719866 -7.6851346537026135 7.7039859115559857 -5.3784761836564705 -5.4290848658947004 -4.5359037834579308 -3.2299795261441178 -7.1978485225045432 -4.7407303310658753 -5.4412206673778103 7.0155462441461989 -5.9957003488919911 -4.6736542321928578 -4.5682417130749799 -3.7338798955305821 -4.8727995222062779 -8.2372036752214477 -4.4671251374708163 -5.6851536233074738 -4.0636238660970543 -4.5670586423094752 -4.5495227013737329 -2.6415362887759031 -2.1872730444815098 -6.5093544091306157 -4.4002093468505832 -4.6380896379929508 -3.0969480331420174 -3.98995781771875 -2.3165307048186401 -5.0234181600391725 -1.6520617569822165 -2.1970627526529136 -4.1379530614234259 -3.8804946557967286 -3.0455641289625612 -6.165687652036091 -5.8456598119180541 -6.8010742259783941 -4.4121552024211086 -3.7541246190892954 -0.0041837984712238645 -4.3691508966149568 -3.8269181081806414 -6.6354997032256753 -4.3522893438346966 -5.7470298122518599 -5.1367625908735963 -3.6950331373628296 -0.76615609164533105 -2.5976670930922872 -4.8062952888132342 -1.9783031626412031 -7.5796039997034175 -4.9607333025403246 -3.0213901418426956 -0.12408181000599409 -3.9528543429881973 -4.9553758204151475 -3.6102507497062923 -6.1612786189477662 -4.3742155534107408 -2.2522146437407837 0.83001638536253064 -1.5070713494960519 -0.97565073751273568 -2.0466140823712262 -6.3323758785022264 -4.1952574738091588 -0.60400539722926472 0.11608409236360225 -0.81940030315974965 -2.2646478990975605 -0.33770338317449317 -4.7340811277901285 -5.7194376563577416 -1.8759092157014867 0.60969426516414849 2.6764405890009564 -0.51339821417683973 -3.6563212739770994 4.0361142509800016 -1.7347426564846768 -1.932953252456747 0.86357808203941411 -0.26797449157639797 -1.420015810083465 -2.166989362147643 -1.1946270367577863 0.52088934891439642 1.559870221364672 -1.072369632113483 -1.1896429523715295 -0.97184281009762896 -2.3228135789669553 1.4796699803568454 -0.031487356397686461 -1.7014515616889265 -2.0716306310801782 -1.1482091588635615 -1.6467979063846152 -1.9934093864466773 -1.7678461716307532 -1.5081991720219081 0.32594942731887355 -1.3433434750081155 -0.62706517582692389 0.41014562522023146 -0.65444566542117399 0.016733719162525418 0.2853048148448456 0.54907844970479003 -0.33495905528673764 -1.5570036894649675 -0.75133232498586333 0.44740026312611619 0.47734576520045291 1.2520888274459816 -0.78867726462683119 0.43577682531169792 -1.4060324860176019 2.3800839037589587 0.085871286741642766 -2.8064593969458547 -0.35054586213211658 2.7255503174620848 -1.8933002054404064 0.77663815841914408 0.049131176617830688 -1.9203375108615544 -0.83045553339880929 1.8948281985930968 -2.8874970837028893 -3.0170231335219819 -1.6755411812198002 0.06976846164481966 -0.36408128355242764 0.86129832952167451 1.0391468610801011 0.53422904487440204 1.561703820197043 -0.16801725150327457 -2.6380914207383244 2.7985615735618161 0.87548583702818217 -3.1306135096860319




