# Created by Octave 5.2.0, Fri Apr 02 16:07:19 2021 CEST <br1@br1>
# name: ptcls
# type: scalar struct
# ndims: 2
 1 1
# length: 2
# name: x
# type: matrix
# rows: 2
# columns: 320
 173.73478724642001 83.042640058401787 83.105899268437753 62.077256487552418 86.630811433395721 105.7716940988789 48.022601307635682 68.843864142705399 64.161118154672096 115.78308761757718 88.717575700496525 83.659782688227878 102.74935200497191 107.59314771532688 106.27301665859163 109.39853359694253 49.960885091138366 79.16902240074819 84.6278979248697 85.99081159248766 87.769714587634937 152.97744066054145 106.42331721373858 153.9552985207018 149.6387911954601 137.82373799832254 150.80082551721929 149.70785989663528 155.91685283441805 154.84770438025058 141.60900580871223 153.54211289635887 149.40580454578247 125.50997472976607 154.95148660444167 151.94618160225309 152.57829110222113 155.26141265766361 156.21824584523748 153.70170584925597 154.12425814513853 156.70896401387259 148.85249650832537 154.92085393063752 151.01902729764092 161.50156894123816 170.76052729170664 168.28730517805596 152.88936654460676 150.46577544566054 142.82202049031395 153.66729743711235 156.36674727018138 152.06196930887955 171.04272449657478 172.05455241497739 154.49375379857699 170.32255051236538 172.7403627269446 173.36299809906114 169.90030198736994 171.31614076686293 171.19479383334439 169.30815212028085 73.465503264032805 73.865752756632588 73.726938855893778 49.845099313100349 75.150857933508064 74.499426628192523 72.562094557182945 5.4763426986139025 75.712284410233551 74.774888493077256 74.903792151852926 73.611736908237887 76.706669810121014 74.848168508973302 75.689201254009149 74.6472031120217 82.654264219120989 80.554042947342921 77.204120867086388 75.872161089520048 76.302976913943269 76.272395890678055 77.796993880745418 76.806063655037846 82.993893230739587 81.63071963178281 78.278605735411773 76.82162427425871 77.663505899601986 77.0697092020756 77.345483895274953 77.76387841502887 107.41432268769812 76.965724144008291 81.924198753236738 78.154239991852762 78.364917543354451 78.436815363025985 78.930853577520097 77.714506704402467 85.69415166613642 86.931645337674212 84.350622890699881 78.778141598730642 79.390328795727086 79.477597118749102 78.461704540708268 80.556398312337322 82.719521448466779 84.720308259105295 86.118211280341939 82.331738355682688 79.926538794275871 81.734905781692333 96.880470084032794 79.021326564280017 81.764179650507515 87.79608068054192 83.608993476691552 84.07272145881501 81.01831830512333 80.001029178801033 80.167905348044386 81.288103372223688 116.56828487256607 84.098870418075819 83.542409313948667 85.735935518318669 81.612242509521323 80.491936637813239 82.842881185418051 48.746624753367783 80.193025311611905 80.81136099833877 86.478492253946996 98.702145264878055 87.881427538965113 83.4735606564482 81.033244640737323 44.727231885327399 128.64025968153774 118.48303762360153 51.44792524114132 85.863288866708146 84.677816868738574 87.026199133697858 82.462405852561261 49.791485068787296 187.77033067606834 127.03290923595813 134.96973808924201 79.617690389459739 85.12858670044497 86.770016352423681 105.6082298956234 51.045650319856527 119.75748196023399 120.3602474470118 115.38774788780646 111.45626900634505 78.359972786011113 82.78129880517011 62.199549885189924 77.299241168125633 116.59809291131813 120.34664086635729 123.96226600128922 80.029758530570106 48.863743366407192 48.856110184688802 94.040817940407095 77.047922335940186 117.13242133419649 106.20390834413867 99.817183116227852 77.405413867576257 97.759349441842502 116.16177406813185 119.04133470262244 94.47397918377554 88.831136517945225 167.18354458438796 138.43724704497447 78.120668267470222 155.50142776378829 63.427455393325111 63.190878001768155 76.235422462564671 137.37770364613107 142.57311235417535 170.30689601551333 157.97455030317911 157.66496085389906 148.17054454465364 120.07167990389539 127.2926912560736 135.99682785055336 135.70051219918187 148.32028062360519 156.70923680793132 154.43515447686849 148.315712368205 149.90327885046975 151.68338011823406 130.22438797172381 131.1932595349856 150.16199159655815 149.16523356038186 148.88581579177279 125.13720336169283 148.71938429083204 155.71172077226618 150.1990338104431 126.19227300769964 149.82033724910852 128.02902332334619 130.91224686775786 121.03950855354559 153.27976632971468 148.97489774649941 123.39755414094569 131.41670992450776 147.89554535355484 124.67170984834196 187.24038968863761 153.49219734513576 154.61249561661265 151.677070409387 181.15572278013352 125.22056629918899 148.5944664000566 149.99031457125415 155.32735484228888 165.98089504059507 163.61368966985174 171.79851406919914 145.36987743269691 103.84248377389454 129.03803670476552 167.1124401394942 167.93916558443527 155.35476996163194 169.23626471402946 170.37721031056896 144.721126079519 132.15553392927754 166.95882162950676 168.33561781801248 168.50093295620101 166.85280341268421 152.44977067323353 109.75561791004338 174.49751002475722 173.34029360926067 113.85670675690938 175.44816563118556 170.59597966457952 168.86783280173972 170.27226958159034 173.52727449281846 164.90167037654226 160.57509605373713 161.09783876723364 170.44155893514338 171.48373279106474 167.00963127558532 168.72147154409555 172.21257494575261 169.53657030316373 174.2787895354522 172.02310355650883 169.8752151955353 171.35625263828715 171.10781842136819 172.29806255620946 167.74267509879255 169.391238449572 178.02824065713156 175.23074678024349 174.29879163647601 173.17770938918599 173.93500614182847 172.46494990216542 172.49718737870418 176.72299678884255 175.09809181319628 174.73280795309429 173.49880387737053 173.92763774275042 173.11220219665677 174.71821804835173 179.07330176782631 176.43157886875289 175.74534834861544 175.44927387651686 174.23885762492887 174.13429320963576 172.97235478178754 177.03932532179707 173.19654186368848 178.94779885432419 176.88877440567472 176.49385304288927 176.20634784800328 179.72198340041396 175.82715121983955 175.27879758412027 167.03757638954005 178.49610385405742 177.66707122082053 177.36486314651034 175.07469147604451 177.64850761907883 178.00111493487316 176.80676290743068 179.81795752808225
 52.685633876269371 62.828904072288267 73.820259447824697 173.51427569548164 52.955016163681513 70.099692958769054 191.51490576943846 105.65766579866086 4.9085908309769453 11.501430624069958 52.004356840992386 74.765476911939842 81.522979818997186 70.933546471916316 72.435204709422877 78.734196506686573 22.718766384895634 8.5322390695747252 55.860031822952564 53.9406901770163 52.812125292794036 43.005969873878307 71.320586866433885 42.673363517336675 40.297075938265287 48.608895535154012 39.93560738825235 63.955146535275084 43.341667369304083 43.417773436128783 48.485096945048276 44.985754029424051 38.241883487341035 27.916440084130166 41.537411510329711 42.922393386093802 41.71716674752998 42.50988462283496 41.169882502374548 43.853842249603758 40.215953367524733 38.716210413761083 39.361149887826571 44.639109740228697 42.053624651780325 36.050329594383008 83.522149114720563 83.989460304194793 40.52863316979893 41.059546995147919 42.48770638714582 41.26263797506958 39.812079475492411 39.485658571079341 84.813251884564295 85.246150066751795 39.071056436300452 41.723364261926662 79.205469546795669 86.507339502358647 84.377369786809751 82.451644793117524 85.979046571121572 83.383200737393352 75.482065903299883 72.796975927593493 76.547891130032312 73.361646598097806 76.520882027770909 75.543836572596419 76.788172315490556 125.21651715756856 72.358040831901064 71.773413090482663 73.230726730161322 74.036773686135348 74.975668593785414 74.404529708414344 75.351458311594158 77.431488394825507 71.968358661757335 72.079132235253169 71.265617853637181 74.192337441817074 73.267272171321608 76.283154411560915 74.97763795219187 77.605620180291723 70.827685209666811 72.177869120324559 70.823813088250247 72.338387179246212 73.082473525211441 73.967711014498079 75.942116689219489 76.983273137167913 72.006144306931148 85.698008181496462 71.036306578304519 71.996858264767084 74.048690056974621 78.011701293020892 75.023888294348311 79.510110946301737 56.495968820786295 46.341443345605711 73.403238875823462 73.053547669440405 74.019653017418989 76.000810229573815 75.988296094337443 75.890122023031424 55.717872945126736 74.936338157225038 55.364094286990351 73.028289650142483 72.928672394048377 75.932920204843896 105.00941628082468 77.124273296462022 55.051549892518345 51.459206832772765 55.172333997403832 71.089027673502997 73.00003250678202 74.964794413320533 76.871551832371239 76.959063664985294 47.58553210430815 54.011862136262458 56.754396884999046 52.370089332246913 73.876623607075587 73.856468546268829 75.78929594436481 190.59859015052305 20.67066341422969 21.707988996391325 45.227414484427882 54.271580956945371 54.640968340058485 72.636984910705166 74.801511366318707 138.24248768222645 18.296517233356337 24.677344172341581 36.467979731950905 44.339406372920649 57.007108437264272 53.975682911241158 74.778331363324597 189.98353652188308 35.376210807959779 22.628029218748367 44.570113444626102 21.66560581021994 54.683321419743528 51.858945245862913 36.377761884403888 22.542848838397898 18.410775750199285 12.566082752588979 0.73572832054040394 27.628682453310759 3.9422257859158902 54.470574183129585 5.9037982687968533 3.7904558118945952 30.712445228125514 23.785219819972085 25.16898968943179 4.138683950568316 21.906664883738078 23.080298823480266 25.434852960728428 2.7955728191553777 29.649308209171405 17.927382546335089 11.241506930394353 1.7408614725031371 1.2929359888767158 10.420729008986902 0.30877024219074978 13.420111225742607 77.071010339939463 57.997580064039681 7.2245476075861861 2.7363277391203868 2.0597609869402143 6.4046743594131357 5.3556789928205237 2.0879529319233963 7.5896218630965038 12.266053556838086 36.882662688603624 3.8782190626194892 4.9355162023342105 6.6800377020919104 9.5654245681910925 68.530312255101492 8.3319862905779836 9.5455937754857683 11.954338812746432 4.1497415122444279 1.5226549365835673 12.990876044814671 37.312513240982938 40.834992328151245 6.2281426147767931 3.9117360341528435 7.7713268275291671 7.3057394950484742 4.3763340426614246 7.4551571496246645 37.229738847841652 38.380661466841055 1.86254939228202 5.8642010062138352 2.9026581010626487 19.242563584578267 4.9244893831793775 24.877861865084757 39.546129318970259 41.202569512074312 9.8231251732379938 5.9206320161007477 3.9319954734062459 5.4812831572046434 14.420919813799363 38.425930293096748 37.923182887288014 38.5286059816452 27.580405360589307 6.4024984946841776 3.1055311338181277 39.118889942481182 40.522171998688556 80.428477205425423 29.961457877690798 81.439280755654991 7.8812131145608282 33.925067123474143 8.9027547243982426 80.879191275547711 81.750405319116922 69.31681600180417 81.43243629625583 81.262987636870861 9.0304843897862579 6.8130459211686576 82.132694999177374 80.716014956475888 79.360994608601345 79.676692922360601 44.775416107453431 190.53673292820815 42.054490596837603 41.936387706730457 98.708565366085523 76.494150833825913 78.438096091929395 82.335563732082235 82.555675170337949 84.137067087376124 78.358491268060106 61.741570585964809 65.175738265382151 79.522678940788836 79.329433112996668 83.794088486937767 78.148351727329285 86.509152187113344 78.797725016933143 76.847520191821772 78.435275340085596 77.694194793411128 77.533246492068258 80.446538762659415 80.254137860296296 82.97364836115247 79.926368566355407 80.255187796771722 77.528529509030434 78.022211423590079 78.209637526381329 79.135179600621015 84.199927693949945 82.228437906175415 77.483445162071845 78.664796763304125 80.160140961573845 80.151262459181879 82.208120611083856 81.301695571624009 84.453785239375094 83.285307404713009 78.685244362434588 79.789028768530287 80.998649579282571 81.16087365762283 83.256136961086767 83.242014071323155 84.541179791437457 85.196905804569852 81.389088763979245 79.764072164316374 81.029163607641522 82.101275201245869 77.602301618864644 84.299628911829942 83.216561106055067 106.23275106457947 82.392396099563598 81.415084542665667 82.461686929261091 82.055607316328405 78.882863962484365 83.365051333918942 83.407877076621645 82.309326703099458


# name: v
# type: matrix
# rows: 2
# columns: 320
 4.0452272840958052 -1.5491047806532685 -0.048247814467408542 -2.3617106020879088 -1.1941935934588284 -0.23200727245767178 -2.5026980357862523 -2.1848560259870178 -6.6867274633472595 1.8742078570704437 -3.6539752506969108 -0.2117916540297981 -0.74118715823311598 1.3449718716309655 -0.069009928768228465 0.0054553980679680576 -6.9454218473648481 -4.4819068742017949 0.66163479606167952 -1.5212867093849149 0.23136458184656838 2.2260349157923343 -1.0254721505187665 0.072238984909788584 -0.61881780469539749 3.2865924376512514 1.0425904687544536 1.1313036246855084 -0.33111636290061419 0.16572381214477588 0.076597165524798977 0.84726355134884601 0.41370534205178588 0.95492287514684171 2.5377365041978641 0.29805770852366387 0.66103229091639804 -0.01293384278555447 0.75388062739747796 0.78271736107203438 1.1751691927749341 0.75964976159621456 2.930874709850503 0.26180972175188683 0.58286186943918972 1.6961192366017308 2.5348020208993964 1.1875879471207624 3.7355726057647556 1.1211212737299006 0.56229828007824556 1.0658883487661199 1.8149829628783378 1.1391445368625928 1.1306996147037118 1.8715458614279914 2.5343955719914142 2.7951920726202948 -0.43942304097770707 -1.8342003742915163 2.0429929884359859 0.71761238251841719 1.2127336170483163 2.7433177492503167 -2.8516543346894836 -2.2667271391410972 -1.7964256778045407 -2.5555409142093808 -3.474745077784875 -2.2416787831734868 -4.1034729506080669 4.8083481724781443 -3.0208525837169966 -1.7721355205798459 0.022601016374054685 -1.5595348484605638 -0.045247877917849136 -1.8557125756883379 -0.50834831559538829 -2.2029626759821217 -0.53868820519649729 2.1772382179804679 -1.6919787042658203 -1.8100110633849904 -0.35466710747339575 -1.2371567389902474 0.28170693328403817 0.11125275616970803 1.0380448118288912 -3.6876388363343415 -0.49278560885340067 -1.655895031269992 -1.3192671063267207 -2.9011043292086991 -1.8989857472858123 -0.059285233711843639 -1.1602535641752025 -6.2008401770682422 -0.79664066692367208 -1.2413333425633193 -1.0327493034387616 -2.9487837119424127 -1.3643319670266807 -2.3406348187112402 -0.65806824753139759 -1.2547119610170208 -3.1697816376744652 -2.7676767600659202 -5.1908002210590922 0.93829898852917748 -1.5683598528564267 1.7568646283176526 -3.9396005904193041 -1.328516713341253 0.15508118150101258 -2.4594737200450818 -0.75108582855630335 -1.1352909554001711 -0.98235940944024569 -0.82388392946760292 -4.9962436059912791 0.68593211147998601 -2.6626636091964819 0.096221691598565376 0.42103731768503139 -2.3652822697992777 -3.4808344306372621 -1.6797404763080201 0.63942593884555221 -1.3827203286654732 -2.7782785621867294 -1.619517927712097 -3.3129225950399457 -1.9792491673319315 -1.8495266210599333 -3.0433761316206183 -1.0087769987468689 -1.4324435502977473 -1.36838790745811 -0.26415823193366156 0.11564728928095544 0.15124634710740292 -1.8109885797283845 -3.1420302346738094 -3.8189445324885183 1.3133081776488029 -3.3052369035009281 -0.93735202020585873 -0.57151868580442666 -0.91594442837016465 -0.98001588792331418 -3.1578467269223474 10.35078207216706 1.7670819465546246 2.9794398013476497 -2.0376914314868921 -2.1762768392212637 -1.8021797484544249 0.28907770316144898 -4.7491643620628565 2.1289798520658563 -0.77894882957280687 -3.8979409362357114 -3.3913228914080427 -3.0327068689782926 -2.4046990068757133 -5.1797883562124545 -2.8555817880605798 -1.1234420154583389 0.34472119164147358 2.1595107491211532 -2.536965776104374 -6.6956717435248132 -7.2188645415176538 -1.1946868770402617 -3.6211573596572468 2.4595633378706543 -0.86365086495798538 -2.0628606792712292 -5.0991877763913189 -0.75816249943952441 2.4978813069598331 0.99616988720600141 -2.2070062866156208 0.5599963309348468 2.0712909729583764 2.2067696153218437 -2.0141534573806998 3.0967452738165755 -4.2917074155690784 -4.1127956034811186 -5.3828280789035006 1.8228509896253657 1.4096056935038199 4.1268127163193284 1.7937411871716888 4.9275724217828287 2.8127243443962437 -0.954457520255243 -0.3069193709385597 0.69675030043929531 -0.33601581848728013 1.8927529812635822 6.3275522257290406 2.5590013560074416 0.89532768432605403 1.3030535341794396 0.98919211228056114 -1.7858293058741939 0.82563982263530988 3.7738612621167764 1.6117220000155046 3.0082422614243232 -2.5911212586873007 1.1192365946280225 2.404932784527035 4.0644035183994163 -2.6320785139818681 3.3511731396653093 0.68049400775284985 -2.1894740373136807 2.0593057923594671 0.52152726144870221 1.0557556761697799 -1.4805455437975275 -3.203548532755073 1.128717156484192 -2.7218337466098022 9.7918552122602343 0.59263264948471817 -0.88055727600464972 2.3354993264241655 2.2728166734052841 -0.57378183987758447 1.2409182416810485 2.3456069037601015 0.42528160874592158 -0.96924674892613016 1.6181343393369052 2.7766112517594426 0.62413212376190841 -3.8714034896466614 -0.018388054878221378 0.35485297020280659 1.7669449514119655 0.79445250808365253 2.4070990958901901 3.2770880862798117 0.48736258675185823 -2.3140840670427725 3.5251572565643081 2.1358972171756614 0.97425519702044261 4.2759744586236996 1.565444690945768 -1.1396072695747648 0.53520085979827225 2.8628249497078606 -2.100086601167332 1.9218849224248777 2.4357083745146504 0.62700847990226127 0.44388071891107517 1.2898909267650582 0.39166756928558777 0.88167391345715806 0.51532177851477956 1.2522648386055317 0.24712547082466693 0.68092287250969996 3.4308378404049287 0.48307311075631365 1.9007606635929677 3.7576066565113031 3.4589828053294602 1.3137569390502606 1.4689240155850642 2.2213383394844244 4.0561584093030731 0.76091604657339396 3.8654588776722649 2.8650193297404094 3.1846879171508657 -0.065897946779839928 2.4481505486587802 2.7216217851810316 3.5168940112236635 0.64508723484183339 1.0824952177760427 1.2218662003189638 2.9693955682893378 1.4508173349043785 0.11025637202268891 0.50608181968047605 0.97066788104198609 1.3588916203327426 -0.15490889956850745 0.8940695600349865 -0.61538691627594577 1.5950503233853672 2.2348299125803153 1.7134324624118149 1.9182553634848734 1.4493869140710556 -1.5240620213717235 -0.14069149927741881 2.9533513546020922 1.5227014768555127 1.4293326471852461 0.43962512365111189 1.7133239117899255 1.0795806053282941 -1.4937166770773989 2.535722749104719 0.34604936499781419 2.1508967035988196 1.9191850843951033 1.8672994975420016 1.4017056080372874 3.913214085735405
 5.6746610425660311 -1.117490105380994 0.065199647892151547 3.1959294126884794 1.2188114639949874 -1.0609562352367385 4.5283243914864819 0.29108599795669898 -0.15717666419942022 0.62245360645841785 -1.6019066858694408 1.1990670219028594 -0.81039780598378297 -0.8931278957838491 -1.9827699440808684 -0.11200043242230964 -0.39331942000838194 1.0634697339613519 -2.198735578399754 -2.9740191207473239 -2.0202095794811807 -2.0144327685386365 -3.1174422875918935 -2.5376194953843805 -2.5898536436179462 -1.6842615605321667 -2.4522518743875543 -1.3688265063269536 -2.7737655797290799 -2.8226803352938661 -1.8863316855641648 -1.4575265936544457 -1.1302054621123534 -1.3575735504779309 -1.7467940021769395 -0.42938623781941876 -0.81006298669232524 -1.4983720464037249 -2.4785217917376077 -0.58199896133360418 -2.6521196769255102 -3.6048813024069504 -0.7801844371240203 -2.5680156554017639 -3.3397433636524978 -3.0630822844400307 1.9458322265887844 -0.13824097274065966 -3.0476048940724709 -0.9884820616200044 -1.511915700213561 -2.4015497759784719 -4.6935525528290745 -0.91322239215545686 1.7192786075841806 -0.17868568656006376 -1.5871473346127156 -2.9485163453822358 -3.0241511325416313 -1.287283349527107 -0.12287591770443328 -0.54532149526709284 -0.37236650781880937 1.4160283738437298 -1.0770382496534265 -0.025086337642497958 0.56727533446808054 -0.70265671128496998 -1.4083804388060404 0.99211252019812701 -0.71380727749454909 1.2975106343904557 -1.2682213143702681 -1.4464417098833311 -2.5158089698999682 -2.1401049083344219 -2.5318073695390644 0.88633187484455767 -0.54711526635867225 3.4218727610287551 -1.7940481782849491 -0.97114591637316638 0.55497936552331384 -0.18766464298894431 -1.1490136860571896 0.47540789816442697 -0.58592305481972351 0.74140442208905233 -2.4775168684152509 -2.0111040579988102 -1.0360557361757465 -1.7745499247383771 -0.86737094918600877 -3.6236013694175497 1.1699982566213718 -0.89872143914895852 0.12402688040856991 4.8970965420429486 0.35724787607580866 -1.0576604897656436 -0.092134341999107153 -0.30356069367952992 -0.39773169575412004 -0.71936651490158487 -3.0806285576177075 -2.0929354720394691 -1.4484592341152722 0.10666127575948764 -0.83288947871670904 0.35460788734011733 -4.4190120577437186 0.08468894395041382 -0.49846329330131806 0.24361941986427635 -2.3648426139396723 -0.75911347238391635 -0.83789535092341783 0.87521494342307504 1.4511542305423721 -2.7704531487439534 1.0002106585158244 -2.5042835474041478 -2.4918449115204511 -3.106922324999847 -0.096942663794117867 -2.3283452368876909 -2.456297310875398 -0.28331675229586495 -1.4985947257817349 0.67713664890363223 -2.0433226435800393 -1.3912200449867795 -1.3161315567576817 -1.586525550790606 0.56259477767822463 3.0957273817228299 -2.3938030186329047 -0.91182565775169644 -1.9879891739664 -1.2143987563600565 -1.8980018946530062 -0.59748205996479653 0.41919851747052284 1.5120815234880927 3.6145600866291332 2.1612033938025679 -1.9440862629784657 -1.2801713502807972 -1.7305051007006014 -0.98489557280182827 -3.1401078093707886 4.8867757216639198 4.0790060925250726 6.0696738027171175 5.6950017758415452 -5.1049388560658571 -1.3702776959892906 1.0649946069960721 3.8793708077086242 2.7689188237793898 -1.8896500028491148 2.3527586518369832 -2.4361773678480465 3.5401989572604635 1.0394355525171071 -2.9983361536511492 1.2269153537351967 -1.1758805600685835 2.2851876400991351 4.6627776945336734 2.6939712065157497 2.6496888350689387 5.3494208813795669 2.997180539038363 2.9453708658843212 2.2685765259319375 5.8006924274553064 2.182676113160066 0.45209373950366916 0.20131843545342237 1.8249665120869287 1.2120510795662971 0.27046533535377848 3.9997167321991984 0.16374669928492003 6.0062512266845944 2.9631013554519661 -1.8777489686990536 0.44349780986393977 0.60257416515274032 0.37805561365569029 0.99686971630498622 -1.0606919753432189 2.5207145001160329 8.9777298278450584 2.1260648919004148 1.3038367609688253 3.4933088128105898 1.5617942349986416 4.1833626856438144 1.3414558813876913 1.8719556812210301 3.1077454809142804 -0.017491366718854026 0.062248201261013929 2.2267706967128591 -1.5458764146036457 -3.5058664498563132 0.025586164528278072 -0.10890405369763005 1.3407511852183467 -1.4496567418640871 0.70385498488691833 -1.5975201552221421 -3.7112749574083508 -3.02231321381992 2.604463204448161 0.5532686183770249 0.38601041748213222 3.298253374756241 0.32860353036867407 2.2259673565730682 -2.6853864573129469 -3.9901754750835559 -2.4251076161160574 2.7844453573885999 -0.85392460896107913 0.36583133413865837 1.9077300108608601 -2.0431035604239605 -3.3359933825261265 -3.6519957228078352 4.9553758204151475 1.9654893721508 1.8299270133621233 -1.1759759645753054 -0.40086547139989437 -1.0175873967241791 -4.0377167529329059 0.10216667828312323 -3.0445744722761408 3.7153455081322457 3.3848254212749538 -0.94669531392885187 -0.814873246996345 -0.81940030315974965 -0.27262392004294633 0.22495872310902712 -3.753636663305767 2.6883050739000995 0.8911219783173383 -1.6832081063413293 -2.4135780785543233 0.54681316585680573 -3.3284088560922225 4.0361142509800016 -1.2956972681122927 -2.371998640829152 0.86357808203941411 -1.1245957678124991 -0.35800549119308467 -0.73088733884718604 -0.1788080040786576 -2.35727072701577 0.14907597223041827 -1.072369632113483 -1.9795123299974435 0.61402729747298346 -1.1600145169177092 2.5642795631478088 0.082533064232126113 -1.1994322027535129 0.67294016123487777 -2.440096963209951 -0.58764685016006668 -0.55204710195681506 -0.39801113334264254 -0.55432499191245888 -1.6772624649470949 -2.8068798728821993 1.3505198310748885 -0.7483843860252658 -0.78701075226535055 0.51965086925004356 -0.88723353854417331 -1.7968241265238556 1.4203297375268737 -0.16578525806253974 -1.0056591292366905 -1.3072151573758393 -1.5500998971827404 -0.50861761716424803 0.50663717497072924 0.71221936031007083 -0.81872048470498382 0.56274896032763322 0.67118290114688151 0.52989354121802246 -2.0244158515054509 -0.3072711338725207 -2.4188349996033058 -0.17251628897239421 1.2195773262515683 -3.4884617880734967 -1.2587634380466464 -1.9836749431057341 0.66227641695021477 1.0341442568876162 0.13933476497295472 2.0037287546235651 -1.4069512518175546 0.86129832952167451 -1.8378909262255216 -0.31440260495397943 0.70141651739702504 -0.59799517586085016 -0.73202311361449013 -0.75367474015962677 -1.0439243287705391 -2.3207456089872167




