# Created by Octave 5.2.0, Fri Apr 02 16:07:34 2021 CEST <br1@br1>
# name: ptcls
# type: scalar struct
# ndims: 2
 1 1
# length: 2
# name: x
# type: matrix
# rows: 2
# columns: 320
 179.60036680836214 80.796438126454262 81.591691000637908 58.652776114524968 85.790976389227453 107.0557883627956 44.277906752317641 65.675822905022329 55.702122430328153 117.02285154014014 86.509607160865869 81.839916584103946 101.67463062553546 107.2609168105746 105.14866998710501 109.40644392414042 39.619658883420918 72.670257433155996 82.067004583606305 83.438069098189061 86.919537814792932 153.90232437145437 106.03439184811172 155.18571728260957 151.28833008644435 140.73681924068262 152.51233774942824 151.34825015243013 158.04632969204232 155.8353887662588 143.57254949095682 155.17495783818879 150.77094315951274 130.51993677754672 157.07137353149645 152.52999703356855 154.24684486977065 156.41563831331172 157.39366482727681 154.76845767627321 156.24028755298602 158.03258959509617 150.77974118823408 156.29717341558128 152.85850185758508 163.96094183430981 172.09659136973363 171.13195618748421 154.81516382900119 151.59474620193819 143.63735299642809 155.90301338818597 157.9843284856272 153.59707875996989 173.16415739965831 174.81225253645772 155.98709154281761 169.02350689648677 174.56952325525222 174.88941400008144 172.53097859199713 173.79974315736149 173.71125989330429 172.49691338377087 70.689971369895801 72.49207782850813 71.276400809326901 46.139564987495788 72.424897648729896 71.768900999836319 70.470512535087607 12.448447548707156 73.617934162951244 73.326592686806123 72.938560562150883 71.816119948799283 74.156953000866764 72.519454054932467 73.066634470308614 71.770876360400024 81.514572321835828 79.01934503888296 75.182741155544292 73.775838102152335 74.048536556616781 73.53377877767889 75.71019024426144 74.64909230636782 82.519247190297776 79.977105000977431 78.271996346363935 74.743446530186134 75.085411638294218 74.880068760929632 75.305463120423099 75.820097652676694 106.32016335142823 67.974505887261316 80.169337553418245 75.868986222527212 76.103687213397507 74.846375079573235 76.819277816211795 73.735136273382722 83.123064224645816 85.170360861615947 82.664520474745288 76.235822777269618 77.162147974028358 77.524352871430821 76.51050877852839 78.645162908859604 80.367111546037407 83.942969223661535 84.130971452136166 81.01745197268292 77.168499773663541 79.575502916740717 95.456048940344886 77.130779102052927 75.63771917730665 86.157283606080142 81.160545087997832 81.800725912384067 79.145928950266367 77.941676328085123 78.268448195914274 79.26539260146798 117.49545248389242 81.203209218376102 82.183365707129582 84.639892614576539 80.263419861738228 78.006520554977797 80.253750031046295 44.267193227553655 78.0585023163095 77.435994396936522 84.939491870220095 98.319115828573501 86.497107741055942 82.065710106534851 78.800818995307139 40.171288045051341 125.99756420395815 120.40367626489561 46.655331731065615 84.000918487905992 83.265342835719096 85.281830321648613 80.726728381992132 45.394925853142041 202.77896468071316 128.5409905211375 139.28992580119234 78.633157614393753 82.155095574056688 85.116262063510916 106.02739256520678 41.021993974019836 122.844502745729 119.23077164413328 109.73573353026498 106.53885081380233 73.835563518161891 79.316628472386455 56.168886895858996 73.049955974492292 118.09676658330098 121.86505192448574 124.48975359361179 74.822496577837541 40.052740158664079 40.898768329004383 92.308521968699921 72.033588233226197 117.57112357971147 104.95161458995055 96.826035131284556 71.606251881038474 96.660013817654331 119.76315261790407 120.48578103906925 91.273820068181877 89.643131197801068 170.18691649517734 140.22364238881809 72.621182704257606 159.56771481566662 56.440228003186924 55.274786789596838 70.942617926303484 140.86702351534737 144.61704060975694 176.35492547112733 164.87157453990204 163.83971815716507 150.92944292528108 120.18610331503442 126.84765816821155 136.92460912343176 135.86303058924747 150.85769091654484 162.55034981277237 158.57766095369664 149.82101904036995 151.98473758650809 153.32127510821218 127.58672351063649 131.24868992411095 154.09993700978316 154.36478547224982 152.16744028119112 121.64554225344192 151.91159081724646 156.9458641794547 155.06863155335176 122.94724366868266 153.26428928689251 126.12096554005909 128.7668515376084 123.02326149092383 155.01437726447662 150.26001485143433 120.69174359815732 127.94501343401392 151.13769256781083 122.01733319122866 201.4385797464177 154.05204952488475 156.68551872507723 152.90171643205275 184.45130695657147 122.81837063707516 152.29880400003211 151.90366422557028 156.91951129545689 168.87471305344729 165.95998446189247 173.60932475042225 146.45224403609987 98.228948713908153 129.01137402519313 169.83855029965963 170.2013296205329 156.50672609835649 171.34456823892867 172.41658002650416 145.25042680636102 127.78728044737557 169.0161400340177 170.74251057468751 171.26994401855887 170.10660522032273 153.62087992248155 108.10318736915818 180.37361982080708 177.6792423412239 110.81158118521847 178.5289755653061 172.84050172761363 171.22914500905242 173.46883276302171 175.40139018831911 165.59204680872057 161.85442034325797 161.84415823107116 172.31492378809958 173.45151825964464 170.03267705725412 170.91655223575381 173.93018000245144 171.6962474849594 178.04623015460911 174.05781310530205 172.16078335912638 173.40484571511681 172.94575154586141 174.44727586277838 168.81348437172412 171.85100330653256 180.47799604308051 177.77831484830713 176.52417274523833 175.35584131627439 176.0447359197797 174.39844050834677 174.51812159993619 179.21422669103984 177.22517767980597 176.68932016467184 175.56876728789351 175.71349845108548 174.98507390564123 177.68361547432954 181.41161526214714 178.56644397489427 178.09245090890633 177.33680652745895 176.13326759504537 176.65188866327071 175.244881082608 179.8030362215784 175.89220378626968 181.29033651745138 179.44004436606971 178.6318841154054 178.03789916619021 181.13423506526328 178.74833221927489 177.62992248091405 168.60296826726784 180.34740255419555 179.60717542662104 179.28679725825779 176.9068085583454 180.08926358877858 179.81137464394561 178.70190620436864 182.48694318689246
 60.913892387990423 61.208543419486361 72.535849333031194 178.1483733438769 51.186372407445759 68.344395262692217 197.55361710914929 106.07974049569982 5.3272769972893661 13.416538875948419 50.37922101499791 73.793244889266859 80.347903000320969 69.445097992805543 69.755528892165401 78.571795879672436 25.045329035686269 10.074270183818896 52.743009658650038 51.233546787541684 51.485541140921775 39.422509985967764 68.999801642799412 38.956165942366908 36.952143761154879 46.701973095404348 37.0850653899547 61.970348101101557 42.487375930562592 40.234766154776608 45.214659177958076 41.179337179524772 34.630780335075158 28.076050333626235 38.153989682513 39.996393566773087 38.400983711356695 39.187240818175596 37.091703552354616 40.172728626522122 36.939301055666924 34.897845669023916 35.930464163527589 41.462527971563127 38.913875517336244 31.608860281944864 83.219821889622636 83.500055222247909 37.417199442733363 39.165084001576446 40.295428621836606 38.000447554959301 36.149377558856109 36.768718312483934 83.554310730293196 84.911237048615675 35.449944092549778 46.76152378130427 78.537796885575034 86.250483174227966 84.391553181913949 82.626620367075063 84.562730509538042 82.241524364554351 74.116122902200686 71.527055325788226 75.468166580656941 72.342794366733173 75.551683869047807 74.345783506092431 77.045204114371018 127.0979075774343 71.588488426201295 70.493088130331472 72.478030890401328 72.541450234128121 74.798787500047837 73.423731063929552 74.631711663912455 76.565240842955831 70.445304559525809 70.105626319746378 70.016642813993982 73.68107245928006 72.64341789410301 75.736018259760669 74.227550070875623 76.193807499657026 70.344496941692086 71.100401184661692 70.805127844710611 71.105001152970289 72.282972862980557 73.574716882252602 75.24398318727313 76.20628117217322 70.201460773697931 92.798798167459907 69.983912673384793 70.996609168514809 73.123655953523524 77.249132611317194 73.971309051962336 76.845498462584473 52.25352711299309 43.705698142425476 72.521774274001217 71.987023955246883 72.758561227267563 74.836527046954586 75.180373228364289 74.315785860600087 54.356622565733048 73.404209667543839 52.096536349011501 71.503299784210498 71.332562160835863 73.641713984433224 107.11358991511172 76.008972998980866 56.173545204242977 49.209932471180586 53.33519341428007 69.468772743740359 71.881286074595408 73.539729867615875 75.709876910547891 75.174858890645595 45.412569751925282 52.105911625245746 53.828183655874724 51.234819174887619 72.369814222656416 72.06851699280756 74.504878795229487 196.25855039539073 17.893857316383141 16.961381609664155 42.522896198562307 52.510702760222756 52.504016030510805 71.324993830971621 72.92665828885788 140.435005891282 24.480406021166988 28.676009993067591 33.649054650633005 41.9060806673508 53.332639114094334 52.196005060510267 73.462233859587997 196.42556480487059 41.290769642120523 30.91409623623078 52.827866019595604 16.993696372740526 51.60692428845546 50.284227938113979 42.002849555580447 26.125389640188516 15.670783246068304 15.977582797752557 2.7967288628392479 32.761970941338546 2.8061247710376036 54.184428505613681 7.4795880556561434 3.5786439469569182 36.602300507101781 29.190554609781191 27.472572761265958 7.2188329113084269 26.791340066451923 27.833711383259107 29.705640716260518 4.1274170517054838 35.483979028149079 21.092262910417006 11.897042852674526 3.0268850262983467 3.939137431402786 12.024245695505421 0.70094497845372439 19.219700487431492 77.308443053904298 66.706644342731977 8.5317245996266884 2.4544866254974016 2.5065414133368598 6.2667352906733713 6.472176387487691 3.9679665062146148 9.4208959530318221 15.921089582006472 37.261482585062204 5.7380950736923459 6.0785732162858803 10.464067967344119 10.971433065277969 74.59618814928389 11.187866139349369 10.969203211678915 16.027069412193764 6.0819499288954422 1.8220596995606255 16.653193902926695 34.907923189727356 37.903378433237194 6.3499467467981052 5.4692763494260106 8.6480848050057606 7.5282793942272406 4.9123371131987641 7.5029822134238549 33.754891731025303 34.73137619747726 5.807898369238468 4.6752168762759148 4.4666043640626905 23.082254315776403 8.2636648111559285 28.585829776050012 36.296057041249675 37.333692317337182 6.9492557967016451 7.4129937098087577 4.1202144854880549 6.4893268307833383 17.187128329547491 35.571930490503775 33.698278932534954 35.634596719716725 34.765700300191774 7.7593275161065733 3.668050357040431 36.06299344982132 35.95897598882469 79.775756890323265 24.106768585938163 80.261473427802869 3.2491116791080312 39.312318110266084 13.810751585246905 80.371412485031328 81.672597055897256 68.128685562221477 81.331392701679249 80.790601373472583 3.8051796786452785 8.5933166572972262 81.212986842139017 79.818174139000803 78.63478736787647 78.831574461916674 40.485118029633426 196.38909859213254 44.484123051962627 37.513976317374812 99.960753585041246 75.580584883988379 77.438923357532062 82.373157532533668 81.350772238550817 83.840992221120672 78.753353974510219 60.212850487943406 62.279229518342028 78.459307020505463 78.42770200461942 82.665972061629333 76.601769743090998 85.579403470515715 77.475911597789434 76.538892008207142 77.459974067225616 76.524858277839868 76.445558446949747 79.354013598926883 79.676790074167457 82.39072517965657 79.694691771961132 79.164749866772908 77.597257678821705 77.537040446453091 77.503836428722622 78.544847668368675 83.535497620854514 81.741463617088698 77.287368770138428 78.620662919283063 79.577352161268863 79.496872400769178 81.553316553811499 80.585793009628816 83.644439953894647 81.777995589479644 78.307157377356972 79.492538336337375 80.447177114213346 80.535898608901846 82.805039301453192 82.700403064875175 83.396596972086442 85.262119957138523 80.636847233873624 78.945860090425583 80.516226358484232 81.382459780657356 78.228076376464102 83.548597331763418 82.45246105911518 107.48163364238673 81.343835565311451 80.177996148318243 81.363032134972968 81.457297059108328 77.916295584386305 82.320228140990579 82.341321235735833 81.544268544981122


# name: v
# type: matrix
# rows: 2
# columns: 320
 4.0452272840958052 -1.5491047806532685 -1.5630539173391411 -2.3617106020879088 -2.824223350095028 2.2589178201619102 -2.270756988036434 -2.1848560259870178 -6.8577816309396376 -0.60100659307165627 -3.218767179958514 0.71769375595743179 -0.74118715823311598 0.20098463287306545 -0.52493785867214549 0.0054553980679680576 -7.7368492960514699 -4.4819068742017949 -0.37090951686355866 -0.32733408988072787 1.0266075164063626 1.1926889578406621 -1.2022800914451512 1.8915339106772622 2.5721172545821411 0.35029495785484888 0.81635713897765794 1.1313036246855084 1.9384016221872624 -0.24301078991941688 3.0128946453212055 2.0597969247754664 2.5564727089290815 5.2435936435317503 1.4174956678875319 1.3722668856389337 -0.80453302707656293 0.12226187686889323 3.815366801846892 -0.66368585570231375 0.21870808035505457 0.8581670080404139 2.404283457921772 1.174600945239775 -0.29413515792406059 1.6961192366017308 2.1833445942267447 -2.1561478764197792 -0.38035724132222465 1.3964788196451516 0.56229828007824556 1.6181021613954649 -0.41573729903528767 0.19109780334241364 -0.20555333234664719 1.5144552454074338 -0.20646069060543842 -2.0231033066758974 2.2507591216534042 2.7987920218908995 3.5790262555714256 1.0569580109645271 1.73611642823489 0.90910966738549459 -2.8002110605828929 -1.3315062487180263 -2.211335416051158 -2.5555409142093808 -4.0856466419942423 -0.91316094727405461 -2.5879279773582753 4.8083481724781443 -1.8137148442191633 0.91454295955627452 -2.2503983827481071 -0.27704426126009707 -2.3708516939325581 -1.3184732506347088 -0.34579011288279382 -2.5910929826315283 -2.1504193631788735 -1.7552136784933643 -1.9546010632582855 1.4343740144834711 -1.0041658262227688 0.11482806063016639 -2.2335442091357005 -2.1482706033365631 1.216649212955037 -1.0421902602067985 -3.2676817839700165 -1.2682110166582341 -0.11285095156378987 -0.17099083832588249 -1.7625693212019251 -3.7200900356840809 -1.8744555472065918 -6.2008401770682422 -1.5556616194632271 -2.5325018383090376 -2.3021429090203172 -3.1927124063585106 -1.6156061862423332 -1.8812553325248829 -1.5349597236354899 -1.3499920577870264 -1.2312375691392412 -2.5105958615549233 -0.90245525235558488 -1.4435429275355904 -0.21380524399915843 -1.2988144690445689 -1.3117528444325004 1.5275950133996017 -2.8042190208591395 0.35455063698482414 1.3491464155055115 -2.022562636529825 -0.98235940944024569 0.75562467763797958 -4.708855312620055 -0.25961130463001808 -0.29371838684233292 -2.9228975340978289 -0.21752608839627716 -1.8974534622274331 -1.4726546144663286 -2.3876794328983535 0.63942593884555221 0.79529172971892537 -0.79417211464699655 0.42697612291266601 -1.0319654060640011 -0.71945140530665341 -2.1915620683077752 -3.8177506247947401 -3.7531885756298187 -1.0087446532178275 -0.38092563804029272 -0.26415823193366156 -3.1382330655235524 -2.7321555626719709 -4.4398473160359888 -3.1420302346738094 -0.17311049443987186 0.29766951760510363 -3.3052369035009281 -1.8295341928536661 -1.480898083086593 -4.4538672629795686 -1.6083032056645128 -2.6154132814980358 10.35078207216706 0.19756493752138243 2.9794398013476497 0.2830212483161314 -1.8595385566808242 -2.7138827108817982 0.28907770316144898 -6.9836807183342104 2.1289798520658563 -0.77894882957280687 -3.8979409362357114 -3.3913228914080427 -5.036015997617973 -0.58144001922049349 -3.1514226911073648 -3.3827525830424836 -1.120442419518251 2.1767029827565678 -0.82722910258268123 -3.7883259683974826 -4.8792569626192757 -6.0093355174651997 -1.1946868770402617 -2.1451066106375491 2.4565637419305615 -0.86365086495798538 -2.0628606792712292 -3.6302185692184938 -0.75816249943952441 2.6342489545901984 0.99616988720600141 -2.2070062866156208 0.5599963309348468 2.0712909729583764 3.1666013471428363 -2.4119881898166429 2.8119639966766763 -4.653789032291062 -5.6080254842718462 -4.1481731867453737 0.44362286712740823 1.4096056935038199 2.7457855737443855 3.1164479847380901 5.9354718678342131 2.0498604029075538 1.3843892822564927 -0.3069193709385597 -0.63279867579799043 1.4129295484269717 0.58147543447093031 3.991366772623965 2.8493618426346248 2.206605231118707 1.9253536650570646 -0.20167783240463755 -1.7133771415739971 -0.19023854147997604 2.4719135658858788 3.7389123172516614 2.141270334667301 -2.3433248657969505 3.5276619747594133 0.39233567311653872 2.610909010205555 -2.51464337878364 2.2032476907996634 -2.9653400302957924 -2.1482390234822955 1.5105487536402324 0.43738558109284764 -1.0246090482400219 -2.0191045079661563 -1.1618570317104258 3.5273413227442214 -2.9632405533998822 9.7918552122602343 0.45635955045777421 2.6416627428774797 1.4999292935055664 2.2728166734052841 -0.15904759700745197 2.2483072797209722 1.3568347352250358 3.1943086756997796 0.75446436919415027 1.6181343393369052 2.0789680623799147 0.50095183226327955 -3.8714034896466614 -0.018388054878221378 2.9984951532188115 4.3681374438748151 0.79445250808365253 -0.89964066954918387 2.3045722011124536 0.61054287825048636 -3.4535843821037213 0.62266083286997398 1.9720679686163158 1.1878977656544798 3.4034687510043891 0.92336700300990016 -1.1396072695747648 5.8342632862706818 3.7630850451065849 -2.100086601167332 2.4393090256354539 0.90089770278793058 -0.95220291892902886 2.4032337711015366 0.025516623529284008 0.48846253060245814 0.88513203735436385 0.51186365461757377 1.6379975538476603 1.0901527650388951 1.9840897073522945 1.5674262363456097 1.9714370203055249 3.8116355519926723 2.9475692018726782 2.7429468795278931 1.4685827914119809 0.85199037556839463 2.3864655446419185 -1.7313513596231378 -0.10704677820047467 0.090128826403425788 2.2974757693712893 1.8485272615742285 1.543116474268778 4.1994784281688879 1.0864979830262826 4.274097096898541 2.8644961028871458 1.7867022520955753 0.67785796931400288 2.9903333915316841 1.1318130473724646 1.0382019450086075 2.1199807499045757 2.0345304263114805 0.88447149930551461 1.9566615252474198 0.48307991009518803 2.8246496777329062 1.3953288691834167 1.0246683704606234 2.5079981219985426 0.585791971251441 2.8752404493012342 1.6427588300751375 0.36545372991907443 0.31786757412495248 2.8435259924275291 -1.6613962150424939 0.56057925444725321 1.5653295936703384 1.0795806053282941 2.6098719012980238 1.2111210934777212 1.0919423228310692 2.3271828728293649 -0.33806201428658766 0.17276567381069843 3.3423213582377933 1.7977170781333625
 5.6746610425660311 -1.117490105380994 -0.88791025150570313 3.1959294126884794 -2.0870167822481092 0.53698720205974126 3.3444504029592492 0.29108599795669898 -0.5037464066669104 2.2802740130875314 0.95474378280338545 -0.69406072280081887 -0.81039780598378297 -2.4665808147512926 -0.16323291627796288 -0.11200043242230964 2.3518960213295115 1.0634697339613519 -1.1577476779987137 -2.2235513421058553 -2.3246187123049085 -3.5857877995800473 -2.8205778788520921 -3.2020777292715881 -2.1003832734211199 -0.88210704781953475 -0.52639714671025983 -1.3688265063269536 -0.91123528606444504 -3.0586694343071712 -2.6884861982767987 -4.6720005979116319 -1.5314962257991833 1.6694031693815439 -4.8315552613922144 -3.3238191069795699 -2.6691493627458396 -0.47045712791933464 -3.4399518523235475 0.58176827336317438 -2.6956553635420186 -3.1714516072260084 -3.0600933476004801 -1.7270856872150255 -4.4585226767036179 -3.0630822844400307 -1.1348601103777713 -1.7508201824847929 -0.94383115295414333 -1.4684320414005561 -1.511915700213561 -4.4737180518659452 -1.5920169020332022 -1.0290364094988447 -2.1742084294807893 0.7758754057758126 -2.3555259849331853 5.4499971294544718 -1.4536940321988012 -0.56118617167044005 -0.46332178680414426 1.4508286311410517 -1.3872602681195643 0.65708265018485235 -0.40284393355352499 -0.25496365197481385 0.20480320829984006 -0.70265671128496998 -1.5081084354232808 0.040115829959436682 1.5256884705376021 1.2975106343904557 0.94563940842099448 0.81521732030766558 -0.71207134903559199 -1.7521747493594368 -0.48987282955276767 -0.87680030937065101 -0.420298529201803 -0.3430683143041216 -0.08040008302159235 -1.4150815550942453 0.92210860665445848 -0.79294747738032312 -2.927472427270621 -3.1144224421958051 -0.64612589604757309 -1.3023323178775994 -0.62036170698251869 0.3245518528675217 -0.78858033191921251 0.31434082624306342 -2.3350171072823205 -2.8097525598642115 -0.030917706260562519 -2.6899454153355085 -2.0168650744631615 4.8970965420429486 -2.5725753375997571 0.58179949327656666 -1.5584277938290152 -0.71867473163300477 -2.8884178996782879 1.0818968510480862 -1.2529180709762768 -1.9721518933849749 -1.4957434658533506 -3.2090946203213155 -0.33072597449141961 -0.71498774531032017 -1.3400043395757464 -1.4538383425741606 -1.8222767939073692 -0.96703061116530664 -1.5704945788759264 -0.77470656856371067 0.1194980987941343 -0.36826107795108048 1.4511542305423721 0.28457710267070757 0.79862800313806859 0.15581201409503359 -3.6328807502820171 1.622012860317793 -1.1332685473835773 -1.0273345723099443 -1.016921557262346 -0.94849232841878017 -1.4985947257817349 -0.47215865300510401 -2.0952708121787809 -0.080826443107690271 -1.5580487652811381 0.32753721742377673 -3.4806871367877514 4.2516255015522901 -2.6126544427232319 -3.6659313516673215 -1.5029394519654615 -1.2143987563600565 -1.596975661628266 0.17953939700808969 1.6222129414592796 1.5120815234880927 4.1021807901281226 3.6669521770361242 -1.9440862629784657 -1.8860046509362258 -2.634888733976092 -3.2586251499112922 -1.9821606324404455 4.9147515903617069 4.0790060925250726 4.8120311240586187 5.6950017758415452 -2.1319817380598978 -3.7262529834402418 -0.68087327951055776 3.8793708077086242 3.018270204890614 -1.8896500028491148 2.3527586518369832 2.4361773678480465 3.5401989572604635 -0.94357160892708547 0.5178530091875212 1.0981603771754793 -1.1447241861760693 5.6480379107268002 1.0257125763910513 1.0435831923743804 1.9668184924153542 2.8807273704240535 2.4713072275447683 2.9453708658843212 1.4245540589463961 2.4378421568276556 2.182676113160066 0.45209373950366916 3.9089763870591052 1.8249665120869287 0.56709295386795222 0.27046533535377848 3.9997167321991984 0.16374669928492003 6.0062512266845944 -0.20559023037105653 -1.2817941101054926 0.30722877930598763 1.3641907220547389 0.091763775780903875 0.17200050329654748 2.391723672939654 2.5207145001160329 -3.1910325806708189 1.8056824672269354 0.45729178881901961 2.5554140728832921 0.5489319540678711 4.1833626856438144 1.9443536407410156 0.98533385940785623 3.6586163902380333 1.1404316794736509 0.20752158244974983 1.6758997873891077 -0.56779008179459611 -3.236733680370512 -0.23392515821095711 1.4029848457557814 0.93056087105584351 -0.25570782318466118 -0.77657952755621751 0.28451728708529256 -2.7499170916269056 -2.9482244824423831 2.6900071306022166 -0.71379167263667764 0.97311567539908794 2.8106326712572502 3.1314583845999344 4.2383376644225326 0.20967510036831721 -0.99156020950104296 -2.869576565610418 0.26160717450407089 0.084747051108258101 -0.66881405160621576 1.9077300108608601 -2.8980865374733535 -4.1814386722893646 -1.8914293927359476 4.9553758204151475 2.8296265560962963 1.8531768170752845 -0.9060557425438811 -0.43571839980020199 0.10541707933396417 -4.0377167529329059 1.384754037728162 -3.1169784634950046 3.7153455081322457 3.3848254212749538 0.98773456753933142 0.6641145033882232 -0.81940030315974965 -1.7051686573490672 -0.36165634827367721 -3.6812326720869137 1.1559108258391873 -0.88997635375690809 -1.8960177941006842 -0.15121384646695843 -0.15225341598730913 -2.9833508053252094 4.0361142509800016 3.6665063691707065 -3.5639533444329845 0.86357808203941411 -2.4719755032081765 0.08140756044976348 -1.1357752070060236 -1.8748989790446857 1.363249738178697 0.28908030533995194 -0.91210697435284305 -2.1397749877580825 -1.2850163604360008 -1.2254411615605432 -0.72129658654067341 -0.44813606211025386 -1.1896650598604885 -0.57562919639067478 0.28000513059570281 0.58106908600651686 -0.68440130510176889 -0.20358182033030209 2.296174516911043 -1.9855996910059022 -1.2859333579315664 -0.16986301256941619 0.085857227080430643 -0.54638044792811713 -0.8072170956664344 -0.44555962082837447 -0.80479355973865974 -1.703849799148244 -1.6849103576355366 -1.1655719491308945 0.86914147573616796 -1.3116518684592771 -0.54102431530493633 1.135700874260503 -2.0274883493990115 -0.85906830245676857 -0.99268551451625564 0.28710277932160905 -0.71725057454014352 1.6103447287666581 0.91280302543522729 0.086689119688484612 -0.64737768146266261 -1.8312755827393927 -0.041627628983728314 1.1736432335499467 -4.624838151256613 -1.8321828049097006 0.20746469756560815 2.4004310558616178 -1.8524456322622067 -0.57115940948318178 0.86129832952167451 0.51310972590722237 -0.71306515158779682 -0.58648482207864372 4.1319526302066656 -2.0489632540221465 -0.77723770644986423 -1.1842375103383131 -0.89099086308206477




