# Created by Octave 5.2.0, Fri Apr 02 16:02:55 2021 CEST <br1@br1>
# name: ptcls
# type: scalar struct
# ndims: 2
 1 1
# length: 2
# name: x
# type: matrix
# rows: 2
# columns: 320
 121.65181043790625 114.80943759555629 113.18935295592168 113.32650719235296 117.95847677002011 119.37893871419047 112.76077314566267 116.25523990665204 122.0943789929858 118.93358834492631 118.13688535395053 116.00613889124635 118.71485587109267 120.25072783505821 119.68081841414489 121.40954545389836 123.93929697719516 122.55939276418492 119.11837784051136 118.28082380389802 118.99502045852984 127.0740771564338 121.30356826429222 128.05917675605124 126.2710650370682 123.3643305339366 126.73251885736448 124.55723876769746 126.03778411479455 129.94567379518267 128.16002391573622 128.94067164503053 126.65766606118885 125.67191461202601 126.82607623150726 125.89589182152477 127.07701650119726 130.90479397440006 130.26432877924648 129.25261185533702 127.80442282852154 127.40816360710021 128.19231141336448 127.90199443702708 128.5354300884766 130.3905329441109 133.49109843506062 132.21764761604163 130.4771543565441 128.94371277915135 128.72010141009849 129.29473441216314 131.05899794627831 129.9489168984492 133.43283174558982 135.72164302811979 132.06891541695921 132.34508612197359 137.49095682004506 133.76624451317241 134.53300767397721 135.00753159327536 134.50396569914304 135.51464716196116 108.14705215165019 107.19661039215889 106.37823812245129 104.07316934555168 104.86041999860464 104.01120179325551 104.19548632888173 98.864812644160594 108.14865281923683 107.21111763312635 106.30744328028348 105.36757209992366 105.86000433811979 105.04162777221993 105.35323798817528 104.31079945116549 109.51144806206803 108.22600134587113 107.30170442866979 106.3837113627836 106.94695949357606 106.0945655659835 106.49581025713869 105.46346824699877 109.08464561941483 109.46563456683823 108.75167818608783 107.76793738778902 108.14357533328034 107.15631505683307 107.58802758622888 106.65513129549549 110.26659566687239 112.00909686456812 110.6419378235404 109.03302880298546 109.19839256143685 108.35425531616124 108.89193499103021 107.81462902597718 112.26295014683366 112.12039065585782 112.00747392019383 110.06735560897526 111.09003531184584 110.08765115536056 110.15130640887328 109.52458362270497 113.57878517540445 113.14200972669846 113.0222900484797 111.45629338615299 111.04640155265621 110.9946477662894 111.16016911390078 110.56911355357045 114.40927244376974 114.87549413022015 114.08781692126674 113.14959235474046 112.10679094933887 111.96792149840479 112.19772524028501 112.15728731034454 113.22437136198887 114.59709488503678 115.56584532271245 114.31151939808497 113.15801002089637 112.71175188736711 112.71871267235041 111.84563921438013 112.72421622786788 114.25959394324275 115.408824299347 115.42340697680878 117.38665871111142 113.91219549500815 113.08941835335699 113.57725787407649 116.23416476407374 115.18263748192551 113.59711101673804 115.5208895347545 116.20715096675461 114.18330676613553 113.78902683412471 110.16128164085909 115.50701548656406 115.59273269370408 117.31401308861571 115.46763630327527 116.34672832440232 117.23870380350648 119.61741513142915 120.62838310452072 116.83750408486056 116.7712740143988 118.05856882825098 118.29014188187398 119.36715202956351 116.55813605130912 121.1421828461238 121.48441366923478 117.5537674827295 117.77057894542345 118.87395035006998 119.01658474610167 120.10716258094703 120.96686220190583 122.53116711356058 120.8073263701187 122.70470300061891 118.48162573918951 119.50048548138781 119.93742427823594 121.60210065285216 122.11248909819008 122.54524698923808 122.00012381501925 122.29932695831239 125.63658258852192 126.93513575394682 121.22793880493946 125.36450841173193 123.05878469242077 123.69721395166751 123.15895671438815 127.96710185432465 126.7765748516222 127.8348402650189 126.56264615621633 127.59850219451425 125.78174415519938 126.56593428358815 126.08003513074817 128.95848464242832 127.96462686078141 127.69569374265052 126.85229783522348 129.01243885861885 128.02848127195494 127.83389550371017 127.33191466009802 130.00816131755286 129.02694801380537 128.67532803972762 130.25138831668409 129.64819221191135 128.5883327510756 128.39178006974566 130.27277423976065 130.93460905441833 130.00749274707954 131.15436055090322 130.83921938586175 129.7174192780154 131.45262964330485 128.9965672289035 129.73476486460913 129.90749935501498 132.13573325609721 131.94079717601301 131.14333477599013 132.62826943646823 130.91290047423297 132.84003230350939 131.24095323542309 132.62713712722405 133.74665580916789 131.89138779720506 131.88621606308007 131.99732060775017 135.61033617520917 133.5600931177342 138.52836675289279 133.90474997186638 134.73274172139477 132.48435308723813 134.41711800201705 136.27826975458925 134.64748658360438 136.67210064539762 136.51888468057393 134.38221480305876 133.70933925813529 135.61445026002579 135.98005860550512 137.36628233122738 136.72700861267703 135.80446315429998 134.4850956598265 137.23707639427187 136.93109099769831 136.35937872681623 136.7381054725123 138.44371891728474 136.9735302472784 139.03358551959295 140.12867558763406 138.58539279481428 138.88035148330974 137.75935280415064 137.06563226855346 138.81834813855079 137.79001231731147 137.66641230087308 141.34635412784837 139.07696228765184 138.77073004666934 138.22468573153421 139.50134702088423 139.86574057722754 139.25749914614218 139.56698008525717 138.74500265481981 140.10081121955159 139.78281335530468 139.24524739039367 140.82162146666167 141.27429964505703 140.45330509265295 140.59136983546716 139.99209384324291 140.89799510882119 140.33742784177471 141.47400264161297 142.06589295262248 142.31012540914753 141.47236758447664 141.8628592553527 141.03906723563594 142.09087603025762 141.53211486072647 142.65894163289354 143.19544004203644 143.4511658001534 142.620129884953 142.92153368300092 142.11889936070921 143.30368315553233 142.68776907277459 143.67835606286565 144.33984076056822 144.48065581911442 143.71602724765853 144.3403114298732 143.6521317481839 144.61044150878047 143.83660913452292 144.65517055171861 145.35869594607098 145.7034011465737 144.80510684631125 145.78901177295305 145.00685661356619
 84.924048408459242 92.681933364560919 94.164234412839903 104.16135802173517 92.640765697327495 97.500312527158982 100.99474109026877 99.341099642974271 81.599763425520067 86.041631113769768 91.621430590615702 92.918856439216754 96.529916167795776 96.706061970661892 98.57941864037322 97.515098017590063 82.53449741611773 83.677206815942967 90.309268892580405 87.141311749915488 93.089760848183232 94.796564907936926 96.421735984835692 95.742830318111615 87.17825861238849 90.021922976510794 89.988472326989012 92.863986997441899 93.87779913761841 93.146396089235324 94.013212745382589 94.812039182040252 88.88749447883967 88.515555306075015 92.190429285035847 92.783237438665708 93.490006776447785 93.732951282666335 96.166375280333739 96.751637238401457 89.079560059176998 90.85487391089994 90.064292956210124 91.911849509119165 92.815899855311898 92.089803622332951 96.924582385939416 98.2975079835511 90.107771609721198 89.118322847089942 90.96627702224761 91.872125720868297 91.221243496942293 91.076401557301651 98.006904359988923 97.835934049823067 90.210726092181162 91.390969251016315 93.614911621623605 95.625218765033779 96.330230466349988 95.317289776858857 97.477586623859395 96.724487196688443 86.148684690251798 86.789964598658543 87.557798131033863 89.788321623639945 90.551009970149465 91.286933655411787 92.621781723900185 97.060536391301994 87.407873158219772 88.208270849649509 88.924659383045793 89.541822270536869 90.957868525988843 91.769683173198899 92.838846845633526 93.781725456562043 86.872690750341462 88.622890508170528 89.304459076652108 90.032261640500025 91.037493606497037 91.991745699162379 93.099891276753709 93.975002012378326 87.833405696133838 88.939064893359685 89.722379908377931 90.43709576693513 91.427118988626376 92.151264975372342 93.597725199289727 94.390463960075238 87.978132456233908 86.162183285666316 89.413058889015431 90.826936701587329 91.953367250962287 92.586011683947376 93.743137921365602 94.628411620401224 82.985501146275467 84.728646271344999 87.322224313629121 91.197663753608637 91.903109641503988 92.482637363940526 93.781023616456864 94.571653656256501 83.680794802584202 85.740142079938721 86.821641429240756 88.420945750921717 90.690493582672048 93.017956453176595 94.363512724488032 95.286101081848614 82.333459969349221 83.753692455266886 86.515132982373828 88.326886603435696 89.208661052686097 92.597116857273676 93.612168020970245 94.83865090356079 82.609292372903639 84.857791364193261 85.534948867990138 87.909864426290824 89.355715355353908 90.417497490916347 91.631234937968273 101.79157535421548 79.370425215629979 81.14428519190831 81.440337621608933 88.5291828448198 87.90527937427575 90.289737010128405 92.80906455732584 101.72555356359177 77.555328086492025 77.361385330853892 80.078709852908844 82.641689243046628 87.082023591372931 89.298202619733644 91.868916399009507 101.53177383598148 76.341293109426232 78.401271763366495 77.556367429246052 80.353242165938212 81.968798513114905 86.81972767545048 87.83359431393535 84.276866503842001 75.024742262595254 76.394740830482036 76.679903581901939 78.10672844304618 78.206524444111267 86.017052709421066 82.637961110010622 83.696113987549779 74.291521825309189 75.642092589150181 75.948393109440772 77.145801834920249 77.438107664242438 78.144776178615786 78.699826798421057 81.464768836160658 69.92878032953692 74.784765365638762 75.084201378377173 76.287950258196503 76.146979316932146 77.745310449096834 80.62948409659711 79.662409060347258 71.13700881016004 72.30264261729323 73.747750404438548 77.113730728419057 77.944487495202011 79.712534967854609 80.661959649096843 81.69109732459151 73.077239887719074 74.871251495756695 75.93274441730118 77.891773432901132 79.627772225316377 79.439134528963748 80.388861154001162 86.120404498698605 75.986276073526568 74.342478870956043 78.151448172604802 78.933969296566673 79.757384885581232 80.717244526587294 86.867031108591831 87.786879903836947 76.507134866512445 77.097893173629089 78.664666156192538 80.097878669583594 81.101835789479296 81.824173274802547 88.135056060913399 88.879881903255011 77.220076340298647 78.977630889274153 79.35353349418196 81.252196194897436 82.202095787647693 83.830218710134432 87.187286067994236 87.926232840262742 77.735295711268932 78.232712909810914 80.3567903242228 82.702263792076451 83.940385445316863 87.910195549688922 89.485653194481856 89.45609978550354 79.313383889593993 79.688875546839441 81.82415269241946 87.361634936315895 88.3612747529328 90.307856416082871 90.906721744493822 93.292780420128878 80.972172388296542 83.129475135612182 82.766103561666739 87.209385621672652 89.365476138224722 91.24052973850884 92.575498449758868 97.125161355479406 82.01298515147883 82.918866441268037 87.079647974610822 88.297315026800263 89.528627269252652 90.415881444904613 91.339743326937111 102.95305368190908 82.34756778692612 81.327545030978527 85.687752028699634 87.161425420768396 89.840846329988423 91.575483531619057 95.42080594419383 95.232592696009874 83.914611796872521 84.925767292314532 86.641845796226178 88.402272777461775 90.855325741482844 90.688604952558947 92.481596508952592 95.45326073865985 86.008531717785019 87.012925406906689 88.752245014074774 89.444425130228751 91.087220700071384 91.971262438130367 93.110262026608737 94.328916283605267 85.838364478683829 86.952520460169794 87.975466932918025 90.188018794878289 91.221772307689363 92.011902285014585 93.073031395532681 94.160876386912591 87.142000233078193 88.37273144558965 89.100896231556021 90.443186547611489 91.496556743873171 92.402712915781436 93.415392088197947 94.182815189538189 87.178037709461648 88.039341491568692 89.339500682932155 90.442075881159795 91.831094577851175 92.544480430882032 93.840759967259757 94.627230895411884 87.250600415941477 88.245976482035843 89.266878877246839 91.01298497474059 92.189878879060416 93.088808252611685 94.130520810014133 94.912261347923959 87.359626398451823 88.135500629768259 90.011078304774131 91.433820515384994 92.694557930912481 93.242185251996332 93.932378845265958 94.913835576653597


# name: v
# type: matrix
# rows: 2
# columns: 320
 -1.1261607165864442 -1.2194743535051125 -1.9644016457783811 -2.3640325970648104 -1.0620478899936139 0.01111426793742582 -1.7537331921208406 -2.1848560259870178 -2.3241172813416728 -0.088349865209721046 -1.29778769017231 -0.075378341854425573 -1.2164375643712553 0.25530820007143473 -1.2342109780784258 -2.4523180637121151 -0.11326485628675149 -1.3008883258870492 -1.7386934580293314 0.12523196152190633 -0.76830558669221694 1.3423685630058388 -0.92767568331242578 1.1672257949555453 2.7789104779643172 0.18963793975630527 0.59270444594154492 0.75305569987767118 1.4875014795773278 2.381580472750608 1.0679861599424323 3.5782271328893782 0.61019032377254079 -3.0046492918856917 1.4632333011916201 1.8305168332919897 3.0802955078985321 1.099871222701772 1.0058618811414068 0.25444560544937056 1.374093229892376 4.0960256657302008 1.8299245486096756 0.85078287805478503 2.8683773313148393 3.6110048098825622 4.1078974766291152 0.5690421854722636 1.4216176664852473 1.3204693431341441 1.0222012818635191 0.7612220247250906 -1.7745392103791617 0.77728425663558054 0.25109039661080157 2.829063276220646 1.4367898288477223 1.1322314937679989 0.18045888576253327 0.64756615844078613 1.770309879795336 3.3484307308247994 2.5442602545608448 2.3068935633787295 0.69189079086213834 -0.77699041252246948 -2.0289931477645187 -1.1039958178697034 -1.5683723844346198 -3.2001640746895212 -1.3978436008844906 -4.8083481724781443 -2.7764569344904122 -0.23819411036947161 -0.27600202025153864 -2.2593624602682083 -3.1650540293448595 -1.373512616787731 -2.4736813415212677 -2.2488132597747392 0.73133087517990092 -1.637990047119088 -0.93312991142347712 1.2882836135692524 -1.4494011808247922 -2.8845921935539947 -2.8392333941146219 -3.7449274537795088 -0.93437806568566983 -2.1251123815405975 -0.48541267636715135 -0.27893498589696925 -3.1002083959679489 -3.946863961836879 -2.8950290570700239 -1.758330836514115 1.2299717651577269 0.0037079779118051118 -0.91769099577469648 -0.83628900160877517 -2.9963473939500935 -2.384223022683901 0.49958741783186411 -0.71284091219150891 -1.1116114962891572 -0.66266101486149342 -0.57538037999142821 0.35610186403910754 -1.0060161640082901 -4.7149119821173056 -1.9413286273847066 -0.23552587102168515 0.13783839936999898 0.84118502971941056 -0.66449291948593536 -2.9795960361547329 -0.81062527301096632 -0.55069062800602131 -1.863539743977221 -0.6143367067709905 -0.97509861362067185 0.24432223848669077 -2.2598967073448688 0.20229929295839477 -2.1225643963575718 -2.7894945302820506 -0.52156020668755343 -0.49028945842475452 -0.017039604583068357 -3.4421411983308978 -1.6371252174178408 -3.3367186257747306 -2.4289937531905457 -2.5873250511397012 -1.1860731467496193 -4.5121326151189871 -3.1299901590774795 -3.304425390363297 1.4912117341328601 -1.1482605084410036 -0.83504559552288504 -1.6834704095741966 -0.6610290732670645 -2.9013126743815598 -1.1764559826025378 0.27395008611436955 -2.484584868843482 -0.57518843425132071 -2.2185361458180921 -2.8699382597234147 -0.93773105602928064 -2.6764506524047271 -2.232101660287932 -3.1169890452126583 -0.2355545937868076 -0.77276167711795896 -0.80136254938890994 -2.4509918778797677 -1.0556403480247281 1.498008945580914 -2.4373092694678937 -3.5751180111554706 -3.3462500129957351 0.13483934251080348 -1.7350169694769215 -1.6965857865557441 3.7569972941731002 -0.96660418003950943 -1.2824585263467483 -1.6420707776366967 -2.260915946388673 -0.51008910335840463 -0.17208100964220488 0.88409178011006129 -1.1939328335132489 0.76369871978407533 0.5054346962863967 -2.3914718378669764 -0.44896050624671341 0.052748933614716179 -2.1840148955193484 -0.036509282916930966 1.2607018179125262 -1.6095132313344847 -1.2368877482716267 1.5543130853033005 0.32579223873062446 -0.60520271345360388 0.72271542365943142 -0.87218855184293187 -0.64045823660185119 -2.1483211927117556 1.427736991021253 0.95584787239402935 2.0000467382204135 1.5568989302345078 0.81980082964129453 -0.76415216262523833 0.70345173281037887 -0.81738878433985618 0.2203268018863461 2.8256859285895386 -3.4555538735757363 0.77327538104381799 -1.7308353120690816 1.4457749750080537 1.1314953904234974 -0.91789274888315087 -1.7890088715621104 0.37497307436349686 0.47019658261935093 0.7839571780513257 1.5800681869599744 0.31015629670787254 1.0335730025481753 0.11977015546973613 0.91382188352142979 0.63983993861069 1.0384397364924856 -0.34442015625293165 -2.0092787010261439 1.943522846273801 0.57808016784609384 -1.1594030832966995 1.7689390415485677 4.6021330216449448 0.51149727479805762 0.23776539770472188 -1.1545307575852801 0.6972026515574864 1.0726930785219402 -2.6895330335504419 1.5407568341347373 -0.082049346893497105 -1.9752073293819727 -1.3388954267892645 0.85713850601929786 1.9895906864844251 0.31294720381796615 5.7490381776655104 0.54143862436793833 -0.028360085878603142 1.7097218808829939 2.8670766887102919 -0.040667247293803291 -0.056606214540139282 1.4837489577219525 5.3590157978534645 1.0164837313490631 -1.3499595793809489 0.099186023385414643 2.2981856378254837 2.2789594443837302 0.90464847200484388 3.8352168753221334 -1.1396072695747648 0.518855647997856 2.6141876250520761 0.015064807367600293 -1.4924469146414743 2.3667403636667186 0.58607285342994675 4.2548764657892315 0.99264633348750364 1.02856214221908 1.9124920597206054 1.757385561236483 3.1470109897150951 1.6387114714104898 1.6760067363736182 1.1266911695825987 5.0651212607054168 0.79359266372738202 -0.99086248269063548 1.9212907835371507 5.4529570099916667 1.7646180981211521 -0.043646719670250217 1.3908125279686472 -0.20912535154909154 0.27207828162548686 1.5439223619903908 0.90535097704738188 1.2508608006406925 0.69673839714748753 -0.14607359506972278 5.5611018687753164 2.4005336644476101 0.59179789954194872 2.141712838465986 2.4061194756852844 -0.0764413355985189 -1.1502666939411776 3.2043856576980732 1.1560653142918695 -1.0128970738304544 2.603163930261942 0.74961108980729807 0.89335742336172086 0.12790074384308359 0.53799791167923161 -0.72515688298853631 1.3355673382449957 1.0057042982198878 2.9693637405811315 0.82068956740827859 1.5270365738988165 1.2526915618334167 1.3193573282074436 -0.1477664279569659 0.76428355992173458 1.2160462267948144 0.77959198965861032 1.7716940937380821 1.4148800614686858 3.9253555310079347 1.0098065544262689 -1.0387536963340764 3.3830026847428583 0.83131068235273864
 -5.4782306281193103 -3.6716858334745521 -1.771477337901187 3.2186411567782724 -1.9237116831441405 -0.49220948412536081 3.3532557319323635 0.29108599795669898 -6.9766324761170067 -6.1229006188504593 -1.6965776895024203 -2.0197451817913641 0.54622489916598127 -0.8991914448306052 -1.1172775709711358 -3.629940869645397 -6.1053945791139803 -6.0394265886417271 -2.1887378269014768 -3.4300284416072264 -1.8640155455390586 -2.5581300548517487 0.043433886934211664 -1.2395652985473018 -2.8568649244910675 -1.9360448762617062 -3.2811120613299689 -1.3493565769653089 -1.3932171134582896 -4.8966318787507603 -3.6004416136743238 -2.2148962641195031 -2.1217448867126123 -5.0088561343921914 -1.0617740058245841 -3.1601414854567693 -0.45177259284562099 -4.6864386768416617 -1.2675865084066709 -4.1522565746783542 -3.5976428744734377 -3.5308595017932936 -4.0262403232144326 -0.70258970393487086 -2.5715234415910038 -1.7057166867702109 0.49621661675536299 -0.57880828664660067 -2.0953059721160607 -0.25525318455183349 -4.4408810089672484 -0.46443962315842213 -2.3040599530329313 -4.6087684228349914 0.42618777198669083 -2.2397184708459399 -2.3104080607626374 -0.2944841468958202 -2.234886375459431 2.8183799657167432 1.02235354814657 -4.0120108764217219 -1.4109417072817505 0.71325975989194335 -0.78905599303476204 -0.44776991942902306 -1.3486019382484027 -1.7249014769192212 -0.25618368515634854 -0.42830262772830163 -0.81956696630685433 1.2975106343904557 -2.589543980167397 0.59445240315723846 2.3580811557311456 -2.4517180324190364 -0.5013175396192151 -1.3721461152035679 1.6969551016614779 0.33041283683646155 2.1717002680503339 -1.0650461612385693 -1.6629450519380511 -1.1489217054262053 -1.4448770515130458 -0.60549558544706106 0.18845847727865267 -0.94844017049094553 2.1992028389438945 -0.991167641872849 2.541805053291978 -3.3811601989843303 0.16710195890746543 -4.1392551232679375 -1.3813557138586463 -0.45622862990224966 0.21339722729221719 -0.25736028793130794 1.6956194559406916 -0.54401726824781094 -1.1892262296539886 1.6786817801123592 -0.68956895210865177 1.8093794979941467 -0.17721786398681727 -0.49211318145855804 -1.6658302291308413 0.15158829125197529 -0.28379728420097061 -0.012734520185606706 1.6196485487715333 -0.99324476306301934 -0.75876881139461361 -1.9538821476885382 -2.6746715931287892 -2.2666214382546763 -4.3859615757535195 -0.61686097075594648 0.10915634459605304 -0.66515595976441 -1.0674577047535643 -2.460796905597864 -0.32867978931128372 -1.5527596344052115 -2.0383598350079337 0.5705995574580599 -0.24202748544040792 2.2607948308890924 -3.5481465913078556 -4.377399528650141 -1.9404895465358236 -3.6532794457521938 -2.2371402878447237 -0.58816739888545744 -0.17305274777931492 5.4459325924475648 -3.4984635681116689 -3.9177937310635587 -0.67659149417176523 0.14722443394848084 -2.4521520456903243 -2.402575514199226 -0.49028211144090461 1.9635738450347233 -3.8966223204647181 -3.9367364140596344 -2.5480465931384444 -4.6311772554159445 0.50865263398159155 0.025140838227327322 0.00056911985842795013 3.2374351048568148 -1.7499090967956068 -3.229327973600201 -6.645171755582818 -0.69132470451759198 -2.0536712421366352 -1.3521832880992868 -3.205949571901725 -3.7102126112596419 -5.8206546449680268 -7.4189132687929629 -4.8634759469835824 -5.2298257815752596 -4.6390166813504532 -3.8309077155913407 -4.8732296109082487 -3.6412540597383387 -5.0283439140235844 -5.2028711448168981 -6.6784892297536294 -5.018650318084191 -6.4166629538337041 -6.2243407308997059 -8.8797923015972806 -5.4253704829962475 -7.9566499234100823 -4.6627119896404627 -5.0746101742202478 -4.8281563625338153 -7.8131098829924452 -5.3116287906615058 -7.135156799182953 -8.2186639581305645 -6.6415766857808203 -6.4620499874998005 -5.1488790359663916 -5.3349280937486059 -7.6682163897085394 -6.5837610956341734 -5.8659075519069575 -6.4276027231924724 -4.738804478626796 -7.0706781989493015 -6.3325630750399711 -6.3712093116913797 -2.6810321257353396 -5.9985468530490547 -7.5821058051637342 -2.6251084591912965 -3.2834322413520827 -4.582322506261896 -4.6474170738848564 -4.8905277151846756 -4.0834476199828229 -2.3231498534843813 -1.8918063167193746 -4.3569132529887424 -4.9787111299884499 -5.954339351122945 -6.4022000690742855 -2.1120212688627005 -1.3989747133447785 -5.7386457025052309 -0.83545123772073604 -0.99754516375836344 -5.3863461019402727 -5.7895366390757479 -5.537061756773217 -2.448856049817481 -4.4692953463480993 -5.625588357592604 -0.31721173263900726 -3.6061154344521498 -4.4545688225782891 -3.9898894127590205 -3.3335058341968473 -2.7713659937596273 -2.0115540449745759 -4.2067466891804228 -0.95223414663262496 -1.9053621932769333 -3.8445967324620334 -2.1972552474220324 -4.665810636619069 0.45664814335878245 -1.9283907054144678 -2.49940000123804 -2.7080673837707341 -2.3606076097427184 -3.0677703188445413 -3.1672759824319869 -2.7363013144206723 -1.6383734481014556 -1.1135452438381019 0.075957876116463069 -1.656252470654908 0.031876118326531852 -5.2351309692327899 -4.0972202106742523 0.14615879849616364 -0.55423943842350054 0.95582274692322144 -3.147288827595244 -1.7041750568193781 4.0361142509800016 -2.4685797969105097 -1.5505830116657842 -3.3178132356611196 -2.0058102681544696 0.32333332813687915 -0.82425510529033097 -0.62319675600804625 -0.16780461168712324 0.73536161484618212 -1.9043667318909372 -1.9240730954175611 0.10522605410066804 1.244140389277858 -0.75071333334996659 1.1049727091429575 -1.7749416523351507 -3.2545826930363355 0.51954493790231771 -1.7508067031036323 0.48607127096498581 -1.4528367307748618 0.86794715844540116 -1.8582825088221089 0.74684985400563764 -0.83620551755443107 -1.1209645000573971 -0.14368113442927766 -0.6967316102350628 -1.1309325470547027 -0.60571539437574518 -1.5989460362243832 -0.22986399161799853 0.35921391450774781 -1.3065062764106385 0.0038453539359811634 -0.48311266888520649 -0.073394605090306153 0.81534302473602538 1.0654818900697183 0.72629419964771236 0.48850389788520082 -0.42688076430300004 0.56813777176958968 -0.28806587008740608 -0.404848243043957 -1.1625985141205537 0.42168219478316743 -0.071193299266905999 1.1647345136083798 -1.6729218343088277 0.36911343998012064 -0.082103112722138299 -0.41636139005680611 1.0563149853218339 -1.6149929432090036 -0.69769447949535235 1.035060103308143 0.81966427599613134 -0.81294023951326433 -0.39914200497991897 -1.4227470783582108 1.548001408967943 2.2828237938238058 -0.74785324773214978




