# Created by Octave 5.2.0, Fri Apr 02 16:08:10 2021 CEST <br1@br1>
# name: ptcls
# type: scalar struct
# ndims: 2
 1 1
# length: 2
# name: x
# type: matrix
# rows: 2
# columns: 320
 194.36544639531991 75.142205677069114 76.02592109017877 50.032532416904147 80.197912389554148 106.51784826503371 23.664545144848653 57.701098410169045 38.014399443103514 114.82917747542594 79.701249431254183 76.71666926775768 98.969297497988521 105.55193534258993 104.73138441778565 109.42635612708683 15.662104964990101 56.311297342320472 77.116161248395585 79.013202496477561 78.69675401815401 156.48292751914843 105.86262370267643 158.49129746578532 154.86917673328261 142.01539583685212 155.79464290153484 155.47750838253438 164.59354338782455 159.5503314706192 154.56961494637602 157.9475855243669 156.49037846515682 149.65905357643186 161.98929067916393 156.26593369323746 157.58692023348794 161.03278817521922 160.20209710328729 157.31665733007006 159.98082114848251 161.36253558250334 155.01365063177224 165.0388381143149 156.84008271398289 170.15177704790395 177.65279743238492 177.08003043162191 158.91583392227659 154.68143362506737 145.68974171871542 159.5646584783201 161.22744117080961 158.28719541459029 178.9162111290249 181.71787083373565 159.27256952968588 165.46880806716521 181.78355204533236 184.00812841106469 178.25965423010391 180.14672148813025 179.61202935649044 177.89065715378911 66.322537386068433 67.333162407725084 67.023623713524017 36.811840650629136 66.574614947310749 65.972617631458647 68.591194059933727 29.998918378252242 67.654324786711285 68.321733596713727 67.623400735910906 66.68781985419659 69.118152114813455 66.500376425727168 67.387861051163057 67.505627598727742 76.016806745414868 73.843387056054198 69.192274114020236 68.529905433576033 68.628861408396631 67.054450026538746 70.152510424427248 68.027507513417731 77.276693981634963 74.44675618686864 73.373565345714169 68.847051311029546 69.646029965203226 69.569957238529469 69.791681801423252 70.385054921700871 104.98867432027478 45.341439240962927 74.873413366895875 69.92116124295768 70.716327076712531 68.761231985314069 71.278553504751159 67.724652259666158 77.901250568169715 80.104706822617558 76.821600365596765 71.297905484902913 71.922705749884486 72.233761556077368 70.875708413818842 73.631660220132105 77.814636261343793 87.100717795134159 78.284896539764034 75.184918134538862 70.963133421779361 74.79523546070476 91.870437095889116 71.479576236625689 58.450397286243174 81.564410126030239 75.911482642701188 77.338652114682276 74.128787650124465 72.688350273194672 73.256898005372932 74.349889695920496 116.57148382935704 76.6094524545517 76.985978936973325 79.45368063316478 74.969873443048385 72.893581366631963 75.637659806135275 39.643995092248588 71.898183394742475 72.931390210688875 81.250456387678753 97.354938282013762 78.906117610921925 76.609601115701821 73.920398684985528 28.702877688493622 120.85483230848513 124.43054372513386 34.591217033288842 79.759958615760326 78.00536271864182 79.129238783070889 75.731047187177623 38.862174331613929 240.55931924412943 129.26210254308441 150.16488107610178 72.950051993268474 77.27162222365908 80.67135682831146 107.08252618174427 17.467157348538834 129.50672772259941 116.38760841619771 95.499955124360625 94.160522260160292 58.49993723095546 82.215060307593177 36.719119003125833 59.259413930152974 123.8254993084938 127.72949957465343 118.43523845438872 60.995106793184846 16.886216662234474 18.104385264529938 87.947914867506 59.631435627249417 119.70316560903542 101.79928893285633 89.296593651944534 60.868936316371162 93.901014683342794 127.24026881361212 124.12180112736641 83.218247122032309 91.687117805714053 177.93446594371238 146.63560102393006 59.607821116926004 169.74566577733844 36.840455632251476 38.022831279563825 60.468584765488252 147.63238326232178 149.76210139104853 188.94280139516442 180.28600694565091 179.87265069966432 158.41143339588717 126.77667851076249 125.72740246428296 137.49532437952161 138.13979301825356 154.89252708701594 178.71098104649059 169.06354930551123 155.90655121507695 156.27484669684188 157.93164953538306 119.96447368509649 131.66287073088401 160.40810752124364 167.92762026229411 160.61635502878988 115.47267420630847 155.98642290303403 158.57179121007459 167.2978871919984 114.51301884547144 161.17747557097121 122.01335288962262 121.60456900240943 128.78097940665802 159.1673380587502 155.03167024398536 115.11416496706239 119.52751252359349 161.70755342237371 116.44511013638056 237.17885127117449 157.22890096619017 160.85376535721252 157.21609035586565 192.7470878145015 112.08429182813428 162.40452172629705 156.07739929033085 160.34935858027214 174.13790187672555 171.86617480047778 179.22008477900161 148.15454115700859 84.098325976701034 128.94425762489024 176.18592628558338 175.23240024821953 159.40647775287002 176.80322316638762 178.5754960180943 147.60508537882856 120.64169779816116 174.86555992744405 177.25548918823412 176.81508353204447 175.58392297532026 156.36222624215151 103.94362083520576 201.66868081569928 188.84874417599298 103.14626509096206 185.86098599250957 177.47058330128209 176.32035588245239 179.0997354797762 181.75397433386749 167.37493504542272 168.71954382986246 156.24844078012592 179.41096891741589 180.25667069448016 175.42721254950717 175.91228368838054 179.31066238577236 176.33534619200842 181.91668588766518 180.97717501521836 177.00074789536839 178.05018871908564 178.62989855967066 180.72032036481153 175.07230809567639 178.10368857027268 186.20526022448175 186.95455690576668 183.85081364194167 182.77079172582384 182.85361866041876 180.6530888924807 180.14665065340651 184.81412775400756 183.9797497041221 182.97616132304412 181.87723661385368 180.42743863686474 179.93655992713349 182.49299205241684 184.41166492964967 185.00420249847406 183.87328869786089 182.07682462332298 180.99601672021231 181.14063046609019 180.76500223501111 183.77910854382299 182.73728989967623 187.61018475481609 185.05408221191877 183.0082962796356 183.26727755720009 186.04303710519574 183.51884854599732 181.93714249129539 172.54343747672056 185.44908069314394 184.95951250597702 184.19380552725113 181.93881187436725 186.34206214967512 184.45272750830699 183.40809295627537 187.12898859160248
 81.626405193352795 57.129704534847079 69.72647450454032 189.81351570018219 46.407281772312672 64.793354760488313 186.48724223211573 107.14220438824618 8.9692243836256509 21.739539023718454 47.909140823727256 71.678025021505761 77.389951008480836 65.318572504000997 64.306180589035037 78.162994301326506 36.345373794837428 13.955934712778362 45.364164192960445 44.40123953552218 47.558176528655721 30.687449051292425 63.823629065154556 31.383043778908362 27.977252266688254 43.482282370864461 29.760757459743743 56.974131353009575 38.803076337121666 32.316685254325748 35.401684554248824 32.407861317072722 24.776700181038787 34.169371901869319 25.698260738408234 31.774161254092011 30.364976486463583 32.688684628870142 28.446152769014319 31.468300455260813 29.617110790539677 26.748419259465596 26.958527156937539 29.197672607149411 29.497301008770396 20.4286099437385 81.644056202823862 82.576938753596409 30.072544721412974 30.150223850873999 34.77693631605824 30.998418244359652 27.887807657477925 28.203131168073099 81.732092742269998 83.268701834851541 27.67414045620513 62.55841944674733 76.069795815714386 84.161072804667256 82.520561796008707 81.570168235950362 82.533953826008982 80.57490195237186 71.323709556037713 67.014610210317471 75.841969162883444 69.778097370539442 73.50491186694498 72.657363466738161 73.766258418615891 131.83382139295841 68.469957004295907 67.362089070117534 69.81126198007307 69.005880035421214 71.539617988543128 70.245903869790965 70.97382123932617 74.267582344438154 67.471495366906311 67.390269917591041 66.682319974689705 70.61405736499016 69.373613366290158 72.235846047066445 71.275213111873725 71.987329149946575 69.46733010172828 68.299124385859159 68.638102164525392 68.228436594461613 68.944662143303702 70.115801757713527 72.335453086064334 73.205760055317612 63.209064035142099 110.67320054591961 67.263899290878015 67.655931012561098 70.156732073450385 72.738060038480612 71.199319808916783 73.122549052217892 44.516178104528663 35.717485227558818 70.381125285648594 69.239770819536304 70.183474442304828 72.04560895542636 72.126440530829171 71.643729928098423 48.37758021386643 68.87055776840316 45.533208729440283 69.086006987728041 68.186673719163267 71.316961790986142 112.41030285659288 73.058532295194283 59.08853741569478 46.122129403996311 45.768707414370532 67.649553927302122 69.394473750801779 70.979557904438508 72.773057455754639 72.415746848598687 51.267118947758526 44.474695148340992 46.510097409037556 45.396822276734753 70.111892635949658 69.807307979173004 72.09177843152608 194.28010209698155 6.9834642623636762 6.5540767202731738 36.078052761662661 48.078147299507208 48.651860938465497 68.572758470542766 70.537907173584202 145.95410345200804 34.623331340508642 40.765893023864813 26.553139790761815 36.771136632670732 46.633465658161938 46.436037149042058 70.83456102957976 193.56500370385461 56.179141879835498 48.478009839042933 73.614622501417784 7.6128228227068053 43.59326049288611 45.484045513798492 56.162553003714542 36.889531874870855 8.5822931073233573 24.565151876957426 11.684555615196754 45.683697135339528 5.6214836659851608 54.608835199510118 7.510478928173999 4.367364850385151 51.297849143580834 37.348952998797571 39.428646456489076 14.397720408624478 35.927762263683981 35.76913520048322 40.456244376739889 3.301604514458409 38.808063967346904 29.059030723450796 13.547185001862546 4.986693474368983 10.60448584080814 11.578255605066634 1.6881434524950618 33.818666559958366 77.90611850629854 75.566541446601619 13.324395847478065 5.4654447497134555 3.5850225268828737 8.6914685736925659 7.8584497550707546 4.0132924837401198 12.607611770555803 25.121697507430337 25.737127131024735 10.53208762725968 9.5265022874116809 19.791329333368569 12.613042194790252 89.86546195188096 15.899553463302661 16.950875263269001 25.41632673102384 10.262459968848853 2.6224174064230508 23.6321167109366 27.490840116224028 29.271815728072255 13.279462915609697 10.781438664780573 15.421950518154254 9.856160597666598 5.8626632863458275 4.3903804876279242 26.067388560986991 26.881185244714498 8.9108203653521638 3.7340231565210811 6.7724176696091307 33.945226416612108 11.57593215370367 37.183992578169146 28.860658942235851 29.052964318594118 5.5246102655296649 12.104550999831341 5.7700183481364897 4.7881403668445941 24.150342869188592 27.164957237811908 25.641008511785497 28.158211372105999 52.85282204470834 10.904840407819556 6.6299568129215585 28.652259435166105 27.171543834791372 77.855538160438314 9.3691024377332539 78.700667967757667 8.2773503124985286 52.873329214949244 26.165364372900434 79.701863815514542 80.366295647152512 65.137874455685733 80.748943731743807 79.713599932996971 9.4823871991882474 12.168058926977254 81.356873188352893 79.636520234296214 78.608027819639005 78.098846902723253 32.831673514655805 188.87908439178193 57.866871299433157 24.382633144783387 103.11281358448151 74.971987766602325 77.595134361961499 81.673677390388789 80.700633007282889 82.142792636184822 79.808497088997512 56.056017024576065 59.392287677070989 76.729780010125722 76.020664873917937 82.292761678447093 75.812986124087246 83.644286015701212 77.37019985068288 74.141362002389371 74.994627595223392 76.619325407868672 76.690396770978012 77.578948131593023 76.926794042113869 77.069732634171004 78.708275910790377 78.582216954109413 75.484657243721585 75.60196226734773 75.321711473560526 76.388910286767057 83.816765311109933 80.07450851885767 74.041605834307859 77.01220868594767 77.497142372950108 77.225754068816201 79.02702829054634 77.836207093819795 81.325177958840612 80.232027256236137 75.822607476827145 78.079354322988934 78.254458755967363 78.042101568724462 81.113508865198753 82.588952263713139 83.150653427127821 82.642020072293462 78.893325252014165 77.126732406551724 78.766827344959296 79.755612729567673 77.468856255825955 81.937684696567601 80.385327108325612 110.62537254514291 79.411135211764773 78.382822531843331 79.117761334873279 79.317767351394579 76.467381889102754 81.421867822868165 80.878823678918494 77.865025670391432


# name: v
# type: matrix
# rows: 2
# columns: 320
 4.0452272840958052 -1.5491047806532685 -0.87742481597308175 -2.3617106020879088 -3.5607663554874014 -0.54279923590532186 -6.2106094508590788 -2.1848560259870178 -3.0876878857540158 -0.60100659307165627 -1.3225017115789917 0.31617862518649276 -0.74118715823311598 -1.5452609860591253 -0.66542256136073874 0.0054553980679680576 -7.8098818193236097 -4.4819068742017949 -2.667735258634127 -2.1317815137633644 -0.62628186898236582 0.13964454004343166 -1.2804432074583902 1.8849553179984835 1.7418656394532459 0.35029495785484888 -1.4709075146544015 1.1313036246855084 1.7875350110661496 1.3635129458596036 3.0128946453212055 1.8526392528469457 1.2456625679989437 5.2435936435317503 -0.16924270747493786 1.9420369033876994 3.5723942799264425 -0.041866409524073708 0.52902381352733996 3.2063109907455516 -0.50014908879156994 2.3231047080577283 -2.7250094977897716 2.3250116500154943 3.1175373127547386 1.6961192366017308 3.4044953205872637 2.2529373896331832 1.3725438903880551 -0.19688713454807261 0.56229828007824556 2.8075565219800276 0.90313658857574641 0.72019942656710501 1.2528588140581653 0.484632774716102 1.2704492105555982 1.3293554749027776 3.4875402523767569 1.8894122763418562 2.5746448501845216 4.410871639081571 0.41331527440387478 1.4799392977648835 -1.5435552458319624 -1.5245195618415359 1.0443487667755409 -2.5555409142093808 -3.8903684773961471 -0.60525008791997703 -2.9759086522596228 4.8083481724781443 -1.5002732389752822 -0.49281535944876037 -1.1992202698418533 -0.81510507284850775 -1.2044882142895585 -3.0278622179633996 -3.7338996901601984 -1.1805846999553575 -1.8292930574450168 -0.59900762144137909 -2.1574427409476775 -2.3114389353729003 -1.5144319379537572 -0.53717668438804878 0.76271501621635751 0.27678072861907571 -2.1359582974322255 0.36437110786984622 -1.4876581622387723 -2.5562167769384452 -0.26844368661193857 -1.9677003103118456 -0.642238642520085 -0.76705119922228449 2.8921549464946699 -6.2008401770682422 0.14912686652279636 -1.8963736310786234 -3.7097951115638375 -0.98085296725257298 -3.2110833372884917 -1.5283562735010141 0.81801087278019557 -1.5532056257079283 -1.3196871118484481 -0.3983087185453329 0.0049517997767901389 -2.3020943682808537 -2.1137884128700537 -1.4847922060475653 -2.8483722757391461 0.83635664410673316 0.28719164601346758 -0.039931049151022524 -0.75896952311393695 -1.4201314144328248 -0.98235940944024569 0.26796270395740979 -4.708855312620055 -2.3340804870919718 -1.4369957913557763 -1.3400561214331064 -1.1333500506747229 -4.7116288393902792 -2.8681853170878076 -1.3409453004158984 -0.91901916719394472 -1.3573861828867035 -2.6972984034566072 0.22871183491341093 -1.0462193739901089 -3.0208065092218117 -0.07471074647427757 -1.0706080386203984 -1.1108322422809209 -0.087102116160199555 -1.8195695116291823 -0.26415823193366156 -3.3562694821014736 -2.0092254695597265 -3.6758433896558245 -3.1420302346738094 -1.9489715960132354 0.71109349501497576 -3.3052369035009281 -0.1876767513438731 -0.34076289470285326 -0.5743268479455681 -3.2827156485903122 -1.4227034048497376 10.35078207216706 0.19756493752138243 2.9794398013476497 -3.2809776220903943 -2.9864317444963988 0.17471081778153594 0.28907770316144898 -5.3476865887525031 0.10066483072956053 -0.77894882957280687 -3.9999784446064712 -3.3913228914080427 -2.2077768151066013 1.0137137855549803 -5.9772025132776232 -5.7210812670400255 2.0348274944037255 0.14708548426328744 0.11089074975971584 -3.7883259683974826 -4.500548768753184 -7.9510053176407585 -1.1946868770402617 -3.6061211171840184 -1.33638678315446 -0.86365086495798538 -2.0628606792712292 -2.9009485497549088 -0.65612499106876432 1.6160342487338013 0.99616988720600141 -2.2070062866156208 0.5599963309348468 4.7884694953508919 0.86092117363457443 -2.4722962872232035 3.077778582181808 -5.7201871950589211 -5.4859412445193678 -3.8460311007697392 2.7493030406356769 1.4096056935038199 3.5545880112248303 4.1604627172115736 3.7170751506575401 2.0498604029075538 1.9785396907609374 -0.3069193709385597 0.62508259766534313 0.15504827496363716 1.1042030412127075 5.1657487573271661 2.5835472571294931 2.0293932676875799 2.8181275992499319 -0.77741828576299454 -2.6607884150907108 1.8380764798563258 1.6670029544563978 3.2881169408719786 1.544575225955354 -2.7502204163039701 -1.2069050282703995 -0.44089396225903688 3.839086006960287 -2.8293972168629851 3.391318080917578 -0.24351147045305249 0.24349586785366334 3.4387806813144226 0.11963611789440443 3.4135446211806948 0.69879435532892076 -3.1568835980717465 3.2292580951969598 -2.0251960188005422 9.7918552122602343 0.23020556593436584 -0.23643458329114186 2.1180127090229282 2.2728166734052841 -3.090973361697769 1.98254421691671 0.16555481713358064 3.9354851760363676 3.6490668575070502 1.6181343393369052 -0.93822292975114041 0.27445778088414796 -3.8714034896466614 -0.018388054878221378 0.035896220946296277 -0.12240439604222708 0.79445250808365253 2.9316589110833071 2.4451312881207325 0.83703692962961929 -2.4811853808274549 1.4513453248898962 1.3739521586284682 0.81195605941750248 2.1589651290531027 0.25170136957842076 -1.1396072695747648 5.8342632862706818 2.9542826076261322 -2.100086601167332 2.1929252209496615 0.84113166742398915 2.1764057850996905 2.8259204505923878 0.97519566749788078 0.48846253060245814 2.830174483264996 -4.7856375728717264 -1.7179813349597173 0.95865192428890411 1.7705098692610663 0.61897784150728574 -0.33157694378077596 1.8664717909208328 3.2869809242210732 3.1843869759274868 -1.5105607349965933 2.5958653978178017 3.270353835061929 3.3343995664118973 2.7394542232986985 2.6622026409585584 2.8441572874006313 4.9089497632457064 3.0833602265937152 0.27093960161480296 -0.10645330004670783 0.91270262507053102 1.6188831057118966 -0.63057295182414819 2.9169590605563793 2.3579200216829923 0.13622998236615325 -0.5083967277090603 -0.60701495416235729 -0.94015812277974231 0.98944140135888026 0.10333225647545294 -0.47636665046466903 0.77352691537402207 0.43197115736700203 0.84361537535749676 3.2850327200146436 1.5387830074700986 0.82508960202316906 1.8251283900660409 1.7165979167309462 3.1902401938012179 1.4640537088063077 1.1131779653018281 1.4541479995470541 3.5048309873442269 1.0795806053282941 -0.081628218085398857 1.6662594308751937 3.080977598734862 2.2286597262266112 0.18055207799446071 1.3269420111248902 -0.10424560962201557 3.2241974893792249
 5.6746610425660311 -1.117490105380994 -1.348134407448512 3.1959294126884794 -1.4863643619515667 -2.0169839649282957 -4.6342608888700507 0.29108599795669898 -0.45027213229721186 2.2802740130875314 -2.2282127840969475 -1.5297463182637974 -0.81039780598378297 -0.42457848914480617 -0.4596130877293777 -0.11200043242230964 2.4744696500548833 1.0634697339613519 -3.1745374181393435 -1.400012409299056 -1.2681634704522455 -1.6743609285394401 -2.2144304904093488 -3.0280234806401216 -1.2197537509423408 -0.88210704781953475 -0.7914847089175524 -1.3688265063269536 -1.0139704414147523 -2.723868233160998 -2.6884861982767987 -3.0507576187272019 -3.6333015455317446 1.6694031693815439 -4.2805434106430331 -0.98369642096872345 -2.4973226217611373 -0.31131881587920524 -3.0093167377992618 -2.1584517610802449 -1.5286642526397152 -0.92906884036998583 -1.044643593832528 -0.94090265118586447 0.32397589080203493 -3.0630822844400307 -0.97780754702955985 0.43301137413400398 -2.4628042205019636 -1.0483156309501309 -1.511915700213561 -3.089290778560386 -0.86970244732771496 -1.3232458901165876 -1.721649150545568 0.17856061896083109 -0.79294769288136868 2.6559446616187063 -0.77832162022926432 -2.3534088591695626 -1.6145382702944042 -1.4398344864839712 -0.39562093173419605 -0.58397718036030999 -1.5273031987166275 -0.55126207329696197 0.52337311628594474 -0.70265671128496998 -0.59446231976675823 -2.0209551331243709 -3.510685005848198 1.2975106343904557 -0.92796626174730501 -0.6537285908569076 -0.030874408656104642 1.297395729006892 -0.62549956643635563 -2.4064508900275525 -1.9209432768078345 -0.55422722571313587 -1.9264886425143384 1.5429582859570141 -1.7728627590226556 -0.50390756196927533 -1.0520063647527127 -1.2100210394923572 0.92975949795206658 0.42574855416228086 -1.8948727934132508 -0.49475508295108761 1.5446477823384881 -1.1830686983252303 -1.4003712258224179 -2.0573716133522666 -0.13443211417807027 0.031217997486972661 -1.8146634500729391 4.8970965420429486 0.58025728345805128 -3.0125289160820135 -0.066167844104725163 -2.373434626588975 0.25030331474767986 0.42184442844374914 -0.7065309977787958 -2.658445946903794 -2.2886844951964629 -3.362351091355313 1.2155571555865334 -1.5517745246784758 0.49035186237362527 -1.3049858044779448 0.051700503757711361 -1.2511771984691764 -2.9485889086934796 -1.2897750331225901 -0.54305512236715514 1.7325121830319179 1.4511542305423721 -3.6147112021120269 0.79862800313806859 -0.04740192482573212 -0.96545321748350466 -0.25206808498655897 -0.67291245602542871 1.1652827688249681 -0.62801741791938737 -0.077534015551118163 3.8620357615178804 -4.3613670928171269 -0.97165923559296075 -0.68767150440990155 0.29265534682840322 0.58816520046330756 -1.1002984905986593 -2.1996162438609979 -4.0096797330463669 -1.4793994544535836 -1.1350788982116966 -1.2143987563600565 -2.3206346459414231 -2.2940084526296141 -0.66255271990804476 1.5120815234880927 3.2540596059381577 3.2193689319130208 -1.9440862629784657 -1.5675711511711599 -1.874585104894434 0.59604655635499537 -1.376989104026213 -1.1455688861800426 4.0790060925250726 4.8120311240586187 5.6950017758415452 -2.9214883449505056 -2.442288087971026 -3.0422877694592088 3.8793708077086242 2.1260574038796909 -2.0598211464969953 2.3527586518369832 2.3787103259088913 3.5401989572604635 1.3018481776409401 0.28904425432282665 0.36034267105297585 2.1393392596429877 4.1491065127601665 3.0449924586432933 5.0220451201770153 1.9668184924153542 5.1587245493503282 0.96294922090402646 2.9453708658843212 -0.29291719730244925 -2.0087489219073382 2.182676113160066 0.45209373950366916 -0.076351715891091562 1.8824335540260886 -0.66581706217734293 0.27046533535377848 3.9997167321991984 0.16374669928492003 0.34480211940085015 -0.28070131276179644 0.11712912167612645 0.6972291251658318 1.3984279795594317 0.74186995002901968 -1.0536066016731243 2.4668347553303933 2.5207145001160329 -3.0458700389306421 2.6186396832142433 -0.29199056698663778 2.5554140728832921 0.042317075055227762 4.1833626856438144 0.71132189665173218 2.2183656034971375 -2.9665694122142066 1.0767568192919947 -0.18247876341009661 -3.6806345354127505 -1.6220589932283891 -3.6917936142446925 1.2426126093715346 1.5731559894036646 2.0033045347491587 -0.013872488014500205 1.2924441240184119 1.2592021510137779 -2.1063346568490511 -2.1031940697459075 1.3540068685750684 -1.8605805515504648 -2.1491515248922539 1.5624394631435565 2.6816143035275886 1.369385481196423 -2.5591467794260101 -4.039589654214951 -0.94794039043768419 1.3970642475691044 0.87712064353921737 -0.20173239487927933 1.9077300108608601 -3.4711442668825314 -0.62594108242809399 -2.3163845215874623 4.9553758204151475 0.65405078510978476 2.1354680365247183 1.1247189494068026 -5.2193309001340742 -0.97570574349422778 -4.0377167529329059 -0.35453908202916068 3.4501266445829564 3.7153455081322457 3.3848254212749538 -1.8671889177546939 -0.1295249987884089 -0.81940030315974965 -1.0206347640932989 -0.59876080934457698 3.3482954334317081 0.69224691539408356 -1.4374446441042807 -0.25856708680217033 0.6998972284619438 -1.2975186656061695 -1.6035108534125084 -4.0361142509800016 3.6665063691707065 -3.709115886173151 0.86357808203941411 1.2591445228377887 -1.2115954892439404 -0.84009854224949088 -0.2802163548816311 0.37061522973540861 0.28908030533995194 -0.39629386386608167 0.13846436959092417 0.67376107939094088 0.14232640684519768 -0.55679974210629957 -0.37269100133300809 1.9780245827067164 1.8571784554179396 -0.24869786208353406 -0.79144758688031525 1.7657709025911945 0.78290806750076225 -0.13237951167708595 0.39402754730860967 1.8475082012222341 0.73700539358988515 -1.181992311903064 -3.4958381028195298 -0.92507628657498431 0.010605189297474053 -0.5564803132451146 -1.1822392806516464 0.020341839905694936 -0.065134281113192929 -2.2472835624084362 -0.58679307170030826 -2.2652274356316275 -0.4018031223968157 -1.5198026510989109 -3.6307026182390736 0.59563381302707552 0.19884357796422411 2.0604736924397575 -0.59154866961778474 -2.6029246088819455 1.1879708181887589 -0.018490834723240333 1.4884121645620692 -1.7871242094208235 -0.41597921094865586 -1.3607006124487271 0.81890649575616137 -0.55957982132339135 -1.8829044148427816 -2.0017856293291221 2.2289152308620257 0.86129832952167451 -0.25653566740134037 -0.42164905700123828 1.2122866354343325 -1.0734246050187473 -0.256075511530866 0.12956963745144984 1.0558102631133854 -1.4462302957947304




