# Created by Octave 5.2.0, Fri Apr 02 16:03:02 2021 CEST <br1@br1>
# name: ptcls
# type: scalar struct
# ndims: 2
 1 1
# length: 2
# name: x
# type: matrix
# rows: 2
# columns: 320
 121.33291804718522 114.17623860406812 112.65118688484584 111.90935019160703 117.08365801112475 119.31520356210858 110.65093423680237 114.94432629105904 121.33593386607596 118.56040264545103 118.02479000831998 115.08338382868469 118.00755393738908 119.69022426158885 119.49097758623756 120.36757882263191 123.58555040262817 122.44220709979268 117.75685179548474 117.13421233402526 118.20198975621751 128.07274209806656 120.52838448984163 129.25620894471768 126.55629456061622 123.4781132977896 127.62976513976098 125.78937042982091 127.07920288973968 130.23984969725134 129.05791664598948 130.25648152586095 126.24974079845735 124.86703390279379 127.73052921956237 127.04048285226787 128.03852144153913 131.46069007484033 130.70579377639012 129.61007826705043 127.95336185759855 128.20928961249962 128.93121380217585 128.90586496835434 129.41225551657806 131.30499445686641 135.40398853699736 133.08015851488432 130.04961595375349 129.11448908301185 129.4800139526989 130.04392773371242 131.94413485474976 130.76177011274211 134.13188634823308 137.42107568035465 132.97837268814089 132.50811863371436 138.61139765753987 134.62988049330053 135.59095402009828 136.29518365651992 136.57575364206932 137.40320013214108 108.26642352166951 106.68722080867887 105.651198586831 103.58839906511561 103.75531963744805 102.82627278751821 102.91235403676973 95.979803740674157 107.5687163344864 106.30142059789679 105.68204862651943 104.6613350098341 104.79060423259781 103.92840222975894 104.1002106578439 103.15284639547247 109.16130214694587 107.32031226377106 106.63318286659303 105.70318944293695 105.94841299167865 104.88483976917952 105.06219120200375 104.0930022409479 108.8308111110953 108.56311006227861 107.74735525018028 106.86754741801312 107.07467977526038 106.06338379187198 106.14730134674105 105.13524009207249 109.96467022310523 111.75931604421909 109.98575259825272 107.92986131159667 108.04803864436482 107.15603893382914 108.25250224434168 106.4704123178326 112.45729338012823 111.99101493371633 110.89722295695488 109.00497594418212 110.07011632906075 108.98351438671818 109.34613579929372 108.61762510137791 113.36386340436204 112.91538242169914 113.01136339179838 110.98187518044277 110.14582818817908 110.0855235327156 110.52772602997308 109.68822114362035 113.97216887523153 114.26296637865875 114.14360938690166 112.19944511027649 110.86807848899932 111.21049833710786 111.44523378747036 111.43826474184188 112.06667273809279 113.45969189800022 114.11857047590341 114.20536185840893 111.91606529527611 111.44033775338148 112.11200864858441 109.95780440232522 111.56592390200264 113.25058508962641 115.04483339932905 114.84265360298673 117.24862555329257 113.03037699922493 112.38392870918717 111.86516794247289 115.50296867637749 114.15312090472629 112.22248492311579 115.06783500055164 115.68327665114376 113.39366440563585 113.34277824082993 108.76360525546919 115.1667020822558 114.51110758013958 116.60196282554122 114.40446934370279 115.97258730865933 116.18384688123987 118.05690968412169 120.62480794379088 115.62009513229823 116.10517067302686 117.34467235567499 117.69733896725749 119.00630085077478 115.34118329664497 122.04666452101503 121.43939556314247 116.57008692971719 116.95446340319795 118.10679630147874 118.44519483541512 119.73579230289768 120.88234152896888 121.98109470873418 120.81224746275142 122.77376690139029 117.63335304640707 118.74954411115742 119.27278050525705 119.91888457901462 121.48603168674028 122.15505546400203 121.31361610828061 121.79139122634982 126.68209217353098 127.89225648179625 120.45160090070443 125.47742677883605 122.82651672786761 123.23642564177291 122.65222634402627 128.9558424339132 127.35699274864456 128.26694924203184 127.39168570368714 128.01379343921391 125.60535896214564 126.53280043770762 125.95818358398483 128.91818090371882 129.0672895306235 128.26502975842135 127.26254980593383 129.18836849209373 128.52931912311607 127.72613095821913 127.56886981966919 130.10265439489942 129.1007574769948 129.19010480940511 130.79270263389185 129.77354904612235 129.19831422359033 128.72618435899918 130.92645274427582 131.17937199505269 130.28667283428831 131.6052109362889 130.59094408653422 130.18864318052519 131.51330417424697 129.61730490861305 130.05111570025153 130.02981681276529 133.92748444086959 132.07372553919754 131.27547783721906 132.90882726093378 131.42516345775152 134.07235216693809 132.00992451090713 132.92502096205587 133.17898117614163 131.84621809290823 132.265904024393 133.19649026250917 136.57480579049783 133.64647592596032 139.54593866078127 133.66330649906649 134.2055829724894 132.32724750579209 135.16652207855165 137.4222332949289 135.6122173831377 137.14029430152797 138.41556295418835 134.64561502140674 133.48161237471444 136.1930974763674 137.22571872172784 138.41019374727659 137.64331879967537 136.59205058545317 133.8013312980826 137.81145031703886 138.32819024817414 136.78545427160182 137.88896838730147 139.56096321496852 137.64436084213239 139.88619583480155 140.98038797341567 139.05547194122974 140.48828437524583 138.25731071576138 138.25182583466105 139.76304100312768 138.71079201835988 138.66909816674425 142.06937667853597 138.90455448577993 139.39013092794664 139.53941425615835 140.60388756923737 140.80884905029205 139.5221554099177 140.61311324341722 138.79044573369356 139.67511777449036 140.37286054462581 140.35763174632584 141.72605712185617 141.81918015585077 140.63041831153626 141.73003853096753 140.58285659305028 141.38350656594343 141.4814523505315 142.53246412769698 142.78640459240074 143.02290037342317 141.90716264564011 142.91324106523524 142.08167232095391 143.33562230600194 142.39150776954637 143.66811175138739 143.9037963001708 144.22203434050292 143.42082920648735 143.96467583095449 143.36280646605638 144.30114297427329 143.43244569891604 144.72847059326375 145.07351075873919 145.32409383767757 144.47481739370053 145.061747777557 144.57066615300837 145.34818754789319 144.54116307785492 145.5808526782703 146.14561786146376 146.47756488717548 145.799938721394 146.68708354171022 145.79260860259959
 81.175897726848774 90.717353801911756 93.372685876977656 106.08016508777948 91.678400182366715 96.873606445087773 103.47385624527772 99.515751241749015 77.682767624301633 83.197472855773654 90.483090593721769 91.347001416424291 96.53462940589452 95.811497223691617 98.062738191073635 97.446966638210554 78.546849863674581 80.746290924880157 89.423862242388211 85.05118677981207 91.487353847703773 93.875509776033979 95.193729054374344 93.849897539289785 85.709421521944165 88.860296050753234 88.595099771425552 92.278220001833901 92.847707171906109 92.163277916089868 92.819308675734746 93.421293262377915 86.955846490478578 85.428026966784131 90.913435520354753 91.669647542149747 91.945778160572956 92.049920580383827 95.184383655527967 95.147982484679218 87.349068053284313 89.625942520328493 88.771650279673963 90.638254231370269 91.580026640601901 90.738031667265645 97.439792157254743 97.773123712320839 88.783463981612528 87.776247879877971 89.628073331007045 90.533404101784001 88.94881674729838 89.634262277473354 97.515873160146981 97.721657445674467 88.37534926854137 90.033456321708272 92.59193190862139 96.607095810204214 96.332447566258139 94.463404713820495 96.99955219684982 96.304453982270473 85.989690468517182 86.608727445938939 87.183363617143954 88.969570688591205 90.089602762766035 90.760665994393918 91.904167451357949 97.839042771936093 87.376517697135768 87.972140668611033 88.788998977026182 89.462844362142704 90.582840241483225 91.250470944849368 92.499543854742811 92.937364602614878 86.518499454200736 88.458102730561635 89.259882362173542 89.878947158738669 91.069739016424023 91.610193255796332 92.98785360732758 93.809686705400097 87.547767660873816 88.745172530789588 89.464763762683305 90.35055760326108 91.426311891322854 92.253506284091671 93.395937978971858 94.110349994425647 87.222765466547415 85.486815706859119 88.644441067906072 90.556726964153114 91.791926601999791 92.622305571785049 93.327214151359826 94.37479445471233 82.722127720768427 83.963887803457567 86.630006968566406 91.096262245159764 91.601200930692571 92.283657418391996 93.555803967561772 94.359452206473478 82.020191419568249 85.055312554991744 86.252787371294161 87.824835785098159 90.075388744739399 92.746507837644884 93.866400958535223 94.754053883000367 81.123232819110939 82.526027000521879 85.550614934972486 87.54493858343433 89.204315970384854 92.108853372847094 93.129519203763678 94.399325849677496 80.550830637664646 83.294458630306394 84.31804998528257 86.677086883185567 89.403536207176089 90.384347120478083 91.228866902455621 104.32690179599656 77.909230111139436 79.541122643776234 80.405375660470327 87.579723078270376 86.211793290005033 90.384209899842702 92.401134529841073 103.24291904306845 75.317615020501108 75.033049717780372 78.871757462383712 81.549129378590223 86.711187261120216 87.420151609222643 91.592873661998283 103.4124627523008 74.198265559321143 76.074228540139515 74.880275695909617 79.239562669872896 80.780932393112721 85.700219602716956 85.477637951739311 82.243034507230405 71.915503771670245 73.263526638206528 73.638671897857776 74.701976287753411 74.924520604732805 84.884039666511711 78.903719583478804 80.085596418707397 71.419830053291548 72.577542330480568 72.805857246917256 73.891454046917204 73.957058142470757 74.581266723919413 74.599817231861081 78.750039677865573 65.787155206226942 71.689132142381723 71.749758549686121 72.971637144123306 71.921890133965618 73.637879256292493 76.782912953505658 75.569599973924269 66.519697967955551 68.55599598249583 70.485062329674946 72.879224344816521 73.989931749391332 75.529323930428234 76.653470070617885 77.902577388109876 70.154420241498045 71.497142443080293 72.208886269655224 74.399681713709839 76.507812721047515 75.809404608094454 76.438997062764116 84.762624295131957 73.328413216926194 71.253040440800049 75.204594278466359 75.564378067273893 76.923273448975635 77.834484674497205 85.075381849119353 86.153325520314326 73.935695484422581 74.440961209053057 75.882590277769438 77.795411738315053 78.502394338915082 79.860477549603203 86.258753692433743 88.068534771287773 74.556443940351585 76.825761768055202 77.07685986712292 79.119101576392922 80.116436512900506 81.106728704801128 85.714234841136218 86.85124544817586 75.167344016667016 77.292385653178101 78.132414475801056 80.041535194243778 81.223948460919928 86.822438062488473 88.158250149781196 87.859939008828349 76.714262426718903 78.062705776664615 79.152388568365154 86.055855994331608 87.338550375860194 89.339705093045566 89.748744306030815 93.149539860343324 79.075359041082095 81.00093141030267 80.221768322621045 86.513127136434662 88.598973187605822 90.023964330894501 91.982557247750862 96.867578882548756 79.94544227689488 80.282800749383526 87.012524828805638 87.36241006885534 89.088854254441841 89.8075917851762 90.67517193749373 105.37472223249678 81.24890864363843 80.130665424035158 84.621989188256165 86.49976779523179 89.67784692681299 90.840423019477583 94.738024242966773 95.31422921502643 83.279107644302968 84.616746988183081 85.449822969871121 88.002694287132243 90.885136792303626 90.266156619752223 91.371900200931023 95.677229199099557 86.482927521882303 87.405029045981863 88.62868933033009 89.023651820003195 90.225588014496907 91.975129520612029 92.581852409933632 93.942994404740446 85.580549663497806 86.59532507202303 87.862541088522804 89.482463150064476 90.606347827602477 91.447787167092685 93.08025465990913 93.617822048980031 87.379230088545881 88.429785837500063 88.82613116171315 90.055556360811295 91.24372425623497 91.701638692491855 93.593704215873643 94.179157753269237 86.946965676254393 87.696872316135838 89.345838259270337 90.455833889102038 91.550374631228848 92.562039907087666 93.763954442648171 94.724983682120182 87.649178981539748 88.218040826668485 89.852409052204976 90.84446766240697 92.052559111484427 92.77171122723351 93.753013769764934 94.614993963042579 87.814463889715867 88.693925175918963 89.249083561224595 90.931958476453829 92.104942334829843 92.988009589982937 94.323262807535386 94.902790792045252


# name: v
# type: matrix
# rows: 2
# columns: 320
 -0.025202365174221031 -0.60953857528217625 -2.3294464326343167 -2.3617106020879088 -1.4845570269598674 -1.6974574345598812 -1.4570580352143756 -2.1848560259870178 0.87159902294413705 -0.63235641192327463 0.58445813565504912 -3.1535652166639712 -1.4595401807501496 -1.0432846266719285 0.90723031550984201 -1.1435366949109516 0.11300260990336014 -2.0157549314072711 -2.3894191899111017 -3.4455425381007068 -2.2848381932193376 3.0199166875951096 -1.1276312000822963 2.4019000322562349 1.6145834318036814 0.18963793975630527 0.17149279889628594 1.2645326942600392 0.91861128740138298 3.284990121913808 -0.37990643029494364 2.1839319681847629 -0.36450219415835072 -2.2322613461267982 0.96184208335758448 0.99705556129440187 3.4406336351025981 -1.074635574641071 1.373388155617598 -0.63613374661441136 1.0562246429341924 0.95774867172822353 0.70300484975900224 1.0681512533374571 1.5306519231032072 2.7748223771404641 3.8547258407721223 1.0219746737918902 1.5433617832435833 0.30010911029775056 2.3238777064059355 -0.57554856506914476 1.9951665442657349 1.8775869760356776 0.9146004279606964 3.506138281649529 0.26527601455135802 0.58760063392641548 3.8729531524055925 1.9067441689476508 3.7045808063804011 1.8327757160556959 2.203808658519288 3.536410188191367 -0.56402217409682842 1.2944441055918201 -3.4964070771061793 -0.62136499537103695 -2.1318372855453398 -0.48053267360847446 -2.2010933497917744 -4.8083481724781443 -0.77364101280649766 -0.42299099805893636 0.6268247582118488 -3.2904701526905078 -2.4973747118249521 -4.4224219636540214 0.43758267827196279 -2.0435883529835417 -1.041511761292446 -0.44722884189015388 0.20421988178526423 0.29598851937338078 -2.1461455889346217 -2.101933765506403 -1.814539915940822 -3.3631150160794139 0.32400463893654396 -1.2281955801371633 0.40902805160369926 -0.63867058983007396 -1.1162669987434659 -0.39798524376231825 -3.1118994653584391 -0.87385536146779808 -5.0203903738662241 0.12828622244154483 -0.96271762740106481 -3.7560008674897349 -0.28031110731336506 -2.5339408784305517 -0.688321134338437 -3.6712013531954599 -1.6619913997850972 0.21649547909383862 -1.9429629039646681 -3.8794011050379775 -1.3453969619548991 -0.41080404286272593 0.10188782585751853 -2.7709798093577951 0.043416821578410758 -0.48234555886495817 0.027306961015391373 -1.953925620288518 -3.0620396265931271 -0.12225001063920571 -0.12087412686036564 -2.3024169475939007 -0.58920332587175295 -1.1646214063233986 0.077385108055978008 0.99370141910976939 -1.1143595138496387 -2.8048502039805689 -0.99293328705991635 -1.4084172281600966 -1.571385744249304 -1.3341138392517971 -3.4520229853872877 -0.51474970722317093 -3.3904166891662615 -1.3420839058262728 -1.5215328613087058 -3.6797914522666564 -2.3566021940178827 -1.1386627445779223 0.91135548484098439 1.9690733250817616 1.7870992847617464 -0.48933282185651861 -2.6286538389024301 -4.4698000844962538 -1.5344165712671274 -1.1998973864421199 -1.0471823929527464 0.0044074893335748072 -2.7792479846031743 -0.10843866919330812 -0.70303457400388814 -2.2393015570257426 1.2592466106380227 -0.17030001904684564 0.093551419428790694 -2.7110874761884776 -2.5948253021162859 -2.2078211407029156 -3.0068846859714098 1.3319647553751206 -3.1734717181876113 -0.84671655076309071 -0.46495712028424374 -0.8095797096157985 1.2256952613196688 -2.8426791393898259 -2.6451246501140688 0.91015887424219621 -2.9358729631720131 -0.34047237694980292 -2.4068320590421419 -3.3920118579816867 -1.998044891095156 -1.3557152886536183 -2.8612285777572883 2.708145783061771 -0.91818752203322429 -1.3684801656688925 -0.26311399402873664 -1.6759340949684221 -0.70352691332004735 -1.5625166616702968 -1.1021585900285635 -2.5685007852032888 0.18673447004799423 1.8444663990110797 0.076847618927976966 -1.0594591195739851 0.61856212640099806 -0.3379546941118447 -0.61290493232234111 -2.3894571178372455 1.5606797309830538 3.6143359491846647 0.34310962891794028 -1.1006456399428615 1.6829183042688516 -0.12226637961450244 1.5982225737486531 0.76068827999702837 -1.3792327386082661 2.0364402124494263 0.61315595045942051 3.5329068518313522 -1.0845984431588032 0.329894416735523 -0.66244770417739451 -2.3233286280998464 -0.030867103575695842 1.6893421523461076 0.50229972076064022 -0.0055239790609690684 -2.0050680011400797 -1.7556023473133651 2.3764882701333039 3.3640913901051817 1.7414869937010311 0.91339048171697723 0.84085734396547385 0.67774272634204213 1.7675710391181307 2.0147880546721431 1.837160655905363 0.67770189582703355 -1.3146559134291136 1.314995704594446 -2.467333068031456 1.8610552492458643 -1.0484804481466641 -0.42380320515307268 1.0687278920822849 1.941387686068607 2.8375689611886949 0.92686580409675789 -0.036008469267439738 1.7105444491401807 0.82184584246008485 0.14214886815908209 -0.17756027566883112 2.9073514160689808 -0.50901661331780723 -2.7742006468141422 2.3787246650963811 2.4480197950358682 3.2079215679297826 -0.66490587626766628 -0.55499163299858956 1.2518109575181438 0.45190935993582676 -1.6249788615530001 2.3991223909470607 1.5730762166773395 0.47211970055591479 1.7722295413837856 1.7178712579673041 -1.1396072695747648 1.4398267462186225 1.9514104339387677 1.469027879261585 0.44626200293553664 3.3806296920085681 0.6688167480109406 2.1490892988909009 1.0203696717079429 1.2996785425067667 1.9464577061445116 1.1544317492368319 0.013730508126201718 -0.81914144098891217 1.5742989877921478 1.0859997244308361 -0.4359285480506398 2.8744108165349065 3.7842743159022172 1.8396562400912178 1.5637068078097336 3.1756151947024014 1.0430015664944419 1.4610016438573457 0.90205775084774376 -2.6352861962845431 0.82179395761066187 -0.23666665327419778 1.6051083363931431 -0.6301571206255282 1.2889213537815867 1.8030371651078589 -1.4356133958496968 2.0156925233378233 3.6224067752205835 3.9902643542708489 2.6729619368030724 1.9983219731882143 -0.77428062661080754 2.3906756563201723 2.5489699593191602 2.6142677570620902 0.94598343195958201 2.0855261816578308 0.95177146425473325 0.072578523609856491 0.99015268310359228 1.2108329236262778 2.2320352149050664 2.6082669408325643 3.200863360456367 0.71114990393050825 1.065928580627105 1.8563746788977595 -1.445045137329001 0.58689241807488346 0.81948170875875881 -0.094967383397572547 1.416571321353099 1.6312677502212749 0.27382097185975751 2.5982520725835454 0.47391956226416276 2.1461493135095004 1.4399797375209971
 -7.2725201272980975 -3.6600684008585889 -1.6847769781767992 3.1959294126884794 -0.98849557559877943 0.22058480708258196 2.8866706691697805 0.29108599795669898 -6.5350504039146271 -4.3403611040780277 -2.9212227408948537 -3.5870669482309885 -0.68859665872375575 -2.5632593851938652 -0.78276797178102642 0.1523199483444691 -6.9936813653678449 -4.2336535271525761 -1.3291399440507981 -3.6306132621282154 -2.4116726491732923 -1.9683223931437499 -1.8872413232007108 -2.6167508569616094 -3.9923921974011685 -1.9360448762617062 -3.2471443954411754 0.4289072499683888 -1.8787621467989084 -2.0516837710957745 -1.124676528237728 -1.2950747785508039 -2.130574711205953 -4.2261926249771538 -3.3426007712117611 -0.36755974509392242 -3.1417933820220187 -1.0622005765368858 -2.2238150353387742 -1.6337654892132796 -2.3103636974753154 -1.6487095624931751 -2.6311110217962401 -2.3318158000359719 -1.9437307166103355 -1.750258447848325 0.91219338221285073 -0.81342184585053923 -3.0577809235287847 -5.9562745912926252 -1.6747610401935975 -3.2602152541486449 -5.8012825437303173 -2.9528907357997056 1.2785248329200554 -1.4572588070016372 -4.4748778416150081 -2.9570109220347418 -1.5875301596622933 -0.58582684986262223 -0.87736762630881993 -0.30611257023711402 -0.12192304963195873 -0.30870970667741243 -0.62948574884155295 -0.02187953714497181 -1.4310135196660769 -0.52087882252269324 -1.7670171388997966 -2.0408537997337013 -0.68675295674620296 1.2975106343904557 -1.5889021032603354 1.1530637046464403 0.87982795177859763 0.39935520250494527 0.045963707944464749 -1.3436859860409653 0.052513966832306275 -1.032191886317593 1.4338902073035595 1.3859542376076157 0.88661675398842621 0.24397494207215326 0.35381047278069938 0.44591555907560093 -1.2514854092804608 0.19210791104022551 0.59498623073668311 -2.3463304018659437 0.5518185724793494 0.00042432837350782349 -1.8216872929354273 0.14045876608185792 1.8708761956350171 -2.9106433703870929 -2.6538763408992669 -0.79638281223899121 -1.8622493449544015 -0.74999114596501559 -1.5325093139254402 -0.7261913999744305 -0.17115126881147194 -1.3503758000455124 0.87367479730852016 0.3943220899506083 -1.60510822911891 -0.11399748626779405 -2.9043069926368594 -1.0738987666998565 -1.5214938401803364 -0.8985957330763914 -4.2120937749042033 -0.3304519454599022 -0.3528757221356113 1.0318260430302686 0.5188087798487595 0.077951786089909519 -1.5595500277281653 -2.738686689740315 -2.8839481613030769 -0.47317202116280832 -3.6671848249048264 -1.7405485490531483 -1.1634111860096763 -0.22449313262186449 -0.0063873053443021244 0.080493799426288232 -3.8005097299627288 -1.7500293743778663 -1.5967308697111942 -1.6257272153974482 2.2674321644692563 0.42946875572853616 -0.8838427028809579 5.4829550462607619 -3.2445491784533358 -1.5373618901573813 -2.1324109549748989 -1.9293134431424064 -4.7415715536054028 -2.0556860176167073 -1.3653439274376533 2.609598040756083 -2.2384644399546847 -4.8408687553810461 -0.18957657831319685 -2.2978105887052998 -1.0504985683329353 -4.2337539360580152 1.1621879068279444 3.0436852621746358 -4.7159219318790964 -5.4549370815332852 -3.8203593979331125 -3.4919699943760998 -1.172088548242731 -0.54792438498532581 -3.3037888390525318 -4.2309537318718471 -2.3254583427488273 -5.1567681904928353 -4.7341187255358834 -6.1537479159858224 -5.0074162158686768 -0.93430653103038108 -6.4462094421869871 -7.1268319960384972 -6.1734455082888644 -5.8276504130258235 -5.6343929875088277 -4.2832546177376019 -7.1187406045546116 -6.8087526620920755 -9.2059480278580228 -4.9685412167778109 -6.0870377801246391 -4.5498287266366422 -4.9259642151071796 -6.9221368970937229 -6.3144152351726133 -6.8596804173670911 -5.6212073761476518 -5.5479838274074691 -8.511188829066251 -6.106864576505143 -4.1481760909976213 -3.7632133887526416 -5.8499078673059941 -5.5908172541814061 -6.0823472149338098 -6.4723317238793818 -4.7343288575623426 -6.2766415490757081 -6.0204710489941373 -6.0703492228240243 -2.8941090682201214 -7.0252911902569553 -6.5637497926420574 -2.0206525007096561 -3.6140385711453558 -4.5732447373024341 -3.6878676373414199 -6.994477172653526 -2.5372721589313101 -6.212737157548883 -0.73308599121232743 -3.5268482976647588 -3.6401248229804026 -6.6990318739241532 -4.2934890418981162 -2.2646937456903227 -5.1408173072482386 -4.9023604984269644 -3.2140284611300123 -2.4514754370720815 -3.7244765503992667 -2.8800712868853999 -3.5483116022059091 -4.4316870652850078 -3.2318278608825266 -5.7164641218772756 -2.8838672220873725 -1.0107018241228263 -4.8614610955865576 -0.03651839462030021 -5.4219189979311686 -4.8382222983028873 -1.6503885903299287 -2.200452858986059 -2.6197103020412422 0.38200345564655791 -5.881811368815848 -0.52846557629656732 -5.9890734245272101 -1.3299492864792799 -0.98940436930872955 -1.4161101161119436 -1.8664990314485217 -2.0373027897235096 -6.6618136017699383 -3.9915456867728718 -3.6670752173077328 -0.39565549979460218 -3.1866575428907074 -3.0515187122203562 2.363873781212789 -0.4533033199349728 -4.0501807432375028 -3.8579660770602864 0.112869118797885 -0.75371730812445337 -1.8547441030965224 -0.80937641974304997 -0.65337984447201369 4.0361142509800016 -2.7700194633439184 -0.9091773433692415 -0.91970065045752114 -0.76556722325763471 -1.788073757642574 -1.6993081082355004 -2.3005023951793628 -1.628272651816927 -0.45783639975449214 0.43078357110772997 -0.63672043789725219 -0.061236276776853726 -0.57819344891183766 0.9608059361878778 1.1076221948941769 1.8252152394604453 0.318657926430993 -1.2270452363468953 0.39951309379389577 -1.6460403252645441 -1.1653059894676021 -0.067753047707723182 -1.5356141264483987 -1.1847786551481245 -1.4545445971345852 0.44372196685298149 0.14186676628694933 4.8488590635740945 -1.1662391834704027 -1.0279990733105462 0.029110819055611359 0.91580600600050799 0.24291828191221637 -1.9249567245178956 -0.26214336522615972 0.17716438218036706 -2.6291956172261872 -1.9270613054998795 0.74318075835386699 -0.18996777910533713 0.35019341112647173 0.1288966004159301 -1.0902172977287659 -0.24409731370763257 0.6559272776745424 -0.19268594576956405 -2.8559206457637583 -0.76098308503661227 2.6345604499001589 -2.4029178840096614 1.028212040918997 -0.02966631076128258 0.49162717726821614 0.21316402960499051 -0.4490876435985578 -0.30488692027696501 -4.1075215844318169 -1.1788444285671265 1.529113055938927 0.14681318851382077 -2.1118728824552435 -1.8190618468695205 -0.93594233038640728 1.9711584084935994




