# Created by Octave 5.2.0, Fri Apr 02 16:08:00 2021 CEST <br1@br1>
# name: ptcls
# type: scalar struct
# ndims: 2
 1 1
# length: 2
# name: x
# type: matrix
# rows: 2
# columns: 320
 190.11795774701699 76.768765696755253 77.450018056126808 52.512328549096438 82.240898198587018 107.14900733776373 30.185685068250912 59.995197237455294 42.418768952727831 115.46023439815194 81.839486455955694 77.927779593918487 99.74754401413216 106.07790256722261 105.26644267024713 109.42062795911595 22.129469427874241 61.017299560232061 78.821242047435675 79.823841256534791 80.635407324660449 155.46357253287394 106.31594113894971 157.47704401858806 154.33580222757197 141.64758613110473 154.46474127319544 154.28963957661398 162.71663162620408 157.28491061609324 151.40607556878967 156.22316178276543 154.73661319823711 144.15328025072517 161.44020855599521 154.28576612357838 156.44221545119234 159.82343210684996 159.36294059544824 156.44940293752296 159.41888111902563 160.22649848094343 153.6749086104272 162.48179640220511 155.60653528211944 168.37085184947276 175.8155647212966 175.26551115016997 157.52011500177724 153.35440808342412 145.09932852463277 158.42464516853866 160.47377612809044 157.26562556821642 176.93474410014542 180.40132988593393 158.33604430416503 164.07298481851447 179.40911768730251 181.6817465139836 176.48378081880102 177.95501993601704 177.49772809970679 176.3817949470635 67.29379393741759 68.071941029953777 67.059993864048238 39.49515861054968 68.397795888573924 68.041534823720824 70.106117687745197 24.950152797150231 69.519104581122619 69.391001795657274 69.380734459921698 68.5471815930444 71.191709120731986 67.945757889204685 68.873715679090921 68.792443919828372 77.004533809019492 75.007088556054299 70.661414820356171 70.209720301012922 70.450121314317371 69.101316970440223 72.176781288535992 70.300241585040069 78.640988726398461 75.999171310509595 74.749612991647126 70.60032511410499 71.468232276615836 71.28866953093673 72.033955523272937 71.776661418130459 104.04203193068082 51.852321426884643 76.117594882908293 71.563171538470769 72.281038868309437 70.711014018630493 73.138900106075852 69.504187785191135 79.373855343673156 81.699180397888895 78.34520038759868 72.510642049569782 73.391455823300717 73.975226245802361 72.873662480218144 75.051730291674005 79.071326854217375 86.22254331882263 80.015800684653399 76.705698784938193 73.706640138722918 76.214040387932229 92.90191447580105 73.007041156111882 63.394695364494311 82.90068187482521 77.729507894704412 78.13728139587225 75.624607451886931 74.19048973269075 74.340542451161127 75.65941783567267 117.53645395491007 78.191013718442463 78.304002384753218 80.657429383683279 76.281556479657425 74.397461581531843 76.811332661927693 40.551244796522887 74.628001078505847 73.442180199881278 82.625421605565293 97.632304425544646 80.623894512435172 77.773247573924039 75.185506109198514 32.002009434901169 121.83463564659549 123.68389555536679 38.061715781964352 80.52899430571749 79.408409820203104 81.051312143288712 77.308352670504561 40.572901642983176 229.69099806835214 129.05465935868872 147.03646928468947 74.412301899870698 78.743317879088693 81.872322063068253 106.77899459342527 23.322121638676638 128.37985036109987 117.20550468724767 99.60108709605268 97.721411296139507 62.548391652714919 81.150660832761787 43.180023414211441 63.207783975964084 121.68893043936949 125.68543314793571 120.3507937665933 64.972849060002744 24.371817629241423 25.186034163694597 89.202336088397402 63.860875265640701 119.07438113189622 102.70612234106152 91.462597365179334 63.848722585368201 94.688791319110024 125.60289974765588 123.07582274580147 85.535603722979445 91.099121658232235 174.97504180171885 145.72860206700037 62.071175241073917 166.82220436062738 42.085930655869625 43.196652115776082 64.59114816031385 144.7486467942677 148.28201541286876 185.20279544560267 176.02164958748989 175.00868149342915 156.2590799728361 124.63959617117125 126.04966780376927 136.87725560607939 137.9387243754355 154.13281629840773 174.14385665443064 166.04261859094538 153.79490338904 155.15303920227029 156.60682536593208 122.86947901636793 130.75406971626805 158.65775441906371 164.03772184462247 157.78686201866634 116.56946041213061 155.92046481182592 158.05508671363819 163.70422251444614 117.5990095749852 158.93090426163295 123.33565677130173 122.26675109069109 127.05988635951911 158.33862525093818 153.72376336130407 116.92495722711074 121.45945977068425 158.68185840659064 117.70286120246678 226.89740329829925 156.57531389448789 161.2471366669667 155.82458619851872 190.36063030742574 115.32981385791568 159.85120066160587 154.89724534915933 159.26001631160452 172.60074563172427 170.16713374417242 178.00979797221035 147.79479062205249 88.163299640829109 128.96356508251162 174.31931929428143 174.24181092929337 158.57230261937983 175.21313830865697 176.63579647856025 146.79776646774508 123.60084150303845 173.4922127584251 175.68370858734312 174.79702737944621 173.73157040339518 155.17813457050249 105.14020846826057 195.54270436511385 185.75443597576111 105.35135602218651 182.75974626716456 176.59791786569042 174.64075659491326 177.52128495341205 179.94403272716667 166.86204938828922 165.74786062243163 161.27336023164082 177.84211165734089 178.41006912325443 174.20932835663558 174.86704820550528 177.51551818935607 175.60144450537311 181.18332275068374 178.51813144061578 175.87214376202007 177.52004564287355 177.21890187573433 179.08444658782264 172.63576292299092 176.36424998246451 184.47666293401582 183.60833146769255 181.26040595736538 180.10275831710334 180.60179567654973 178.69789930649253 178.61129476930199 183.71630835766226 182.22314699845245 181.82666511237599 180.33021245252127 179.28197178253703 178.72683417194227 180.61178715952732 183.52438435063073 183.33336135016035 182.82532686555211 180.8746677347479 179.77867335452234 179.66581672122817 178.89602044437007 182.18952123268693 181.01785561250364 185.0125789437063 184.00225129676562 182.22272311605664 181.52348805279269 185.16448760633017 181.59259311630694 180.80551623472996 171.40987784112457 183.91668071232502 183.38041646217638 182.57437241013605 180.3290180383234 184.55351083638112 182.90287778352518 181.94405418730392 185.94808347779781
 75.668011098659733 58.303069145496735 70.606622034584632 186.45778981686149 47.923571130889307 66.175312667502638 191.35321616543152 106.83656409039038 8.8326416469754214 19.345251309976273 49.063988646604621 72.53001595423305 78.240868704763614 66.31931745608513 65.614754083625812 78.280594755371226 33.298068600190369 12.83929149211879 47.853143632862484 45.742982402042252 48.857786521019328 33.052609724537682 65.220666281488505 33.393461358990876 30.338760610815694 44.408494771074565 32.457164925506014 58.411399184652474 39.867745300606742 34.600787272578714 38.224595062439157 35.019049767948857 28.667559666355913 32.416498574018568 30.022473479434105 33.846872682150909 32.669861811893327 33.21369866153821 30.959337601238452 33.790933569791456 32.048603543686482 28.380995296748061 29.378464384610194 30.128108214596043 31.993794912830722 23.644846342400605 81.759087427100567 82.75054291035255 32.239945241125426 32.519555464701192 36.364447801282154 32.810253280622717 29.438155298344903 30.516834695673332 81.7916488293762 83.74256037708723 30.42353782805467 59.769677552047376 76.625783309888305 84.177299678794725 82.789090443326074 81.694132776849372 83.299240950903581 80.889821083877337 72.049242836694134 69.117316247319906 73.763883348593566 70.515886917389693 74.10812024323512 72.833599678042262 75.525314684341723 130.47143522684874 69.627015403028793 68.616821198531497 70.766222394252821 70.129036401343839 72.279774520902606 71.033358581544036 71.805537385688936 75.126681524298093 68.599721480710443 68.158478813282358 68.156229516959954 71.747021526983602 70.415909492048456 73.191731733433045 71.755026229089765 73.500570694173462 70.211530347276067 68.877925387317475 69.277162227367086 69.300358641209115 69.90747801097038 71.113534825599075 73.167482809276791 74.208776180484421 65.39753342151802 105.53124917677367 67.745501119483222 68.8668188448422 70.644742525584405 74.505494877757386 71.434292482407869 74.303362861183217 46.757562356426398 38.239127260947754 71.415109131335839 69.496642000211708 70.297962708920977 72.525532374366222 72.509740793533169 72.391290773240314 50.159872579016252 70.184293826795738 47.725115042032954 69.781142937752307 69.183667162398891 72.090004880356304 110.88659091452296 73.669842390385497 58.249978012400426 47.019993362027805 47.796132122616875 68.386590556831337 70.079082980414682 71.332457259263464 73.668801151658855 73.425145002899171 47.211981398165371 46.808897644097911 48.991792086764228 46.563805433595576 70.872811886954779 70.266205008048004 73.004821239239462 196.29672060349534 10.532043098564207 10.032427569151194 37.560047768779832 49.353265993685653 49.854489604487256 69.456513767780564 71.087284081361275 144.36641785234713 31.783632367108972 37.385555645356241 28.594430366889316 38.396650388265705 48.819466583671804 47.587011937523172 71.615127056212856 195.06082958388384 51.896185482684615 43.425377158781949 67.634870636783205 9.4169890467012252 45.850967545216655 46.503425142331849 52.089213655621172 33.536459271215307 10.757693238661027 22.094755292528628 9.1307900192441949 41.966488230215958 3.3778687187068144 54.305338732470652 6.6544700877768825 4.2491834556915355 46.941287305182655 34.541291031628411 34.600226943216427 12.332560991588354 32.776732615462571 34.062231781608844 37.363604967560732 3.3751625973536785 40.4725224724369 26.767220804632856 13.072486575383801 5.3118900154301958 8.6840503628288435 12.116917459048814 1.4041548503735741 29.618963991149496 77.734184472048142 75.362651641022424 11.448333101363859 4.7483480553753692 3.2800149002520409 7.5335398776179083 7.8560831364313364 4.4512177997956162 12.188234401972986 22.474947282308403 29.149910870841811 9.2566440368633316 8.4598328905582871 17.108144556840767 12.728931381098795 85.472931131955775 14.949154327053941 14.825102524361398 23.91055017179125 9.0309967238030175 2.3869371532103596 22.63945520515977 29.683705790086055 31.435714563240122 11.11249933797348 9.1170369483909326 13.31848075666753 9.1933283639903554 5.7877713061936626 4.870678858576758 28.722484148349274 29.257085897130015 8.1665114994398174 4.1006991415742817 6.2068847847650623 31.727601367475994 10.107518589071731 35.356557708506564 31.536378546435472 31.454922880348022 5.9717914595230717 11.397585070333779 5.152323822425168 5.3325885619954887 22.147226357784987 29.659704273273029 28.730187261493924 30.551175006663033 47.649677433272068 10.218087083454144 5.6244008604795077 31.238043106247147 29.750702965148712 78.960474278136033 13.608705028312748 79.742002430491013 4.903130363366194 48.972216431410253 22.611297680561748 79.495355923834524 80.82464047885027 65.998244774004235 80.433565483379098 79.82673796367682 5.7182639664051811 10.196310965275034 81.993708388683444 79.272964599056905 78.507520690167922 78.06032334030705 34.413764471565337 193.11700435531338 54.017039611804648 28.0625846263253 102.20605659834116 75.112301113842292 77.223475507425789 81.833421396520933 80.713274576796607 82.693614542894949 79.504962768391579 56.472125581635893 59.246900089 78.036047388542599 77.027687408128216 82.910912692739046 76.870508651412251 84.897315717896589 77.603119558507828 74.517030604911866 75.961167471660374 76.27898366017169 76.424381617117547 78.930991333163021 77.814535775697081 77.857533053203241 78.397056543267425 78.997060755699763 76.018397959065254 75.801973771882544 75.67709990751392 76.803516147147207 83.650872348968093 80.734537298402401 74.541448201973012 76.81084446577124 77.874833804899183 77.881080684929827 79.819669989519539 78.872122411855045 81.798791714097263 81.006276934309383 77.08857526610619 78.02913689540226 78.816408625619857 78.774766649222244 81.372061969055949 82.461792210234748 83.149655816093116 82.856449887828234 80.056959930805945 77.949784940600026 78.865407596965355 79.807958718250632 77.799767714981044 81.841227146874175 80.72451433772514 109.72100929914455 80.036142617943767 78.968091833073643 79.960691998604432 79.768415537770409 76.820620699597342 82.104757714617051 80.824506114531474 79.605071583333086


# name: v
# type: matrix
# rows: 2
# columns: 320
 4.0452272840958052 -1.5491047806532685 -1.123121988299248 -2.3617106020879088 -3.2202876196152874 0.2768070083355757 -6.2106094508590788 -2.1848560259870178 -5.0512494389551419 -0.60100659307165627 -2.4855800562555612 -2.1053733057139201 -0.74118715823311598 -0.43762511754865774 1.0978808464701297 0.0054553980679680576 -7.1292678274564656 -4.4819068742017949 -1.6321318467224273 -2.0957989298140398 0.37046644761677838 1.3215450360304273 -0.2855443325929044 0.24023055462651996 1.5171091710093338 0.35029495785484888 0.5012040995666206 1.1313036246855084 1.7875350110661496 1.8001773156509229 3.0128946453212055 1.3954516562166077 2.7254170311960833 5.2435936435317503 0.59239603055349699 1.0960664160331541 1.2509544471397693 2.4812815447639558 2.3507569012903238 -1.1003410460493355 2.0582163858698714 -0.039004436656088548 0.55079289505092299 3.1399239931674678 3.3757336723522107 1.6961192366017308 -0.078862853273892489 2.5739394671842284 1.3244839205195629 1.5651692785324538 0.56229828007824556 0.5276496963395676 -3.0174119474838541 0.099851184847442792 3.8966244940941155 -1.1481970986921917 0.7315789774730912 1.3293554749027776 2.9409092003859785 2.6213249560208856 2.8484460080229184 2.6107684160019127 -1.2309127527682002 0.94850890152785572 -0.74416196562739301 -0.20337601874980035 -2.4648914729143776 -2.5555409142093808 -3.0673453940786666 -1.2511365779042596 -0.19684646620547014 4.8083481724781443 -2.9006891174376381 -1.2543177220312953 -3.7479108246219024 -1.9920131594229282 -3.8963925974361491 -0.48086248340962878 -2.3402422053536922 -0.51496684991880193 -0.90498110943912968 -1.5624771946371427 0.72069051997908329 0.63772966462976755 1.4000259306624425 -0.79806226615302356 0.88934259857687481 -2.6456248553309916 -4.7291991045688206 -2.4213335538649283 -2.712356649277714 -1.3716533870673766 -1.1531988721325162 0.53821669028121832 -2.3994555300502447 -2.4619290716288833 -1.7932894489530506 -6.2008401770682422 -0.64828940721364781 -0.62610453482546691 1.6063193251360555 -2.2230350154573641 -3.2238942364894951 -0.47727424670416263 -2.2580983635537035 -2.0550437385318152 -2.0283412173352757 -2.8471048654200866 -1.1154743510959559 -1.2034155619747322 -1.3293247650806868 -0.66004420793496787 1.3224791785649888 0.83635664410673316 -0.61741959633567545 -1.2741521224157939 0.52779373345616742 0.63045245913934034 -0.98235940944024569 -2.8865443885972004 -4.708855312620055 -1.0226907079414713 -3.1335201249233791 -1.737897045832077 0.28018640242397341 -0.819968674227603 -1.2886265402769888 -1.5842222506209622 -0.91901916719394472 1.5879539342881224 -2.0924746810434383 -0.78830482748208575 -2.5514586617782635 -3.7692351908747721 -0.80888842551409934 -0.80992834303967254 -2.8258572941790927 -0.76973019651071628 -0.58013851312212439 -0.26415823193366156 -1.7263971132049629 -2.7984964970775525 -3.6328764346778932 -3.1420302346738094 -1.4417136495562779 0.71109349501497576 -3.3052369035009281 -0.92526963702704312 -4.0141097061440307 -2.1421644308469006 -2.0789178736577321 -1.6833831004304598 10.35078207216706 0.19756493752138243 2.9794398013476497 -0.88332448984170353 -1.445737240313016 -1.3385499630080466 0.28907770316144898 -5.767383394719138 2.1289798520658563 -0.77894882957280687 -3.8979409362357114 -3.3913228914080427 -4.3477682335236976 1.0137137855549803 -6.3746686569366666 -4.842078521679932 2.0348274944037255 1.8948023260947331 -2.0852349674428252 -3.7883259683974826 -7.1328087759701679 -5.5796624963243033 -1.1946868770402617 -3.0615621108656166 0.85973893404808166 -0.86365086495798538 -2.0628606792712292 -1.9570541997010296 -0.75816249943952441 1.7920143452242643 0.99616988720600141 -2.2070062866156208 0.5599963309348468 2.7092655103235717 2.8052312773677657 -2.7347503704067222 2.5006519863274828 -4.0808946292612047 -4.7642061134569156 -3.8110417009015287 0.80499293690248919 1.4096056935038199 4.1113921306113168 3.9600803601685546 4.7476751216190136 2.0498604029075538 1.8098876477862111 -0.3069193709385597 -0.38779470645632258 1.1679255790853047 0.87790786647669905 4.3355311434086978 3.1606738529838183 1.9101727991129422 1.8893751112970161 1.8909291915805759 -2.4841038181620325 -0.19023854147997604 1.6670029544563978 3.8507899060203963 3.8659302565078755 -2.0556850782721097 2.4393884502191825 1.1408502826526914 3.2764130418118667 -1.8157932254702722 2.5314126437070246 -0.75076941691001542 -2.6210856189885376 1.6910638394829727 -0.38122049355391052 3.0681859316658802 -2.7469689267414754 -1.8236529760086544 1.538333983827473 -0.28757206615471709 9.7918552122602343 0.70359069683075304 2.2774384151700273 -0.076414738998216603 2.2728166734052841 -3.090973361697769 2.2120187349442166 -2.5911065570870342 0.029995429980881508 -0.081539379145115581 1.6181343393369052 1.7093373907991656 -0.10311691750960805 -3.8714034896466614 -0.018388054878221378 -0.1165903727339142 1.7651425419198796 0.79445250808365253 1.7198454610594449 2.1862783492520412 1.2146116280233763 -1.1338471664927492 0.52995464938576942 -0.001885957295015589 3.707182451906101 2.1215094940252444 1.0694104698587485 -1.1396072695747648 5.8342632862706818 2.3974784882396483 -2.100086601167332 3.8263808789638607 -0.69226642781770453 2.437432945297493 2.6320432752006298 2.451739906543581 0.48846253060245814 2.830174483264996 -4.7856375728717264 0.85106272334448507 0.087909615953306972 1.5998868170819343 1.4203019771998027 1.641866823913122 0.70714341344320175 1.0931464696402871 -0.29716636685078629 1.5411064351429007 3.6266096889639865 -0.7894910871346883 1.0378851227680548 0.92054889037907905 1.8341360694433573 1.5899152020882474 4.8194685173081284 0.69981851730698086 1.2153935829668283 3.4086450101891286 2.5631845381967242 0.69629763787551846 0.59589070249684195 0.61968254805453793 1.6383365616271688 1.5758418557798399 -1.4074199206048772 1.5584769123424203 3.6031765252747969 -1.1899717895443616 4.4095281017022128 1.2823892810318818 1.4054168137697585 1.6450559278376886 2.8385744262068688 2.4978422903028696 2.1055603156946754 2.6878931988093471 1.5408203318757063 0.83178710773055164 0.15019398457298766 0.90250074268856262 2.9817503690979623 0.43604384397821216 2.3545931638299038 1.0795806053282941 4.1128737105547648 0.96447576210480057 1.0808995549806928 0.58383844491163339 2.4276554782747182 2.9617762361065121 1.0127796089059642 0.97568870097355642
 5.6746610425660311 -1.117490105380994 -1.7213108868331732 3.1959294126884794 -0.19954934675860997 -1.4594551603597283 -4.6342608888700507 0.29108599795669898 1.4530492058700135 2.2802740130875314 -0.84846079073511771 -2.3018832864111332 -0.81039780598378297 -2.3103202278030701 -0.55625750641421834 -0.11200043242230964 3.0607706999568025 1.0634697339613519 -2.1943110517766375 0.10281035592738869 -2.3469644390457374 -3.9539023553340376 0.6407025405807707 0.12539294400540915 -4.9585258678511144 -0.88210704781953475 -4.5209203030777649 -1.3688265063269536 -1.0139704414147523 0.13325001533190256 -2.6884861982767987 -2.2563820534320755 -2.6907851888279239 1.6694031693815439 -4.716277030867575 0.44044169232951996 -4.8164952900151796 -0.89151838397415739 -2.5910152562187889 -1.7929120150926654 -2.2554431861020316 -2.8976922653306385 -2.7178495267695619 -0.46457695072418653 -1.6442703271701831 -3.0630822844400307 -1.164692732357995 -1.5281117053066737 -3.3741894113087567 -2.6246711051505986 -1.511915700213561 -0.42837881135939898 -0.44518330082505564 -3.1341466239963629 -0.029482829017513701 -1.8382545268790087 -3.1785530703678941 2.6559446616187063 0.68693225637633148 2.8229565109223529 1.5173015883734422 -0.53748001274912072 -0.35543436699389541 1.4194138555110862 -1.689875600018361 -0.76391805210516239 2.0015357404440182 -0.70265671128496998 -0.099438074663352971 0.66735331447391233 -2.6708148731618078 1.2975106343904557 1.9022253273625962 0.82252048156112123 0.40673767187189508 -3.5490395669493209 -2.7116396296992105 -1.0488742724261688 -1.1067837579103241 0.026415094542489283 2.0651420985102047 1.2755139339508796 -0.3377464608724921 -0.24817041368114606 -1.793430298236725 -0.026411399028619668 -1.5928211696687022 -1.4264191217342836 -1.4229899678472704 -0.93314588673298637 0.95675262060422506 -0.11118426110410219 -0.018483472027806147 -2.9142232950039668 -1.3926384231131164 1.2403733786049238 -3.2449391282885203 4.8970965420429486 -2.5626196546471465 -2.7039719783701974 -1.3320103864512525 -0.49591505262268365 -2.1733911114734625 -1.3763059323976057 -2.9765543163528454 -2.1208081035422879 -0.55850847220406485 -2.6018833155329344 -1.4881280921059661 -2.1098001250847696 0.41372928233902545 0.037199262907679095 -2.8200161321421784 -1.2511771984691764 -1.6209780334900805 1.3455165684550561 0.39722050616108284 -1.1037978824287022 1.4511542305423721 -1.1106674168207002 0.79862800313806859 -1.048472548514622 -3.3660245967571942 -0.74400056296060324 -0.79379461823855013 -2.0506055906168568 -1.1415617591320297 -0.34491940546331756 3.8620357615178804 -1.1754255053908231 -0.9063510963339485 -1.605272885390985 0.76385421760484917 -1.8757708074092005 -0.78041334448932065 -1.756537223301526 -0.96085066105603778 -4.3851539003211757 -1.8507035815151167 -1.2143987563600565 -1.7634332899990159 2.4425585531662515 -2.5717528735241788 1.5120815234880927 2.6887286445378304 3.2193689319130208 -1.9440862629784657 -1.389584311229247 -2.0811811438481267 -0.1472534904026348 -2.2358029686443395 -1.588647906739509 4.0790060925250726 4.8120311240586187 5.6950017758415452 -3.06456297107324 -3.7817755924820413 -0.49879797020083166 3.8793708077086242 3.5701576809166906 -1.8896500028491148 2.3527586518369832 2.4361773678480465 3.5401989572604635 -0.29977065735767461 0.28904425432282665 -0.73443693685498423 2.0025986491316239 4.1491065127601665 2.7110143115631726 4.4371531307750134 1.9668184924153542 1.272039521660945 2.8192329216545065 2.9453708658843212 0.3880732424344101 -1.4238569325053376 2.182676113160066 0.45209373950366916 -0.34262885086964079 1.8249665120869287 -0.67353962707748338 0.27046533535377848 3.9997167321991984 0.16374669928492003 -0.47890687568977913 2.42592258138288 1.9345838705926406 -0.040948122826390224 1.2635597924055957 0.068196406923591121 -1.5474152098379645 -0.23978913881428229 2.5207145001160329 -4.3861718252182271 1.6536809551327183 -0.04957780693208326 2.5554140728832921 0.056298473625461296 4.1833626856438144 0.86548092976573199 2.0642065703831372 2.2615118473932929 1.799302787318966 0.5556984845821249 3.0730043302338457 -3.5199879258584765 -1.4620880266063987 1.6482696896629752 1.4029848457557814 2.0033045347491587 1.04373242157126 -0.70271448157469107 -0.26290967248957864 -3.1138558480441918 -0.8109547149533507 0.29640195898930854 0.26938297369425956 -1.0368338308312066 2.1277704245438835 1.745563885936565 1.7033636282765492 -2.7653638307813306 -0.59762660951292157 1.743367445404721 -0.22659521267212146 2.1642311665130234 -3.5008919324630585 1.9077300108608601 -2.8655197729747455 -3.6259570167855388 -2.9519651555159476 4.9553758204151475 0.65405078510978476 1.7311984250829675 -0.63891654083214178 -4.1634896721031041 -2.4156346592909022 -4.0377167529329059 -0.1303544750447031 3.6259597775608134 3.7153455081322457 3.3848254212749538 0.89406601769525429 -0.24269362891757848 -0.81940030315974965 0.92778432399739064 -1.6232187082574787 3.1724623004538626 2.8400408792648064 -0.14850278702390027 -0.069876887318475689 2.4072355656676216 -0.48745906507811487 -1.1129119240588665 -4.0361142509800016 3.6665063691707065 -2.3688140998855793 0.86357808203941411 -1.5860108340566799 1.1114180169913475 -1.4552875567927974 -0.74009535396482495 -1.0498521575708515 0.28908030533995194 -0.39629386386608167 0.13846436959092417 -0.801648151534191 1.0137956754886079 -0.24183527131995533 -0.14213543893923802 0.19188023684021563 -0.35357907887479456 1.605956079152133 -2.1009442934823888 -1.7233868344615317 -0.43068160511511677 -0.094219088183024949 -0.9218855568274501 0.20488787625789431 1.5442014562942588 1.8797703898064579 1.4956190248321173 -1.4926644193814402 0.49418064421996477 -3.8802216224831088 0.0089119382114729723 0.6006406208023205 -2.534476508867975 -0.51661261815218718 -0.3890048399666346 1.2373514023764787 -3.4139258356842443 -2.3550569461319841 -0.11914904781435198 -1.6085471164434155 0.15923349719928961 -1.0177430514140675 -0.18593133392693978 -0.45318215693409053 0.54686921628097107 -2.1097477470953425 1.713797545937342 -1.626737719379014 -1.7747056761300828 0.12679782686599322 0.82292678242862238 -1.982214109543444 -0.74026953146041874 -0.68908176463823301 -1.6477650144197906 0.86129832952167451 0.61404703347450607 -0.23984621224660202 2.1458008850698826 -1.7224444995918335 0.33380457722287854 -2.368073800207791 -1.8118125957786197 -1.6566861418351042




