# Created by Octave 5.2.0, Fri Apr 02 16:07:53 2021 CEST <br1@br1>
# name: ptcls
# type: scalar struct
# ndims: 2
 1 1
# length: 2
# name: x
# type: matrix
# rows: 2
# columns: 320
 187.28629864814837 77.853139043212678 78.533488395747412 54.165525970557965 83.358853846022072 107.16339554153319 34.533111683852418 61.524596455646126 45.442030883702031 115.88093901330261 83.998669252577344 79.70275101460129 100.26637502489459 106.14945782068204 105.09792262802642 109.41680918046869 26.475840981660244 64.15463437217312 79.960688761216389 80.655225959515548 82.740338540843425 154.58981202423897 106.15651282264788 156.65217910810452 153.02177543356609 141.40237966060647 153.42273552520894 153.49772703933371 161.46535711845709 156.57133648634996 149.29704931706544 155.72600711621061 153.66598653553081 140.48276470025405 160.12944149539342 153.69412488916316 155.7142740333457 158.38654205818023 159.07644146975682 155.65701985436158 158.63905670768256 160.09054147583581 153.16792667699283 160.90819419645655 154.49279237633874 167.18356838385196 174.56622048584276 173.73133143980084 156.61322509225184 152.66937626419585 144.70571972857766 157.72483165343465 159.9148918393289 156.44827909415937 175.59004957319934 178.85142225652754 158.22525585495723 165.14792379195455 178.43453390805485 179.99001916704376 174.81966608904017 176.76391718439496 175.90473018923444 174.88338457191574 67.783182666627241 68.949248429220717 68.750861100124553 41.284037250496709 69.92071485915946 68.862081663173981 69.513168268260245 21.584309076415558 69.905595130752417 69.927088645515099 69.996083226240302 68.919731659457256 72.001790908552252 68.760136288545979 69.941159565898829 69.170610551920262 78.308539315896681 76.558845832670684 71.108901374060224 71.142797272793558 71.229233429166271 70.89268866299409 73.124910785296535 71.70181826524292 79.974634781708076 77.188669751386087 76.14649688632143 71.03435528633841 72.242431672818995 72.050616057040969 72.989296353395076 72.544524541502255 105.08327656297664 56.192909550832454 77.673406436548206 72.057166584694997 73.125877310686306 71.487477838319919 74.245101276280664 70.66162093989368 80.306252516486765 82.627546744454534 79.555729076491772 73.420355619843491 74.557592382813965 75.041900002898288 74.020354650475781 76.166637676918029 78.535009466078051 85.637093667948278 81.051822768814134 77.822977015473157 74.464295836289963 77.191444953291764 93.589566062409006 74.684834671298844 66.690894083328402 83.496104053842146 78.881460773034775 79.24507334437989 76.714128244772127 75.29569160091566 75.998795224754375 76.968049160969159 118.182055159854 79.181151549150769 79.599873915205109 81.386663185405439 77.462163086065232 75.541023200078229 78.142297426942648 41.119712294837619 75.731927530261757 75.277108412332865 82.912704589067687 97.817215187898569 82.037381375530146 79.16944210459684 76.402692816500519 34.201430599172369 122.70473902710397 123.18613010885541 40.375381614414692 81.805661297726132 80.554794222955834 82.198955026641485 78.352643475210527 41.749752155097575 222.44545061783396 128.91636390242493 144.95086142374794 74.608685622035239 79.645691633135229 82.427468946469105 106.5766402012126 27.879662818212253 126.8895644646535 117.75076886794764 102.32964575141753 100.09533732012565 65.881551869296871 80.441061182874193 47.21484804225932 65.702925839868854 120.26226340537816 124.68674203696402 121.8220703876881 67.624677237881343 29.035590936506047 29.544733869237458 90.038616902325003 66.652579582421438 118.47256387806263 103.31067794653164 92.906599840669202 65.349452146278452 95.219505068718107 124.35912960918689 122.37850382475818 87.080508123610869 90.70712422657769 173.81833211328282 143.40603619545081 64.588621872796097 164.84631893001566 45.890171656014331 46.524037743636271 66.480944166368943 144.54405571582811 147.29529142741558 182.80991767540144 173.22702814682333 171.93545632691806 154.82417769080206 123.2323554551929 126.26451136342681 136.78412561579782 137.48576275487667 153.40637181753135 170.88140262397067 164.05557593403898 152.56969140400361 154.21639075193124 155.43208457547743 124.57796366753117 130.88723669530268 157.49085235094375 161.45312030937632 156.26079543760005 118.59019694795722 155.23213067432465 157.76564989140451 161.29978198620984 118.88683598106516 157.29096228736736 123.98867939343542 123.44063248525951 125.54847115458644 157.62564254959969 152.13069468572277 116.87408741966975 123.63127983423809 156.77368699670419 119.27938157564826 220.04310464971576 156.44201425807256 161.2320256372343 155.3739550215694 188.7696586360419 117.49349521110328 157.82199369353324 154.36055105835803 159.04004990692891 172.42049667951233 169.03443970663551 176.84203281281253 147.48182485899216 90.873282083581159 128.97643672092588 173.56377653375608 173.70890514551726 158.0161858637197 174.64785486209618 175.70884927099033 146.33268593344548 124.32021755884939 172.6445469826873 174.62238879302259 173.49828437556357 172.7053160117961 154.73528851696477 105.93793355696377 191.45872006472356 183.59110431276667 106.82141664300281 181.386637095043 175.84068238126903 173.5768362480803 176.0225436060089 178.69923064880831 166.52012561686689 163.8423351030182 162.54222210790638 176.53237752521775 177.01897036598331 172.64417843027925 174.0192320611317 176.41922074357691 174.97413745422259 180.13382235729873 177.60941272067001 175.16674909548328 176.53635885181444 176.70354025598283 177.95471423351688 171.05982649751107 175.67661631980431 183.55610832363368 181.5787105052658 180.30443780536419 178.7529814273735 179.60237013484766 177.86770785820607 177.40021768544537 182.51592156709825 180.78221176706609 180.26356899792029 179.09520234848102 178.16527257236743 177.72707295980416 179.27979509184769 183.492888294751 181.87149036050508 181.46687562125905 180.08631002611429 178.72342301121864 178.66825959558639 177.50451793216723 181.61646629848269 179.77083109480736 184.30675347489586 182.63960849256833 181.12006045260699 180.54775327501082 184.06057804031371 180.48665174560341 179.75809917206067 170.65417141739391 182.83201392903689 182.24792062313836 181.6420061245079 179.23938889708714 182.95723353960452 182.33558936942387 180.79184842212075 185.50123315296247
 71.695748368864358 59.085312219263173 71.002463924497377 184.22063922798102 48.357594479611244 67.296685178888836 194.59719878764204 106.63280389181985 7.9732429555533555 17.74905950081482 49.341000868085082 73.199636923029018 78.808147168952132 66.849466283289942 66.248791935609447 78.358995058067705 31.064705495514715 12.094862678345741 49.166692524752889 46.786751146611316 49.899944463001567 35.082246971046843 65.767375005747709 34.753883407633225 32.576333593273155 45.025969704547968 33.546069952400707 59.369577739081073 40.577524609596793 35.88812438939172 40.106535401232712 36.802577217844544 30.439120608980804 31.247916355451402 32.691921202735728 35.883489309149908 34.147672619336625 35.318866695551236 32.325416981873822 35.402067437933233 33.279378560585236 30.507308303408944 31.501479699880047 31.762190862137484 33.881037156954164 25.789003941508675 82.418099716603209 82.986656561490307 33.396942348107508 34.238304312549403 37.422788791431429 33.858670222033645 31.578698677599835 32.222840374403091 82.059311350427194 84.537113357491748 31.612995457178215 57.125733186500241 77.223306543284494 84.586583831064402 83.494990306543471 82.195325443812337 83.062745562220968 81.204808773384499 73.399703106467371 69.337927642730051 73.820882488805552 71.007746615289861 73.834641489366931 72.732525151231954 75.918905612848505 129.56317778277563 70.192184650832388 69.079862806740238 71.315881097984175 70.693675817427192 73.020511343526849 71.73900079066847 72.574742653532795 74.838348036199292 69.167179611454927 68.472030223251537 69.027314964914666 72.398249516130903 71.236625072944648 73.432043138007501 72.61420703935417 74.246660772024143 70.914622212095537 69.381212604896049 69.577653054335656 70.230142947923028 70.781561802911895 71.95026291444033 73.724897144500261 74.937385665561095 67.416454144283506 102.10328159734304 68.290209938973362 69.428457006657979 71.54942799666324 75.605960538887729 72.195428365906068 74.810342478534324 48.149281924714828 39.932009329834685 71.907238391689674 70.349994214563537 71.181217163978616 73.034136707586867 73.260382031244617 72.702057021922855 51.109990593681047 71.060117865724123 49.113552899956368 70.187281677673568 70.049002607737776 72.340640783736617 109.87078295314301 74.227312349550076 57.69093841020419 47.149782486315097 49.501913959348343 68.507513708837052 70.484200546587402 71.936323579516454 73.880678347767301 73.457371202864095 44.508110383085054 48.464094989368 50.513529529968778 48.025023729364619 71.369350394153557 70.798690580298896 73.118381702747442 197.33481697887584 11.632094522079884 12.575434435588422 38.796763957853273 50.20334512313795 50.790424952895073 70.133933858178608 71.623486863800196 143.30796078590652 29.910597057459299 35.131997393017194 29.955290750974317 39.219819327705956 50.020617311015961 48.959426642169753 72.032076753649704 196.3643627995321 49.040881217917359 40.056955371941292 63.648369393693571 11.661328029463647 47.293287313040274 47.73170227091218 49.373654090225592 31.036742455779006 12.080448240655294 20.447824236242763 7.4254658617504949 39.488348960133578 2.8184168458008783 54.103007754444342 6.9242362801028783 4.0337091876158828 44.03735872826865 32.757079102545177 31.471511317256933 10.955788046897604 31.413379666249941 32.653124074001191 35.301845361441295 3.528270334285216 41.469222325191019 25.239347525420897 12.756020957731304 5.0885373374875034 7.4065738043679819 12.497050782555757 1.2148291156259157 26.819162278610033 77.619561782547876 75.712115896792227 10.822590226665936 3.7357649907519535 3.0499993914185071 6.7560833963797853 7.7879141889245798 4.8141632155463938 11.283683866872902 20.710447132227113 31.345326439299132 8.2550804378524312 7.9257877643048111 15.319354705822326 12.532477486335356 82.544577252005652 14.291179101981799 13.432296499329336 21.846283989961933 8.1842212942036756 2.2566274088148774 20.969560062650107 31.438910430292417 33.052590239862759 9.8491031981423856 8.1349475563619151 11.916167582343046 8.8019961805542639 5.6953836559802564 6.1424398950052925 30.838172046669662 30.639599151595267 7.6197496164835128 4.2524660146977329 5.9456885908556423 30.251795763185587 9.4224428663460298 34.050705079702006 32.683519670415485 33.291117824158384 5.8692145756288108 10.820453000360249 4.8033541660165335 5.237373366435321 20.811815350182584 31.023911838535064 29.3866945548654 31.952988516241156 44.180914358981219 9.7602515338772022 4.8178374655779033 32.689879906965977 30.805801570351797 79.880103920023529 16.435106755365744 80.271976227531681 2.7010465563803185 46.371474575717592 20.24191988566929 79.373938476047201 80.817493850808305 66.571824986216569 80.189877431173144 80.005661065064146 3.1614523187807837 8.7652088069437362 81.461167904391147 79.110643281429944 77.916801037627778 78.705499528124534 36.142134588920939 195.94228433100102 51.450485153385642 30.595659205440647 101.60155194091426 74.411295314465164 77.193242695161885 81.954086097005643 81.057416514242277 83.371779812878174 79.30260655465429 56.987180167272555 59.697109251770065 78.112692341222711 77.082170822649232 82.56499790890723 76.85804897083932 84.264483290507172 78.013027102750414 74.619172652097646 76.217210081577377 76.286455170607482 75.742456003972066 79.232172476960415 78.093503443689826 78.917109422687119 78.934385265864591 79.267377021715859 76.112075873706104 75.876331579746747 76.116606279793601 77.059011216825184 84.072964840787378 81.243620108948136 75.767781031070669 77.243963729145776 78.285484660024125 78.203209624612441 80.480089820663011 79.495802712505196 82.459408305684846 81.203803417007649 77.285103449956935 78.34731402684865 79.401636568513467 79.362449519017289 81.503394265262585 82.947295502147014 82.299835877248796 83.488134901134174 80.127668801917423 78.303846462148201 79.373776797753834 80.447804633288982 77.963225515882343 82.6990554609756 81.298361739732954 109.11810046847899 80.346870342767957 79.266625686829371 80.27593159897252 80.410011882064921 77.115527962880094 81.368184541763185 81.703930730554745 80.060350639405073


# name: v
# type: matrix
# rows: 2
# columns: 320
 4.0452272840958052 -1.5491047806532685 -0.15868322099034127 -2.3617106020879088 -0.39597343601590068 0.13417151941287148 -6.2106094508590788 -2.1848560259870178 -3.0948464557439985 -0.60100659307165627 -1.8565594965496277 -2.2897290101280419 -0.74118715823311598 0.68163819014268223 1.3253601993112254 0.0054553980679680576 -7.4199122855332806 -4.4819068742017949 -0.41922719654785567 -2.6781796642227707 -4.332723196124836 0.84573189318101494 0.40947568391488415 0.8559763943701072 2.7045138835090392 0.35029495785484888 2.380218703611559 1.1313036246855084 1.7875350110661496 1.0617863250999497 3.0128946453212055 0.77953843522050592 0.89345211240169953 5.2435936435317503 1.9667732706700167 0.93549155695082664 0.24182534047489104 2.0417804761493685 -0.58965868468648763 0.2007640404663566 0.20031358509978381 3.6114194799567065 1.6094674101247879 1.7436179044806375 -0.24163464003361579 1.6961192366017308 4.0026953892157158 3.942908674509022 0.6209934900197116 1.3806425503266524 0.56229828007824556 1.5283983043269571 -0.23343664034327771 2.5781451782080755 1.6794746206456641 2.3896529186208939 0.1580971677577015 -2.6760358415678724 4.0782570079790705 1.581413003376458 0.80493387545394146 1.1615973692609263 0.91348427669800214 3.3593786907865391 0.22149617529395982 -2.1481997186193382 -2.1926583714338572 -2.5555409142093808 -0.4034946095534388 -0.63049032289143059 0.032778073882710375 4.8083481724781443 -2.3101627365105983 1.1522805536297978 -1.5403166022993395 -0.7943002368466543 1.3161866746529527 -0.7433809091087713 -1.0276299092504753 -2.2948577190611834 -3.2230748087437027 -2.0214453915695656 -0.67891902439703844 -0.2585870509502507 -3.7645395901202403 -2.7744000379778084 -0.038999425002909559 -0.56110292020932429 -3.1811055296023256 -0.78332116495080673 -1.5571462372078009 0.97218783024729116 -1.3709795879574753 0.53729403588038105 -1.7060794704975575 -2.6824630624038712 -3.6924166370705716 -6.2008401770682422 -2.2631200575596289 -1.7150514214851562 -1.5535041017124267 -0.9158544604408112 -3.0653870018152847 -1.8187724847263151 -1.0394056263747617 -1.2039174906637962 -1.2923087308311829 -2.4099358102447281 -2.5295092281067784 -2.3181171094249766 -1.4493212053660744 -2.0544789737664164 -0.48086397144823023 0.83635664410673316 -1.2687394798009903 -0.94220404289646087 -3.3590461016431501 -2.0167286981117787 -0.98235940944024569 -3.2956080488455326 -4.708855312620055 -1.336308990450882 -2.0906141616804761 -1.1750655257845364 -0.22486695547769833 0.99398300359595515 -4.4241643504458734 -0.29426820808041593 -0.96274679612810277 -1.5852142148952002 -0.49137188060327569 -1.7664127366813704 -2.1088855676131559 -1.0488771788461837 -1.9748964246286806 -1.3458223585080589 -1.563306440643019 -3.2038682906155613 0.89870216371958811 -0.26415823193366156 -3.2604345748068115 -0.15398927815158453 -2.8917532327908329 -3.1420302346738094 -2.2616546088105283 0.71109349501497576 -3.3052369035009281 -3.2552365617367762 -0.52874345971211067 -2.5870916712461223 -2.6211744141770277 -1.1474890849620711 10.35078207216706 0.19756493752138243 2.9794398013476497 0.28826275072706659 -0.7008731728991715 0.086371283326236462 0.28907770316144898 -6.5746387941498279 2.1289798520658563 -0.77894882957280687 -3.8979409362357114 -3.3913228914080427 -6.2848291589257963 1.0137137855549803 -5.8457737614867407 -3.4458452221121059 2.0785551233378823 1.7699640118990494 -2.1955518011050024 -3.7883259683974826 -5.8032387673321102 -5.8113326474548952 -1.1946868770402617 -3.112051341042263 0.85973893404808166 -0.86365086495798538 -2.0628606792712292 0.14840321311677096 -0.75816249943952441 1.7528193233687444 0.99616988720600141 -2.2070062866156208 0.5599963309348468 2.3497167936419276 2.4166419748691688 -4.4207286614050876 3.3303072288621443 -4.6337454655240826 -6.6966531558551115 -3.6392039667100482 1.1935822394010815 1.4096056935038199 2.450019399088641 4.2009004834246211 3.021369088939339 2.0498604029075538 2.3160135922188325 -0.3069193709385597 0.53731086504679249 0.24282000758219024 0.25279943844970937 5.8210170528323086 2.3310186104491568 2.5352812271399316 1.1489862053613757 2.3154837393465013 -0.77847437780801287 -0.19023854147997604 1.6670029544563978 3.6670587641350569 2.2254733335385706 -2.0618166552953001 1.278622567381587 -1.6693947035446208 3.460144183697206 -1.7641603199216753 2.5266535863556276 0.17948837600641029 -3.042581464575691 1.8159021536786641 2.4621214543794863 -0.52834958066932947 -1.6991286519868771 -3.6600340955790109 3.1900674839981553 -1.3809136694347186 9.7918552122602343 -0.93043152763010406 1.039230791282993 -0.62733097360201229 2.2728166734052841 -3.090973361697769 2.2055012150942277 3.4147320042705185 2.0804819450193119 1.2811759848497273 1.6181343393369052 -0.046675353583608373 -0.47158027430377647 -3.8714034896466614 -0.018388054878221378 -0.75718598413192173 -0.21983156473429585 0.79445250808365253 0.93163083792505486 1.2697162301432876 1.5830749848175445 -1.0485305642663503 1.2190780313110938 0.62818299654515808 3.0558616662696676 0.52970391644588577 0.69128550871844185 -1.1396072695747648 5.8342632862706818 4.0588512197623237 -2.100086601167332 2.4727422010082205 3.3221159488278826 2.0662475314154687 2.0963947294357537 -0.33193569421245028 0.48846253060245814 1.6708612727061742 0.37906695415774072 2.3757005712762145 2.0336639823266869 -0.0067056318226154654 1.1010120648696016 2.6835167019898449 0.16828518779552262 -0.2139436975788066 3.0207822571254668 1.1069513961223141 0.25758077574126381 0.67276778806931092 3.6706280242243019 2.6598194502654691 3.013599972551583 0.42639624868994491 2.5842726996885141 1.0432028824065394 1.9245763889390988 1.2892070122012618 2.6000632600607361 1.5211917221521265 1.2322822533695523 -1.106596433214025 4.3392741200934548 2.0328198079405952 1.6375451164664332 0.23597695508614036 0.410786049295505 -0.070458911188511553 3.3454946768854086 -0.057175440439891242 2.0623854510206647 -0.45749550764168373 2.3334291343879814 1.8509780163012108 2.1483714597235446 1.2102070666731675 1.7489830606528831 -0.54803624506772108 1.8397705940590878 2.0716753658956568 2.3343452395570483 2.5324662971815366 0.71797195750769172 1.0795806053282941 3.0620572718524359 3.2482932189438229 1.8640916902830731 1.1805216680472059 2.5606055933687202 -0.34773778296389812 0.21190120873084251 0.99996373917108405
 5.6746610425660311 -1.117490105380994 1.1781308789393581 3.1959294126884794 -2.0152777611417756 -1.7192325921897869 -4.6342608888700507 0.29108599795669898 1.3473736554974232 2.2802740130875314 -1.3148958019136439 -2.814153998290946 -0.81039780598378297 -0.61523047624026828 -1.0827761825911437 -0.11200043242230964 3.2501113897782088 1.0634697339613519 -0.25513427811423806 -2.5060631226791874 0.12575847122475439 -4.4651060908816422 -1.890994375685795 -1.3723490286867719 -3.1598058883323419 -0.88210704781953475 -3.1194045855566208 -1.3688265063269536 -1.0139704414147523 -1.3433640831000966 -2.6884861982767987 -2.8327521538137259 -2.0218242732573675 1.6694031693815439 -4.3366731263571401 -3.878646664829049 -4.211575320189306 -2.3166153172869821 -2.401611402460738 -3.0716210400239521 -0.83000825649261378 -1.4941058969118373 -2.4497031661962962 -7.0539721344433852 0.95517714290761069 -3.0630822844400307 -1.2087514824326595 1.1590712031403938 -1.2478686460675605 -2.9607474993326921 -1.511915700213561 -2.9369412552309195 -1.535657872698134 -0.7135910295043133 -0.22726242941304917 -0.54678712242358452 -0.18900455003671285 5.5375563980826854 -0.23847922441765418 -1.8970864729369474 -2.7743107498724591 0.81899118524705072 -1.3216401760745957 0.23158691034786671 -1.746785986820087 -0.309263508007601 2.1072550612141341 -0.70265671128496998 1.1808348543999085 -0.28799112659923121 -3.5518441406937278 1.2975106343904557 -2.3881324717511192 -1.2255544753438021 -0.25655965720046658 -0.45931973260550063 -3.1023125597639249 -2.4928634612708254 -1.5122155190957374 1.9371917668580316 -1.3246823707909388 -0.21852450796078515 -1.2189106389720767 -1.9872773268586397 -1.0521944702670436 0.95980814849176344 -0.64756810121803388 -3.2436238163474584 0.97894746213564043 -0.35809579985804252 -0.13305634519472981 -1.0862706299744258 0.99751152789953235 0.059137689780860841 0.056536116399115564 0.24432077783362388 -1.6220358555777656 4.8970965420429486 -1.2492986781035778 -0.90151002961987448 -2.5990858853363674 -1.8510027526629853 -1.7908709266579523 0.35820542426089297 -3.5898929259398007 -2.1700677957567587 -2.3084207833155901 0.34670444580478965 -0.82366362067746612 -1.1425861904803212 -1.7758676790206467 -1.1376219480737235 -0.29641362141813399 -1.2511771984691764 -2.1447129053757847 -0.63895568957014248 -1.6485262797813751 0.66133557358827955 1.4511542305423721 -0.93482910398924246 0.79862800313806859 0.2011627549584861 -3.4094884556954064 -1.4976725030075355 -0.19251032746376101 -0.35579439382070022 0.53129722851058081 0.48980967607478737 3.8709823341665754 -1.4102402101548912 -2.5743699217985525 -2.1066094228197203 -0.49649537016212009 -1.0880030498096556 -4.2038545965013192 -0.66604331967778907 -1.7732188502984811 -2.4238200713518609 -2.4490990903403596 -1.2143987563600565 -1.4204527625827525 0.092856950286681297 -0.739851834073329 1.5120815234880927 2.1616276655212077 3.2193689319130208 -1.9440862629784657 -0.74192911018953889 -1.6211610867280415 -0.015460114833069694 1.3415232372479382 -2.6791418103632507 4.0790060925250726 4.8120311240586187 5.6950017758415452 -4.2135286108001173 -3.010462552029896 -1.9142981566524022 3.8793708077086242 3.124883202967458 -1.8896500028491148 2.3527586518369832 2.4361773678480465 3.5401989572604635 1.4308721137295197 0.28904425432282665 -0.9379588663065318 0.16007636299868655 4.1401599401114684 2.8799298124922874 4.6477655881139546 1.9668184924153542 1.0978393525162702 3.2493668789270034 2.9453708658843212 0.80858568859450575 -1.4238569325053376 2.182676113160066 0.45209373950366916 0.018070504953778231 1.8249665120869287 -0.29614751366375691 0.27046533535377848 3.9997167321991984 0.16374669928492003 1.2400940764074579 -0.45713170529619357 0.088139356419786805 0.83728624809993446 1.0144299670010837 0.62652371215224489 -0.37030298260287958 2.6432651478647879 2.5207145001160329 -2.1250294626566317 1.3681196996502789 1.1830389094850364 2.5554140728832921 0.95116250106506051 4.1833626856438144 0.24032703419685886 2.6893604659520109 2.0916419945872806 0.85224732638428669 -0.32253588634419955 3.2428741830398566 -2.2898391426103517 -1.7863884181195013 2.8875398445583227 1.4029848457557814 2.0033045347491587 0.35728957433279335 -0.34254284039678962 -1.6957116603405362 -0.95672022789180622 -2.1383415687977108 0.98284480622777526 -0.87480677845099475 -0.22145624460075694 2.4442589462215745 -0.93573552566156637 1.5344481273474293 -1.6014668404280734 -1.457415236181836 0.75365149352022964 1.806742953021353 1.1558941785357153 0.065815759417647307 1.9077300108608601 -3.7016732264094618 -1.1361727217778463 -1.6811790075800574 4.9553758204151475 0.65405078510978476 1.5639861856519224 -2.8660493792617641 -1.4650209274344228 -2.2628720916627962 -4.0377167529329059 -0.79501355924503847 3.5401853961058176 3.7153455081322457 3.3848254212749538 0.1154817423855613 1.0086735380883887 -0.81940030315974965 0.53950998960910113 -0.51042284566605822 3.258236681908854 0.97647582942079414 1.9514760489954099 1.2792672331957016 0.85194004984171967 -1.835993395112026 -3.2152018748807083 -4.0361142509800016 3.6665063691707065 -4.6299564624471756 0.86357808203941411 0.2935851935394776 -1.2729586361222156 -0.2665528074664183 -0.26875554129715706 -0.96107443936934389 0.28908030533995194 -1.9846178997550776 -1.1548233309840508 0.43634574823893135 -2.4268941689601493 3.2503868783762369 1.2056437435210468 -0.29748592858783462 -1.1691330326634064 -2.1646236488131829 -2.0417126382026893 0.16788052282587795 -0.66576473995585639 -1.6160647393215821 -0.79181543134093801 -1.4906044278377077 -0.95885641854232562 -0.75301198602727049 -0.75064640105450964 -0.12217146257813484 -0.32963076547257775 0.012390435025066333 -1.7055526604247215 -3.9345688360816848 -1.8169378564968011 1.1245842016213288 0.033097061150216267 -0.86679399099946408 -0.59828424649733858 0.73844155543031287 -1.9007420246818263 0.061751651348536593 0.74512213079206435 -1.5785401874584601 -1.6842997508987123 -0.68781728730685687 -0.39627002813104606 1.8390573059451303 1.6060587091784018 0.85393250019727618 1.0131824971332799 -0.27745736729745346 1.8023262492194736 -1.4692062753136337 -0.45225374262016971 -0.86629307291804569 2.0887820857294792 0.86129832952167451 -1.120116306735949 0.30572354120610856 -2.6582580590586078 -0.064366799846900469 -0.87796038206948401 1.0303143388645812 -3.2043964827572919 -0.17819015241532205




