# Created by Octave 5.2.0, Fri Apr 02 16:08:07 2021 CEST <br1@br1>
# name: ptcls
# type: scalar struct
# ndims: 2
 1 1
# length: 2
# name: x
# type: matrix
# rows: 2
# columns: 320
 193.1518782100905 75.606937111265154 76.551291496709354 50.741045597530515 80.757620866251969 106.95185234965314 25.527727980106441 58.356555217965116 39.40579808506142 115.00947945334765 80.486061337752261 77.121409964815129 99.191653645458132 105.8961683206642 104.73130321070342 109.42471950766658 17.819520840539319 57.655869404580926 77.662977114934435 79.187084137263597 79.315033995397343 156.03608466502547 106.04515876741836 157.89608011512379 154.71399214544707 141.91030734949572 155.46370175536063 155.13811729512855 164.05728288450442 158.84822326206239 153.66574655277992 157.43577101416386 155.93484632735047 148.08597548337281 161.72354733135799 155.52659266005648 157.60308137746637 160.87633105238334 159.97738904194219 156.75227516700403 159.71657095212265 160.67372736944023 154.96823828648607 164.34133461931037 156.57633524860321 169.64294127692361 176.85975951035471 176.25872120721445 158.61841154236572 154.77118575060956 145.52105223469181 158.93794902645399 161.0549738368702 157.88279614320612 177.95854841880853 181.29124797932545 159.0174037577745 165.07000142469357 181.04517316781582 183.39623766825761 177.50014295917464 179.28821105455899 178.94122550616888 177.37831088082839 66.867112196136731 67.47210677375233 66.77910271721727 37.578502924892149 67.074331492704133 66.230727127812756 69.359471586541858 28.55641392650881 68.271696310964387 68.451849296549653 68.003824230793938 67.133996760052341 69.489975448495784 67.029510778059503 67.802630674520557 67.932777710436213 76.197734746289782 73.835257202346568 69.680559654526988 68.817801576460894 69.319432769741852 67.426102930454903 70.664705960157377 68.573153448724938 77.621778168766937 74.635512733046852 73.537985900036674 69.344996655112837 70.425551293477923 70.042739239424293 70.268637407659511 70.704331157834005 104.37051471320818 47.201691294083417 75.37904821446584 70.417272174414236 71.221627352592819 69.302856749263441 71.977821810115273 68.207654704085982 78.210620615267459 80.557799274792146 77.637037588940998 71.598756645301449 72.489266587251365 72.916966171213886 71.403046173747569 73.932873784998506 78.409951384986499 86.849810801902294 78.828521064318792 75.946468883132823 71.625281318082301 75.15243654059023 92.165144918721097 71.780803734670926 59.863053880029213 81.961299118128679 76.596472436269465 77.394553473788918 74.684221143238815 72.963533399649165 73.860107648221586 74.802094752380995 116.84718957951505 77.044814219094889 76.915347298261224 79.829475576405429 75.479676571413052 73.62581471571356 75.89014921088598 39.920751316538947 72.45796516341268 72.990510224498792 81.756294073113381 97.434185751594015 79.568559138558186 77.027126402474025 74.265961917883359 29.645486758895778 121.07678746534771 124.21721567662898 35.582788104338988 79.869164044755379 78.203017835291632 79.688767575628077 76.245885567285598 39.333411540364573 237.45408462247877 129.2028330618285 149.27104913569826 73.674823804947778 77.696924599658075 80.891927291691729 106.99580287079598 19.0617888916975 129.47952543028862 116.62129306506912 96.677631393876055 95.177919127582925 59.517042545527922 81.910946171927066 38.600542086755496 60.548533387349593 123.21505106017257 126.92015606017627 118.78942830531322 62.131604583704245 18.829538735151157 20.091752521246374 88.306320930617829 60.900176682381527 119.71662456812935 102.05838419234352 89.915451855725905 61.534606192543251 94.120169444529935 126.77868623040249 123.822950161205 83.880349008017205 91.519118906433533 176.98199734925325 146.57448046222169 60.433132992426906 168.90465612649177 38.313667693516209 39.358103144294489 61.628913728037588 146.61043655974913 149.33921968299717 187.85896993119877 179.10384081407145 178.39588869282537 157.79647527501544 126.15988891212372 125.81947827556476 137.22064586644993 138.1804322695366 154.88889355637096 177.45692319734979 168.20616120456449 155.19529261984601 155.95317481726784 157.57596247364069 120.67497333590777 131.10845063001923 159.90800663490651 166.82606704026026 159.79252956870826 116.16051461195903 156.40206938779667 158.51261381679049 166.26127952968261 115.02580879360984 160.6045745602338 122.4491426526999 121.55319203122302 128.51456307146185 158.76309768230732 154.54390704315998 115.16924507807958 120.33254691022054 160.85934308946312 117.26120546056593 234.24129470749585 157.17913325472065 161.11373263018902 156.64774077599358 192.06524281247985 113.01158383664325 161.6051498443307 155.6255658272369 159.87141981866668 173.60167849399275 171.38073449867625 179.05316427863238 148.04796528593801 85.25974702359477 128.94977404135349 175.74662284799004 175.36979368453277 159.16814200044425 176.37411033174487 178.05249988769816 147.37821283674486 121.59414918975015 174.67533333985156 176.9601195341599 176.33855810166909 175.09424127919249 156.21485852640265 104.28550301607856 199.91840182981773 187.97991445430324 103.7762910713119 185.06698306394301 177.01664974813087 175.71884475709183 178.54188739334535 181.25992247720163 167.22839628624172 167.87049148488222 157.68413205198732 179.213199118652 179.67217921348794 175.04827462358116 175.17102378692246 179.01020841891659 175.78190304731854 181.48072070407298 180.22531862165576 176.66113313852065 178.23094140138684 178.47056689259259 180.25395730644598 174.55803521470156 177.49092391152652 185.82876042434268 186.20251835388456 183.29057194889108 182.05388047126993 182.08282418113305 180.29754631414463 179.61120054184514 184.69577698866752 183.68703086637427 182.45717628583913 181.33527542643276 180.2004676646865 179.57732402445694 182.21294732656742 183.90641673084804 184.7717288567743 183.68863799770361 181.73565316218321 180.62227900908655 180.41093828138122 180.18222879773595 183.36440851777053 182.30602213904814 186.87888254622732 184.63142933399197 182.7739548541748 182.4717522676784 185.68302589803827 183.57598103135956 181.72922028340929 172.2195632951217 184.78624395587624 184.74567301189603 183.55630553754042 181.22938671286724 185.69705765623016 184.65287999863199 182.95801207653184 186.71083530993491
 79.924006880583349 57.464951566461266 70.138752741726705 188.85473687637628 47.264179405556995 65.253555957173475 187.87752049877739 107.05487858885881 9.1266413874069237 21.055456819792116 48.512640317702271 72.02934662106297 77.633070350275915 65.584260562779235 64.656736017931536 78.196594431053569 35.691448506096933 13.636893792589913 46.086496137495537 44.799107498333086 47.913902211565208 31.232360999595397 64.458411183836787 32.108813409421316 28.359211867441992 43.746914485210205 30.254253308201111 57.384779304907546 39.107267469545974 32.914896527541593 36.208230413731776 33.079984688640465 25.938678755892941 33.668550951054819 27.067177799973656 32.17559368757442 31.028739825287946 32.745398789043314 29.120895602383701 32.06771615239424 30.317524772829326 27.163988215431178 27.000275197614407 29.479943402505238 30.227055568140674 21.34753462907053 81.911610257506666 82.821694668750965 30.667253669715311 31.160350746931542 35.230511026122215 31.775443332289903 28.268540657838727 28.739766214042373 81.656884702370732 83.27243811834343 28.614058200712453 61.761636048261629 76.172016999409522 84.554628848378002 82.785361713340137 81.471150318981032 82.453050147429551 80.755521779305568 71.618379392026398 67.252156860449844 75.536882057396539 69.988894383925228 73.780010830027791 73.039120274927441 74.458277219837299 131.44456820264136 68.760023154294373 67.613415664780732 69.964559258945116 69.305290955835986 71.564135961842837 70.417017906196278 71.190929332937955 74.686713034836771 68.088112795139068 67.503911702499337 67.479700822413136 70.700893450323107 69.563686216221683 72.668407728140807 71.379845104224344 72.264147259208826 70.023336823143751 68.279385222209882 68.540149543652461 68.453978984163967 69.527406221262495 70.47773279203544 72.332036505417804 73.508070882648511 63.576918076785411 109.20407158330649 67.429050490562361 68.370747736393085 70.422905183162342 73.140028764034582 71.555882234570248 73.398964880397202 45.174749201630711 36.415414099430713 71.079633039705882 69.308183395019626 69.996736211480254 72.190898673231061 72.445165486711176 71.67444688771748 48.674626083037793 69.245910927943896 46.105154331727725 69.211845989577611 68.245527306735696 71.275967549733352 111.97495658743004 73.439072555951157 58.848949014753536 46.219328718182567 46.145410764291334 68.113538278932509 69.345305552847805 71.008932707824826 72.878495357146036 72.385981691944551 50.108508219303339 45.07292003607386 47.225449572916389 45.648721551751024 70.101619377062676 69.598682732518029 72.169088524582691 194.86447267850727 8.2885211591103403 7.2613681834469128 36.457883220362575 48.442466926415335 49.009547237025885 69.084765163503974 70.428532580294572 145.50047899496207 33.823797165409673 39.800082344290935 27.136365669655387 37.30170610098493 47.426867340917333 46.740576505633626 71.163514935304562 193.98418866134114 54.955440052078103 47.034400501825509 71.906121968665047 8.1236447225215382 44.184408728433013 45.717409225681813 54.998741761402151 35.762458251211427 9.2026099075762442 23.859324281406341 10.957923045130347 44.621637448161366 5.0323607103360608 54.522121923213128 6.9574930512865532 4.1823575690230657 50.053117189752783 36.553939284812927 37.935324047587848 13.807674860899871 34.666116645723221 35.595119483587176 39.572633116974416 3.1417044723286156 39.397397516767185 28.404227889502813 13.411556880011476 5.1971522653049478 10.052775246894052 11.724922743831526 1.6070038518889225 32.61875154029881 77.856994496512712 75.227125692605085 13.241417362428267 5.5607020443627562 3.4906298714971107 8.3809483311911546 7.9494283301750768 4.0009743640678135 12.034750222835022 24.365483157395499 26.735556425188552 10.244481587419614 9.1812450060478241 19.024705111503483 12.653425052161992 88.61045314618805 15.586419348347421 16.385103128179569 25.594189449783148 9.8743015093968989 2.5623849532820921 24.649451834098468 27.957284159587523 29.859095771585782 12.83685067727362 10.307121411655723 14.820959157729476 9.6885486613999028 5.8085859291264086 4.46980836130769 27.024924853174159 27.717142437142648 8.6763919874506961 4.2160747048909784 6.6108378874011091 33.299810870986576 10.774417753750063 36.654692910201867 29.586200518108239 29.673909757501018 5.2415739189648844 11.749525679823877 5.5853564869778749 5.0350126471158099 23.578023865930419 27.825201749167832 26.110086946828869 28.912997189724585 51.366209298583691 10.708625172286581 6.3835114297505813 29.105419019758511 27.913506667103285 77.911581227536701 10.580417463613109 79.190118483878464 7.3280958368942528 51.758725562509532 25.149916746517953 79.72181369109633 80.761688916548906 65.383694546633876 80.627088778680431 79.669564740419801 8.3921150513881262 11.963149462515705 81.671067608641494 79.650461336865973 78.569194554208892 78.094574082993987 32.995818436300908 190.08991866707663 56.766919388682155 25.410699628150709 102.85374015986999 74.970229983998252 77.684353460142063 81.735000921873322 80.685642788593228 82.16895955559275 79.721772997395817 56.174905183736016 59.350748366193564 77.151488353899211 76.108366096328538 82.666723852845919 76.203670626047071 84.192263151811332 77.242879508448695 74.104477896508826 75.025483290376954 76.37651631470122 76.577920149547822 77.954385077941097 77.161449207658762 77.138367312785647 78.627858620195795 79.082843695525526 75.760841881510032 75.609578500483067 75.248537717137552 76.409573521918048 83.706437816105492 80.155516435670663 73.765150940058732 76.788614684052035 77.493958611828148 77.309222412266962 79.19700083742768 78.139221280721742 81.685216740844865 80.379876150925369 76.15214652891521 78.059976196284936 78.394594578216555 78.184409951123698 81.477860377285054 82.515540618549721 83.414409871769394 82.742581610557068 79.233750053486503 77.260068446307272 78.706401414364095 79.860488887734604 77.838129543555993 82.041386724837309 80.680697590332741 110.36698304628624 79.738626829718612 78.466737446197357 79.431781018597761 79.307373542273069 76.756376153177612 81.411154016287725 80.891905048527974 78.17615534945773


# name: v
# type: matrix
# rows: 2
# columns: 320
 4.0452272840958052 -1.5491047806532685 -1.4795419678493587 -2.3617106020879088 -2.3624785233863159 -1.2365819764584691 -6.2106094508590788 -2.1848560259870178 -4.5547068346102737 -0.60100659307165627 -2.6321590136005004 -0.95210211225682062 -0.74118715823311598 -1.2715383246181173 -0.17358616348978878 0.0054553980679680576 -3.4077356860201165 -4.4819068742017949 0.98877739476950832 -2.6281235627988893 -2.3954273560669068 2.3566734152630926 -0.27200595299368752 -0.98915630884689731 2.3715468858656421 0.35029495785484888 0.72653206889551292 1.1313036246855084 1.7875350110661496 3.7191010096133814 3.0128946453212055 1.4860127902295102 0.96843455126543199 5.2435936435317503 0.76488421698947517 3.9363273514760779 0.57507362563179032 0.87267396709570111 0.39152969419258488 -1.3062144168636807 1.6391832408110036 1.9849884779251536 2.0239623128845978 2.3250116500154943 1.4711447072149773 1.6961192366017308 4.1660419667508872 3.8046788653274497 2.1609822924995035 -0.85722265506553552 0.56229828007824556 1.5092488776579183 2.2107701140092719 3.3120062299776167 1.0199380819745578 0.72982029134315862 -0.45745834366109006 1.3293554749027776 -0.78724512753516984 2.1838533309733337 1.7663012466242205 1.9407854928583397 3.7290949671142486 1.5795200066415465 -0.38737250929417116 -1.0693775467219484 0.39302761109352841 -2.5555409142093808 -2.2924627706092302 -3.2187875001782609 -2.0662616120562922 4.8083481724781443 -1.2990888223963548 0.20668343488260077 -0.30527730745659454 -0.55091486103209086 -3.1832445259412183 -1.6211140884731623 -1.6418069752593956 0.018964616906593332 -2.2241273622254729 -1.0514431894539322 0.60303025469143534 -2.0442018096275971 -2.8111566278261781 -1.8796997224369343 -2.5588559787560889 -3.3495731920575076 -1.635404958413849 -1.5853126178788097 -1.094739222836457 -2.9439572918584518 0.61391622870377771 -1.3824007103017009 -0.65225901835823152 -0.94616750535981642 1.8119413732711558 -6.2008401770682422 0.40646066831216876 -3.5190937844288093 -2.3532866454990105 -2.7111555567851333 2.236897165194855 0.84471140385941335 -2.3659210678676379 -1.9533845741659452 -1.7433090791822963 -3.5080437692438968 -2.068318792434602 -1.463588891769398 -1.1747362961297712 -2.4097815105952853 -0.82011536599575452 0.83635664410673316 -0.94317832367162435 -1.2972776347541977 -4.5773219418267335 -1.4609011420109976 -0.98235940944024569 -1.8112834841490657 -4.708855312620055 -2.6141616165760242 -2.2552697584155252 -0.24587615544603303 -2.2856188768446453 0.37670629107791853 -2.2536047761176183 -1.365179260250023 -0.91901916719394472 1.041093742774144 -1.1766048096391439 -0.7996865706939621 -0.05154128664848226 -1.2076571218037921 -2.3111553495563872 -0.87102507201300783 -1.1779381250717504 -0.2187530567332796 -1.1799357934141215 -0.26415823193366156 -2.0373245543836802 -2.4073248608710149 -1.0192824646472669 -3.1420302346738094 -0.46545989441919444 0.71109349501497576 -3.3052369035009281 -0.42713152110091529 -2.1991051379484281 -1.731534083046085 -2.0551561208856883 -1.6222863714571276 10.35078207216706 0.19756493752138243 2.9794398013476497 -3.0822207987264836 -1.8042251086827827 0.003078068495468822 0.28907770316144898 -8.3425142164709314 0.044028414761883579 -0.77894882957280687 -3.8979409362357114 -3.3913228914080427 -3.4432749369587197 1.0137137855549803 -6.1935323514507568 -3.9751597241491545 2.0348274944037255 2.1153966338507808 -2.0246005327129852 -3.7883259683974826 -7.2777222211568944 -6.5811503708221126 -1.1946868770402617 -5.0017994293848433 0.79910449931824168 -0.86365086495798538 -2.0628606792712292 -2.5349180614368931 -0.75816249943952441 1.6812775488182021 0.99616988720600141 -2.2070062866156208 0.5599963309348468 2.6624879523911349 0.12228519377337445 -2.7514546106168662 3.1736193465825808 -4.104556988954287 -5.4182226635946069 -3.0476483745320326 3.4879390204968796 1.4096056935038199 3.5925244667546252 5.0091935887032042 2.6191606000346241 2.0498604029075538 1.9132963906765408 -0.3069193709385597 0.53077460645121322 0.24935626617776807 1.175759557547899 5.414932436458451 2.4877064927287202 2.2101957302469732 -1.1332188292525303 1.3296405011211627 -2.5507897803305783 1.8947128958240025 1.6670029544563978 3.3864239945139145 2.5389039663283324 -0.96980638087729332 -1.1249475017613619 0.79898051380174995 3.7407789533183493 -2.7180279455644545 3.2518438645225918 -1.7270231720470979 0.50945407126623687 1.4704695317269272 2.5410688178631675 -0.10500615888411452 -1.1302348386473406 -3.9034283795908791 2.4973831075871273 -2.0879501315494875 9.7918552122602343 1.3528383960786654 -1.2211880822435492 -0.67799279429738724 2.2728166734052841 -3.090973361697769 1.8595646805485444 0.32200013969061791 0.1142366453733905 0.041133636676137571 1.6181343393369052 1.7662120952051563 -0.12494667018645665 -3.8714034896466614 -0.018388054878221378 2.6580592666218084 1.6507200702017841 0.79445250808365253 0.33369564035285076 2.1520234531607412 1.2364413807002235 -2.1105974374810268 0.61383215769038801 4.3348695512578903 1.5595656562500488 0.89671077285883294 1.9593329428855493 -1.1396072695747648 5.8342632862706818 2.9163461520963372 -2.100086601167332 3.0945854806625208 2.15132329829928 0.12904949102645605 0.75971817420435916 1.34429549726732 0.48846253060245814 2.830174483264996 -4.7856375728717264 1.0784741398284254 2.177204479243334 -0.87449388441803311 2.0172760571567867 2.8622105526876602 -1.096587033866248 -0.13626819384399189 3.5165718406507351 1.4060325392842319 2.5391927727155181 0.66959352108911951 1.44325988117608 4.0234469857627317 -0.30243983265498658 3.422124674274007 1.5593282499174546 2.9913196271220812 2.8004461247068759 1.4906337331293582 0.51737621289743674 1.9018502592988937 1.3543176731677724 0.60920849391788401 2.4213902468204069 3.9932868387790932 1.2046025040231321 -0.89923898248974576 3.0606904035261748 -0.35885233670583894 4.0212550087879935 0.39537422623721136 3.1053691910369845 0.61986154741992505 2.2703272924979938 1.3117135256469865 2.4701126100319168 0.85483632026254586 1.7663129102675177 0.52304681533759512 1.9755021402822213 2.2748932495596974 -1.5905241787467745 0.89841302815469781 -0.56799729130850474 1.0795806053282941 2.5102565129675614 2.1058465375833184 3.4091423267513923 1.0305286226176977 1.2069967451558183 -0.41574014887714356 2.6317555110864008 -2.1423115193722237
 5.6746610425660311 -1.117490105380994 0.023101161364083161 3.1959294126884794 -0.96458875222919904 -1.4390213516897163 -4.6342608888700507 0.29108599795669898 -1.0356987583039907 2.2802740130875314 -2.9211364200375156 -1.0571482448225364 -0.81039780598378297 -1.9850992947365047 -1.9298492379074978 -0.11200043242230964 2.8495655288148209 1.0634697339613519 -0.86830555317441216 -1.9755936595433514 1.0960928332167073 -2.6873849833865617 -1.087611372785684 -0.78600942277903596 -3.0525673346167848 -0.88210704781953475 -0.79290986055755897 -1.3688265063269536 -1.0139704414147523 -2.3689811399843652 -2.6884861982767987 -4.6265717400699868 -5.7429797713018313 1.6694031693815439 -4.5649994085691308 0.15064840056961074 0.057486341841497993 -0.1311793895574429 -2.5078390800871428 -2.681046517053185 -2.6916313985504461 -1.4700392312098103 4.0578157006813163 -0.94090265118586447 -1.7527318389644366 -3.0630822844400307 0.10040720773500166 -0.023161755145099126 -0.8162742926430212 -3.9806982813453655 -1.511915700213561 -2.4272746591677197 -0.27253400928262184 -1.7421256938533649 1.146384021078078 -0.8714504294949883 -3.0224394086869042 2.6559446616187063 -0.94736387963648772 0.32041484265524012 1.2861760876431534 -1.8401683170431256 0.688789326419741 -1.6383673814296591 -0.8544475779063867 -1.4566316294952295 1.6043018700418454 -0.70265671128496998 -0.86569831513347095 -0.97238841530731268 0.071469805840307501 1.2975106343904557 -0.71852832127713229 -0.3788255276519894 -0.85300301520296773 -2.6746109322386724 -1.2326277021927898 0.45721594776693947 0.14880994587333468 -2.6503462291464253 -1.0221076933469053 0.39732542011219568 -1.6381470444302551 -2.2300055884991625 -0.62146056523700166 -2.0728297179105208 -1.0885515787406872 -1.7324858395392282 -1.0421684446917403 0.90931361101223762 -0.33340605522487415 -0.69374847291616148 -2.9547237508189346 -1.7736801233956057 -1.1526855538407519 -0.77032082662299028 -0.48868822516536514 4.8970965420429486 -0.072707824149421563 -1.4690613911893828 0.93436639343122985 -1.0875008292442183 -0.4010718362334032 -0.41269154736933045 -2.2991289819592629 -2.1314894572839029 -0.83598528284185636 1.4147373722129961 -0.40954884712502504 1.2301975104358742 -0.27348636521010472 -1.7148219553039545 -1.1029755735961808 -1.2511771984691764 -1.7849647128816286 -3.0079556561773404 -0.74967998213028808 1.5783422347671519 1.4511542305423721 -0.37213069165602053 0.79862800313806859 -1.6067750472914546 -1.6789122058889576 -0.66855384167442033 -1.2001572107418323 0.7035926105331074 -1.8866678960203147 1.8202923100042023 3.8620357615178804 -2.5825299225457043 -1.3378454914885123 -0.46272550859001749 -1.3569626352325936 -0.81069465812521768 -0.18733136669240555 -2.0254850811966589 -3.9625334079552093 -3.5573134949598435 -1.3856174051374199 -1.2143987563600565 -1.4503831713694046 -2.8224207468768427 -0.90237856667146743 1.5120815234880927 2.4600779447546604 3.2193689319130208 -1.9440862629784657 -1.8439891338653238 -4.9490551858099252 -0.54973727102702019 -3.0828953644272241 -1.3197000488443791 4.0790060925250726 4.8120311240586187 5.6950017758415452 -0.89072062953541087 -3.1353834532654967 -0.7040637962127172 3.8793708077086242 2.8002048708986682 -2.1023803242423424 2.3527586518369832 2.4361773678480465 3.5401989572604635 3.360696682001457 0.28904425432282665 1.4477500239463785 -0.050846691240945166 4.1491065127601665 2.609798295339488 4.571924456675915 1.9668184924153542 3.9085118491830122 1.1639185752924268 2.9453708658843212 -1.2263100898717696 -1.5586282584062436 2.182676113160066 0.45209373950366916 1.5919599806234443 1.8249665120869287 -0.7060389187013727 0.27046533535377848 3.9997167321991984 0.16374669928492003 0.2491114421988162 0.66152198185579181 -0.97539402989990154 0.80212413612833522 0.41165162336360717 1.2266655793382226 -0.56466480751889225 1.5246114607128058 2.5207145001160329 -3.9774061847290727 1.9668978936131309 1.4952918042684984 2.5554140728832921 0.082538931579258346 4.1833626856438144 0.81853563988696343 2.111151860261907 -1.8553569522899955 -0.058783762362028383 -0.28737377437259992 1.9658465358964499 -3.4163161012484484 -2.0943793553540671 1.6862172089415135 1.6157151671490082 2.0033045347491587 0.0510659150297188 -1.2726864170568764 -1.3769211028250594 -4.5675128986211089 -2.701748462888319 1.2890684655308493 -2.2414424239154682 2.5778061059080288 2.3564211243270536 1.9152129855920474 1.80457964450023 -1.945427047969583 -1.9717192026942316 2.4955038261649936 1.0812762362665442 0.033797114324477254 -0.62819148527811963 1.9077300108608601 -3.2468365270338659 -2.9061068573433042 -4.6219279799383806 4.9553758204151475 0.65405078510978476 0.81696447601446465 -2.6409397192943977 -1.9428490595953039 0.50817940795131034 -4.0377167529329059 -2.4214401918195732 4.0162794550816443 3.7153455081322457 3.3848254212749538 -0.077999341277614181 -1.5271247368679761 -0.81940030315974965 0.57236652610168481 0.78838175183370218 2.7821426229330206 1.3308316450622124 -0.14976857573806879 0.58788190329764312 0.9306625404473815 1.0262457876883175 -1.2102812343943374 -4.0361142509800016 3.6665063691707065 -2.7775797403747235 0.86357808203941411 -0.76243133259392859 -0.17036703629053768 -1.0261826199960395 -1.2616788160010084 0.65131607449831175 0.28908030533995194 -0.39629386386608167 0.13846436959092417 -2.0988584143547895 -0.52677873881914949 -0.9888877935373932 -1.1646848402080545 -1.9852465432236066 0.3620920013974479 0.025429192490636465 0.37265273405495292 1.853930682187855 0.2487282468333292 -0.90528654507747397 -2.7769402688484166 -3.1744933275708811 -2.4769313220586384 0.092207449434593636 -1.0746736242144477 1.691655319596068 2.0396500678585756 -1.3049075505222663 0.95266357520973721 0.59018081729578231 1.6611982427286791 0.73886192764159286 0.16855962085503665 -0.70865423224654678 0.66958951012240864 -1.704945078011227 0.15485442353250575 -1.7539744676226396 -0.77109380121094151 0.95650756187331465 -1.8362199507836721 -0.6660727820218485 -0.78042182554583528 1.1221775027034795 -1.1474574279434322 -1.4648294596090081 -1.2420922258633593 0.90986043136508621 -0.68265549772261391 0.63622841717944423 0.82468658170492359 0.074469610741732861 -2.0258043280900084 0.86129832952167451 -1.0871302019502926 -1.0247732958331142 -0.98937376998966609 -0.49117700216487886 -3.5565272330455029 -0.9585188089658857 0.94473054418219748 -2.3603005564265671




