# Created by Octave 5.2.0, Fri Apr 02 16:03:01 2021 CEST <br1@br1>
# name: ptcls
# type: scalar struct
# ndims: 2
 1 1
# length: 2
# name: x
# type: matrix
# rows: 2
# columns: 320
 121.41130505635294 114.35509931715617 112.86538956074743 112.26360678192022 117.41237260987511 119.38379328239121 111.19598499336878 115.27205469495729 121.39134768570666 118.6566328756691 117.86910132578633 115.47070004135486 118.36885190889194 119.83566114764123 119.37873810472004 120.46402478761146 123.54010040888343 122.52267655809885 118.10407394877049 117.52194245952768 118.50599594498179 127.71491315282825 120.80348640176149 128.86828188219053 126.34655345774726 123.44966760682635 127.6429779187702 125.57853672783573 126.94239938110374 130.13105446668058 129.05878220039511 129.81223214830973 126.39559822540103 125.30937075011498 127.5047495025306 126.67136505093629 127.9085549867557 131.46365008761035 130.68820663050943 129.46276496162565 127.91217327676753 127.92297228542843 128.72989927620006 128.75349327833368 129.03385635159643 131.08229330583731 134.91450209307999 132.80426470337468 129.73868305877414 129.23114369987476 129.45189985412358 129.8399810219114 131.58412313089397 130.48234163497509 133.93078144458991 136.97139241990303 132.78176821570588 132.47030870490727 138.13894283227489 134.1467532565899 135.44962891713777 136.01976343596527 136.08947128483061 137.03228703645536 108.16201218192137 106.79956985844152 105.63301146532444 103.76879867550045 104.01015819922527 103.10748815073327 103.34902642693321 96.701055966545766 107.70850160911237 106.60663596933568 105.63996699596225 104.76997454201036 105.07842501381869 104.17375784695831 104.38887834051361 103.36500950247363 109.5193325906325 107.76771055619672 106.68113537600971 105.9761947989364 106.0756173972817 105.19597260409421 105.43538937997351 104.4290438312626 108.77746642129081 108.75774624842994 107.74081438031047 106.96908702419513 107.15139671068475 106.31867512821687 106.55691422911299 105.49737458710523 110.13077758807715 111.88696041550963 110.00071394934734 108.396914650535 108.26354970682303 107.44967898841055 108.4019621879186 106.95179220270505 112.35561790964772 112.05852743244975 111.35629266857251 109.40358074594145 110.32620063749417 109.27712071373054 109.38031410372437 108.90419681789368 113.51287774797692 113.0005893799607 113.12595335630375 111.20733985188251 110.49526041769172 110.35479685188355 110.51523179033191 110.0045861667424 114.06796341650288 114.58331934251952 114.01355696071599 112.43719335115919 111.30433155221904 111.51554143445252 111.65185565469817 111.72170271106067 112.35853737773952 113.64058925465098 114.59615296735858 114.0645241375054 112.43144903068482 111.61758215614051 112.28548891173818 110.23748768439262 111.78497973415854 113.46394759705596 114.79231773172435 114.61197860663405 117.02274876163469 113.05098801342241 112.55944119806442 112.40464632163089 115.57152431814141 114.47665377426243 112.59626863912155 115.22266091088036 116.01163379360928 113.43803469528744 113.3565803040794 109.17628550702781 115.01178323150133 114.62886919689598 116.68516527990418 114.67500515233826 116.34989001178189 116.37403883297813 118.65068364353066 120.45308152727213 115.83738600033621 116.24595255856072 117.45445794789556 117.82334607429513 118.907988732684 115.63649929910788 122.40866691804956 121.43969121213598 116.92015131565265 117.14248516068236 118.37165058471329 118.81200858583459 119.97557707099945 121.00366478648627 122.25199499536934 120.55010755181605 122.81609704045731 117.92206488376081 118.97190875540913 119.5779352091985 120.07259305201255 121.66487511108311 122.19356690174257 121.73811562536807 121.8587790450806 126.40788402317416 127.76883328172512 120.65398807845517 125.3980823358156 122.90324451150603 123.36176281773767 122.79635563838579 128.84974858499359 127.00706947962473 128.2578662464004 127.34324201090197 127.87408493196843 125.56902687243506 126.42540221180782 125.87282557504543 129.13795288846666 128.58907521370111 128.11001144323836 126.85816704566476 129.08774572706903 128.62977813109066 127.76848477522354 127.31315038445587 129.9243822650636 129.13692420945719 129.18921265072456 130.68490105681062 129.74562122729708 128.88819903338779 128.77273919145392 130.65537895277978 130.93407963249695 130.31537955007857 131.41488475266107 130.80939140734839 129.95534049075968 131.35836410843731 129.46322424805953 129.91293181467142 130.07449550447035 133.75943268224009 132.04800572790856 131.1910373603466 132.93649532032313 131.21583535093185 133.80302502099067 131.94409696310257 132.55353074452836 133.33720528009883 131.90292041950229 132.05765176828157 132.99691513842521 136.25834719982811 133.51399290352967 139.40209803548115 133.78233436038389 134.61096553255811 132.31309638180429 134.81051984852536 137.25029166656373 135.34662209956571 137.05962354930961 138.02876392889249 134.58556510737964 133.57272198361576 135.89170622400866 137.01997490226796 138.41861983026371 137.31223020291071 136.55263585367425 133.97227238851858 137.64740266412508 137.98569140674638 136.59271970166651 137.48893683637121 139.33277487159117 137.62633209708093 139.64123784481674 140.84615920654829 138.86797476779407 140.12667576425946 138.10789557086852 138.03898391968835 139.45824979524011 138.45834352503334 138.61100089207378 142.08438182839816 138.99956406428973 139.15709508359717 139.30477908596623 140.28069173331161 140.38881034964379 139.50309973175459 140.40266649716469 138.63510386173968 139.92956742760478 140.13450586534256 140.07517453299405 141.26645687524183 141.67996534394086 140.70957255962392 141.48925659083247 140.68599648564305 141.22788603432082 141.21130293040591 142.09036654794721 142.4213979241967 142.89612446473114 141.84660605953553 142.5687223298396 141.58780023857909 142.94878064424401 142.17406836444948 143.46253619266136 143.54929250490164 144.00296556899846 143.35112217884296 143.73712426468407 142.98242560346682 143.99687851519397 143.31544281904706 144.45723561477357 144.88156493672196 145.17107238699668 144.51289143239316 144.76903128648112 144.25896041267825 145.19409295878552 144.29719076224174 145.55380279918771 146.04562221775021 146.2277134600935 145.80028250535602 146.50250653897697 145.42906346244246
 82.257651465349397 91.185863924827913 93.800866211457475 105.60077567587609 91.752565955968137 97.082529165413817 102.76258984593794 99.472088342055329 78.699659562648023 83.853887684466272 90.834041519714347 91.838459342419213 96.668430687614745 96.008257303603145 98.199034874282319 97.391662071757082 79.648384143724215 81.351077945449532 89.59931122975496 85.559324803584204 92.033250851541766 94.044174422159415 95.405596943182132 94.335086160343621 86.151618895285253 89.150702782192624 88.990118854739734 92.279868940006992 93.042339441662818 92.514534153630706 92.962471228148814 93.71204992618722 87.294847831349401 86.078700520302917 91.239893123361782 91.932573967463227 92.50642997270748 92.102000601231666 95.508124334634886 95.248812273628175 87.680132395625506 90.179916094652754 89.126292821858428 90.932204824103508 91.917275081632752 91.023208690604619 97.265582156494887 97.919584220881433 89.085260401294619 87.968865271217794 90.094907162660235 91.182884847594394 89.710696637860124 90.029160312521924 97.776979485168042 97.798744516433743 89.112606038328849 90.425213776232823 92.723821458702233 96.361192625240662 96.232990764827875 94.526307953008683 97.202853490106534 96.406834156981006 86.105602993921835 86.683782027083424 87.113375840498563 89.190172767718437 90.262428797228026 90.927895385661429 92.105461886617249 97.644416176777568 87.235171540473189 87.970624828245178 88.600157095548013 89.510425498882483 90.662306983902297 91.315925225056404 92.42432039007403 93.289997977261663 86.505090223675396 88.530924507350491 89.046772780315351 89.957957209686725 91.028520425270145 91.772198638758042 93.080453252965725 93.523797630282544 87.535603183294754 88.911501266091292 89.655509731813964 90.364582946536316 91.540287408754921 92.246565145183098 93.276986183368251 94.410423023762846 87.599829406286005 85.648958546374871 88.750245412841679 90.796671683747846 91.916675075541164 92.661431162954742 93.204795081716441 94.538029851743403 82.969102729803652 83.951188164350171 86.774355695756654 91.215817604390423 91.835496901163722 92.543987849731465 93.656253379072027 94.652096145487064 82.415387907106606 85.211023045794306 86.309937026092541 88.026279776787305 90.199725554405504 92.93844501818478 93.997322056045732 94.946058265264213 81.538915660027769 82.716087541126726 85.737694101485815 87.698146816335836 89.204325744632754 92.021157471303198 93.273629140219995 94.339511082027357 81.095273377791287 83.456989821597944 84.65214502720896 86.953410919524245 89.139692938623341 90.266225098410587 91.276237044720347 103.72191134227725 78.21223863280656 79.754334854972768 80.806753524184373 87.962905052921357 86.778650223009535 90.516950413381409 92.478042302206333 102.86887178031985 75.798482679586442 75.740284864036894 79.160540546846448 81.768818433052289 86.873674214576837 87.910126005852646 91.741352869258634 102.99933051535427 74.78427472342338 76.824576303790678 75.292496880836424 79.715793274876631 81.068219424754801 85.841035317077456 86.110278197797257 82.824497344759465 72.500595480960015 74.168266360724971 74.42108679735189 75.456466544770407 75.672920541713381 85.039555745483909 79.789968159269364 81.100151277025859 72.1860650945776 73.303813253021445 73.567726131472867 74.56358066957624 75.026344222661351 75.526837910363994 75.563627384750475 79.478920615051749 66.778282717676021 72.59212022381891 72.671696270164063 73.764604439033391 72.833905821184558 74.63972635547394 77.690180803461274 76.687191435928256 67.718304447885103 69.475627385819692 71.333838616312093 73.788520813362936 74.888710907156835 76.679112376492711 77.624073462389092 78.678518469968864 70.819476623252029 72.395580384871835 73.0437262057564 75.229626115703795 77.061126929445209 76.749986599471214 77.57796539727677 85.160167436679316 73.937481759953371 71.990788489514969 75.964822305891474 76.413009158438456 77.644354864375458 78.672450808994228 85.34557862309461 86.650925063854473 74.61155607129858 75.273801806777016 76.353578460859481 78.417748548461134 78.959263629858839 80.355604484459761 87.025573105002621 88.23699726182933 75.089448282781589 77.19736023431463 77.627234537884291 79.719494531588026 80.892419167163254 81.940151101956147 86.098451912851615 87.117220737680341 75.802677448594878 77.20384590630006 78.725435715702559 80.833093624724157 81.841843478005131 87.06471069648947 88.500529173753947 88.121364905948113 77.579902128283237 78.371157414389685 79.866163808195822 86.28748597227559 87.637246940581292 89.727527882041144 89.934694101380785 93.195900674503235 79.646514590443076 81.667166449928374 80.927147170941879 86.592902498509432 88.788442475125535 90.403312379966309 91.96023597439445 96.943891092261936 80.497044197851878 80.872996535193025 87.010834146865633 87.726808798934186 89.181146145045517 89.863627237371972 90.815761715084378 104.76930509484986 81.544697848882564 80.39007217067747 84.783380453593779 86.577085233377304 89.813712368778653 90.961640025552271 94.96544093610251 95.433155247660807 83.359197028780031 84.636621098132608 85.594819049837554 88.128571809612936 90.882044166201595 90.248431826605653 91.48232805766331 95.245468117577687 86.302938738985134 87.403647005544642 88.618664960027147 89.169841286837794 90.397919429484929 92.071931676460693 92.740119248511718 94.210357204887146 85.692621170616505 86.840184522272679 87.902772155593581 89.775067718182314 90.885134525783641 91.452795111962558 93.057347155276219 93.863194877638477 87.112957500101672 88.308291614138213 88.932639412908927 89.960337580508124 91.50168358566286 92.079283247525069 93.434247794343193 94.353388495820965 86.986505351554243 87.793431131688322 89.426572056003877 90.6192870322039 91.712653494398253 92.506231914772684 93.835002130450192 94.724172559119353 87.390853618454116 88.252211794474078 89.812488532075037 90.758633306251909 91.822698834864752 92.806851904151728 93.860916973680588 95.080541128961585 87.958381735952273 88.652894240723171 89.349646422158884 91.053342994340241 92.067153588940982 93.250717583354543 94.267895289917774 94.733308385753034


# name: v
# type: matrix
# rows: 2
# columns: 320
 -1.4970159378171903 -1.7397904201007459 0.087888628215536585 -2.3617106020879088 -2.4814536466083945 0.82261993618691343 -4.5077152737376833 -2.1848560259870178 -1.6201207638978854 -0.6528759954113118 0.64145914313460783 -1.8679955820771164 -3.324656116223339 -1.1666504767770616 0.19705318033150648 -0.37923857239634218 1.1036190735885352 0.59800623023103672 -2.2360104194503458 -3.3422064206013178 -1.3319139989127589 1.8676133800796424 -1.7133477725870396 2.6390898746006246 1.5387651679834415 0.18963793975630527 1.2456392116047892 3.7722634851311314 1.9879487660677497 -0.28283618815645806 2.0022493016017875 3.296403659873361 -1.5695973021064131 -2.3622256464911504 4.4437502375340774 -1.3407199160300081 -1.2132316225776563 0.95082213049502673 0.22694369344885768 1.0766063359089673 -0.022209369744826402 2.8592338362068181 0.41126497855139299 -0.7979903846057308 1.4068975109546056 -0.12538123323133141 1.8611011787809886 2.2146362400215733 0.13567366815661863 -0.94924695276630133 0.21495995584650299 3.2445880165622851 3.0882427025272476 1.2656352892163651 1.7282816280633226 2.039132356119528 1.9589250058775942 -0.48779264198579247 2.0986447506602839 2.3309716750093208 2.0583854069821603 1.8458064488188626 3.4013577070637298 2.4648809291855942 0.64630075251128805 -1.8255234471689228 0.59142302165141081 0.17073568733031985 -0.58102958256644677 -3.1156368328709934 -1.8967147358089453 -4.8083481724781443 -0.67655045474878883 -1.3254072983397152 -1.1888470800417765 -2.2260628760588674 -1.2101598032885896 -2.2897110637001976 -3.3886909354427108 -2.0915577876750038 -2.1173532387160017 -3.5971018914207651 -1.807144980204096 -0.15662365345966733 -0.25397130969869974 0.44840687263595658 -3.7950550911518941 -1.4145294384115397 -0.23716827877979399 -1.3809086192438655 -2.7098465012904338 -0.23276128392390319 -4.5582853243286348 -0.64523298931505724 -2.1819962090450709 -2.764257073005786 1.1688047513070206 -1.8285441344158804 -0.33735949043997027 -1.9242097293891152 -2.4090060536571856 -1.1359379008228727 -1.5523583731376225 -2.5978617671443143 -0.15802749355787199 -0.13287175219424702 -3.5018182813992018 -1.2054603925600227 -2.7949339155888415 -2.2450068016287146 0.95234859883381717 -1.9163599395513422 0.27720714415512271 -0.54401972546253752 -0.2168672084873326 -0.12266944350612421 -1.9760206201860817 -3.5125150112466428 -1.9385482394061684 -1.4820448626189946 0.81271710349410242 -1.2379665818965109 0.45925665685840672 -2.5672553667122955 -2.6527395473832489 -0.31710927702954006 -1.2999326259317183 -1.7264615250064352 -2.3119151323137666 -1.2421676984704442 -2.8782595288675785 2.3731064885353454 -2.9608822954783247 -2.2579537251931807 0.19210702950332392 -1.2607249279302872 -1.170258022606983 -2.9420832234886367 -0.7129463356451966 1.6921158179118103 -1.504172018808795 -0.44592709677022496 0.82290580665515711 -2.7068691936842897 0.075441013432254012 -2.1395795939801698 -2.1943562751793557 -3.295775114053038 0.74380515892634591 -2.4407485533649442 -2.054351010114277 -3.3706417336507615 0.077609694852761368 -1.2468361685690021 -1.3824384956979876 -0.56420128758529764 -1.433949565439758 -1.1385856550348907 -3.0983599252641527 1.5737255329410567 -0.97195124463986482 -1.8231227463557438 -0.9256407884199388 0.57314128755140825 -1.3862285581833387 -0.75173227173758328 -2.6679318505778764 -0.68341160108468291 -1.1885252780686419 -1.2021267018169131 -1.0346006679248367 -0.84686615229583528 -0.65391233524303205 -1.075640217708365 -0.47062672644318976 1.1876962792289008 0.28165076009470857 0.019495346178081012 -1.9030360374924684 -1.3054546350635434 -5.6260496187239779 -1.0041817488981799 -0.33826979744776919 -3.1373950591104034 -1.0131038120799389 1.811571630160915 1.2033363912452217 -1.9584482226456008 0.43522659624426452 0.90972445101885946 -1.2148202908815904 -0.081286926557211064 0.69656739483608787 1.0415662002499779 -0.042901864408748831 2.2929049878604508 1.1357314947453216 -0.18049740472977874 0.19922289925217526 -0.68127208728945321 -0.56512957765818916 3.6228072913116645 0.33482655396465422 1.9834717428874324 1.0434452004138031 -1.7237393134559291 0.090479203639185449 2.6724600967396208 1.3550088170759347 0.23294188216327089 -0.80380687288196739 0.50901042383565842 0.76366884259764767 2.208630458861899 -1.7713320123176519 1.0269624591283191 -0.39862455689966619 -0.41317596157025921 4.777268212441089 0.52488535824903437 2.0735328245165352 0.11459157131071719 1.174362249123853 0.76055629693132809 0.70263484730407355 1.7840013847232778 1.1986874601356754 1.3288111734084482 0.14382231574163817 2.9284936059574891 2.9278630246386972 -0.44546157736872166 0.15012972824622581 -2.5115622898086269 -1.8977135515107186 1.0560246339931596 1.8634205897852698 2.8552025594117802 1.9068283027367621 0.75136490885692342 -0.81544425784381236 -1.7483951558641029 -0.97884736666901495 2.2361374510931644 0.46254981332261369 4.3240084984064913 1.1757667022707645 3.7890161497417094 -1.0021231536508601 -0.044354493921559116 1.2794933026069499 1.5131856495373899 2.8244574863365584 0.66555808154910379 2.5522378939521522 -1.1396072695747648 0.78544994204666341 2.5738631277206214 1.1023424358612484 2.2581493595067408 0.39009143301089805 -1.9879247308535204 1.1827958829096861 0.50457224003881906 1.1919557951336786 2.5478771149819228 1.4102521608901493 1.8805648031596287 1.3550065326583951 -0.095318612401799119 3.0227414466231441 0.65513128121345332 -1.8523539984273758 0.96042382288772354 0.36853670695867186 0.660823264084763 3.2841631621338125 0.08844389968451305 -0.057435444356174287 0.28847374610074883 -0.70938546829513061 3.94602242052976 1.4615263415698712 -0.00027727209047344326 1.9145297146372131 -0.70595259618724482 1.2389795531440599 2.8814929873900064 -1.318224170951749 1.0638995147212151 2.9278773171687198 3.1388155880907611 0.30550767230980524 1.1678454979858248 2.576443783190093 0.69108958698462764 2.2874663520224852 2.8708373424348039 0.82723809517594682 2.1813550803994826 1.0501993078909502 0.59457839411720537 2.9774894459334278 2.0507543800080361 0.82189535203028719 2.7690279213001596 2.2244541037723349 1.5492757324631814 1.366655874859235 0.78786686974538322 2.9960856724600924 3.6054678075940401 2.3887681040882409 -0.2722973564351438 0.38489111126163333 2.1633030649420797 0.048971308413822384 0.81012275516028676 2.0333499645911024 -0.30207530877423744
 -6.0640560544694324 -2.8961616188424411 -2.2845432988726802 3.1959294126884794 -0.7320702031684041 0.9714119554170233 4.9148841319053496 0.29108599795669898 -6.721904281717876 -4.4188648200129705 -2.1429879421734039 -2.8455482261388583 -1.1144636325889259 -1.1074585720207206 -2.8695109908030676 0.11905664656304892 -7.305361332670369 -3.868827384788879 -1.6893764075919251 -4.1218125420586524 -3.0763451654609488 -0.23694279458085704 -1.5479959900396647 -2.4192068389783796 -0.46165094206992902 -1.9360448762617062 -2.0796803492914422 -1.2723606056878531 -1.8321073296491162 0.15062466846737302 -3.5492133143124431 -4.1886355030379079 -3.541405638696391 -5.743517732778205 -3.7821982493801602 -1.2212623918030148 -2.2404840868600777 0.35327901844079423 -2.0017587839039792 -0.1598277951650911 -2.5382804638721712 -3.0737891696648254 -2.04946770623941 -1.1600713242372622 -3.0817337443650756 -2.184982064235669 2.4324494079890471 -1.0225137955622656 -0.2920348817434536 -1.1933851434088791 -2.6157153421494361 -4.5363334250512937 -4.2669911399753042 -2.163350504502016 -2.0425762364875948 0.095192856939957604 -4.8663429009098085 -2.4778974667507412 -0.18258760050308587 1.2580095310319193 1.2803201708926364 -0.55711564886509413 -1.832003851983951 -1.7673448684067454 -1.9205291140843619 -0.98326531251058313 -0.35933127965244011 -1.5988666989136737 0.26341214639702742 -0.62237911551056135 -2.4058194270533284 1.2975106343904557 1.4738071689296044 0.86947784951833085 1.5064660260448293 -1.8769349799332202 -1.6285987703308566 0.0068312714483803882 -2.3362478523248011 -1.5059319076343638 -1.2408455605773943 0.35988676283663679 2.5947678383917179 0.57337563126233104 -1.4296207560757319 0.45335650254339671 0.82091243235988121 2.2245154813913164 -0.087353987852563209 -0.61738227845099358 -1.4068997355900748 -2.4585750859450011 2.001742422831009 -1.2069373648412325 -2.8352268028103551 -0.56750370330271904 -1.9873055830033053 -1.5738413465355858 -0.23269225702946572 -1.7704367799962553 -0.051286604211524839 0.6160611080451539 1.1579770093140886 -0.15635331905572308 0.12041632262658461 -2.8975827249349901 -1.1054326107949373 -1.0966525937503795 -1.5131860568142892 -1.0403280277513813 -1.0344178491131333 -1.8382824440098944 -3.9989957257264659 -1.4880856353387042 -1.2932514627910943 -3.0828334126663837 -1.2635165739915648 -0.29072071721441678 -1.7622753849261041 -0.54182068615376822 -3.1579771565900017 -2.1846149264632655 0.92024782193025501 -0.14808127006229138 1.9884915713126645 -0.97818969707543257 1.4417575460741845 -0.67175185375230118 -3.5692775235741463 -0.76325455361576688 -2.8862740789205357 -1.7245965756343167 1.3705342022689895 -0.15796422694196538 1.6022740291750057 4.2536112157434651 -1.5854983636257258 -2.1398659522957937 -1.5875819809796166 -3.0437134570956204 -2.6923396717570847 1.0097525668448601 -3.2158933758721151 2.4662660160634555 -4.2400318596300473 -5.6811235073199713 -2.0545403420685027 -1.3196951593073296 -1.7206233796471764 -2.6639249341153417 -1.8387778070319152 2.388147654648987 -1.9446220229952418 -4.4929404203198873 -1.4826413802442109 -1.5064301054278997 -2.2003836792169036 -1.2637634414197423 -4.1239106838912507 -4.1124932142942692 -4.7623924657667969 -6.6346410750563498 -5.2054657151251602 -3.6826588261874362 -6.0318336621694852 -0.50206194539925542 -5.3083274440703976 -7.0405910251300838 -4.4132049878432626 -5.6695207338739291 -6.5631625122365911 -4.6155597840099194 -6.3323877871257217 -6.9816046844047488 -4.6220589526003355 -4.8161669504654112 -7.113737607015004 -5.5954589395051517 -6.2419182650423064 -5.1031500121126525 -5.8126334681399365 -6.2741303158791961 -6.2364335444141545 -8.0570940863115759 -7.4844890021758861 -6.1539226272661773 -6.5595747049559661 -7.3625236018842211 -6.134485732424233 -7.1640580376529339 -9.1790539075177264 -4.362844516698031 -4.9722700121634684 -5.6306993655475779 -5.5423629054190773 -4.5505518845767838 -8.0020653829174133 -5.9475902257933173 -7.5395180479785662 -2.0138353096077912 -3.9171920551505872 -4.6367308919988321 -2.5038270824718394 -4.7120634813771201 -4.6971961053871869 -5.2458437859329843 -2.9318469050744964 -3.4745990873425106 -4.8629960383788573 -4.1375048319856633 -6.041846199426125 -4.5218066600551774 -2.8781822118956746 -2.8163824853941697 -5.7549416475438173 -0.11075873192048895 -3.017037831341288 -2.8056062744970056 -4.4820416268240599 -3.0302736346540757 -4.9842186083462368 -5.9632186374667109 -1.9755852905098807 -3.1953919397378558 -4.5759797015606161 0.40904101126555381 -2.6552626828725341 -3.9311697908512415 -8.3562533396617571 -1.7720656866248783 -2.2102285949308285 -3.2104414149725051 -4.4939756229256975 -4.285552106452335 -4.3395713310525847 -1.7120324131282476 -3.2973309280973857 -1.1673832037026477 -0.59713737801574174 0.22008695944207299 -1.6609465028663348 -3.604999362066529 -3.9219423158799525 -0.68461080116834638 -0.41044260293618068 -3.4728204937991376 -1.3439124991587605 -0.57762312592007881 -3.3334723631397738 -4.1930144573624837 -0.24583355044973082 -2.6689193694811775 0.83295457646423277 -0.3116840056975399 -0.61731445689060671 4.0361142509800016 -1.1656422357295049 -2.5622614769781329 -1.2335447394245505 -0.51278787181014884 0.55521040827381252 -2.3650468647403526 -0.82178578819481418 0.32884479971091146 -0.61210711374397808 0.1338204259297992 -1.1369502989409317 -1.7242668487821584 -0.76765208320652223 -1.7115780641778233 -2.7336229177129794 2.8356967056220088 0.32630938626594075 2.661781098466967 -0.82577143961383948 1.7241480978444428 -2.2028257673339393 -0.1297318247246437 -2.7810601271854534 -1.5875252135066968 -0.67051195675531527 -2.299784069766412 -0.41975316616821312 -1.8286526037922339 -2.3412696456070905 1.1566790601548567 -0.45441486012608484 -0.63591305570723622 0.79446618766217925 0.40622776948742179 -1.9608550043473976 -0.0063711670198334791 -1.0875520816590809 -1.7652688897491093 0.47419264529277311 -1.6751962747815068 0.05176827260389235 -1.8320675747121855 0.33788849673046722 -0.57591031798910131 -0.74512150040303704 -0.72109373056539161 0.38351973808565598 1.1718416013527979 0.13340034347690341 1.724281569018693 0.24327354203380208 1.0659726471079638 0.41056446950471931 0.32784009271132059 0.65596508754606087 -2.0821200965345432 2.6966171780562225 0.24733651705124021 -4.1922999274857498 0.39917634988591721 -0.70676583364379952 -2.2165089721171793 0.97307852619919677 -1.1243979198027452




