# Created by Octave 5.2.0, Fri Apr 02 16:07:00 2021 CEST <br1@br1>
# name: ptcls
# type: scalar struct
# ndims: 2
 1 1
# length: 2
# name: x
# type: matrix
# rows: 2
# columns: 320
 165.59199996863606 86.063394380676044 85.610548417242825 66.682592161623816 89.009089976224033 106.36625625787524 53.824636630066337 73.104333393382632 73.42575454643962 112.20143071136607 91.344739624862356 86.471150091785617 104.19466696352438 106.25548828114523 107.59760703151984 109.38789557071088 61.505383857839064 87.908740805441141 88.961713191722524 88.777141340715474 90.328251839864933 150.79695239838338 107.28823031027355 152.15938880081558 146.48943594752635 131.41488274490609 148.65179330989497 147.50181782849739 154.55068947226249 153.84495706085471 141.45964133593745 152.04431721750655 148.27943676459972 123.64787512322994 152.37648837428463 149.33294044864888 149.93565759789485 153.31063360335241 153.90776794025555 151.62088821035996 152.96040200399094 153.8176188896237 146.63654865565852 152.85893777257897 148.04672688842686 158.19413642986595 167.30781214829491 165.06902088368801 150.80179471997423 147.74028856573102 141.72553884416044 151.16656415589915 154.31330961258425 149.66302710973224 167.69681909611785 168.3034360093971 152.48252671608222 165.10496249280078 169.78341210972798 170.16475226276944 166.64999686299424 168.05837075667316 168.77054060942481 166.21725321530792 75.459153681576595 76.500975836014064 75.344847874655713 54.82840409580993 77.791536636581867 76.377055021873858 74.667207620814551 3.899936237718439 78.190189004276846 77.140752766144985 77.61016408559513 76.282490966471187 79.431725769880714 77.332764684656411 78.38300563986401 75.190896504373626 85.318968642146629 82.842845615143773 80.748402134471888 78.508654221184003 78.675451140753452 78.931934046854465 80.524843317443327 78.639968699440999 86.390931796986365 84.051162211411807 81.733685398224836 80.71515050428269 80.301076206927178 79.514225577700032 80.150252096793906 80.686351165827432 108.1943700297836 87.180090015096624 84.967794516801774 81.71286300210285 81.143232230479398 81.470513605187591 81.692053565654561 82.515858052242038 87.139120593032004 88.997423066900183 86.831530934899078 81.536119049493479 82.226533806237924 82.665755029449585 81.262915774304219 83.871701427364243 85.333024765605671 87.408093534299638 90.049518284493644 84.859667287592586 82.544776627769366 84.939591587407307 98.796070932440671 81.829476517443325 87.158849640717705 90.39113497604697 88.03637628153939 87.153788573981529 83.732732226036674 83.097222456118274 83.069484227959407 85.0412687351062 115.32140429181683 87.873313709074225 86.051418851031954 87.901279834322494 84.507962776799332 83.277344069897651 86.132835941372207 54.979764214690562 83.744579253320055 82.510857395797387 88.986164011953122 99.217253817149697 89.809587600656855 85.979390112197066 84.229026938224038 50.854190842940028 130.82940268110912 116.91523761080749 57.893137202967267 88.232720562403941 86.717588860016576 89.975586193214951 85.39868618734036 54.728956028975702 167.5863056353391 123.83495816560543 129.15983047661916 83.100518412329322 88.885295895678553 87.83595942702641 105.05160067033206 62.79903462235049 115.87500128615653 121.84238287263453 123.10558786227243 117.53714396456233 85.78448611849791 86.835158194415911 72.839152190224112 84.275864390934487 114.70884738421071 118.11415508637542 118.99305982367267 86.006575194685766 63.787715819078009 60.572043527040258 96.370457350633984 83.594436355260626 116.32158412232558 107.88802753080545 103.83976144080677 83.144815281234614 99.237766315750733 111.2178571044839 116.96591192844807 98.777641442677364 89.431227380260893 163.16608473887092 136.694593872448 84.992163629197847 149.6765569673988 72.613429978327574 73.629151455253464 84.558091604125508 135.30215026628176 139.82438125184149 162.25961121868525 150.28462226493212 148.74342045191852 145.36165323006844 121.98572320575354 127.89118402940531 134.15250211171607 135.69874402176697 144.95774937874612 149.48498580495843 147.62175041066806 146.10205317383213 149.27330796241358 148.84564047711717 134.62326164936073 132.49851962154059 142.64475438976103 144.33324799722925 144.35063893212924 129.34837044410708 147.36196200314041 153.213778020951 142.87725844961031 129.71987963153961 143.62899016662942 131.95985884700983 133.65579570007137 118.70697180078758 151.83170213259743 145.53260929552809 126.03675922592211 134.87574391143065 145.11839872910261 128.24143607562758 168.14627202472644 151.67514462018508 152.51191007010931 149.20666699520294 176.72373026699282 129.58802372048112 143.64409065984267 147.56239422570738 153.65823386112206 163.38045897818105 160.45832770814178 168.48467909763272 143.90881010291318 111.38464828283142 130.1155920886392 164.54310764462465 165.884744743775 153.80558757086445 166.8606840960114 167.63603165198239 144.15421186513325 134.14718674836882 164.89827443012391 165.48492712334655 165.44603480517534 163.2925022986783 151.1843331188602 111.97785208571659 170.3696837708207 170.84196953466017 117.95187562918335 172.11043588171583 167.81685684978004 165.83533932664471 167.071027331425 169.05677045080265 164.28431393983936 158.85583192250084 160.09296129912664 167.69576244638273 168.73941865934191 164.34553242783224 165.51147090274699 168.82479599468425 166.52558003166266 170.8744932532866 168.90752536341665 166.90096955544735 167.92700163577709 168.69977437053873 169.56388637734673 164.929895474712 166.58519769513643 175.06797041203586 171.93659122643382 170.8503728620752 169.7728640285695 170.86737595963788 167.89414778289682 169.25746912038539 173.1774059915607 171.96876922634047 171.74392433021856 170.66463162231813 171.20415610272352 170.44283974164148 171.08302526689579 175.20581057468374 172.96000321578765 173.19045054439744 172.58354549118064 171.58702024247197 170.64089470990405 170.06064078286479 174.8803564718331 169.55511292922645 176.09180718848935 174.03377591114005 173.86572341616167 173.37485604308105 176.59488536068233 171.79009357843452 172.92458853678409 164.9323942091475 175.76576107563025 174.73696233973277 174.54447347092014 172.27840161507538 174.25345008444285 175.4120481547493 174.23199170016758 176.01276925396192
 41.655802533358901 65.008009777780487 75.107682902265566 167.2822133407432 54.929588020962321 74.491939286394441 182.61434636301527 105.09004810264294 5.8236924931514524 9.4604877266959253 55.361315889383299 75.88708965974125 83.103255540665202 73.249707501174143 74.984626305349522 78.95259734991248 17.349386620267712 6.4584730883500621 58.772253120307148 56.396355214021867 55.73847196661923 47.094903302015688 73.515543825095548 47.185574198943478 44.812722482868132 51.893205578192813 44.591541842606958 66.624358222614617 46.859791793976179 47.776650466457085 52.163443731898774 49.016498907634798 41.828700325166423 30.563708507562282 46.173126139844896 46.817700903898867 45.898475331442562 46.844214689334983 45.839047334512991 48.063478278228871 45.200602015801167 42.300217101692546 43.533590493146228 48.089836649031902 46.655930431347521 42.023340049041202 85.200561434186113 85.108095317545278 45.024970599655752 45.254399067378962 45.43594200256166 46.059563378065143 43.390828307990787 44.569633896483488 86.514317645955188 85.571376850391559 44.176799934074253 47.440484930516114 80.839123358001572 86.682137165522775 86.140260645303499 83.341246414037371 87.629832154062484 84.480166446140714 75.442968142619947 75.387909885168838 77.117831681631387 74.731827185105416 78.218880236987914 78.058250698276197 76.154846318773622 122.68637142050774 74.086503241644266 74.355742965098912 75.563903563638291 76.412233437570521 76.799684390669157 76.648138338202571 77.215606126859655 78.255588252318347 73.080012497133396 73.286469142654624 72.957682411365866 76.044120924696585 75.000577434936218 78.157583778829832 76.686366755092038 79.229637695290776 72.70124810773126 72.969902226467141 72.417323816244249 73.999050281816594 75.017711320845905 75.753438676656216 77.763551941973262 78.999144485021972 74.067383885915049 77.607339521139068 71.99598631428259 73.586380245873698 75.795534152600311 79.944038236367092 76.686502028444963 80.451405646091629 58.925987657745736 49.813045785664791 74.862267346160721 74.714275038381601 75.699123669050053 77.234113983223182 77.638439302299318 77.259788523985122 57.58572545900293 76.452206502880458 59.196425718641194 74.149861059704079 74.346568703480713 77.052200825598604 102.17966553126625 78.770941716262968 56.325765066444241 54.464228171630801 58.140348140032984 73.750019152188685 74.272559608678392 76.250810430968599 78.257169858531583 78.21366848520239 50.507791819581662 57.076406214720109 58.550900542061342 55.487302945465728 75.217834507565797 75.217744135172254 76.871599055121521 183.09827636335851 27.082739335477907 27.165878903696189 48.68294245544066 56.639658531848198 58.056967152452927 73.87891009323404 76.234124609110395 135.29392871142761 11.632406561549132 18.636918568887676 40.258947944757736 47.866413154607756 60.347666200674539 56.995575655530118 76.076423660285286 181.98829610046823 27.422148927535915 10.617668795229477 33.464859981736083 26.196246669945211 57.529551852575551 54.333032412101154 28.669400927566301 16.85385629366894 21.686054538128619 8.1899424202687836 5.2738412860882535 20.018469617658649 4.0918969992101459 57.363490815124834 3.5855744643493104 3.1413751535034469 22.406242277616911 19.025128011615823 19.599342059075216 3.0350115480431299 17.29649284635347 17.840551563053385 19.691379772254237 1.9770630993076506 23.58921777183231 13.671164125673199 10.359924138362397 1.0171809803989018 2.2657487096928075 8.8843877686127399 0.026003078492373825 5.6206635979541053 74.523994479310403 46.282118686818492 4.8218585759641428 2.1388615983834729 0.97026316883711727 4.7724267620590046 4.3928302191764699 1.1220304090458848 6.5098544573341304 7.3506602816116819 19.376089524306099 3.6113876388536061 1.6749855130493163 4.1921125312988261 6.2759794326961211 60.372755018096342 6.3273196842474668 5.4932876101230832 7.2411350162881325 2.3931134903621802 0.25573810993279028 7.3205274885707574 42.161164133295422 45.818754915315246 4.0078846444917344 5.1734369228946653 3.9139807522314625 3.7910088328034703 1.776431794967932 7.3479662434062316 42.649458171310357 43.304514079696169 1.8301640862808193 4.4488576745305455 1.0397147743945017 12.426688006684016 2.6067062015290086 18.062574429709631 45.214429946928753 44.185124353018395 14.726581532885085 2.9261657720721681 2.9668771269451364 4.3808243857973643 10.700846292620549 43.326926673195068 42.541058047229335 43.517890452184446 17.917422510779087 5.6946918860190729 2.7191504475808079 44.111960623535964 44.338273299856077 82.526935290913158 37.835005545909858 82.352024683500616 14.481255397244269 26.823731264422296 3.1016136250995734 80.439117142082878 82.10609455461119 70.914646592967102 82.582111096084276 81.67762282571023 15.668199627816884 1.519006723187909 81.854876172547719 80.876493012942007 79.815687002049572 81.349555042261471 49.767347846620154 182.6663101387926 45.101712121042858 46.041173204961076 97.024588106110585 77.695602248973501 79.464580742613535 83.363810521193628 83.835122370118356 84.576124138925337 79.3268794048915 63.832691368586396 69.035787308879335 80.588851658443659 80.089407223067937 82.998705377675932 78.702910356244331 86.526417713300944 79.888161899802441 77.991041751605167 79.004644916074412 78.62555252496081 78.405410248296747 81.241315422515868 81.95047558028422 83.98285329963177 81.339803876956125 79.780680353553905 79.104362722053793 79.661466443021069 79.643631000529709 80.678046662642615 84.385384547039322 83.21314036015545 78.770899085857181 80.278474259583291 81.391524067369858 81.836598924932616 83.800495784824534 82.870319256627852 85.99007107816513 85.564694071572319 79.836412468263049 80.900113678011465 82.088591009052891 82.510232647544669 84.899428734034373 84.003237591794274 84.490072249161145 85.657489733479139 82.679679658364591 80.231964627144521 81.707340835658798 82.888278151762123 77.654363982299756 84.771195761454223 84.288245789047849 104.5532193220111 81.479916043911217 81.125790547454145 82.625002047095208 83.411829807441492 79.023264896547218 83.529532192238079 83.619073167208597 84.482648496028915


# name: v
# type: matrix
# rows: 2
# columns: 320
 4.4388033362693289 -1.5491047806532685 -3.9031848950133878 -2.3617106020879088 0.59799142062085475 0.27703984914919572 -4.1490588476391901 -2.1848560259870178 -4.6215527211585767 2.1879253999377357 -0.78693250212162869 -1.1196207726834282 -0.74118715823311598 0.17156712329098511 -1.7742216341869037 0.0054553980679680576 -5.7286236441913658 -4.4819068742017949 -2.6739136783835198 -2.5806370291966556 0.89715606540459092 2.276970497076626 -0.39714713342869679 3.8387903067984839 2.9591879420821403 3.2865924376512514 -0.33159965999991337 1.1313036246855084 1.4851369951756117 -1.0877698416320039 0.076597165524798977 -0.85617972064157621 0.75228523502060907 0.95492287514684171 -1.5103766448134719 -0.52553675705616354 2.3120392719553635 3.4444128236178742 -0.53160217228107276 0.90041281205446189 -0.015421230285056046 3.6509792687125122 2.2106287892411904 1.1139603902591562 -0.47526255535743173 1.6961192366017308 1.4603974611121537 1.6899729971036281 1.340784080304086 1.8508663930938349 0.56229828007824556 2.2351001045407219 2.1156585508642127 -0.064960849168157864 1.2436545276822633 3.6584357181392866 0.90075687348012334 2.5685657454509188 0.23212634400456889 3.4348925828905443 0.27749817382814201 3.2117498659422501 1.8621551036193189 3.3806688687913611 -1.2696324374750028 -3.5051203347396944 -2.4518376895359459 -2.5555409142093808 -2.4668268639093758 -0.70077206147473325 -1.7825577677569271 -4.8083481724781443 -0.69779658043623549 -1.854412117234975 -2.2653822335459841 0.038872322638100767 -3.5585435489224833 -0.61764923063628951 -1.8560322603184585 -0.10958187088290929 -5.3654504735951054 -0.6425607160609953 -0.41840688992584907 -2.2650502150854694 0.25013225961624785 -0.38841069594158162 -2.344056833487949 -1.5215562771915834 -2.2610033206344875 -1.1555359946792685 -0.72499266632658832 3.4865501019517988 -1.5704457268424743 -2.161716737319372 -2.2038847078019108 -0.026714216097194647 0.58099075088651986 -1.4789553162320581 -0.75255152868195618 1.5243116793613076 -0.17157109792313935 -0.58255527719844713 -1.5152468096445653 -0.86395835866720572 0.23630554622066083 -0.91125519726612147 0.010509146815240802 -3.0170853210411686 -0.13240863075732634 -2.9195109644788868 0.075163776470563784 -0.57331304261139471 -0.35496362907172763 -3.3764517373885226 -0.60586880615091132 -2.2179556489461492 -1.075542257382309 -2.6661080873131437 -0.98235940944024569 -2.4006243756136532 -3.7770563102286099 -2.5487081166929286 -0.97064294220176883 -0.64759873326936301 -0.51214812202673132 -1.3189343357097056 -3.5137702067618659 -2.9129293457524481 0.63942593884555221 -3.2328775257424298 -1.3413471346883468 -1.1721742996349345 -1.2510354941159669 -2.6701666094137355 1.4811459511475424 -3.295383124290086 -3.19660999666739 -1.5895798270828292 -2.0666460143419187 -0.26415823193366156 -2.621432894410773 -2.4919692529903794 -0.8629313141239594 -3.1420302346738094 -1.9021226983665125 2.543494545284354 -3.3052369035009281 -0.58255067707294927 -1.68514953038296 -3.5035625587600912 -0.58643853787424793 -1.2594789223999563 10.35078207216706 1.2092059683323515 2.9794398013476497 0.30727784321871499 -3.8621939230692193 0.5585412058646162 0.28301216482355873 -6.0609997794137795 0.15259763317458985 -0.73897813868795936 -3.7033129372763782 0.6090771877123452 -4.5704168907959568 -1.0000405311734397 -6.5620756465553294 -5.0665867295795781 1.4340485046410418 1.1508384090586881 5.0912520024375025 -3.2262784759368484 -6.0723075030686138 -7.7471915677963805 -1.1946868770402617 -2.0961995507213746 -0.36786722407781325 -0.86365086495798538 -2.0628606792712292 -3.8399771888105692 -0.75816249943952441 2.1841637640925371 1.0862742734625994 -2.2070062866156208 -5.7774248326273208 1.9043412479542265 -1.9336389983377538 -2.4001735516223017 4.479191585985391 -4.8564341854336757 -4.2309562854622875 -3.3429487180093593 1.2617694205268863 1.4096056935038199 4.1268127163193284 4.3565969735307037 2.7932366423322303 1.1681195209809636 -1.2791605963560231 -0.3069193709385597 -1.7380518184250628 2.9612333639953703 2.9027799297747596 3.1651709758588429 3.9104162868004231 -0.00063288566385015337 2.7306372745559671 1.9896115188670191 -2.0832530172700352 -0.30071440242401265 2.6705498373219143 -0.67667605815154253 3.3625305366582476 -1.7694879904173315 0.4043688413433365 1.1413376027259428 3.6209002399780381 -1.4260517342786438 1.9030609842167614 -1.2363278263691584 -0.4741658921690986 -4.6628168643896784 1.0824554922924001 0.49940696531493906 -0.92266956557525615 -1.7610848628251186 4.8549486171922185 -0.58655684312133349 9.7918552122602343 -0.83058617079132158 1.9568042917725796 -1.2665976853199756 2.2728166734052841 -3.5687690950660356 4.0883282459862071 1.8236147614363862 1.1055646040023623 0.76485077630483977 1.6181343393369052 0.61400000661227616 0.4630186301870699 -3.8653379513087658 -1.3209329357942543 0.90107805665615237 -1.5821334698377254 0.79445250808365253 1.246098885009818 1.1316822186139619 0.53440970180542913 -0.074439641879558829 -0.88384839423010697 -1.8971809445686785 2.7568917185950648 0.99676130871181268 1.1113115794814716 -1.1396072695747648 2.5244301432982534 0.87359566620788143 -2.100086601167332 3.8904403001376338 3.2459813859988151 0.74102586495907219 0.96035628832489983 1.0703213135920413 3.4435183680350985 0.88167391345715806 0.51532177851477956 -0.043621660348050047 3.2832838776206259 1.2667746297686366 0.43057106073845514 4.876101869475332 0.71526106344854334 2.4281179421799144 3.169230541770951 2.363762714959436 1.7436136446189929 2.6160734598290927 0.28956288081285819 1.9144513934470728 1.6505278523555276 2.0474784656651401 0.83318557612801758 1.6156046289339077 1.3825595776373372 2.5386744049477392 2.4936297674532799 3.8247808768397276 2.054778285195388 1.5053225536593826 -0.87946653491456939 3.0026076551715772 0.095127602038099598 2.9200846035572061 2.7047727942029285 0.60656141086973792 0.88942829805058721 2.6200980360792907 0.89810108189243276 -0.67494279131951007 -0.86283385009228153 -0.013161719053946506 0.12540163776297208 2.8574519014122677 3.5875611214630374 1.1328015054480012 2.7235452844365295 1.1460674160650191 1.7439419860067886 -0.020886378687794478 1.3835166483601546 1.0795806053282941 3.7396435472315814 0.27777296272596941 0.91567812721469921 -0.37987897264911091 2.0486148024983386 0.77451453150237182 3.1712596180206782 1.3706683459616915
 5.5987895625229687 -1.117490105380994 0.18092988320605374 3.1959294126884794 -1.7845962350186784 -0.16688565122364588 5.6919592966631294 0.29108599795669898 -1.0038048990072548 1.3744853100656023 -1.2850574356084659 -0.77581520125894532 -0.81039780598378297 -3.3583624141012538 -1.6758555929321461 -0.11200043242230964 4.5782608533624254 1.0634697339613519 -3.1268697074114571 -1.8984224976586479 -4.5311125758055839 -1.472985947161277 -1.1777664842054205 -1.9435384758336594 -1.5157245772439425 -1.6842615605321667 -3.7844228262994677 -1.3688265063269536 -0.80290206814628273 -0.97351002943094533 -1.8863316855641648 -1.9774238906376085 -3.8011347720837443 -1.3575735504779309 -5.3288868244092047 -1.1071225547440813 -0.71033111652353553 -2.933556556556963 -2.4825473158170603 -2.7524468686960639 -1.8276812581488935 -5.6172865761420665 -1.0140304137769525 -2.0072452015489564 -3.8676661459283697 -3.0630822844400307 -1.5490177245576922 -0.600118070907247 -2.2994216176496081 -1.2677201461841714 -1.511915700213561 -0.49373216059771952 -2.072167058417099 -1.8641413077059674 0.11732628883503571 0.23108790597859397 -2.1133400485782206 -2.8710654375836149 1.2966509676340479 0.35682581321562035 -0.72197792849414522 -3.2407850392560267 -0.23716647513969724 -0.45579473766042178 -0.72524627212509829 -2.4869592901118143 -1.7708671524675976 -0.70265671128496998 -0.35733400344096411 -1.0924912911127416 0.26822833433685905 1.2975106343904557 -0.19585968596137143 0.21997200936913242 -0.92113419327044188 -2.2331736454179669 0.37179026795390446 -1.8380939067238309 0.59303763262408926 1.2008445269805703 -1.6980104843965493 0.99792138384604989 -0.098973868880815802 -2.4115957426481085 0.58156196523737846 -0.61445828068424857 0.70495340883917168 -0.23794800421067511 1.5398050623511534 -1.0713210703462719 -0.93937750096496864 -1.6061973804283642 -0.096104653023154615 -0.11339415681128885 -2.156317053635699 -1.9543710148933107 -0.55139933982231237 -0.90022276746989249 0.20900288734406813 0.20568677764693744 -0.44573388061543645 -0.40318190877487742 -1.1045592777391346 1.0287673065169645 2.1607102280449926 -1.3409640358578143 -2.6357842619671743 -2.6104449629496176 -2.017188185483469 -1.7308133785628967 -1.3784084184645005 -0.55470513407287536 -1.821122082547582 -0.88958804258064705 0.079932994621107784 -2.4261763027746643 -0.71797308847148722 -0.55233199436463876 1.4511542305423721 -2.5092649951338104 -1.5941905874144806 -1.527996604817637 -2.4751557406953482 -2.053794032870687 -2.1141853281489671 -0.36137034860451589 -1.1079818732003535 -1.8780285308041977 -1.4985947257817349 -0.44627899601524246 -1.1631975418740197 -3.0113624201449345 0.3138347865917604 -0.39237297524840153 0.62085217281414751 4.6642197316943106 -1.2601995014353113 -3.4395409548659526 -2.6847459923587103 -1.2143987563600565 -0.3905464980390847 -1.6927257539613403 -1.2495184482144621 1.5120815234880927 5.0197184469840979 2.398900877135087 -1.9440862629784657 -1.335385968070147 -1.0508855655669538 -2.0862229206900702 -0.59262362934034329 2.1546484665157957 4.0790060925250726 6.2422332796933464 5.6950017758415452 -3.7108270761491808 -1.2578665395451338 -0.9659224202720833 3.9756514192921975 2.5059092020235227 3.5526037546086093 1.232573353776605 -2.672235854241833 3.1299199827923112 -2.0114096512054433 -0.014176469773867606 0.33212621138955417 -0.0032126910657962401 2.3701599906219157 2.5414458762415748 3.8548318851883905 0.87859024311000422 1.1058460207817655 2.5321847480212076 2.9453708658843212 0.15492979929881606 -2.7292491500605696 2.182676113160066 0.45209373950366916 1.9986774256913979 -1.8249665120869287 0.4600193759591128 0.093875694251633293 3.9997167321991984 7.2142835425461831 6.0046717989290253 -1.0242796185508214 0.91113068299946509 -0.64913791833480849 1.8310563251159762 0.89099083084593733 -0.99115168053815195 2.6227919565728763 2.5207145001160329 8.9777298278450584 0.24059403055195538 0.53492460743310399 2.8035915933875502 3.0946276605549481 4.1833626856438144 0.74122737288223006 2.9281013296947731 2.2483700988306063 2.4053124059686972 1.3864631716563853 3.0686301533759526 -4.5734962412821094 -4.1673386054711461 1.7444631324389985 -1.0569677613812896 4.5329676190235215 -1.6762403300665014 -0.22759840819784544 1.0694065130747767 -0.41436607800158998 -2.7590480586440886 -0.24091548168475421 2.0398287135713145 0.69942972715002161 1.893095014401267 -0.68834475477786417 6.3617354568635456 -0.09243393551879367 -0.80342669581706794 -2.5976670930922872 1.7247124298847072 0.14608873317994792 -0.38873630989247004 1.9077300108608601 -2.0198322846101662 -3.850584112173709 -2.8456528998707 4.9553758204151475 1.4797534840035682 2.0174108145911598 -2.6876423032000676 -1.2873878140898589 0.83293218865396057 -4.0377167529329059 -1.4743289886012323 -4.5482047741321567 3.6190648965486725 0.49641233522134143 -0.67894560833113826 2.6829325267230923 -0.81940030315974965 0.15497037934841823 -1.2292166012040229 -2.2324904360291771 3.8173827831826346 0.32331795346646897 -1.5542057327089798 -0.18746935714956503 -1.3887382509692223 -2.7650363646297489 4.0361142509800016 -1.8015772394503822 -1.8661186694910568 0.86357808203941411 -1.6872626376268032 -2.6554112659377345 2.0085911646304835 -0.07949807982564755 -0.80022299102692451 -2.7057420422330605 -1.072369632113483 -1.9795123299974435 2.6572691804772117 -0.89145174629967194 1.0012643020275549 -2.2499859206963824 0.84860476559468401 -0.20474300252471456 -0.8228615442724786 -1.7042612765578788 0.24824989525256336 0.15123712981557136 -1.7766718420709322 -1.384984239521547 -2.4062630032844998 -1.9584921033243907 -2.8128119902169013 0.36837032525561164 -1.1373352878412728 2.6812405649662741 0.043076187951959777 1.9900705407578625 -0.032747835903058645 -1.5051322732231882 -0.69920435961573446 -0.61861246062821584 -1.1674093205714517 -0.87806847053005066 2.03844251265757 -0.18104876358796293 0.48728539459211417 0.43233603312703733 0.43796696731617279 -0.071047015024077564 -3.8669231902137691 -0.23168195377433737 0.048606920141296028 -0.4504584491434841 -0.57852710896312198 -0.1576040056246481 -0.051296017557256872 -1.2548979082115514 -2.120719485234388 -0.17518694368094051 0.7328700785083756 -0.46990926599788457 0.86129832952167451 1.1677880139773342 0.33173188867309833 0.75254859684771769 -2.6571651538699426 -2.6399313196920646 -0.56243965145675046 -1.616909173395723 -0.058065739909056863




