# Created by Octave 5.2.0, Fri Apr 02 16:06:23 2021 CEST <br1@br1>
# name: ptcls
# type: scalar struct
# ndims: 2
 1 1
# length: 2
# name: x
# type: matrix
# rows: 2
# columns: 320
 152.94141046027244 90.47834300553842 89.51891776325246 73.413467377574321 93.016368866830007 108.21716561399568 62.105900480643186 79.331173067449356 87.274739994633933 107.47370375301196 96.122547187896402 90.688843036315717 106.30705036448569 107.89888217013736 107.56396136815462 109.13742297281684 80.585558294538473 99.377740883811896 93.269483164417395 93.910540367830052 94.484401621639634 147.56011008394341 106.86214076813916 149.91988528906512 144.02894609586684 126.56921171579637 145.75744551384037 144.27760249814202 152.2131755098284 151.39190071812803 141.2413394141897 150.77292225173855 143.27981143545466 120.92634492906174 149.6900395192512 146.61404619225652 147.71807930687328 150.98631936758167 150.34355652351368 151.13793508807262 148.69072370960492 149.87142997783826 143.39037559702064 150.22283311638634 145.57468803004858 153.36019660555272 163.58219485921424 162.83873659461287 147.14622819146223 145.2732887770791 140.12298874593608 148.72806991925805 150.26505832262487 146.40929517872084 163.26676586441835 163.9184629811445 148.21207665926403 157.74997754352339 164.97673303466971 163.15330055877129 162.17602600961061 162.51720381253884 164.28625073970935 162.41346480379826 79.419133349735716 80.429119691951712 79.814009557768046 62.111695701308548 80.8694912718788 78.954221667026658 78.590320572270272 17.603728529281039 82.204109176519765 81.651811147961709 81.44080875517146 80.490292937211166 83.015772175653453 81.549475029921879 81.709018064198418 77.945960941249453 88.723605037074094 86.868783505892608 85.758616276897754 82.619200461752342 83.361871400515113 83.017643982120831 84.104751324835021 82.114087733865929 89.044341070910207 87.705559981048566 86.680677456715273 84.10733706604033 84.484203548954 83.716601061190403 84.219201237966374 83.43752066856355 108.64877417979511 91.510214996260572 87.946428469501555 85.279112995266431 84.857252213967499 84.625110013828447 85.433959621850448 87.052637582103927 91.635996495483781 92.470645250239244 90.849385566687261 85.612164659467027 86.471935589466369 86.397787197441801 85.29445874173895 88.322221727849808 89.940144395322648 92.039390451148179 94.458359093916528 88.773205947314239 86.754160077174788 89.356708255831833 101.59579524934449 85.965618520923329 90.545921324690596 92.496353051653898 93.618628682624689 89.753907184674048 87.837274597477332 87.402796322138002 89.147174280684439 90.366074896249131 113.49904036610641 92.712240284886903 90.386288345935483 92.065101511229514 88.573168781901117 87.43550422742679 90.491376583681998 63.096527390524663 87.886047864119902 86.72330286742411 91.885566405249619 100.51669483828569 94.06870601316308 89.889333727593794 88.453727470333888 59.808977011758486 132.81582071565458 109.02413104152724 67.313062377943652 92.007383868509095 92.219838798930738 95.016682596469636 89.502860601169019 63.137103551403086 138.08657672965791 117.24596036087283 120.56301757409345 87.511503474417495 92.382393067832581 91.378025435464366 104.24501600058638 81.618766426287522 112.85260069241632 116.0254166234603 130.96479893773977 111.80532696587989 97.167883449031223 91.404524219373016 87.957429494428666 92.893387505898886 113.34637136992286 112.95592863004633 112.63197755091913 95.951743086401976 79.767504159907986 79.678348054813767 99.775314950196361 91.888537386828645 117.23294880710307 108.88959339088652 107.72406205992912 95.331527422314736 100.83264640399673 107.61333332804767 113.87003024908239 106.26334522224911 105.33007824070312 157.74478589529878 135.481461912886 94.865013572462416 139.53773089010562 88.166801079249183 86.880921291971006 94.205766026298903 138.7617777138953 137.77996973937951 153.3289267896148 141.10365727045024 139.73910574310912 140.96147896480281 131.5816397092542 124.24478681838917 136.73121658658039 137.54674458050638 138.88080643719923 140.86613605653153 138.49194871621611 139.77636232130095 144.39227011124947 144.33304756519871 135.52380508028082 136.05037536033544 136.38647028957149 140.00532458859971 137.12664333292949 134.13943555967961 144.69979616476525 148.93576519145279 137.21820939239029 134.52510267954534 136.29234224100205 133.13245819395982 134.68782157187812 130.76582089676481 147.60484495393447 142.64288864730142 128.66636748780829 134.95330803126086 138.17662273062501 131.94000452970417 137.3631765330926 147.72439167482315 148.61249713608819 146.4045686728081 170.24620274778718 133.50854367305334 137.35600816502043 145.75696892869138 149.30110486328564 158.71110097973076 155.87514370267596 164.28757671291865 142.01114746823686 122.50627091274474 132.75445038051123 160.28896547293377 160.59672305258326 151.54139792281964 161.45460987546645 162.77479827597892 143.20920375363124 135.35013278948972 159.93031440755362 160.97879251525944 161.34773482326887 159.18796231344948 150.78939929617505 115.2257328040082 166.04499873685751 165.48228101153094 123.93712244250685 168.70986826868707 163.67105283067619 160.4398627221247 163.23239005828344 164.50334246125269 160.93139345083844 156.3430612691555 158.62429423035488 163.26446642993926 164.17984506607954 159.49787912704363 162.64629071301493 164.28782621597347 162.07755812195467 166.04390951502518 164.79644413888749 162.47154356105943 164.76148285161585 164.64229900694872 165.38648706483022 161.36315209277583 161.66454259839492 169.4285922687211 167.20418393701829 166.17770995305673 165.27386906307575 165.82355289312889 164.45135043067208 165.4961048192599 167.29179706009501 166.2963441271506 166.92710846151112 166.15587961720993 167.59702264536415 166.50978530693135 165.62307400961467 171.4741831808951 168.21902020387805 168.30638970089595 168.03163152804933 167.36679189081963 166.68701318737035 166.60065705799349 170.6041828943666 164.9249973413111 170.88527263968007 169.36422203859604 169.16322246567103 168.42846817045111 171.27914701127025 168.70164222334827 169.697844106665 161.8555894839584 171.98125797821271 170.32634160124593 169.8066539153686 168.75238390107296 170.36294782195759 170.76737670134466 169.61585827103571 171.6304002480345
 25.699252280167382 68.192856578115268 77.763482866180794 158.17381451458701 60.058914972402292 78.297733872201533 170.84577844437533 104.2604530084629 2.8038935467202268 9.6591751405580464 60.800543689520289 77.339068746777187 85.412889287718457 79.50724606725943 77.267412283098011 78.849058412910352 9.5094071767986641 2.9436475580828003 64.12343100836955 60.920330272971334 60.000039080621001 53.693063565711199 78.201926776280786 53.672838969603447 49.857935316646945 57.302764567677784 51.024481095950335 70.525513765649393 54.209935166216866 55.214826078593262 57.539489035757192 56.181744429561952 47.828693698780874 34.432793126423334 52.622955526726827 53.040979086293312 52.656961502114456 54.228525154941536 51.68877797293991 57.280846976539287 52.023205518783335 49.257513019797202 49.031088216798622 54.91506320018096 52.634634682502643 50.753124559695486 85.923798057944637 86.917902875148741 50.640307944744521 50.104332808637984 49.744901748169426 53.204713545379683 50.479082990107095 51.904772034594089 88.077551254942406 87.172828665362431 50.703452218954219 55.598602759672602 83.395363466850526 89.245427579667194 88.107927204828414 84.056924736125595 89.609474929057001 85.860691806684699 77.629075206178911 76.67613778838205 78.966548811180246 76.734398812270385 79.143962265655475 79.808565860863368 78.69203514502793 118.98846611249577 76.1814274726609 75.112248961414124 77.244571592542769 78.042858710135206 78.977525428792717 78.349139169706064 80.087994913535397 80.447425310097515 75.7494133486545 75.053526123690588 75.39192769221593 77.83426325386074 76.961128222238997 80.245720847735058 79.287285370177443 81.075411702943569 74.681250418382817 76.023836745238711 76.334680638195749 76.172894557065902 77.199833365262265 78.015115478636915 80.330351716186328 81.356909830504108 77.208889999008903 78.110424778388321 74.897210402694355 76.411411428813153 78.406328613709576 81.393921835937931 79.26065984175716 81.060666111517833 61.51840948309713 54.929369312113487 76.116342813761889 77.491458148494303 78.952531047365227 80.018848139942634 80.366113434530149 80.549397064969966 60.342494039335406 76.836245832945039 63.999122624739954 76.808425960790103 77.586535516210645 80.133727541055038 98.043875974219318 81.373112418662132 59.332269892678717 58.073487747837184 62.95416565386472 75.535629918207874 77.405793749011579 79.620509625889085 81.380218074848642 79.782196459198985 54.778786788058333 61.176377998175617 61.30979520349851 59.460914439533241 78.415472862338348 78.461033654597884 78.524022599554854 171.18851122418218 35.172921442061735 35.174529924307947 53.911682449741726 60.427641599181626 62.000061185327596 76.649733702584598 79.461416315230764 130.98449636949084 10.76433186441837 13.02963732235164 45.799593794244643 52.800473223274949 63.424357403649658 61.082701403156946 78.813904435099829 170.01077079789619 15.796981563838651 4.0529821044558778 17.162539088286092 34.06753101023336 62.377102587963392 58.650495241301442 17.33879438258311 9.9561338722519839 12.380879960825567 3.7845630936126082 3.7954636461701519 9.5011784776230463 3.6660281916649571 60.314812193718602 3.8876998218831793 1.8465678836804451 13.668872520793368 9.172519533320294 10.385771943103327 1.9184624519505624 10.569159217975752 8.7473147073787043 11.297072804484264 2.6076934285945703 31.153339706310511 7.2759656178537977 6.1750847072590771 1.0353661846795081 6.5315824873087136 7.2505888654229036 0.24154265012477999 7.0134501425142952 53.630921589101987 29.193861285223342 5.9104728458955016 1.9854859811938599 2.2243669743863674 2.2074098428980231 3.8319705924538203 0.79149967086877959 6.2705504771116782 5.4235007393327388 1.6819326708003768 4.7867753619210545 3.8110020548849226 3.6941756734657685 1.7574138866114182 47.84075782204296 6.2000092117842422 6.9105275631353225 5.074849238764493 5.9935562842584567 2.7897805981173875 6.0056287668589858 47.972950782068928 50.876392501542817 4.6900940199595755 7.0483198674714238 5.2370311337070117 4.9001102212983145 0.018477809660512712 2.2929535521207143 49.031093441491329 49.887254972974091 4.2658451328647882 6.533641855214869 3.7715825013651121 4.9599781020911635 0.92509986758405982 2.6180203857901376 51.563766565309798 49.973606021672758 22.129932748198215 3.482164169210852 4.1130566423413946 2.6875374121883784 1.8672149619700913 49.747657852410562 48.648687557452035 49.903569578898228 3.7946014225957923 0.69309657580885287 2.8923363974272998 49.019629640645341 51.057889627608041 82.338267924691522 49.341859734373301 84.21184846116229 24.48080704483673 16.580962141559802 1.5058293240923202 80.807677113823829 83.390853121627231 73.249937456974465 84.052179042668556 82.936013357889451 24.993629329184198 2.5388323669928154 82.148288022125016 82.181445605668415 80.925997187551729 81.193039575325173 58.459522932588165 171.16338452349294 51.370498977159663 50.225319689327279 94.56339057230106 79.27393867531876 80.175717710939722 84.488877095728768 84.88301214557822 86.335326162514534 79.636691850273536 66.888944820106431 74.677397449375221 81.871495808118695 81.359760323943362 83.335468951120035 81.030612134698202 88.330581794497434 81.941285166528502 79.271283501938285 80.468795264444125 80.002925541290082 79.407854179798164 82.361862498696155 84.492142815003774 85.214320286226396 82.968316982317972 80.212505319209754 79.579378873603602 80.385264245477373 81.531777245697597 82.503047787315978 85.198532553660755 85.514560340798539 81.067529714490945 81.48063252154715 82.664244915785687 83.733831413839582 85.392260795597721 84.8142750348851 86.634342630063443 86.284563658696541 80.519161507427555 81.674201420295091 82.808804758629151 83.966990721671877 87.240058645345442 86.035161761038793 85.566109289908894 87.466761598138703 83.253271966747548 81.635519900579553 82.696161635988915 84.091751700982314 79.352461880683833 86.836076663085848 86.11545540812547 102.09851908287271 82.585528467097603 82.172715001686043 83.603194627691664 85.455440866750976 81.030864235270215 84.348501494278423 84.711146797626967 85.211833357237708


# name: v
# type: matrix
# rows: 2
# columns: 320
 4.4388033362693289 -1.5491047806532685 -2.0558596575083889 -2.3617106020879088 -1.1009646767711729 1.3351407129630832 -1.2443502686001771 -2.1848560259870178 -5.3931385038332724 -3.1116104979236807 -0.1958516082978104 0.41976051471096532 -0.74118715823311598 0.811996130504685 -0.19957695427106115 -1.7670184311270947 -7.4439744727145616 -1.7760037149867245 -1.658066576723551 -2.2595344424683139 -3.4718306655388309 1.1201019059304063 -1.9491168028919512 2.2509305490182441 1.3583866192601681 0.18963793975630527 0.46654979931263979 1.1313036246855084 -0.52973101957038005 -0.94348672967374803 0.076597165524798977 1.7607671710755257 2.072440401501531 0.95492287514684171 2.3415888584268538 -0.18072255946108051 0.60777010479738247 2.1966722989819694 3.2539770298240542 -0.44574188180040525 1.2190101946969167 2.4472852251200234 2.4992713345597872 0.54003601123600742 -2.2849415848720449 1.6961192366017308 0.64823304168501239 0.11229017566804832 3.7793809031556207 0.73946339042726561 0.56229828007824556 0.8670121517501258 2.303936315576455 -0.10793897142626123 -0.24368844532963041 3.4373849486858372 1.8821967310626437 2.5807933735430915 3.5163593402902227 3.8982995731693171 -0.56846634346743397 2.4509584678109215 0.43349492605718093 3.7415702970961431 -1.2666264377116974 -3.0711511743644104 -1.0948151587109471 -2.5555409142093808 -2.127835030663181 -1.8086912254916927 -1.6060793889180658 -4.8083481724781443 -1.0184384675965017 -2.9340964607933619 0.036283715133065712 -2.5557040795903827 0.33166349720858163 -0.7654678197040572 -1.1008543777098012 -0.38894913848741458 -3.6848586851898251 -2.2248553410190373 -0.40932532426950197 -2.1497598384357044 -1.3485265208648607 -0.26884721350692625 -0.60404504807342985 1.2342869624243389 -2.7639061063566723 -0.54419346503232668 -2.4757223891543942 -3.3239447534357538 -2.442791632541446 -1.7220581387343896 -2.9086020904913124 -1.5245825211945088 0.63225969860139897 0.71157367358248036 -2.6885249520501064 -1.174768730990523 -2.0037889486152425 -2.2301278313427533 -0.88058706876744353 -2.9051608314236175 -1.7607946136716439 -0.89015238779041372 0.84744351956428898 0.79648989434195905 -2.1736930264459047 -0.24155517743253763 -1.9876957674004974 -0.69649883469566198 -1.6373661828088351 -0.10181035828372983 -0.083494481348183588 -0.14040701948070361 -0.84248061646707062 -1.0530628398876261 -0.98235940944024569 0.33732646251461923 -1.2230573463933008 -3.6783622811040098 -0.96293065102916731 0.03318191692908197 -0.69689697735644485 -3.4976917158384442 -2.8864947489628054 -1.7690107107993971 0.63942593884555221 -1.5192485462349441 -4.3172632112808547 -0.7168460141658034 -0.52333742351853008 -2.6555431742732574 -3.4930878006737425 -3.2468270757470914 -2.1262656329195413 -2.5504208483596091 -1.1463272550056935 -0.94314333146569318 -1.0872549468750266 -1.3977832995213744 -2.2271863007783428 -3.1420302346738094 0.90918658046067113 2.4689053982098423 -3.3052369035009281 -1.5239722458848848 -3.5692397127102811 -0.12451011862666439 -1.1511734003210541 -4.2127435499819583 10.35078207216706 3.2271164208760039 2.9615387533978987 0.19777450074764219 0.29783591224392053 -1.9838994964307242 0.28301216482355873 -4.043593390554042 0.74494791433645835 1.9856729518020839 -0.31993156088927199 0.3056318840824897 -4.0523174347348014 0.62517248643598522 -4.7412170267566482 -3.4514206600226451 0.78432613843707433 2.7465938734766788 3.2971520713275946 -3.3206323467881314 -6.9007814565881409 -7.2207731746133748 -1.1946868770402617 -2.3113598357149452 -0.31910471256220463 0.15853927891031289 2.1847682305545062 -4.4845302598931482 -2.6829681984988754 1.4944535883707031 1.0862742734625994 -2.2448353956887144 -5.0913061521010965 1.9063454546835059 -0.82120262887101747 -3.620220252944645 5.8436712218419045 -5.6169373805941429 -4.5197259274258066 -3.3259416465711062 2.428049182969632 0.93165812566570338 2.5327848163482951 0.89874125328417687 1.6099466253427783 2.1668708331964965 0.25993140978996332 2.7900351269563872 -1.1665166962960565 -0.83095782599640011 4.6861696348867357 2.915077171090668 0.35544244077506654 0.35752824447488096 1.9983832048720174 0.96796012895434258 1.881892610512941 -1.8365899863839248 -0.20347154608907644 -0.03812207355043596 5.8686812142094666 0.70663492319343613 -0.47081408742045472 1.5976258594242536 -1.1017404246926517 -2.5756075940357985 -1.9423949551880626 -0.49573721053465208 1.7835948041108987 -6.989840427136687 1.6657685641193947 2.6695364617274837 -0.92266956557525615 1.8916193275549888 -0.16065608611363869 1.7592127431436646 10.122975531567672 0.32051433627076475 1.5274792701511923 -1.3308733373233184 2.2728166734052841 0.44949361470944715 -1.0071919265076816 0.33629744098616893 1.6050104535371708 0.34785681147570952 1.6039025045154522 2.0689689086216498 0.12259343291315145 -3.8474369033590134 -1.1436951701313871 -1.1843471160497441 2.3151927726912214 0.79445250808365253 0.40774592698965012 0.020095599977331929 0.87483489907934953 -1.5541695641826889 2.8036774970104643 0.63514537064079668 2.3915853773783704 2.6499907122347794 -0.36391256548544537 -1.1396072695747648 1.2487784310187942 2.1492473784873281 -2.100086601167332 0.71118869204790436 -0.037965553886602867 0.71379013684751669 -0.35034345992720395 1.0892155837045798 0.98351068710537171 0.88167391345715806 0.51532177851477956 1.2411589635828641 0.46252867628927341 1.2487736292033607 1.6587794939461176 2.3406534929976663 1.4111840081650568 2.4171834388803792 3.9545654845735618 1.7133801590163122 1.9251993895606834 1.0633701907668272 2.1994024072417151 2.2685879440449113 0.46714237010030912 3.2144245998499392 -1.009653754754388 1.6670484378460209 1.4039610516753271 1.984818893432293 0.95766062333520285 2.4031444992192794 2.1832097487703996 2.7236175511798253 3.0396910394295507 1.7829487246927369 2.1419022717871785 3.611606000662217 0.13348265823692487 3.6862712057956317 0.84132260423985838 0.7002271383039369 2.3573363241715866 2.2863538236511181 -1.0309112607120294 2.6743826301537492 1.4952540532321237 0.44531825025569127 3.8423541115081536 0.75833721389739894 0.80283876193892578 1.3018611314061517 2.3004442893885217 0.26582541805328336 0.99128300143896164 1.0795806053282941 2.7896056482216953 3.2251563507132444 2.570957901319646 1.50161568302339 0.6500582948237511 1.2990750162142481 -0.35343455544090691 1.7521224465634782
 5.5987895625229687 -1.117490105380994 -1.1668166347611901 3.1959294126884794 -1.476376761635031 -0.23454107962783993 3.2585721475029104 0.29108599795669898 2.3628058946492438 -3.3602743276011902 -2.0710961356424344 0.67334196244039202 -0.81039780598378297 0.14405619570764164 -3.7853906398415194 1.3175962437981756 1.2232897715550191 1.915979604040714 -2.1609132450573338 -0.024508094815954513 -0.6039623645015163 -2.2055175172720776 -1.9678501275200082 -3.8613706682158546 -1.0782460109858194 -1.9360448762617062 -0.76367053071079893 -1.3688265063269536 -3.4578194422849085 -3.5125693737560995 -1.8863316855641648 -2.5311277516657551 -2.4389820915019089 -1.3575735504779309 -3.44512265969303 -0.76992837216294929 -0.053974056190936627 -3.1986732164005165 -1.2323698109374903 -2.6089138642923473 -2.3208566492022857 -3.2252731441092659 -3.744839464297276 -1.6021249628717573 0.3510254025294543 -3.0630822844400307 -1.1441615688842095 -2.4437911068439591 -2.7765953529873237 -0.71112104902693962 -1.511915700213561 -0.5574894206758263 -2.6321811588317048 -1.3783101794932329 1.3927115377936925 0.079131435815880793 -2.8890703287469894 -2.8624243468958199 -2.6709925228515048 0.74373103453029199 -1.9370981858939811 0.31623525735388514 0.022849752560386939 2.4950774159906235 0.017912118508986399 -0.27336344215562786 -1.7762095340501967 -0.70265671128496998 1.8930180591423842 -3.1541317366592101 -0.059582205164023683 1.2975106343904557 -0.92113405687749084 -0.24757796860191755 0.69195164431432754 -0.69165481087094838 0.45373087675444035 -0.92155903677493189 -0.91674975490677446 -1.1064934421543082 0.81989823995941524 0.622041744009314 -1.0306909858610598 -3.0419745199458363 0.63022747299290383 0.74104112987561566 -1.0126941419632718 -1.6834501618878988 -2.0277241977578426 -1.233529552740527 -0.45473182718864547 -3.3998007313707088 -0.93092906510875972 -1.0069482678577364 -0.83792163302146672 -1.0925062413338102 -2.516140507223533 -1.6417041885527444 -1.7573793965421156 -1.0499235180791302 -2.5785285953583585 -1.0431995531612219 -0.49544740768733569 -2.129602124947148 0.16914971902413004 -0.89642983517665809 -1.0779459677175312 -3.3320706385668628 2.0446314293744892 -2.3199832713329722 0.97286245190879295 1.6522196766893276 -3.4043632578667093 2.5280352172921767 -0.86189361968019529 -2.2560514531497131 -1.7067793337386223 -2.3423816423592623 1.4511542305423721 -0.27255572145986173 -3.5728310557943885 0.81936877089428795 -1.3677549520130996 -2.3415852937851729 0.21671505382077966 -1.2255441001255838 1.2007341870190287 -2.3400286857995471 -1.4985947257817349 -3.5404234926732818 0.48330238473345127 -2.7049925931590053 -2.2484992425653378 -0.36471143400430078 0.41968253687735058 4.099881796343662 -1.6476721287729295 -3.6528198104421485 -2.6957719570143515 -1.5869886814609546 -2.8118518827523125 -1.2416285159498985 0.18462800950853187 1.5120815234880927 -2.2697281807267498 1.9577413211152108 -1.9440862629784657 -1.7688942040956532 0.46703257829402561 -0.75348714224866964 -1.6876912704474982 5.1523735510266517 4.0790060925250726 1.5556632555042735 5.839830885112824 -3.1100755932353938 -1.4227797337321775 -2.5323895286200098 3.9756514192921975 2.4977588309922738 2.6384154942902454 1.4563149258137622 2.0022584392906198 2.7685383935603975 0.4431970421913054 -0.81956920898692065 0.0041078093764113019 0.6358190207281802 4.413557690581702 2.8018400505523191 4.1128370487847574 -0.73758745810423376 2.5862948809113906 4.4148573407302383 2.9453708658843212 -0.30626785225337422 -2.6530697814681132 2.0765051922352837 1.7160431800886715 0.052804315801918855 -4.5563912019426125 2.7104097331129835 -0.093875694251633293 -0.19576406326088244 7.5887839945288658 5.9957003488919911 -2.8741969608856963 0.88572034309257486 -2.639911741444759 -0.84797571073126732 0.531430475049819 -0.029354995528696345 -2.1074955122307899 -5.4517183650628809 4.4806091023851753 -2.4631609190369024 -5.4155453717088609 -4.6024168435866075 -5.2296702014277621 4.4351460013733561 -3.2651187290029817 -2.7177844565222333 2.5425269724310406 -3.7306641473105757 -6.4673934689315544 -2.3960865575429424 -2.7043748358419197 -4.9754246787387526 -6.2011158679747931 -4.3470710814192906 -6.1759429370483847 -3.4625441290305483 -2.1616516925664717 -1.2264789619625756 -0.31643958894613616 -4.5159530350072448 -0.81124547805047753 -6.491597414525442 -3.6848755565451361 -0.46528503608066651 -4.9716374126724077 4.4102848040738891 -4.3148953603821054 -0.23246360239899741 -2.5976670930922872 -3.9096574006820659 -4.3869271347601604 1.898677794575645 -3.8185616808943408 -1.8438308841270359 -4.8121337833884361 -1.9000240546306102 4.9553758204151475 0.12445019347940946 -2.9160556688521613 -3.0156806378391456 -0.92863037221882372 0.2021170192519772 -4.0373863935836658 -0.43869474754866955 -3.7531474820375563 3.4742357872773995 -3.9442425220907253 0.95357243795487312 -1.8013017979796331 -0.81940030315974965 0.18111842132524761 -1.128412819288372 -3.0275477281237833 -5.4891809479339777 1.5932595212771778 0.71991409293742059 2.2295656703730562 -0.60152998214622677 -2.0922386442680279 4.0361142509800016 -1.3991589988581323 -2.2685369100832999 0.86357808203941411 0.86018484832673969 -0.90847778331555751 -1.704573052171507 -2.514601925035147 0.57479737362694505 -0.1066448206370451 -1.072369632113483 -1.9795123299974435 -2.9933674807542232 0.54948885861244268 0.50786724288542506 -2.2541901527112964 1.3885515485401985 -0.42502638220975336 -0.31225425366174547 1.2181784536489375 -2.427179455791376 0.6252172626935012 -0.053741948843777226 -3.0757314994275542 -0.50733366529076407 0.49976436390749407 -0.21727472954283178 0.1993904985231115 -0.62775250556779594 1.1090433103760826 -0.15374035783586965 -2.1889325316232835 -1.652281345853412 -1.9965273009271058 -0.14022739239617452 -0.73075333063753301 -0.76056327305785565 -0.71997794240621393 -1.3392526922169665 -2.0815309381102365 0.13051650846594814 1.961498013299132 -2.2103341372393763 0.66953616581023223 -0.48439102946245149 -1.9727007986100391 -1.7752043394051986 0.96492709024597179 -2.9751910092302309 -1.0945476169869288 -1.8134732727010261 1.2123657309588389 0.47531706729235873 -1.3427291780998956 0.22165513598223591 -0.42684243637174024 0.86129832952167451 -0.51123452919148582 -1.6324898852996728 -0.28576628486374422 0.67544737916541508 -0.14399180126969915 -0.2237435774360699 -2.8171295336355509 0.77750360411605957




