# Created by Octave 5.2.0, Fri Apr 02 16:06:14 2021 CEST <br1@br1>
# name: ptcls
# type: scalar struct
# ndims: 2
 1 1
# length: 2
# name: x
# type: matrix
# rows: 2
# columns: 320
 149.61230795807148 91.640171591028519 91.036023793699655 75.184750329140243 93.8273478057164 108.48810460470463 64.095615625241081 80.969815086940599 91.285049548782865 109.23863716528371 97.660602180024568 92.151299341686581 106.86294073315972 107.70610749400105 107.75112361022158 109.2410748057526 84.721215901637166 100.36279018604226 94.056397351301285 95.529694150772315 96.725441046458968 147.21414553330325 107.37226017191853 149.29038239124492 143.26619727964382 126.42698326098011 145.18982299023457 143.42912477962744 151.71212421804773 150.67122049391233 141.18389154004555 149.72649952825461 141.31038823511633 120.21015277270169 149.01494151500509 146.13028070156841 146.85877307578502 150.37146179913543 149.3969422826421 150.9099956704236 147.93048873110803 148.76740225078049 142.31671805840389 149.65856060855944 144.90514224456851 152.08810717810186 161.89528179300157 160.74802040541067 146.51590312891636 144.51788001087272 139.93566577040994 148.18410110227913 148.48975076623594 146.06142516671383 161.91436710918668 162.8628976887139 147.42462256679445 155.81438251336462 163.38758846498482 161.78315148398767 160.88708857773804 161.36171830798997 163.02295514301363 161.0909683153194 80.593373781698091 81.273523463199211 80.668694962549168 64.028351386966079 81.672585312829185 79.93007635707194 79.620219551198574 21.209989658639618 83.672338477086512 84.07436140179 82.388548178440175 81.622915107364449 83.901175958608221 82.862325181520433 83.124410684447739 78.788635300272176 89.927036629111683 88.100623418234605 86.923329856222267 83.602005642272701 84.618944444775877 83.544435748480097 84.591193166150035 82.458446262158148 90.167931190590721 88.862692696926374 87.736862573466283 85.846395374309012 85.730079053114494 84.642455417748948 84.612764340720076 84.039299290237707 108.62191312110613 93.334085230971723 89.089303157166412 86.656908449622989 85.405619337354707 85.153452151081524 85.880618387567225 88.396637707392287 93.341084141329503 93.418441806800828 91.846839889298991 86.544793393585209 87.510318162763028 86.903194277716594 85.970859524776543 89.309844987939982 90.853038040872008 92.97314980500542 94.747358691076599 89.693345531022572 87.597357991348488 90.380320410480664 102.33256480642444 87.330682707260095 91.649204980990646 94.12733958525196 93.884436980975011 90.96101479293597 88.665383561135982 88.468844587215585 89.662094441200693 91.641204317812083 113.01947091197209 94.476783326632898 90.960953743316452 92.798967926695653 89.712321010987424 88.492972526397949 92.016004976340511 65.339314763575231 88.815465404742781 88.86218035893107 92.415145004638887 101.22405233688518 95.570282041664996 90.838263613544484 89.441446403711637 62.165499687763344 132.05887026099194 107.74134446212598 69.791990055569016 93.2003476290691 93.489914941368852 96.537700433751453 90.634083625314062 65.432541704501489 130.39855069484776 115.18482158736855 118.36525878452832 87.802392427686243 92.818969532828433 92.83025069192891 104.03275687696909 85.976338458366627 112.09572418808168 114.176963367456 129.96876585492188 110.09008761773819 100.32828487087374 92.06740731298386 91.334280317888556 95.541468279335078 112.90586462712558 111.69334374554607 110.88640460824858 98.795283949253175 84.815871588281027 85.343592858115585 100.71101349987974 94.422288777345543 117.47227734152497 109.68592674390577 106.14524815254235 97.998718018662004 102.80518916096752 107.21267673942636 113.05532454398616 106.2634615917423 109.14855785477927 156.31502680428696 135.39809434315023 96.998187151153004 138.82806934359289 92.474059799575201 90.394705544709296 96.98645849240998 138.34316589541896 137.53612472499768 151.42933817735235 140.97267182050047 138.66141157777827 139.8149814905756 131.66149920389131 122.15226047317284 137.25763620380025 138.64345099302545 138.53701942218353 140.59608162516506 138.0861784730229 139.40774564169629 142.24565373054614 144.12956080967135 134.69684363529311 136.62290906669037 135.7708696499312 139.59887205514951 132.88789211035686 133.79568070093407 143.52737630819186 147.72422786151884 136.57019865401796 134.66677063499003 135.29052677417098 133.38335968198359 133.56188820785309 130.83838255767813 147.2686682346453 141.28573677973378 129.35836966198886 134.40294270078076 137.50612779152576 132.3881434557141 134.29420570892322 146.723549960095 147.5765807180008 145.59587504218311 168.54159024273306 132.31297430200877 136.54296312966522 145.01458926168749 148.38011851373693 158.03409354734558 154.6722168242911 162.8396600620348 141.60651741430254 125.36845331477994 133.17224604689622 158.99304136406499 159.71492193722568 150.94555854175522 160.42071448237562 162.09735254432098 142.86576255857108 134.89717419457625 159.14277261116794 160.27473408179293 161.3103549859722 157.78224563791949 151.05138279236098 116.08043825619021 165.04918382983377 163.92957656142534 125.51218739338145 167.33727663368984 163.05185864724464 159.19468930024738 162.26700546071004 163.89354981595528 160.34375386752183 155.68180583406462 158.23780289646757 161.96327699076019 163.39123545564007 158.54975843571566 162.31551643481689 162.77638050907896 161.26944668444369 164.77596034796809 164.0301770195031 161.412964253773 163.85698141062846 163.04757017008617 163.99369924754336 160.07563476840528 161.09150294278948 168.18888505714352 165.88532107690418 165.20406420831324 164.42227594190709 164.10077851721169 163.52876841230849 164.80697738729424 166.27354792983695 165.49865315521359 165.2754956094343 164.58698906778562 166.2379291416861 165.03737628940723 164.87342117554297 169.95273882100116 167.27958921065914 167.09426648034119 166.36659203863647 165.70065884743747 166.90528392733989 165.84508129074615 169.37388646069226 163.78668648407412 169.73804152147628 168.19489197884994 167.71790540053081 166.77568011110111 169.35838746214191 167.91196363161916 168.34393236418941 161.04590402996126 170.16099134774851 169.29743669151731 168.68590190771477 167.25736901802125 169.11550611249911 169.03957510197455 167.75228091285726 170.14995906881907
 21.5001601082752 69.030974157150737 78.251575422801437 155.77686745507222 61.173414054718315 79.83195060301648 167.77359679451695 104.04213850999447 2.2307940861843849 12.641862811011666 61.74566976124536 77.821165448674492 86.020687642206155 80.878826297812282 78.561708573370666 78.412567363414468 7.485888781435313 1.7821600478343465 65.290817626042184 61.769108050099774 61.306721738310941 56.089118896364106 79.604225564475897 56.144581022787335 51.506367554837865 58.754798224873667 52.26150191859206 71.552133645395386 56.213890326958108 57.291965625502534 58.954237799930461 58.630412187789901 49.006733657740078 35.450973289281308 54.864642256709331 54.120060154774251 55.074239130981596 56.315560919320745 53.898794752439542 58.33038002403061 54.500818886099331 51.09777922500821 51.034504354149618 57.182324273862676 53.314896561407188 53.050436273025561 86.936595136577225 87.052701606751782 52.036418648500423 51.309610679981475 50.854724303675425 55.50283592791871 52.308707029245774 53.027981317424135 88.154177884551117 87.387114638701576 52.479839227087389 57.745421019844159 83.918344811265356 89.276240310908236 88.290499926647072 84.939335203838979 89.810963884530736 86.029682444547504 78.464513033841442 77.577517766124032 79.539075561138986 77.26139134573485 79.849864797948214 80.635775506487334 79.663034853481093 118.01533313670315 76.81013471178585 75.66065578066312 77.950334117897626 78.691421737630591 79.161073937854297 78.956560743267161 80.053117137482161 80.656606515213653 76.323800461635528 76.030020735407717 76.182442117696411 77.924718756462823 77.272953389923416 81.053133600416373 80.158792531419735 80.963577931307285 75.240344157482454 76.759652543048389 77.151556827292339 76.738353559167464 78.110136741867635 78.425105018794213 81.246031772850657 82.273855970586581 77.324691444699425 78.15264770720519 75.532022788243182 77.569711216341389 79.255822459000669 82.20069299277894 80.374734551581895 81.669999219822927 62.198896060041385 55.800346844331628 76.712054181347554 78.937683332228872 79.628090084303537 80.804395404442459 81.454503307213542 80.980471990509699 61.601837657687263 76.706837299932587 64.183941900105197 77.403911742122773 78.247708532157205 80.365883420095699 96.955510301312231 81.924671759366163 60.90638945590203 58.490379169686754 63.019607737084797 75.997755663075651 77.807789121063905 80.274557652333129 82.021315384006826 79.959932769525594 55.9027328323943 62.184527469278621 62.732804655247612 61.219876414544743 78.724376017335189 79.193437422848618 78.960709851232167 167.97486075460148 36.387125303156651 37.479165291941136 55.295525506895878 61.617883110277617 62.952536361890679 77.027461056729521 79.745035927264411 129.8504352268759 12.648400793634144 11.096023854538329 47.25765849147804 54.566474631117735 64.328580625013132 62.439138421851666 79.27685146686035 166.91348229618052 12.555954200774194 2.9629965209045057 12.77700614979922 36.856617430843109 63.260181158005317 60.045572160757089 14.357055818113851 8.6335550937792416 9.8245581635672554 2.6155650411754512 2.0311620314457453 7.021766052351686 2.8608095436443017 62.212580356424667 3.3202795132981948 1.6766789543838927 10.744100601497044 7.0747948022132432 7.8703172385787186 2.0636204602537944 8.6829139541117311 5.9380065269371203 9.0730485354513224 2.2245509138366657 33.143142042411377 5.3107305316390754 5.3249497200968001 1.3320085901466743 9.9638720083854295 5.8978254052196295 0.31194942081350457 6.4763077658172792 47.939333593204836 24.697086023554469 9.7347620218369979 1.9205006426141316 1.0688970344277324 2.770309868370012 2.8708332158678536 0.79017045200203284 9.4816412882286478 8.013116842500466 1.6785241559885087 6.9483486037836366 6.8474803574457672 6.5302048800932866 2.459871046624551 44.514398321013275 9.0506569753823651 10.587095372734705 8.35670445161219 8.0127079113436004 5.941668131338389 9.0560941293064747 49.996986365031724 52.302093553207463 8.4899931953199577 9.9340206424135715 8.6866701585521167 7.592712811476634 2.512567310460978 5.5692887740275028 50.250259809788666 51.444308736439595 7.4206844535422132 10.531455160475293 7.5578325769388552 6.766729456786484 3.5809980094189862 0.14666115080597997 53.594333497287465 50.592412284085881 24.078183068017459 6.9498287633567628 6.8402105613604407 5.5593103571297577 4.3526720687284728 51.0094207444685 50.334997681082541 51.176161507346137 0.078069557284435154 3.561446627768218 6.209112951327695 50.197865599433726 53.480540136925761 82.351607374162953 52.369899529561366 84.875271139490465 27.183048275046367 13.98094507575405 4.7333908497382975 81.253125034863203 83.477023952583323 73.864487684344823 84.376461593909198 84.098783574982775 27.376909506595563 5.5107534048131592 82.31608413339795 82.489345762487147 81.098627799143884 81.236397730377902 59.566430304484548 168.13629883525618 52.344424793190733 52.002165805002271 93.915707010772238 79.447543251165158 80.276264419936709 84.550118058377222 85.704959433647957 87.100220150158236 80.519566918281384 67.693222044190591 76.162031696874138 83.010101185690814 81.641994266323124 83.368279780490667 81.912988470664146 88.691914124077314 82.181621637210895 80.023820408346253 80.707751380139783 79.955054559780237 79.410508023091126 82.757104454209184 85.019375464069128 85.32119018462285 83.498961775269677 80.348556042398329 79.534135647545071 81.001770262986327 82.027195285776486 83.03002408283082 86.130746518222495 86.264858696873176 81.370634695344549 82.059177891591517 83.191457296299575 84.00973851776574 85.313407888142919 85.158298765987965 87.637850691265527 86.8350639511672 81.029127781104606 82.166285287695729 83.068221644694077 84.234824023743982 87.035583554422828 86.698307416094025 85.797163243255014 88.229746002761104 83.89075235030549 82.222295150505076 83.102454075947151 84.164331217831631 80.269360685791384 86.492421750991326 85.524590003233342 101.45254533573103 82.009365556555508 82.567417838819608 83.642621085848248 85.630276660207244 81.476607403638127 84.734690359261648 84.61052150403907 84.962953065581146


# name: v
# type: matrix
# rows: 2
# columns: 320
 4.4388033362693289 -1.5491047806532685 -1.6434330170541611 -2.3617106020879088 -3.5361762437159441 -1.8177931458015169 -2.9699227800520367 -2.1848560259870178 -6.5859636918057634 -0.63674111897359453 -1.2118016419104449 -1.2294550722818005 -0.74118715823311598 -0.43461501198935326 0.29646900193304471 1.1704664933293782 -5.9468157524633156 -0.62566145439925192 -0.91352356489654984 -4.1748880675711604 -1.635180395988912 0.31792783377612965 -0.84170191999424893 0.24318681173760187 1.1477698806677319 0.18963793975630527 -1.0863933657601714 1.1313036246855084 -0.023022925780413206 3.0545342512966234 0.076597165524798977 0.56777659001392544 1.5235375651620655 0.95492287514684171 0.87334586294010541 3.3324402228369543 1.5922735007818785 0.71886536504799992 0.78873989320912685 0.42493040915362762 2.6237450229606005 0.36890942489877238 2.649996472409236 0.037253015095739611 -0.67332252901103895 1.6961192366017308 1.7757099479563379 3.7733532585611722 1.2495837232216163 1.4587829491326822 -0.7570389468827875 0.87279427603031146 1.964861461422319 -3.1272729046746548 1.5469297605488117 3.1208465587536098 0.6405724927538532 2.5807933735430915 3.7652192131692601 -0.64343703902925897 3.7862938478839858 1.0098078037725853 1.9541337015726594 1.3265979288323912 -1.5233341563507243 1.7111637854898736 -1.3525991284671646 -2.5555409142093808 -0.28520154822886512 -0.7270506070793129 -1.5774606506858135 -4.8083481724781443 -1.1680878820612854 -3.3465611468895213 -3.3693298788672132 -2.8940829502967484 -1.6242080320450336 -0.99184312887524895 -0.69334976423455907 -1.2017217931583812 -2.7028766810216389 -2.8485524233688113 -2.0656185735702257 -1.4429328422089922 -1.1445399871376849 0.95683673986092499 -1.0057065524696014 0.29293061054612446 -1.6190113346317625 -0.51826492683339476 -3.8397620332683879 -1.6411613589576171 -0.60383616906911131 0.35782539995446838 -1.7050644755152715 -1.406050347943663 0.49085893630175753 -2.8331930979202333 -2.410999589231555 -2.3728643618714726 -2.5660304153550078 -2.8925587603428129 1.3883179105716972 -4.1276791391304606 -1.3079086695689128 -0.91664426254932008 -0.76409661848532417 -2.4202250023636358 -1.2356736730563307 -1.0864748253406384 -0.71892826249559194 -1.9856214873131024 -0.56801270830959349 0.19516711627447458 -1.7542717604203153 -1.906622986591219 2.2135992353102001 -3.7727875071244039 -0.98235940944024569 -0.29100403920570894 -0.04426547519465325 -1.6868227846009682 -3.2455364999701684 0.90032231897047932 -1.3375828885511576 -3.0702671717732755 -0.72024471965424064 -3.2282378113334884 0.63942593884555221 0.024749868558326296 -1.6951635045556745 -0.029930853010817715 -4.8847812016778596 1.2151738704629265 -1.074396013886433 -3.5422259602585 -0.95390681231503527 -3.5714839503703009 -0.17833534879035945 -0.94314333146569318 -1.1064917372263159 0.33631681202622676 -0.98338448117962873 -3.1420302346738094 1.9565347422680079 -0.0061227788949456165 -3.3052369035009281 -2.4654722773413145 0.19642473034244212 -3.4376672032862019 -1.5738481674792606 -2.1917721540186901 9.3034339103597095 3.507701066434274 2.9290544254613664 0.046478782153822125 0.046112434960288315 -2.1626030370551388 0.28301216482355873 -4.5669680734037454 2.058805394497643 1.7050883062438136 10.364330530859851 1.5554076340159237 -4.0322330238825437 -2.1845500603784949 -4.0523760994665619 -5.2051328236099588 -0.37942253825986438 1.3682574779175465 3.3782829804090238 -3.892257012787578 -7.7029449207553826 -7.3923937478476569 -1.4399871721815143 -3.1288801890919022 -0.31910471256220463 -1.3726298209695507 3.5856001709847805 -2.6825746166932274 -2.4376679033576214 -1.6515857743340605 1.0862742734625994 0.92902085770036102 -5.0913061521010965 1.9063454546835059 1.6711029269086237 -2.7923028611899667 0.29073861035588694 -5.1528229327863979 -4.5543887102068723 -3.9088515743459862 -0.41723565450114741 1.9241292785828552 2.5327848163482951 -0.66656386932516754 -0.17776931030712095 0.44607795132794625 0.40295915780078939 2.7900351269563872 -1.2526511488712644 -1.4024163104113396 -1.1301593451429872 0.82201002056659533 -0.30984477143354261 0.051482143809487103 3.8843172192562192 2.9603460027362059 -1.1985642583284841 -0.075905101264698821 0.068513314940724643 3.6498434786806015 1.6298821095320479 1.0992833946014238 1.4300978109927602 3.3555891755802612 0.97419830964249043 1.6917485559023768 -0.80091228565531414 0.83893950747646329 2.0300964804643704 1.6901855168986992 1.0729126834066054 1.6373248243892353 -0.92266956557525615 -0.18480921314986803 1.5659363546386791 0.66583966904092762 0.69696523231101881 1.2177904859263484 0.55543165919741522 1.104006389118205 2.2728166734052841 1.3252521618056416 2.5548429199833054 1.282069495695332 0.89229021221750293 2.4345801088678192 1.6039025045154522 1.1913231554831536 -0.21883744614010398 -3.8149525754224811 -2.9657181162442625 2.6659743519149077 1.3026032609369824 0.79445250808365253 1.0649995205244072 2.001132179101893 1.2162657781326049 -1.142443005774517 -0.0070604907181085197 2.8869556461307639 0.13698441414715867 1.2767374573514041 0.12253594784559046 -1.1396072695747648 2.5387174673670923 0.85930834213902874 -2.100086601167332 1.1018958594193184 -0.36241856455664545 -0.13465361622861996 3.0422355431574073 2.7652269947729677 0.36406153656464041 0.88167391345715806 0.51532177851477956 0.86709575171086928 0.034030859154175495 2.5215202554560725 -0.94132786897776932 2.1993849894380557 2.0338689863492001 2.8389601200638497 0.50339669411964694 1.0449910611679001 2.8463241700512221 -0.78699318832262244 0.82446211043849205 0.37229999038086786 2.9421452725472608 -0.56371439368670373 1.8883138154508194 2.0551188537246756 0.66418085150523909 3.995783718543525 -0.12103948275602747 1.0832817586426322 0.95324422521443941 1.5163214864309629 2.0373990588882767 1.7625851391123235 0.44494249553379195 -0.11712970684639408 3.9338791950402818 0.40529986643974575 1.7059408273067809 3.4905178492974351 1.7794998583575985 4.1295096321236242 1.8482120988739439 -0.025443894655404229 0.68089649932745255 3.1730779353966132 2.3505353311663013 0.16405447610992641 2.5531139936625178 2.2327603062300461 0.32429081978900648 -0.13200756248405074 4.0324853636477282 1.0795806053282941 2.7012847804576725 -0.96418270519074367 0.23443856683000897 1.8126681488666954 1.6483435820750003 1.6878914360821682 1.6914468915563994 3.2511787458880441
 5.5987895625229687 -1.117490105380994 -1.8973469768653457 3.1959294126884794 -0.27508129894154359 -2.204808665711699 4.8078324129390841 0.29108599795669898 -0.56531641566497615 -4.5545926818410241 -2.1413872592688343 -0.1904288590412174 -0.81039780598378297 -0.19540372307269474 -2.3934720541023946 0.18068858288143916 3.7846320561459939 3.1967380166678594 1.450049434759445 -1.0956421774030365 -0.76169837463562418 -1.3570033612548316 -0.33043668053837477 -2.863736981694196 -2.5608422456978301 -1.9360448762617062 -3.6520985723182799 -1.3688265063269536 -1.5944282255491113 -2.0110552136112085 -1.8863316855641648 -2.6096496963997664 -0.54752854782476901 -1.3575735504779309 -3.3018458923755709 -3.0338305921356827 -2.8689224615540092 -3.187946382887938 -3.9505483802263921 -1.3708354723261045 -0.95937400450881316 -3.2221506986763897 -1.8007378267946572 -4.1295365681266976 -0.65579637718599071 -3.0630822844400307 1.3417759498129211 -1.0693911883804574 -0.33032817020529937 -1.3093010294456759 -1.2573737968888752 -2.4064135881840563 -0.95218554026138502 -2.0242889502357042 -1.924473641588061 0.88113711996741673 -2.2410237886514954 -2.8624243468958199 -1.9479431070461171 -0.84024413969319756 -0.60119991304447917 -0.035316170936830163 -2.0467120974784878 0.35619968080450293 0.88374009336278836 -0.60258456274919703 -1.7861298297226109 -0.70265671128496998 -1.8113377039817939 -2.0386127694660687 -2.382406319367016 1.2975106343904557 -0.20261201615578073 -0.43357785970713092 0.29384876944606331 -1.8444859669247156 -1.5011840869534161 0.84720312370527562 0.13895222070579755 0.56236233571906202 -2.4235083454708555 -2.0269750822321293 0.61829544420489091 -1.0980038919722177 0.12734556667984542 -0.68262584968322926 -1.7487090860120764 -0.65536592810126637 -0.22848054124577705 1.4285737682077475 1.3762723983156513 -1.2515802417227226 0.59675855624437801 0.93025714773844204 -2.1994239879036277 -1.260682557572486 -2.0988373741633741 -0.9783304139889808 -0.091574458960169719 -0.71351063999115971 -2.5237679450723327 0.28383990263251879 -1.9972817542397785 -3.2766482230584817 0.29717613249190994 0.15851933356112183 0.02935313973061858 -0.73979548182280064 -3.3895630704641282 -1.6993765843212787 -1.9122726998136799 -0.10053437659018341 -1.4116003237539934 -1.8988472771216263 -0.47011013167342625 -0.69015170362191181 0.60316905637315033 0.84705535202758642 1.4511542305423721 -0.57685371822611864 -1.6181514813651918 -0.99331734356223178 -2.6538297271428344 1.0505321043039768 -1.6208313722532279 -0.97908756880787329 -1.9622116628035433 -1.3395152438494662 -1.4985947257817349 -2.6487799364942242 -2.2103462200692112 -3.1919472047633555 -1.8056467018560165 -0.36981639770516761 -1.2000000113120175 3.3179428383327965 -2.3837282390572572 -1.8593469467209025 -2.4123489900267803 -1.5869886814609546 -0.40411192030613297 1.1372655366027358 -1.3314111133776974 1.5120815234880927 -3.5321000484243616 3.1558684260349534 -1.9440862629784657 -3.1072663398210039 -1.5997992306956974 -2.982645844507005 -0.97047712774833583 4.3850522436013497 5.3413779602226859 1.71153207483336 5.8476518687659436 -4.1674923466723088 0.19200084188727118 -3.0295879982684744 3.9756514192921975 2.1801639342985735 4.7282253059105219 1.3004461064846757 1.8499265881824605 2.8266048643431256 -0.21324669205615915 -2.6415295525209479 2.4563869430362915 0.54022571944935105 2.7930917209214723 3.2319890781372034 3.4061083672896841 -0.22435780339421063 2.2040784605741033 2.5533263731702558 2.9938360208783568 0.45069370820890692 -2.6530697814681132 2.4450433108698819 1.1286859445394817 -0.43332803187775526 -4.6048563569366507 1.5463289538046663 -0.093875694251633293 0.93249642344949968 7.5887839945288658 5.9957003488919911 -5.1600066054331544 0.13577556834516843 -5.3422207117402865 -0.55568666081607587 0.73194924040741505 -0.60915510399321737 -3.7981499215814392 -4.087176265032336 -4.4806091023851753 -2.016793059030352 -4.7317282139434704 -2.2086137822324003 -5.5981913527718499 4.4351460013733561 -2.3892378070908751 -3.1707529236207823 -5.9211339673251011 -4.0956851981025739 -4.1570358078406899 -4.5414026462323536 -3.6312370765098607 -2.2457017969042163 -5.4970123360587193 -3.9958434205339537 -3.5084334346182167 -3.5507094571906177 -3.2611567952522527 -4.2821336370566261 -0.32457304587121166 -1.0699785444788372 -4.8169994234932778 -5.9419238446944362 -4.0820699342103621 -5.255588555632503 -4.1453011980853924 6.7925234123061982 -5.7662520369901369 -1.7873832250291646 -2.5976670930922872 -3.7968795384807081 -5.0376746860074402 -4.9342452234783432 -5.9409122090368589 -2.4486616839637501 -1.7840307853868607 -3.1394682252533221 4.9553758204151475 -5.2675946047710722 -4.7878724600943086 -1.904857212769496 -3.5224147802161663 -0.20672840871401746 -4.0373863935836658 -2.6405302395451677 -3.6928121572457084 3.4664148036242786 -5.7946807099379605 -0.78244433449605888 2.0503549210052365 -0.81940030315974965 -2.0652063209160141 -0.44008393170364757 -3.0878830529156294 -4.1129534123286442 -2.5806288705890474 -1.1334604741045853 -0.47306164400518336 -1.5264117295983815 -1.9857860733906989 4.0361142509800016 -0.89816020229831117 -2.769535706643115 0.86357808203941411 0.54478542252659379 0.20412756883830377 -0.23491303650667894 2.0625680604385055 2.1021518655903022 0.4568957155505427 -1.072369632113483 -1.9795123299974435 0.49172441276371298 -0.43631100008705648 -0.89342970960538415 -1.4739413657725446 0.067260818334721778 -2.0131651596043389 -2.122747686018247 1.6660621673653218 0.57581315146449707 -0.33625441651731952 -1.5093134587270649 -1.9421272713040987 -2.0279020070016274 0.78917515014244344 2.1442160758343367 -0.80750837538426867 -0.51317134061592418 -0.74757831030867827 -2.010566030326709 -2.6695260886121073 0.18840375137098458 0.52655091715224767 -1.6431166077166661 -0.55597127517341982 1.0192273232493454 -2.4743398953367959 0.95305413755499735 -1.4208074047075139 -3.1316372975508542 -2.5899113072022839 -1.1948045492537096 1.5856453555879304 -0.69073899440495423 1.2036186379396834 -0.80277149672077164 -0.57200230441669009 -1.7277047436492941 0.78364618665091168 -1.7995298383268317 -1.0707487459702238 -1.1630185614167723 2.1300549641883602 -0.37404692619134627 -0.22042872527109869 0.86129832952167451 0.76711705128210073 -2.2023594059622447 1.2915581807061187 -1.0427152784020111 0.55378011684249506 3.5656044697536591 0.27765138505848186 -2.0683705994945263




