# Created by Octave 5.2.0, Fri Apr 02 16:03:32 2021 CEST <br1@br1>
# name: ptcls
# type: scalar struct
# ndims: 2
 1 1
# length: 2
# name: x
# type: matrix
# rows: 2
# columns: 320
 121.81505981141987 111.46175820608291 109.39721405471414 106.24124474659608 114.56455654164088 116.8664380558705 103.4549582113729 109.70067182868706 120.87448724469667 117.43004009947967 115.8900522658755 110.44904423322568 115.90522731560014 117.82308721975645 118.87444983283213 117.90297170305433 122.10358924927945 121.05239056280666 112.51795879761542 112.85301448023543 113.85727161158563 133.16781111849687 116.67362096116717 132.45124885775061 128.6074772154881 123.93324435320164 131.01798408534188 128.55248211500526 132.7884634597678 134.08601469509398 132.03888249518664 133.24434034000615 127.73037550983332 124.608622728027 129.79292764128786 130.93204968871765 129.84261226833434 135.19810705501675 135.05130417011651 133.91746057291948 129.83891429515151 131.64141888959847 132.09522605757729 130.2257488811639 130.98978314558352 134.68026309573563 141.9847677032096 139.8567538744467 133.24004919367781 130.43405655831771 132.59538107643331 132.08419289304396 133.72979946301999 133.12303719026812 140.91545043459013 143.6699441472314 134.55667851390012 134.1111087297341 142.26981541900315 141.04497132986234 142.65975162691288 141.81159977362003 142.51651384490395 142.8777304449325 102.00441020784555 103.89122568778987 101.03633858595562 97.633714408828126 100.19431783772872 99.359942776075471 99.42420650372037 84.43976812672841 104.59569886735261 103.40436527941581 102.35298174349208 101.15571980615016 101.46299292584949 100.43878541218977 100.55470611988099 98.086878603480585 107.24401903285383 104.82249106363814 103.60953842201788 102.264681670781 102.44244956793989 101.43974375811901 101.51265510682856 100.5811485521883 105.89094166073664 105.65381936484526 104.46565506402384 103.15287688512359 103.38641074182942 102.41634642931854 102.38180796754035 101.42554401689411 109.27426633767747 110.47318740393995 106.85255021656275 104.43446788253078 104.25900315843812 103.46165826878364 104.50675441457808 102.61933696399524 109.48444195250873 110.00740020677962 109.28411089770691 105.37289988009091 106.43870735077361 106.00977476462306 105.22564037354597 105.87259862172051 110.82257516829502 109.95614506699377 112.54534174940022 108.00551721711432 105.4958656305573 107.02379689640473 107.33917895410146 106.31305287052201 109.52343933660573 111.76803141231291 111.81957341631885 108.9334685167503 106.72867419221423 107.04322091743275 108.03717629005823 108.47886876718265 110.0727893210822 111.20801976274355 110.5709398407478 112.88239259981876 107.78857923093702 107.57828356156956 109.50419409917446 102.3949713064914 109.16926751938496 109.72866286656256 110.90438296196388 114.72981999567823 114.44937290880763 109.8001551319327 108.36669344803975 103.48318800904343 114.12610562805746 112.06950829876099 109.3983830440194 111.31326032125973 113.94406591406238 111.42105270823991 108.83146057404444 103.47411160055468 114.02354891313404 112.82671843230621 114.97149716600205 109.38796829518095 112.00553761372075 113.00100682292027 115.59629225512116 121.18985438937261 112.51484838607006 113.21717303478617 114.50385071437557 115.51405333363662 116.49370839399182 111.85495453683934 122.17390059505578 122.34270213856621 112.07750234793718 113.58611235665745 114.71492006470278 115.83027039287239 116.97904944756091 118.07280412274856 120.31337963786581 120.00075680071733 121.21107598984027 113.91455369295088 115.16870400174693 116.39452649648094 115.5978594199989 118.71055557630062 117.66439619489083 119.15900302762097 121.59859481313532 131.24658407521309 131.83999369983144 117.5422636960318 128.19138905231443 119.90262165163652 121.33757317571444 118.92438308993175 132.24552765908771 131.70907883051458 130.05767953566956 128.97155293175345 130.27715495497068 128.00586185292443 126.07808691804567 123.46566005384302 129.66683330200885 133.27378061641159 129.6520080074512 128.59379163403958 130.87993017740092 129.73836571565801 128.87909197787189 129.58972293669109 132.27006641618325 130.67142987411387 131.73986889019156 131.09952567449488 130.04850318728469 130.01852372670692 130.57013784662146 133.93710314123814 132.80048710992958 131.86740518228635 132.93159341437828 130.22756204696316 129.65588862097255 130.77490475105125 131.55255924739348 132.63243616294088 131.11912550920599 132.35611275632334 132.51400166488662 130.57544091388337 131.48542563957074 134.56237437943452 135.18902018966531 134.46227553959528 138.65405098745092 133.01765060618891 131.99382930189029 135.00734712798527 136.35814076329865 139.1426114965293 136.25028571742584 143.30098300804869 135.91043278536165 131.86926145181164 131.19393310444809 139.992838328727 140.56985508921838 139.49529396327446 141.4910861494225 142.03015867701964 135.44566462181106 131.97675758226887 140.85681179104134 141.24173031805384 142.3841843525214 140.2288811909566 138.06400117896425 131.06627385110701 142.11082633817981 142.18389465807377 139.19420918518369 141.44464169199017 143.07069454000444 140.66843304205611 143.04585099288605 144.0184336077053 142.11426632479368 143.20634191818507 141.93186353090724 142.13145215459696 142.67796814214071 141.6105860513162 141.61439143741794 144.71998400796312 142.4950703860512 143.52000360268175 143.46873446275194 144.11963463934634 144.06286531512768 142.43181042469675 143.16488148652112 141.3453726410597 140.965029551432 144.26425360136349 144.54379421141144 144.90133309834781 144.86571789730249 143.45045431209255 144.37841314640838 144.17282357220887 145.61791886848917 145.14369780939145 145.99808413743952 145.9124159929294 145.51139075949047 144.27892908694054 145.17325170321138 145.23311019738694 147.5135321778865 146.38929160530688 146.96200591769193 146.90379061476187 146.41382403996502 145.40418066756052 146.38844616917024 146.50475600839337 148.46369804307596 147.28956169623771 147.82582767563969 147.83723604037692 148.52470982893863 147.33770602312455 147.37222494051687 145.96474314058867 148.82879346742453 147.95313854145499 148.85246391865076 148.90660391750455 149.74599811262726 149.51315571650008 148.43510588773896 147.38878493298589
 66.570543567657126 85.068352208380688 91.527441846516524 113.75039567823362 86.326692501479613 94.669011395548495 112.07214001301244 100.21435763684799 61.980186641067803 72.355176986525024 86.833017464810354 84.124529284941019 95.086167284997302 93.42752685115012 95.585010881885296 94.545281731832432 61.791390938051222 64.348096149361439 85.492959923043372 79.759397553206142 85.374506209635783 88.44298019858357 93.29266341258537 87.30853114148114 81.569393077690933 84.213788347722996 82.883896663476605 89.552202203608473 89.772690308634893 87.672748348603704 86.260969213531069 86.257929953535992 80.926706622020603 76.955626552603718 86.459168400521548 85.80963790366954 85.359480152858083 85.131932674472694 88.11532417164932 89.294445056609973 82.834359272783033 83.690942804395846 82.278221694939134 83.7785804962257 84.606562803116887 86.220922711399083 96.632676468959588 95.698785229322681 82.348022413096288 81.746864367482132 83.238970036201863 85.018139749097841 83.314465106120593 84.273479119101879 97.169215338837901 95.142903078085283 84.111071510803015 85.069467807320237 91.426216945952802 95.967128955737721 95.666398464045784 94.825561833835067 98.632281464487917 94.426820189660361 85.84592957791574 85.392959171247043 86.624469234148407 86.501327099145144 88.327800256007961 88.916912312495782 89.96071067668737 100.95306829447249 86.264663221997466 86.368716007528704 86.889867997829597 87.763526893786732 88.814331469044077 89.434625953464021 90.584360711518116 90.026402808024841 86.396097844900524 87.317548761505449 87.51955008564353 87.988740363528876 89.377999693349224 89.99451426078447 91.1145121067117 91.681302702206565 86.904072825910475 88.136197216282739 88.486289152891374 88.650522181418793 89.898141835473609 90.629363000483522 91.769357257972345 92.27457609139023 83.709575746341343 83.042667117362072 87.581786994701503 89.597587973821035 90.67840524028064 91.395698412854927 91.670961341208567 92.845448180327239 78.73127055816984 79.772973041702002 85.226662193095535 90.379786850993 89.842761771874322 91.585735208785323 92.605359461607407 93.796775496537137 78.827416133592081 81.831246663088422 83.621934590589476 87.210733119212534 89.159361702841707 91.784679023121441 92.860423887519417 92.646569048304599 76.403160681856846 76.188849422492154 82.183809970253691 86.583147250236095 88.771015877204391 90.710919554198256 91.658244245333861 92.615403552851561 77.569315238272765 79.833811688123063 80.883245381302117 82.495566805202827 88.270224696992486 89.492455461698427 90.475536726755166 112.65754612906149 73.111588507571653 75.295469545401019 75.627643286867126 82.86336084386528 78.990791380373082 87.167718587583181 90.622049813509392 109.96963622933053 65.080666250146649 62.797201999264423 71.64647882900158 77.315411775684893 81.783765268625714 83.639358189028911 88.029896612363672 113.41179910930619 63.471680672006336 63.680141698530647 64.205826348571463 74.237114919581998 79.021294782378618 81.277766742790746 73.963704298051994 63.306763974296793 61.842000175852867 62.6964563743187 62.426987400643036 62.992699999643406 62.180643811460882 80.659235860142047 62.999761439582443 64.039141524465649 60.638308368748334 61.601463855481974 61.337114735070195 61.133819479125187 61.122845667390166 60.875212840676369 60.266813838224536 64.505577889763671 49.172684370469071 60.227899726075329 60.242626633281404 60.183311172452413 59.181907181749359 59.348354042102144 61.934155106587014 60.515084117964093 48.09842494165521 54.146373564373569 60.145934825700913 59.906011918470575 60.609177211134295 61.356359805916703 60.892119126501477 61.652171997089845 58.897422398272781 61.509444117606947 61.19124336552359 61.445920786237195 64.802948106781301 61.961974101513782 62.026526335319808 76.789175409510094 62.70267841537548 59.183075886248751 63.84926471611108 62.888552137261684 65.841848743194817 65.687630940913266 80.100728326955405 80.899693972659122 63.965716240192997 62.219068494354332 65.154248156068988 67.070112561014938 66.709368528522745 68.017912567125848 80.521497411348903 81.224349139991716 65.057961661182787 66.331852603262632 66.277643681229122 69.564032560363316 71.463507271220195 71.946063636355504 81.282077143291474 81.231769333399896 63.95989802839425 69.589216119419035 67.399578921808455 70.825632791009724 70.255116713447151 80.275551726638767 83.185926968863029 82.300931631776805 65.085122481178203 68.692424869154294 68.325663096740229 81.391983289954311 83.161094349382694 89.119425235681618 85.511397852306999 92.126152796319403 71.360312423246015 72.289876076888589 69.123741733566661 84.713041754681527 87.660256490590001 88.035375724447277 90.622549474412082 93.536139372870892 72.365787372017721 71.2214178305953 83.960118522384136 86.621494375905158 87.009373176482327 88.813626251895244 88.713015746647912 115.06139643484757 75.734371715931431 76.842420084841024 83.960126964053984 84.918472794047972 87.954856195627357 89.858801447277941 93.356370398940598 93.990957754126001 82.507021524436581 82.577330435484896 83.818146286068369 85.903692419164116 88.944232507135879 87.792748344990557 88.973929620099113 95.071478698727873 84.840247745992357 85.462871976445271 86.566990095869002 87.332069856949772 88.894103036160971 90.046392218120218 90.94646640038404 92.287858083300463 82.647925463377305 84.090391238899898 86.20081225587866 88.209509504417696 89.484741620780142 89.762239264940405 91.78287607011822 92.879515445894626 85.975879967816169 87.134589473100448 88.018819737492748 89.123071448858809 90.288384076997488 90.480233833820421 92.608111794394546 93.631509564010841 86.595868010036597 86.978588233625231 88.889104489503339 90.239190192406255 91.233093654439216 91.446178297875775 92.50196394463525 93.797966005981905 87.539119107832576 87.578336552320309 89.730324895447779 90.805645079960826 91.629875403300403 91.862037395993454 92.938327582041879 94.812850817996349 86.233695960622697 88.489874790179627 89.334417374532578 90.4707153014364 91.44615705738542 92.613472146094793 92.767261259923572 94.521888857184678


# name: v
# type: matrix
# rows: 2
# columns: 320
 1.3623758573155296 -3.6862809970808881 -2.8055951232346303 -2.3617106020879088 -1.5036743535754613 -0.71752119523368874 -2.4078275552479491 -2.1848560259870178 0.28406126982261587 -0.55558813527293638 -1.3974619186693851 -0.61396156635207888 -1.7046930449117252 0.022518692678951655 -1.1787033203566335 -0.34699814270782192 0.51523485532554059 -2.6260562145761983 -1.4442021121414854 -1.1290440487798024 -0.79147321379904301 0.31972835640441422 -1.6388228109344598 -0.75188388856962962 1.3421854744596198 0.18963793975630527 2.3695934852387244 1.1313036246855084 1.0924994804995858 3.938401130900024 1.694512226908421 -0.80892402747771663 2.1828983485235534 -1.8113730452359162 -0.34505771806427898 2.9376559369641289 -0.35807058174041329 1.6735793723904153 2.6884439818485748 4.4909985586022394 1.359723929873847 0.81842485905199236 2.906355249579315 0.83190203995308187 0.22859108444373288 2.5249192073123772 2.2382267658604817 2.9982495579332928 1.1234799350707692 -0.2083634347255641 1.4895393078809465 0.81318676339320706 -1.1467242885167401 0.28664615335443683 3.8696211821589803 -1.5699791080429251 -0.22844437618421298 0.54117521918302069 1.4185274633175307 4.1051044620238191 0.78442383094341783 1.579861273416878 1.5968406912731132 0.27167450023019435 -3.4276472101015711 -2.2111713323989464 -1.4522884828261697 -2.5555409142093808 -0.77474451812209666 -0.61857954229676659 -2.8988703870689809 -4.8083481724781443 -2.8983276819056809 -2.4716166635070782 -1.5574536505910404 -0.49416323366452042 -1.8988252071506393 -0.69957456859295664 -0.29371982873975405 -0.043420871978580799 -1.6812711797585995 -1.7190973445681974 -2.9711253019316746 -1.3247824096298322 -3.3973733039842675 -1.7287495057429092 -0.499087623659348 0.025470138144565474 -0.028068508012018312 1.7619877879475312 -1.1024780199734239 -3.6325244195357587 -1.2330174602086277 -3.9207441890456693 -3.1163513441566399 -0.26496457472912704 -2.7350931188989862 -1.8228169450104998 -1.5276989764976214 0.73861300382499728 -3.6480798372909344 -3.7519168387652861 -0.023908680061981213 -1.706810888696298 -0.64240917170030365 -0.99014913586278475 0.24685556948791368 -1.6646835534154356 -0.0045041752658202816 -2.191481895713955 -2.1024084696058982 -2.1705594065860678 -2.1341248278101133 -3.0427611596307731 -1.7358006518732938 -1.1277915075599112 -1.4435054644471339 -0.38427910151436728 -1.2948864870088519 -0.53078501421980462 -1.942363084887879 -3.5923635336581241 -3.7542893483928044 -1.7898354216714827 1.3381192709129828 -1.8236345131098735 -0.33104668323157804 -2.9346509069574971 -0.013309940817052357 0.32477866783949938 -1.1870473176445659 1.6499756102608458 0.9090274575634727 -0.36727159947973514 -2.8931005623811066 -2.2253922193822917 -0.73356796238029143 -0.34821265071828889 -1.7113966927611397 -0.49673853314984684 -1.4076639926837293 -2.0000172099250109 -0.96974008707288151 -3.1417803568778724 -0.15844054154636245 -4.0381863168987149 -1.3121363937265971 -0.46886826555690414 -2.4362370454758651 2.0965129411137133 -0.16855421371729809 -4.0709509974948928 -3.8889372589854019 -0.3584964137472203 -1.876794231435861 -2.5168855225182414 -0.011480125924369679 -1.6710401597605111 -0.98392617201970611 -0.64004207767820009 -0.30165665220016286 -1.6494057359773295 0.45783929841679277 -0.49017044177857505 1.0324693558381424 0.41678092877442174 1.3682971365180134 0.88633856031714475 -2.0498500202329581 -1.5658389637661303 -1.3003014405266875 -1.9640650732645983 -1.7478942400025015 -1.8535231777232695 0.83641957881151141 -1.3660713804384426 -0.52297805083074467 -1.3884685905933543 -0.38024091041926067 -0.34016922880326045 0.19754901746117753 -0.45727515713939298 -2.4561556838801195 -2.8725854651336116 -0.20847500115448706 1.9063454546835059 2.0827337953494913 -2.2353718735237571 -0.22639917206638355 -0.6748732887091643 0.038272543938302275 -1.6304616339233295 1.1981853602831722 3.1502684716641403 0.36085084324134642 2.3501836258159932 0.31372283946008783 1.6829318980573973 0.23241004041119323 0.87737323466106987 0.56271705745401435 1.3132212662743874 1.7251771736139729 0.62384021382430821 -0.55661915538763629 3.8943811488794449 1.3871614252362243 0.5602675182944501 0.93844609359456554 -0.19944070137538009 1.5713640266001418 0.59427548745977299 0.31796872112994073 0.56360168572109992 2.2565581740353284 3.6529310279679663 0.37483029697777953 0.52522733461290083 -0.44847914860118709 -1.4352927650396972 1.1986979695553968 -2.6391667119850291 -0.21187064451929771 -1.2229257138123188 0.99501884407013708 -0.55430018742217479 -1.3952034151281727 1.3543925099408138 -1.0900268588569664 1.0649512643608903 3.1571978253379043 1.9181874520753368 2.2728166734052841 -1.3391068897170795 1.5358675511685895 1.4148345003132512 -0.82400138621424002 1.6724463509317475 -0.75645054912993426 1.2122874159242085 1.2805762941643222 -0.2739366016055837 -1.1137272964044105 0.85950657718129342 0.47054703161496614 2.200613703392448 0.39590597915971887 2.7728645820265765 -0.28314796217181792 -2.8535464449263714 0.52026013810424843 -0.74213645862393507 2.4351449840595185 5.3636735726942995 -0.4042145713117053 -1.1396072695747648 2.4581763215722741 0.93984948793384349 0.59034569175744522 0.78880955075227455 3.738586699102735 -0.3507602633879478 3.06085206651478 4.6910163540114675 3.4989305768016767 1.907102377122657 3.9035000375535045 1.4637622178427374 1.1677068883346704 0.019270838432920379 -0.57335238836038516 0.55167139696071366 1.5896116650863017 2.8154587836487495 2.5329251086523805 3.6907969321534715 -1.3670710261990369 1.9016023064631846 1.3037803094596272 0.92505571944605736 -0.31686917795327102 0.78779275180261066 2.1725559604621427 1.0364354641688749 0.54291861181547429 2.1995097746132108 1.4835132785647731 0.73171787057109883 0.19467885132551171 1.1515283920186627 1.2626527790516964 3.6668175463158339 0.97194484752127441 1.5023620459681022 0.6099131858445449 3.2171573428663387 3.0748910884081626 -0.91773306024777679 -0.48723158560394092 0.67600778609286327 2.0333611924561104 0.72989102911856329 3.3144699492533185 -0.19044431784332572 1.664134426050101 2.2224576663408442 0.10417676210998351 1.7798961188626616 0.017154740726905066 0.2713508168982145 2.2944128440396581 5.2071446371838714 1.9923696868345677 -0.23359441118884725 0.90267989745838784 0.081104036410049846 2.9841326299174686 -0.80664540521039807 2.8439808777903575 -0.69244723011253395
 -6.3327098658434293 -2.0285220457496504 -1.0338979401875295 3.1959294126884794 -3.2595672812632217 -0.29561414419928111 3.2626720429839589 0.29108599795669898 -5.4873463540313825 -4.5961826865695707 -1.5949810761976801 0.27270109954910238 0.050294080089204711 -1.2350809366338709 -2.4927952564798916 -0.94183933027960198 -6.9177933639411959 -8.7183055603363453 -1.386271557410155 -1.3092259299691844 -1.9251643233427234 -1.2567024464309011 -0.63392499596886642 -1.908082369074001 -1.7544306208958724 -1.9360448762617062 -5.2611077540736231 -1.3688265063269536 -2.3880440457807617 -3.8643489539526357 -2.4549436838763703 -1.6592485432205828 -2.6633063065763198 -2.5507240449475748 -3.4532119390082117 -1.5962405043476577 -3.922844640435216 -0.51430320250935369 -5.1616347128445881 -2.3778959659921903 1.2014632550137447 -3.0335342224963928 -2.2949573545471114 -2.0964557049951704 -3.8697615673630459 -2.4237439333362927 0.41186692748643816 -3.0937333692093003 -2.0897757336132927 -1.3961820805559702 -3.3460600031123877 0.16456605338610727 -2.0022410452955386 -2.1159124271374861 0.20030232180235208 -2.2215514743898757 -2.3220313033814737 -3.1673956610938827 1.801854049579074 1.8453401487416319 -3.0339756297765179 -1.6134737248564672 0.69471555738136748 -1.3766822707108655 -2.2255653589693147 0.19246072354345678 -2.4806613560250503 -0.70265671128496998 -0.14910730463119404 0.5975342389519408 -1.9501824784480546 1.2975106343904557 -0.50209218403778977 0.75876315055864896 -1.5965697857886032 -0.34546149385040792 -2.0518178043397164 -2.0495194134682015 -0.30877439051555711 -1.6991643108268908 -1.1906591566044469 -0.45590995402301199 -2.8678508463580825 -0.82132853319082033 -0.16650170361512151 -0.52542560307718644 0.071108908622364728 1.395816319746533 -1.654771814169435 0.71877432203109004 0.27808688949349919 -0.20146064179971418 -2.3613116087331307 -0.98580468800757126 -0.81383414668030096 0.6339516681770152 -0.48203697429407705 -3.1826660937269597 -0.47843387246391805 -0.15291600411122433 0.45699884075481378 1.3451161271205276 0.8055134099063137 0.61977519143261184 -0.71245908355522269 -2.0927331975633234 -1.3687452638479622 -0.20811613292247136 0.028139100283172 1.4352529520834278 -1.2495827825934822 -1.1500834509344986 0.18548291138403936 -0.66805475770993761 -0.83307333402174089 -0.058658578887929837 -0.43823765160910411 0.074797165325685991 -1.9935399657072916 -3.8806118735134318 1.313837307306075 -4.5455815897925476 -0.16825784723083775 -0.53739728920666363 -2.3662549068187371 -0.66945034795297997 -2.5982031234451695 0.23571158545288917 -2.2421554782904218 0.62097905378215534 -1.9850404065382647 -1.7997004111210879 0.69990936740363086 -3.198367643139536 -0.58597221732984606 5.3036252185330151 -4.3392959119445269 -2.615130369755625 -2.3494173948360366 -3.1946961892746808 -1.932036786877775 1.1180523797263082 1.8199912648322991 1.4569234089682139 -5.4068192454765533 -4.8625099531972094 -2.0887731794239257 -3.4835765092682331 -2.1420250300286203 -3.1428181216190545 -2.0118222525840372 3.9996883478760923 -3.974131754951491 -4.0583427690382372 -5.9750029053310287 -2.0861343137519608 -2.0750748788318347 -1.7690494895654745 -4.748631674422791 -8.7228089134655438 -3.9710960228211092 -6.1152283179468121 -4.320050290028421 -4.0604525929978301 -3.6408848320168916 -0.50162786120201885 -5.8235308872574887 -9.1854617741616966 -4.0614589789246693 -4.1364797879521724 -3.8314899060535064 -4.4009309558560545 -5.9792027219268524 -5.1608371788131517 -8.7482094212781281 -4.6524551059869257 -8.891508918479154 -3.5633841521312153 -4.5416570480884095 -7.1297711708428206 -5.9185439845960879 -4.7160322966261043 -7.2062114393891772 -4.8091328207327972 -5.7067176907117361 -5.9957003488919911 -3.1474804290282998 -6.4274588704249487 -3.3861878408598596 -5.9082635509115251 -7.0965284131458413 -4.085387691010677 -5.2478618256677665 -3.7075977909078723 -5.5059909802671374 -4.360936072805722 -2.9419173985306046 -6.027955451306152 -6.5864924775414755 -4.1555214467984429 -4.4441884941281034 -4.817549429201752 -3.6370586086177425 -5.5671297295865187 -3.3640784109293533 -4.3107361940558562 -2.5096263197870212 0.67838035231927318 -7.0553597065787113 -2.6022305336480698 -5.6618296870431415 -7.6960820061150219 -2.8600844055664876 -5.5703306248877533 0.14949858433774782 -1.7600412494613333 -3.3644442505628902 -3.0107781289251481 -5.7627420980713513 -6.9678532344913613 -2.6406822276217143 -3.8288264831545025 -2.4671835659576753 -4.6062045381684156 -5.6260233687095598 -7.3668169105731609 -5.4805316213290798 -5.0206469478651439 -3.3149268375168166 -0.97967606636482152 -4.0570125757355955 -3.3784013108130031 -4.9553758204151475 -3.4005722849300488 -1.7461384655037984 -2.4123583246597677 -0.50331368937613175 -0.11595840283880189 -4.3802699352788483 0.63177848257645719 -4.5616223320520861 -2.9726275229189683 -4.1009024672580194 -0.88767171443549897 -0.25908380420837818 -1.7734991536688587 -0.032606970648558574 -0.16550013833743865 -2.2190728781092983 -4.3839612233959553 0.53837290451827113 1.0624170414845153 -1.2500183780720397 0.28494986346584616 -2.2409953125306394 4.0361142509800016 -0.72552342279773074 -2.9421724861436882 0.17690442134115245 0.11239036823360843 0.059260217849269811 -0.93419030002791537 -0.65574301825298664 -1.0818386951946806 -1.3045929735316912 -1.9824682102049653 2.3855792650926726 -0.41125438922168434 -1.9645721915602146 -2.6543049449768512 -0.71206115393681613 -1.1000299357858081 -2.3468698925246452 0.063106622186207856 -2.6200467379117014 0.60810940896372156 -2.1113661528937566 -0.66261079888519625 0.073666883499619529 -0.39418242685194649 -0.78309885312327188 0.6619080866060546 0.65790412612322824 -1.5709916080249726 -0.81343193182494611 0.3430981704100412 0.97560184654491233 -3.1985007430886054 -0.37175370900235638 1.833672719136672 2.1380331777728716 -1.5832930448244544 2.951827064775626 -1.6745800576022012 -1.2568351182159128 -2.6236447789668857 -1.3799827798185302 0.2266326092763194 -0.36208793912097598 1.3894405493304454 0.77688601200804885 -1.2007421866900199 -1.9318213672823488 -0.45460132814747245 -0.58595352303658133 -0.8238869689035746 1.194438477053507 -0.31119372518646582 0.4115556691009799 0.89720114232450709 1.3659104723079893 -4.0949543532464219 -2.1806322064025427 1.1318340958331947 -1.730999325575316 -0.31744900413677318 -1.4226464556479927 -0.1973647479989615 0.3969282224886993 0.80050476890760769




