# Created by Octave 5.2.0, Fri Apr 02 16:06:50 2021 CEST <br1@br1>
# name: ptcls
# type: scalar struct
# ndims: 2
 1 1
# length: 2
# name: x
# type: matrix
# rows: 2
# columns: 320
 162.4848376332485 87.14776772713347 86.575260986468777 68.335789583085344 90.11647110198524 106.78933051140018 55.626006273507187 74.633732611574459 76.410570875801071 110.74492981012172 92.111352478737118 87.255062199354285 104.71349797428681 105.95817812704753 107.86808365702568 109.38407679206362 66.066266892136724 91.046075617382201 90.241606945183975 90.236025631061551 90.98491416894251 149.84611701592144 107.13364653206453 150.89795443301242 145.71781366049649 129.11426803855147 147.89929970026631 146.70990529121713 154.21541559822498 153.25295015169294 141.40602332006958 151.91205862326174 147.05520965760945 122.97942911062722 151.74681500513154 148.55041674783632 149.44884865607401 153.04650580578189 153.28908086446202 150.80963363223424 152.28815576529917 152.70067311918427 145.83733676701266 151.97557351148268 147.56267144783996 157.00685296424516 165.9747281266464 164.91604971926611 150.07927340732684 146.94651959927893 141.33193004810533 150.56178129239251 153.25745255798699 148.74570566259808 166.00916315934214 166.99579987250527 151.7797718537806 163.29868329664518 168.62627208669755 168.72380246545097 164.96614868691427 166.61493859580489 167.6226958144141 164.99313067827032 76.699064361234562 77.731934000723115 76.414184026335562 56.617282735756959 78.854987387543673 77.053114441840449 75.431473305467762 7.2657799584531126 79.700947050067455 78.572745965621678 78.943650549855278 77.551170932625652 80.436128246126302 78.63873059215571 79.484708897911204 75.934297704450657 86.33837172603404 83.634126355343298 81.5645883423919 79.660239574375751 79.944991407048391 80.044426638087458 81.475465801754524 79.373041438054898 87.477614866950461 85.176852616115269 82.783801122226748 80.867491076663498 81.172322214607831 80.714456782873171 81.182617131628774 81.692788707431959 108.75195281406177 88.007953395892656 85.916845546374674 81.874258101133293 81.94238476385992 82.48764357647282 82.626479001650992 83.542037361076552 87.964637211541344 89.516412223083478 88.182496243694786 82.584333998210454 83.054721653464114 83.370220740791183 82.298012834020369 84.466200488266878 86.299086022516036 88.283740466726044 91.376553951383684 85.774531115453641 83.694548173316164 85.614803154779736 99.483722519048627 82.830993329630019 88.140446051571431 90.530804964286233 89.128973051784342 88.458732385262692 84.635940281411763 83.704739807312919 84.23336478347953 86.794307652868824 114.8738061346248 89.283705990056703 86.974299970850879 89.282857395669254 85.241391352884861 84.166544140486053 86.956529898992386 56.838275901263444 84.473333753334558 84.562211631179053 90.104594758173931 99.402164579503619 90.965194918710864 87.268404213806349 84.839292961024285 53.053612007211228 132.96328735685213 114.54522949089896 60.206803035417607 89.087616982076327 87.746124087679078 91.29271707557298 85.96711888026141 57.161819324992443 160.34075818482091 122.79751960813866 127.07422261567673 83.455648063305247 90.141110651049303 88.945400037602624 104.85349215495593 67.039344398770581 115.28865854876936 121.68136902515764 125.0554947351003 116.43252512855734 88.574950886664197 87.951122395737215 76.999173836351076 86.785887978775122 114.24800567937206 116.86253237378362 117.48663318105002 88.022902642969896 67.606701319579628 65.878250961950087 97.206738164561585 86.242395316670795 116.54687367509362 108.49258313627557 105.28376391629664 85.902768322299352 99.527332919061863 109.61389559090703 116.20551993702492 100.563692989605 93.470542109815383 161.84132903964118 136.14755539024247 87.24217882147191 146.99137685924555 75.814249170944038 77.473207474175396 86.76515537891845 135.7307865755927 138.83765726638831 159.37084231725979 146.90086309190295 145.69882389933562 143.75175650307722 124.39284073066113 128.10602758906285 134.05327320762464 134.71039663157484 144.03500813260658 148.32483854363232 144.79196293978697 144.97254296737177 148.02505894575887 147.70784461713481 135.90057448854344 133.5004843299682 139.70439843092703 142.90442307707772 142.91661341968725 130.65427897018449 146.91269969097561 152.20275648555483 140.72904834771242 130.09787860014092 142.03938155560454 132.02288953858243 134.7379890949276 121.59610606568553 151.19077928712366 144.49854883291385 126.68262792182398 135.48781040359731 143.19841521697489 129.46476772058085 161.29197337614295 150.97024324868016 151.46653821062949 148.62798849746162 175.13275859560898 131.71562751215899 142.05175301892314 146.89709065887416 152.86370859386841 162.51698702555234 159.32563367060487 167.47216840207113 143.41292015093467 114.09038484874694 131.23385404830663 163.40062511263079 164.56649983392111 153.24947081520432 165.62588314697805 166.54575792324573 143.95190198471715 134.19642400317565 163.44688891498808 164.40868616090839 164.29788620503354 162.37253115800422 151.0444504295871 112.77557717441979 168.89280529854119 169.94022994028566 119.42193624999965 170.47511158508613 166.22758581515637 164.80344414854594 165.87498305019196 168.21138478712908 163.12162997809139 158.23866018308269 159.73223605416516 166.59967711394665 167.48007465255364 163.33415815847533 164.3319430577221 167.43851668171482 165.34171711850661 169.29585241013407 167.8405586924124 165.57250269266717 166.7329549509069 167.49680301777499 168.62581308957303 163.8093234624059 165.5224831367062 174.34641957880177 170.85518829425658 169.75781903099639 168.61142203450575 169.80360043384937 167.19883147667329 168.43007536750258 171.8982974686968 170.81143221654787 170.72783746387717 169.65386482750756 170.27326717227334 169.50039668519494 169.14511631005055 174.87339315327364 171.96154272706806 171.93912124028691 171.54029158736361 170.3685939949028 170.1490278477076 169.20493825635458 174.14751420081589 168.15045438043364 174.73277988086457 172.88875388587186 172.614878986702 172.33436216391561 175.37412597047756 171.43774614024565 172.51155138669358 164.17668778541685 174.9776196391303 173.85665436471606 173.65012630994181 171.2615989743467 173.76148372828138 174.5827991742039 173.19950687474872 175.35165925746051
 37.736649839592367 65.790252851546924 75.484290808646861 165.04506275186273 56.219304376504674 75.755417793121481 180.01098503460142 104.8862879040724 4.902931241973203 8.5484851408029545 56.637038437483227 76.363597830115594 83.670534004853721 74.859867105170366 75.439200992817334 79.03099765260896 14.546545261519549 5.7140442745771383 60.104743205457652 57.608902313420792 56.832762201122115 48.51264161713943 74.520616396248002 48.955254420374857 45.852757945232618 53.072188670565716 46.0069298847326 67.582536777044211 48.234049857991614 49.74541913122814 53.483875911793824 50.636732313557985 43.157681664816067 31.514009992896888 47.942225837724578 48.066441950071543 47.574333068883412 48.62017666021832 47.45161211005594 50.332195244103509 46.940239422815182 43.879898268148665 44.359620721643829 49.364081280280551 48.643995277819705 44.167497648149272 85.065256320611923 85.816978657980698 46.741231391513125 46.643420516891339 46.494282992710936 47.688591350968032 45.011165907272357 46.771603999893316 86.134290802675039 85.41574434288141 45.868861490475531 49.444390413847472 81.591374438165758 87.358232288723144 86.971792052392075 83.328781996210523 87.971120471824634 84.641422562064307 76.370770460092331 76.128595980308319 77.549868483740255 75.223686883005584 78.488997328829782 78.387738729494643 76.830167456441046 121.77811397643462 74.316139966216326 74.818926211825897 75.795750657179468 77.321300664273281 77.376908923543411 76.941253663488183 77.634785763019451 78.802925932889011 73.749481475160607 74.028344287840085 73.25429009967381 76.5839680932622 75.325418435539888 78.534498993246544 77.082888002258514 79.468217268881034 73.527399985218679 73.631544545993535 73.2616476801917 74.272028432155693 75.309053882731746 76.264896254025615 78.636205845487666 79.679213785518201 74.585287154170899 77.849373152252241 72.763372238867888 74.270015161171699 76.063758309951922 80.790061693533332 77.200613278016917 80.375147938964204 59.304685380766024 50.844544595799995 75.280735440286676 75.119026114798416 76.185951545011349 78.502738789271575 78.53711138733091 78.074472419803328 58.520144874840646 76.552937882633188 60.398209265219066 74.667357900959303 75.13020447958155 77.798516541097825 101.1638575698863 79.485160977680707 57.076648843902859 55.092183623944109 59.123535205799229 73.998517846061631 74.613848683875574 77.26490090868262 79.532591706657712 78.507391447617152 51.556808127628564 58.128067985834825 59.425346543124355 56.90776643562814 75.755769014437902 76.14083535580923 77.359240320775385 180.00507449720027 28.228812018315608 29.399774127561436 49.823341375981755 57.489737661300495 59.327959569588494 74.628537373648811 76.94754941811631 134.235471644987 9.0559414267418656 17.298646450524213 41.61980832884224 49.447282621332107 60.416909500890313 57.861628954428021 76.722758122253097 178.92728004862903 24.566844662768162 7.0944057732183925 29.478358738647042 28.703676035957589 58.733396707052968 55.432637825400448 25.886444934061657 15.175217341221114 19.486186379028926 7.2188869609929256 6.216953680184341 17.28912268461513 3.9596953272884705 58.158724696453341 3.655916005163951 3.2621470637043646 20.464219248057667 16.272345503936535 17.518138989456741 2.9867004176611061 16.334018814505612 15.778965329165006 17.629620166135297 2.2220253268395935 25.449239676154697 12.143290846461239 10.043458520709899 0.2863471221072128 1.9014168758870211 8.5122370742884144 0.039709907483769513 4.4626702776812994 69.472685450079638 42.084688750545489 5.7685958690776493 2.0555507139030125 1.3709663201465494 3.976177139822282 4.6042416239358541 1.0946659265856751 4.2982466827604595 5.5861601315305167 13.09167864481468 2.8890187466678183 0.95442923588581008 2.0094924265209726 4.2991466120388164 57.444401138145224 4.6001164423559864 3.7665523811097557 5.6230154381300661 1.6799367382294459 0.15269348625974841 5.1783074952284469 43.978123345091937 47.355717569456111 2.9187937014272789 5.9990821258530582 2.0754579549921797 4.2052313795885441 1.112538627617526 6.2795421753628764 44.393194488870279 44.85758826267454 1.7042721025126322 3.8161698941604447 0.43913129038517706 10.164183718521508 2.5875474949833204 14.20980427137709 46.84603055242048 45.676725740300242 16.544948498049713 1.7022763846175377 3.0323444851236396 4.790797887347475 9.365435285017897 44.987711701811264 43.953251012602372 45.094936562983598 14.448659436488349 3.8634119055706968 2.0415454876199512 45.462465152048523 45.983144982597246 82.681740548929668 40.661407272962855 82.707263560079227 16.876124909094479 24.290385836838201 2.9667668072170676 80.657815161323143 82.457579769839086 71.488226805179437 82.878679089423471 82.06703447628206 18.019816763079604 0.14754853070615509 82.125821655082262 81.362939312964798 80.033395575593204 81.252661110246521 51.413697515176189 179.84103016310496 46.677216883863821 47.033055578399136 96.420083448683684 78.279784625652013 79.892504931617196 83.590686107445109 84.07449927784441 85.137923208407187 79.582970532412062 64.583350111065172 70.421445939878325 80.939962020567933 80.195965899480257 83.334226406289488 78.765494403804766 86.889930325050656 80.541473097434647 78.846693517992392 78.732860470784317 78.550938669185797 78.927042450807065 81.595086222885158 82.716241335403581 84.706129864740163 81.646982804118522 80.801828565184309 79.312009054829957 79.834518029714744 80.448271414583431 80.900100681097726 84.341667816622149 83.818772354511637 78.979800248646072 80.432690074455252 81.492449216295412 81.975375666736809 84.076422102058999 83.432265452035566 85.638391409223814 85.648460677387973 80.071843089679945 81.308995460403395 82.329226986163235 82.724089637736483 85.208980450524038 84.592850687049975 84.766449673779633 86.170368591973798 82.806738925320701 80.497043770535512 82.198071970357262 83.240691074906323 77.776994842876903 84.766702907634055 85.034708982188164 103.95031049134553 81.80362386595759 81.960967765387096 83.122097850607787 83.496602704260937 79.849286742306063 83.815539716182556 84.093742411047117 84.67484543421115


# name: v
# type: matrix
# rows: 2
# columns: 320
 4.4388033362693289 -1.5491047806532685 -1.3090657453408499 -2.3617106020879088 -2.6975971486012558 -2.0888178948430332 -1.6201054242981321 -2.1848560259870178 -4.7761112822402048 1.8917205300598525 -0.39224378938975307 -4.6762938725863501 -0.74118715823311598 1.370155154431689 0.46525781178028375 0.0054553980679680576 -7.7170878207758848 -4.4819068742017949 0.052821245362018911 -1.3720351870846337 -3.4523788982357675 2.9553598575435744 0.24091518812216714 1.048686264100577 1.2266001730120397 3.2865924376512514 1.8113171654250977 1.1313036246855084 0.81987069576044924 3.3057396856696677 0.076597165524798977 -1.9726078249587293 2.0713905650541449 0.95492287514684171 0.57282486688690948 2.2067910392230266 0.0066524639518099685 -0.56042388930243847 1.2706842757483567 0.82414854257688253 0.91616411648800999 2.2392534600068901 2.2005684401986243 -1.0964881518870819 2.3983995861644276 1.6961192366017308 0.66687379237594047 -1.2376500934850669 -0.56979545493695705 0.9994502357498144 0.56229828007824556 2.4590730687092757 2.4894436007070033 2.9832898627857558 3.6122042602682658 0.7138932177284979 3.5864590317325074 2.5807933735430915 1.6282313231597481 2.5733428332997339 2.6839742811148417 2.4709676639763232 0.65972057915008608 2.8797166104728715 -1.6409612764403272 -1.3335037050302374 -0.70684680331668048 -2.5555409142093808 -1.1021474300633309 -2.0741308370811815 -4.2137962805779248 -4.8083481724781443 -4.795933526070864 -1.757434709465354 -1.3660170144335329 -3.0047358919533922 -2.0733006553118569 -1.583075024721845 -0.67077865740637943 -1.49421631047433 -1.0877825498640432 -0.73826053406534897 -1.481072450312737 -1.0109151526554605 0.014594249339571486 -2.5941843524509158 -0.80903920449169697 -0.80754668288819309 0.69517234579056053 -1.5117653231708212 -1.4942685776711266 -0.67849803562265354 -1.6312762130554603 1.8597813944278829 -0.62797106501234712 -2.4320257516231143 -1.1292813037800085 -1.9773769952848195 -3.1777393778913368 -0.72774340868766585 -1.3053073972648686 -3.8686906372975658 1.5297047115215161 -0.42147490381532299 -1.0185755940209023 -0.1012602796369744 -1.9286970844326541 -1.8025174925535183 0.96878198064247878 -0.85055799805418508 -2.9514558581033441 -3.374883141300236 -3.7582720048553768 -2.6372902990032574 -2.1089938264878465 0.46072035645722009 -0.07757471366419455 -0.50184070231384925 -0.98235940944024569 -0.72994719444029188 -1.1962846489130703 -0.69256092059362551 -0.0016901197699740189 -0.42704312711229803 -2.5277803777282322 -2.0385176520144661 -0.1699131869586927 -2.6471634040946039 0.63942593884555221 -0.70018366362161433 -1.4262730881550625 -1.0952772124150159 0.41982191956184745 -2.0883010899178616 -1.272897497680044 -3.8984092051840187 -1.0527865032033115 -3.1152211513232113 -2.117589269154958 -0.26415823193366156 -2.0101986419193696 0.45152467262196549 -2.8594264910183824 -3.1420302346738094 -2.7559066450521863 3.1391626710333109 -3.3052369035009281 -1.3416023398890569 0.039797396816307465 -2.7110391249193913 -0.19006285104038287 -3.1854062648470798 10.35078207216706 1.3800362979535257 2.9794398013476497 -0.31090432600498197 -1.9973265575580337 -2.9200433815847489 0.28301216482355873 -6.2414170123007393 1.2597982158295735 3.835282480455136 -5.46314125093045 3.3314593147691562 -3.6302830663576122 -0.96915200785210476 -5.606939399102477 -1.6532471940021864 0.21146371875209302 1.7970703261555081 0.60860303333049559 -5.0270261009009296 -5.7801958642552229 -5.8704217971383068 -1.1946868770402617 -1.5987121162835627 -0.31910471256220463 -0.86365086495798538 -2.0628606792712292 -5.2837740648008831 -0.00090637047721691994 2.4803686339704196 1.0862742734625994 -2.9642624155779274 -5.7702912516331297 1.892113619862053 2.4689538649689404 -5.1702927229855087 3.5689272128164693 -4.0432257412070802 -5.844742416060102 -2.1792458401453172 0.94699413617445749 1.4096056935038199 4.1268127163193284 4.5423096710631006 4.5448039572758558 1.9028945133203934 -4.2644232314662247 -0.3069193709385597 -0.17514084518572909 -1.4626446245934677 0.90881459346183813 2.3172661933178258 3.8683803305432631 2.1799957519418118 1.571100473666952 0.073553813910575527 -2.7953935050318659 -2.8942754972036657 3.5339622144583092 1.5585267008385943 0.77641695474566819 -1.8387749940195428 0.93779264536123164 0.061970999048548414 2.2077337850428456 -1.8491766672341297 5.7532192767806034 -0.38254387968348535 2.2844012641966902 -4.0778283734668985 0.49250817083887066 1.2981880130168486 -0.92266956557525615 -1.9614126169368751 1.9566458501593877 -1.9613785670443802 9.7918552122602343 0.66007654423588857 0.18729614089558014 -0.21136161318584676 2.2728166734052841 -1.8425502856394411 2.978624427035331 -0.73352250797652419 -0.15092011052165893 3.1443631510886072 1.6181343393369052 3.0071335297395678 0.3189232097680631 -3.8653379513087658 -1.4424547926995084 2.378007918580725 4.3585009063569267 0.79445250808365253 3.0575536558296825 0.99983720909298479 0.67850512222443538 -0.29129131723746304 3.3523843215653795 -0.75346820344287835 1.2535861816191134 2.9892495383729565 1.3576557330231482 -1.1396072695747648 3.0049023656046443 0.39312344390148679 -2.100086601167332 2.6956192660474478 1.950703325145319 2.6249777654149877 0.39922049506123675 0.39280654845680191 0.081214876079160295 0.88167391345715806 0.51532177851477956 3.8404966723339258 2.5821668412458392 2.6106434403969097 0.57184394539972072 -0.73041922107606427 2.5270053947280009 2.3235529152800081 1.0528011032129458 1.0046474967294838 1.8211098824533574 0.94701420190150265 2.7637091413898092 2.2092949217054478 1.827768079613348 1.0352962782353727 4.1084505328171126 1.613441779802586 1.8268686118309967 2.2285108701998677 0.048966218962406487 2.3863831809062335 0.63260692918029293 -0.081786702924620119 0.12986618893573809 2.1185690287804038 0.11656928047520829 1.1941795147989391 3.35734374669001 1.5812023883678896 1.1416344674227978 0.57315279782494954 0.10114081138723398 1.6908931103660754 0.81022185114081413 1.7172737528997419 1.4497714276553215 1.763013570601536 -0.028116173303557764 0.43396516369747506 2.955081517023725 0.32924476031935673 1.7439419860067886 3.4566806845237563 -0.81121930320318292 1.0795806053282941 1.6332105847778322 0.81825316441603657 -0.58798746016370917 2.2426035461548754 1.4648027898887317 0.072565930402010426 2.0361131663744572 -0.48213835723442577
 5.5987895625229687 -1.117490105380994 -2.2330995462043353 3.1959294126884794 -0.98899390071843385 -1.3107820501697363 4.0721065111102259 0.29108599795669898 0.52171040031703275 1.3044820609210772 -1.0037911253619127 -1.2703560968473218 -0.81039780598378297 -2.9514701425936454 0.10483650249001744 -0.11200043242230964 1.2835669513685237 1.0634697339613519 -4.6816416453088223 -0.17907936537083685 -0.46659832555101266 -2.9371528552959871 -0.72651187900835634 -3.3249969725110007 -1.4525285180984053 -1.6842615605321667 -1.9628982581913781 -1.3688265063269536 -1.9548118942130577 -0.73925670373316377 -1.8863316855641648 -3.3297337251690831 -2.108620038948033 -1.3575735504779309 -1.1673510665098734 -2.9651714523125374 -3.8732139240086947 -1.9735215328850904 -4.1037029266153784 -2.2985296466133329 -1.2604251951256091 -3.3457678713502572 0.27125344853093236 -0.72371918240950195 -1.1538989161565438 -3.0630822844400307 -2.1022884643134505 -0.97098314292576049 -1.4192541617455741 -1.1377836389578431 -1.511915700213561 -1.8479212199486557 -3.2987841860637919 -3.5348630487953212 2.1025084615748035 1.6959986711417416 -4.4954153296958035 -2.8624243468958199 -1.4237573008639925 -2.4832896854599249 -2.7272372241958482 -0.086217357756187704 1.2471212108292902 -0.54810980071741811 -0.085786697668925369 -1.2969227877790277 -0.61247356497216221 -0.70265671128496998 -0.68907815842099562 -0.38138221257586047 -2.2012853315052778 1.2975106343904557 -1.780963173808215 0.80378804092706202 1.181540787597259 0.22009185245079976 0.41740376800582402 -2.2727587537882199 -3.8988851976155807 0.56041168194722157 -0.23776352591389444 0.28098970807864271 -1.4447283004632743 0.24651622825211175 -0.67095176445212235 1.4472521282867041 -0.2830927297563593 0.15959958078157901 -1.0802108137074153 -0.42833072699324803 -0.55534901895836875 -3.0833198506295769 0.17453328024288733 -1.6706406787330474 -0.77330481372503868 0.56793437775791467 -2.0463419130030567 -1.8606653655229211 -1.83278881698436 -0.82369862847932462 0.71579436643183647 -2.0344715000018398 -2.1487733096844792 1.6261201485186814 1.2954865462155003 -1.3234636182975326 -0.46047320922823715 -1.9276327978027386 -1.3975442396159512 0.95961301385567011 -3.4889095883995411 -2.2767281736207394 -3.4093714259477799 0.12151062413507618 0.18313694761591767 -0.68600884886035196 1.2444705222278265 -1.174993474408087 1.4511542305423721 -1.2346683926827535 0.51669146110384023 0.17712292491210319 -2.7627868088383307 -2.6707605949862763 -1.1179024371352413 -0.89641176628092301 -3.7880466193489748 1.2387532716808742 -1.4985947257817349 -1.7298402455013775 -0.94436076357287102 -2.4178407104624418 -0.93906405149079986 -1.2333000959546758 0.27604941826309592 3.7704130778911491 -1.9412639043314073 -2.11925363987437 -0.98590634014895639 -1.2143987563600565 -2.0042960459992942 0.070444427566203255 -1.7091056653803283 1.5120815234880927 2.6944535270864551 2.0976323470539193 -1.9440862629784657 -3.0517260378401803 -0.8898499529977224 -1.4648818480604979 -0.33892940047663933 4.668307905871858 4.0790060925250726 1.547109880048547 5.6950017758415452 -4.3500499882446793 -1.7669348278932691 -1.6374575115700718 3.9756514192921975 5.4188179364861782 2.8157998330469574 1.4638951317992912 2.6462379087586059 3.8843403025816552 0.60600141437922472 -4.0150529929258427 -1.5477903081821043 1.9145611978968293 3.2138005193782906 3.7924295333793347 2.8889274634444679 0.52002190691331041 0.43433548819861983 3.5854804481355966 2.9453708658843212 -0.27668463349455247 -2.6530697814681132 2.182676113160066 0.45209373950366916 -0.51544763756400847 3.6971050442258657 0.53002262510363696 -0.093875694251633293 -1.5223548241135887 7.2161940694279778 5.9960307082412312 -0.32799601443532539 0.55092741542849433 -0.9021453893979261 2.8183771447541748 0.25807123145510374 -1.8618255352690076 0.27234397809206329 2.5207145001160329 8.9777298278450584 1.9557114453654973 0.93051607936674541 -1.2282851644696027 2.2399555191766249 4.1833626856438144 3.8122014786512315 -1.1990353517996837 2.6679914691111386 0.62419743406507455 -0.61943290761866232 2.9345907921746561 -0.35254193047047161 -2.7532918515372087 3.1455663171110086 -0.32332381253518783 2.2845506851317858 0.66178090975363213 0.84458159226238572 1.7836841764811666 -0.83654653362799969 -1.4759076077460227 -0.72586628501268913 0.53340749608953453 3.1708028976887292 4.2183599342989098 1.8232203136198724 5.440488455974358 -0.87202045814346241 -3.3674537068140622 -2.5976670930922872 2.3571285630360754 2.0578807092233311 -0.75435170717279965 1.9077300108608601 -3.7834764651808408 -2.8515464755041759 -4.2831407813124622 4.9553758204151475 3.2902950025157622 0.82383276709826314 -4.1829759008758174 -0.88676308626793732 1.470731780343624 -4.0377167529329059 -0.72434185382081417 -4.2204257327921821 3.6190648965486725 -0.27409023297867663 2.1408179398773588 -2.7775680972553887 -0.81940030315974965 2.395831000943355 -2.7330244340535965 -2.5602694773691441 1.3667013992497363 -0.32300444408580559 0.2213222702055492 -0.95277969833848275 -1.4247065746602539 -2.5134775372674478 4.0361142509800016 -2.1159879400895272 -1.5517079688519106 0.86357808203941411 1.3055406400691376 -0.20927025919507827 -0.10675400690112433 -0.38647333823144076 -0.22688609259346404 0.72101513510097859 -1.072369632113483 -1.9795123299974435 -2.0863818117964734 0.64085599804487758 1.5909851280840166 -1.3007802322810229 -1.9220034356838129 -2.0968348281585656 -0.79711410673327598 -1.1064537041772027 -0.47995738125052489 -0.77033342086123391 2.7309427761086891 1.0103877233996648 -0.77082109424695977 -2.39489065144567 -2.272649660716906 -0.047105217775193747 0.21935579693163693 -0.26453196892638164 0.18824625505318845 -0.80958142613070927 -2.2276689665066844 -0.55905584232612393 0.41167678150172043 0.23476246222027561 -2.7505204834019663 -0.83745353531378441 -0.6854305163619826 2.2735352276379186 -0.43831159655887225 -1.4728841043558267 -1.7153769731933266 -1.0964047610763721 -0.54700861446245153 -0.31964602905859679 -0.66279823080625166 -1.3949928008517924 -2.745681470146152 -1.8321440033456293 2.5715649309313648 0.44229957700391037 1.079396350573091 -0.17518694368094051 -1.0273398675472465 -0.71180307396047637 0.86129832952167451 -0.76246831840771701 -0.12965544127378351 1.4132777478617928 -0.45427958483100683 -1.7286200732424819 -0.30219140600764466 -0.76970698202751986 -1.6525683987645403




