# Created by Octave 5.2.0, Fri Apr 02 16:04:25 2021 CEST <br1@br1>
# name: ptcls
# type: scalar struct
# ndims: 2
 1 1
# length: 2
# name: x
# type: matrix
# rows: 2
# columns: 320
 127.79023471828336 105.23077393495251 104.14416985656581 95.849718097409337 107.00689896661103 114.99622861244075 90.488601719706935 100.08730531433844 113.70635658279323 114.69871562893049 107.40424729885076 103.98971971145025 112.70596924108044 112.18339858732092 112.57862738593666 113.78029301596104 114.53003168492386 115.00570609892029 107.42147628801722 107.31903701381809 108.25299597870409 137.30739880597892 113.31871103109287 137.91525073125442 135.26425722105861 124.76765128812372 136.80856939613045 133.53021806362409 139.95455849824378 140.9673817889194 136.42569909224548 139.02337086024198 132.47371575641679 122.3259885861617 135.33286513765245 134.74632833152782 136.13388047319182 138.02285453472447 141.19677548985044 142.35318909851625 136.42894389796635 137.56118199042601 133.62495531621795 137.22322335383515 135.88811253503482 141.48568987326715 150.35633991759002 148.4201853914341 137.62348905282315 135.87881787865638 136.76077227290162 136.80070382449077 138.51301562130959 137.49881481450029 149.37284284179387 151.08274893774288 138.67997207883641 139.59583644271382 149.68000124682914 148.26661031114608 146.6243499231814 148.75842103374336 149.30762168997185 149.32899683627772 95.377271478970599 96.5086787472205 95.029519558590522 86.389334386303943 94.143114463247926 93.989671991401366 93.313673961821678 63.28303616782766 98.149851914596795 96.984732401561615 95.931849811592016 95.135375505519377 95.801190314930608 94.612296749538373 94.553999869760887 92.973514941785439 100.36745274395322 99.017651505362053 97.89164657365211 96.753042252928083 96.727130331309922 95.545009407316243 95.409828190987128 94.357391357289757 99.23419605645168 99.91691798039416 98.83361581195642 97.620496907056491 97.702973968842059 96.418570939727459 96.343651850926435 95.272588137587562 103.00666659297437 105.03705085080162 100.1136641869856 98.764721808781573 97.42777486718667 97.694989148286425 98.776858103775567 96.464109806641019 104.23050331385014 107.69965246725646 102.59054360632584 98.609668262871992 99.733092350900606 99.477234498837774 99.95220411146741 101.12670286894209 104.07850756095738 104.70941733962663 108.8476615471578 101.20670210736704 99.675960448418508 101.41413606714107 105.18059040358781 100.41387607960615 105.00600325011962 106.36204320653218 106.46478425988252 101.37308336610457 100.78643333619122 100.58066488077243 101.6517030111372 103.09228200977316 107.39729409944712 106.30022192760016 104.98711384325028 108.31326639363378 101.41205278957585 100.74407651794068 103.79545205020081 89.418849164046819 101.82304882359006 101.98110748475654 105.16160535502354 109.76004512609215 105.30887555665053 102.31955551574148 101.7270999123031 89.658264241153347 114.12042313518252 110.1642104934093 98.712812961198267 103.87167624161566 110.55872613031249 105.94264328206522 102.76231164225977 91.119329034944784 111.13200908645645 110.35399513509607 112.39363967497599 100.86636171266412 110.47424185367801 106.99466028453114 111.55375377359 113.27010707373341 109.25226480435377 111.63481957844618 112.42194519391148 113.32625399919154 112.73756335469822 106.077101482788 117.24986279055862 116.0693330123427 109.85616953067648 111.27826297536093 112.22194840618279 111.51844059883827 113.24147648806499 114.48427474524952 111.42118947352736 117.47327030839017 120.28446960236424 110.64919827461561 109.32873645512078 112.17230632074981 109.89067355149564 110.45217148319824 113.82134617589622 113.2367381184221 119.30680777187682 139.63450407581576 137.36046889094334 112.21974825643922 131.55417151857046 112.59210487175282 115.69445891881112 114.33007214440451 136.6107527302359 135.2024571014372 133.50578094014503 132.64081922317732 133.92398830789753 132.23232178467177 129.9677608757396 121.63869502917908 134.66397326295629 135.60039685458869 134.16038539408962 133.25258449948188 133.76629020173405 133.02973189032315 133.76303013545427 136.37034334233621 136.18989430272816 135.87040022341893 134.83533822198174 132.76309979116749 129.22827567485905 131.51684393910068 135.70060437465312 137.75142014558588 134.44502976703927 134.60620427653461 133.14968034004821 130.15290468681857 128.33684237851415 127.28661424138551 134.77989103681873 135.90135272343016 135.78933811017558 132.23479943592847 133.58527047098647 129.65748326781465 128.12372153177515 136.85018421806041 139.79623341408191 138.62824700007479 148.65444435043506 132.2786453495857 132.78890342462608 138.98114887425888 139.23078058496515 145.75095784228236 138.86448279629965 149.34022320995612 138.44375744385962 128.69852655389303 130.92584719871778 145.60920224496815 146.76049619419229 143.99409909600362 147.77812088688785 148.56704923550802 137.3010246240797 128.9270888392534 147.70176474090604 146.48358642000031 147.69111922612936 146.4285533986268 141.19753165705251 126.05200186498024 149.09791852285809 150.14811603522219 143.89307395967094 151.75355451986218 148.46021249313191 146.68134793083161 150.13456351054737 151.00214638530414 149.19656271252435 147.96715909133769 148.38478328704423 148.81262357013634 148.84603827230288 147.48023611696863 147.57630306395509 150.18758803844614 149.49135978916809 149.842689345803 148.91551105339224 150.52973133345466 149.58630183173005 148.83092901994527 150.55136301160101 146.94395370848065 146.91615543569884 153.4995330530798 150.82979942931414 151.49556270552159 151.01419152466428 149.74895282770262 149.90955113823856 151.21999023476937 152.5300410126585 151.52243134735613 152.5278528767204 152.15923281395931 151.93126968710121 150.53476976782616 152.55469954242974 152.10792994960744 153.77223898310999 152.59994028562829 153.4035793725767 153.07482904926925 152.75909195339577 151.50812856420941 153.59847350084647 152.03511959069255 154.75420777966761 153.57643891519379 154.14401408923842 153.90661725449402 155.71785680626604 154.65448708470677 154.40252589472556 151.22017058559851 154.57700969332771 154.40517048223322 155.40790316956881 154.94749030252487 156.19017203743419 156.08546747243494 155.49680380649053 153.38599803101283
 38.654805098083671 78.682829739104591 84.625554802716195 127.8124850940662 75.324753413503217 89.13249492169912 130.8362897379379 101.49513602786278 34.761173424649506 52.36761571926926 76.32384548984227 81.374932605699655 92.006895297949058 91.088549098616681 89.774784298699316 89.151564242019035 33.840841770425357 34.720198373621258 77.514276277144447 73.07219205592358 75.777647781377695 77.517547549991249 91.035947131737302 78.465429403624881 73.610024600207325 75.69519089216756 72.028739080409395 83.529365575765311 75.721456709629265 76.71590378511597 78.525737734832759 77.934146561642336 70.213700633900004 62.570981962286773 74.784534175666721 76.568460441532565 75.714374751671215 76.744231046929187 75.20971395976332 77.068495016271697 74.270895053502656 73.310545558199635 70.754621274527508 75.618921811510077 77.159195938312507 73.978123726467174 94.062690697104472 94.1103618004651 71.470419169570818 71.317344670736858 70.767565085048517 76.571553269669451 73.847166887700197 74.515604113472619 94.558561010307514 93.071724761161107 72.006747629633779 76.750926431479684 89.081017287102526 95.24216415860198 94.590253347565778 92.362681428412316 95.717929083188793 93.361401881695556 82.54579675430486 82.958963116989736 83.64580843764108 83.409637569486947 84.362571556205239 83.254588569643317 86.019847943249488 106.66211508578921 83.837139119983874 83.942348058726182 84.276591915478463 84.991181792034212 85.831883985758594 85.952568581331207 87.244829568009607 84.463433213514321 83.003607543377242 84.52728467143649 84.873050016697789 85.00382898908228 86.4700673737741 86.826458846228036 87.968633464862862 88.235904703355928 83.398899689269086 85.170294282586156 85.601354648452016 85.918563286528681 87.037679645422486 87.587962264206482 88.640683095591953 89.022115020370265 81.737192286600063 81.669833197667501 84.015520398529162 86.69322571865203 88.089426718336554 89.520179399646466 89.206719820574875 89.65814369236324 72.526487956095892 71.938254858337373 82.781634091981388 87.812365165142083 87.280990196310611 88.427029422457508 90.2373717541209 90.152994817045453 71.392945890655582 80.593483923414126 77.778728551900741 83.908825712956244 86.163338856885062 88.738603647665713 87.63254395071219 89.169838922863789 70.856376257222266 70.153441661152698 77.0416858965919 82.760104113806491 85.88513998904476 88.050351752902301 87.666877481239581 86.701876481378051 69.039734793968904 72.463011390426828 75.315255592212338 76.935292126070195 84.96745889035401 86.924808659646885 85.71065785636479 130.65886465064509 60.872592865181417 61.995361087270773 69.584117119649008 76.582508507071609 71.879923302968493 83.838503006569354 86.321309763513341 116.61972189634689 43.415426361012258 39.991139786872139 64.268413292534333 70.077699257057077 75.821906788374434 76.019465031471384 84.904513532732167 131.69704487657611 41.823667869137864 41.112862729054498 41.941762662462459 61.447419982430176 74.510477835602813 74.110739486602171 52.834082376943506 33.870747079729419 40.692046393253676 40.822423379153172 40.154675741480212 39.067020544545251 38.14207539532179 74.929733835027946 32.407403547600914 34.866781630242471 42.097678519025422 39.692922225853415 39.109114454413699 38.191612773921364 37.058565880661057 36.923346090438969 34.932923424529662 33.506373953730417 16.691053621719032 38.836037929279222 36.89084998835532 37.266238085151052 37.813008757380899 36.850145003014333 38.056007177596584 35.803646149590847 16.34785860996541 27.765292029249515 43.20299567694935 36.00053382500775 40.846045497171275 34.827264739744741 33.764478147278872 35.66353960682595 43.88901120225411 44.039138046185165 41.496996020917649 40.465474699509521 44.513635981899235 41.754721900835193 33.346175586851103 61.666339836144459 42.233680282383197 42.998067297989884 43.34171678532789 42.592745602403724 45.614933032655209 43.694246047869001 69.633826923266838 73.164057759284375 48.293992717805395 44.799542620619079 45.132743341746568 44.832647295096969 48.617005534349815 47.676502893748108 72.410996504056143 70.369678969701752 47.522001712996939 46.387174024418918 47.878751646477795 49.576702295432355 50.793347785152804 51.313547832093114 70.276011884177592 70.10366994535616 46.72214553523461 48.482208249396535 46.726507897153986 50.766329712595535 48.638434210890431 69.303821163699411 70.96749254112558 70.981320278859997 43.281468871350015 46.969454795456286 46.030081267011454 69.934209610830067 74.919140974304099 85.958166772840102 75.941499029529567 90.431007850233343 57.151520355037974 51.787579517697296 48.56246073663015 84.83585677776108 85.249542807885192 81.034240336999005 88.46657471198931 89.435474345368348 56.739520515515935 49.719721397461335 83.602581040128086 84.090003711092507 84.84267288091263 86.853436163723515 77.80721821976708 132.82029913916074 68.177847414048983 68.261082387381251 86.357857728028975 83.155591780587571 85.859740499611746 88.182146833057644 92.547680999511371 91.952106413145799 81.587381201497578 77.076456325172458 82.588306924195692 83.626216271705758 87.108132732441277 86.17711910233902 87.40244969837309 95.194344066422886 82.613359912349807 84.117847165748472 84.737992369585712 85.003091904145663 86.110983899674068 88.250391320998048 89.786966412446134 89.215786088943901 82.687184191607059 82.888634903403585 83.723261634538375 85.679951772401722 87.231436798109598 87.595229879222032 91.45987112206889 90.71963176183516 83.900904589258687 84.562970639049936 86.031420828856909 87.162357116979038 88.235201685165208 88.311064941127938 89.95838434181104 91.560298953106397 84.191070944729915 84.959615593038038 86.694689257608715 87.85590718620233 88.890668224095705 89.342013652926724 89.653735759855806 92.609823129797491 84.748855711930645 85.386991402190631 87.434389190067023 88.622126189930995 88.954848828496026 89.414601135543563 90.516703383690469 94.729477554754567 83.439875138421428 86.127948179703822 87.095933159586224 88.186410281650069 87.993758944871047 91.471282060080071 90.279284448522716 90.791598848615607


# name: v
# type: matrix
# rows: 2
# columns: 320
 1.3579693284185725 -1.6929104709890794 -3.2200949792378704 -2.3617106020879088 -1.6449569509127893 -1.543062311424134 -3.205588019510321 -2.1848560259870178 -1.2483327063373939 -0.62397535907694635 -2.0534614044678028 -2.9259565689109364 -0.55859507431985755 -0.0286617940473511 -1.7708545120041492 -1.8069646179614627 -1.3828574425118862 -3.324927172239887 -1.4631075571623686 -1.2896815169961053 -3.4668652222509202 -1.1725141882708898 0.14391848829157006 1.0856665385354216 2.8139069177801939 0.18963793975630527 1.5659681383419117 1.1313036246855084 1.4340363779675778 0.050052427160598087 -0.35190188121416655 0.03944603042117302 2.1986572723572482 -2.0177018496559671 0.63634247566226299 1.8263156669141507 2.9982422839235459 1.8484261602147132 -0.84760849548142692 1.1876483703083716 1.495987519352562 3.2988539459380313 -0.084768083262078159 0.15700460848481351 2.6228264294295145 1.894466933431441 1.6372469875199445 -0.38461574184939518 0.41186665907295933 0.54907432778412846 -0.69415613447211633 1.1678409957691622 -0.23807062961417147 2.9843827222621693 2.2395170631222348 2.6411627050220505 -1.0018210382607105 3.8891869177172591 1.2857896493793932 1.5121160182125475 1.0371596699736134 3.7113647930508464 3.1565870919892509 -0.30086558762566412 -1.1996598805285972 -2.2655046262337706 0.3602645957457612 -2.5555409142093808 -3.250844699396632 -1.3344107352157688 -4.192648338734152 -4.8083481724781443 -2.2521544310971713 -1.6771303159213911 -1.8419018991985014 -1.6832134592794954 -0.12508036865855315 -1.4130731994855508 0.36142973751175955 -3.7765553353857833 -2.4970689553632099 -1.2273780072619318 0.6759800038617354 -0.66015701801975823 1.1201938611263851 -1.4592784118508546 -0.93502718126638018 0.75700826138875588 -0.071720957624439058 -0.89008377686368911 -2.0428598923040724 -0.96317106450193946 0.28981385473930199 -1.2763107912309313 -2.379555011031778 -0.24741689936264533 -1.1020070107947739 -0.20977669938895083 -3.5914969534228209 -1.3781867553749494 0.57858059111014437 1.4705605404059872 -0.10389713103347047 -0.70704589284110619 -2.0672517225353193 -1.7951497048765976 -0.50216199631481284 -1.8812266438143965 -2.5799868878255503 -1.391460457470955 0.51067688892184204 -2.5429099197309659 -0.48251146792259053 -1.0588106198126457 -2.505869721629745 -1.2395669102947311 -2.1076741719492116 -4.160481570394011 1.6441752551351474 -2.3828342660092243 -2.1222589221001997 -1.0742156075448559 0.42123537909373671 -1.0853304236085581 -1.6491963061815094 -2.9717528536064926 -1.3987282775558978 -1.1464081819139369 0.98806830503374021 -0.013051952836743305 -2.5081650767487753 0.88901764579587861 -1.5609220958891394 -5.1571801196363234 0.7186166196320759 -3.288937399292033 -1.1075150328723151 -2.5053651318144423 -1.3461974541363191 -1.7274993565877286 -0.017374767524382703 -0.68976342881903552 -0.43007564002966492 -3.1420302346738094 2.067880013532208 -0.0083463752658581233 -3.3052369035009281 -1.8668647044779125 -0.2408431567503927 -2.0726151888524607 -1.8514301818215544 -2.2093954755268648 0.14001000534092689 0.45215102134802143 1.2142017759914685 -0.86603181584475997 -0.84102028554549024 -2.6103792385481372 -0.91553894821569615 -1.0407444417168632 -0.82598622906946151 0.41572519587687012 -0.35381167976016242 -0.56493637617569148 -1.2714205923314723 -3.1921704012550842 -2.3640741373279974 -0.96544295537978064 -0.82180424594477586 0.13259201619901578 -3.6376620336577954 1.6783032404000493 -1.7157182995828217 -0.83939961483719128 -2.7482063945962736 -2.6267346372385374 -0.25894423552460366 -1.0874554473853388 -1.5735878433672781 0.79502161083276157 -1.538878591605962 -1.3128412247804775 -0.13047450527424981 -2.8942090237473823 -0.47250881646063114 1.9063454546835059 0.0898696421382989 -0.12322862839149895 0.59536438844514594 -2.2815171515102768 -1.144740901411013 -3.7589900956316762 0.26734465565081011 -1.045041607063949 0.70037613363398521 1.5962734579155846 -0.5471501040062432 -1.1120746132669073 0.9259881844467065 1.0837020390811214 2.6092274268431725 1.3689654320806519 1.7399681336639539 2.5847874408181348 -1.6981074415563302 0.0081467805183231753 3.8876172476940694 3.0704250204116352 -1.2006482652171497 1.7157410824246999 1.6517187044924968 0.34018123797978178 2.1097095649314612 1.1188376718780533 3.3615048164045827 0.031850142192240014 -1.382621220667799 1.4139680538326935 0.23755616947949593 -0.49327222813653765 -0.25368043495021925 -2.1275544386874521 -1.199054197723243 1.5925786369315937 3.5936721270865903 0.79258177772626848 1.4228440762042904 0.18737508761141691 -1.4162086743153743 1.7351838010636227 -0.32729800461612502 0.9098754408259887 2.2728166734052841 1.0370873842099897 0.91235605406812814 0.77349553175002139 0.64572303332799863 1.8708636227619169 -0.90347216084218784 2.7598229764599234 1.4918710509424604 -0.91704280314462139 -0.069492126736668297 -0.033834586782224556 0.95344853713328348 0.79445250808365253 2.2742328459795895 3.0164214165367045 -0.49444271894995456 -1.4219778036868262 1.4280173160397491 0.83294683192856445 0.257232336289963 0.026880248295591186 0.91311196331274735 -1.1396072695747648 1.2680295286191354 2.1299962808869837 -2.192755398952011 1.5483317050465291 -0.81516208823050218 1.8170888092191764 1.0389929466213057 2.3845797224429437 3.0226202636419099 0.88167391345715806 0.19483009296511841 2.9770078639994946 -0.10415480785651673 2.5335559277919231 0.40275601051203935 1.9054570292894069 -0.37632434391576003 2.1605299615093396 3.7971787888784725 0.73615736124343845 2.0870487434102039 0.98629289397188613 3.3686711163740561 -0.94785956289336859 1.0844774677181366 2.270003439963773 0.67186768354634163 1.4423969922850313 1.9780777984605564 1.4300247595391231 1.7077634942731688 2.1723210091721423 4.3707421994579514 0.74604044431439687 -0.90098672393637125 0.19546595903952174 2.4376332714290427 3.377287131072197 3.793213343147293 4.7540773264508633 3.7720769379211783 2.1391356453647479 1.2395737246051228 2.8039467580293445 1.1457468369989547 2.7564403644060516 -0.64972143662313897 1.887678174167307 0.15640379184160483 2.3494086974040465 1.0509516209576646 -0.20832124830650633 1.3649303507873123 2.88625893508227 1.588276083754683 -2.0754613334734122 1.13181599451049 2.6484908533466598 1.7071714461645691 0.27067855998986878 -0.48040254470607313 1.0042580032213908 0.86666874548284223 2.9172394017291956
 -6.3445512990119379 -0.82710854054371308 -1.8111996682998079 3.1959294126884794 -2.5427157969045791 -0.070222335160239208 5.2127259933822288 0.29108599795669898 -6.2439997801297817 -4.5400459979297505 -2.5548393583135778 3.2005126140401727 -1.6804774299899587 -0.62654703019321589 -0.80545965303793066 -2.6603239504864407 -5.9495023388838852 -7.2224400729330664 -1.007372726152183 -3.07622709950336 -0.27650569146150161 -1.8810908058619129 0.29406981539547028 -1.4628376929259652 -1.9742038929548913 -1.9360448762617062 -3.1780899497750039 -1.3688265063269536 -3.7820694312337926 -1.8546923131340782 0.71804850061965064 -2.9657517666954645 -1.9314442842659234 -3.7342496900226361 0.033970764471504301 -1.7087829579787293 -2.4392168899967559 -3.0706563389965882 -4.0376438055353248 -2.7992796226070111 -0.72709276309547843 -2.7112840013101409 -4.1490257294853787 -3.0480099802944634 -1.5847866286124483 -1.9090059410283029 -1.8166552514814835 -1.3306117087230076 -1.294566020222673 -1.2459084804711318 -2.9553670774260552 -3.1304614584159811 -1.1303394088780501 -2.5759240230230733 -0.34853330311335767 0.96315803100941888 -1.9787783708090443 -2.2696594580631926 -1.1492910204528146 0.14497555926720546 0.98656940672081395 -2.1093414353050326 0.12470192985927031 -2.5278611163517226 -3.5944958157461748 -2.0298161886140766 2.5733851110281933 -0.70265671128496998 -0.36676109031524301 -2.9437450461139312 -1.1913613787415285 1.2975106343904557 -0.060909955135339158 -0.23719199989182171 -0.57255511656044666 -1.0351253246622021 -1.7278133127309672 1.604706587951414 1.5888027888765381 -0.92945014382783953 -0.047440307502302527 1.5471998463225798 -0.86615585343871615 -2.720905892790856 -1.3696183683083039 0.06344052457632024 -0.46471892454252112 -0.88772419026061744 -1.3887171172089621 -0.83322611957264425 -1.8802100268447874 -2.4041562425905636 -2.3312946715083318 -2.4135406377945472 0.51583045692535301 -2.3159772024462235 -0.88874588507059105 -0.25158438018256929 -2.0427140969046138 -0.82006744309464596 -0.017610966906326277 -0.86066408157949681 -1.8771166904605006 -1.627789666725119 -1.2375226647733817 -2.0748019989289448 0.77684820800716137 0.8835232920040631 0.47732148559211357 -1.2705947088835372 -1.9236766540373187 -1.2208294695323869 -2.2214990482689405 -0.10409426139637368 -3.2474049439756687 -0.45792002938989607 -0.47411023823324244 -0.12192154476903566 -0.046818580656847138 -0.92208148199202689 -2.3795123140765275 -0.004883152712213467 -1.8967457287198202 -2.3398735010816947 -0.36420791897811533 -0.15170251400904505 0.43737993249775226 -3.5441137501661903 -1.8301005686279006 -0.18405978551825758 -3.47437562277779 -2.6420321294472973 -0.17115784119393745 -1.0789401867341679 0.74552052536129687 3.4127173345437378 -1.0287036149146529 -2.3561388161961783 -0.34793230530778346 -2.3263273863193601 0.51967369178853207 -2.5359489181702397 -0.29572351410825204 1.5120815234880927 -3.5007959489521379 -5.714563508631656 -1.9440862629784657 0.51727924749821896 -0.16347811558579323 -2.6961802065600122 -1.921288219400046 3.8853841669472282 -7.0788331117789918 -3.4284604937017318 -5.5784178872213452 -5.0257251013396065 -0.070197853708386632 -0.64563562605926206 -4.8047683630626112 -3.0980141102067056 -5.5652731225453742 -3.6020781155911807 -4.9202639641421069 -5.0308214605441659 -5.1725373586514705 -1.2543640347941962 -6.2505426822064392 -6.1021038586589702 -4.9189966861158227 -4.2845485436320363 -7.2641095925982411 -6.2864630280029967 -5.7055427413124109 -6.6794282713510515 -5.8217699442410114 -6.8799803445548866 -6.4576573619129434 -4.2642170067805321 -5.6648651613461096 -6.3502068261838467 -4.6801772973473934 -5.5255736535529207 -1.718695925897227 -7.4577773375875189 -8.1405692472779254 -5.9957003488919911 -4.172871960212448 -6.3712465533201055 -6.0279525064387576 -6.8745643826210863 -6.006122082209397 -6.3884264050881576 -2.7392054158649657 -3.4728140879149167 -4.467777242016636 -3.6319480068348171 -3.3222227791987549 -4.973119894578991 -6.5093544091306157 -2.9719958017233803 -2.9579701773686677 -6.2463360511698038 -2.097705468165441 -6.1899198527208119 -1.4027021142963356 -9.0234598464623641 -0.76646957683734163 -4.2750525193402771 -3.1957911887588288 -4.4293224527054651 -3.0237944256913716 -4.9863749110888724 -7.127376763785751 -6.3675310876161353 -4.3052362035378247 -2.3263035995933339 -5.5952083390069847 -4.7746236695288875 -4.7458312198663251 -5.3151314218831294 -5.473411268630521 -4.158405418866626 -0.3585900860512708 -1.8096844061603137 -2.2775511773896979 -1.8499479287522798 -5.1359690870248 -7.2949112464952801 -3.6780080858613329 -2.2344321125355142 -2.9275964229720852 -3.6059928779092512 -4.9553758204151475 -3.8683675540535569 -4.3061143594519482 -4.3094979803443003 -1.757368662887149 -1.9090940558796901 -2.8821895305252792 -3.5680832815519397 -2.8207025880227388 -3.6890009835200583 -4.3346182127190662 -1.6325923129236923 -0.68799482809863255 -0.81940030315974965 1.9559308465532834 -0.35654493472069582 -3.9599926221386248 -4.6249015550295844 0.81843784008794185 -1.2028373998632904 -0.87596977110216057 1.0397706280997665 -3.055987755568458 4.0361142509800016 -2.5918760918089521 -1.0758198171324755 0.89427567358680238 1.2497078214712578 -0.91864168184228401 0.0098824875868821216 -1.8041276791719001 -0.6722767540702248 0.045067776438038866 -1.072369632113483 -1.4726057096999143 -0.91308301121387858 -0.73294143613434282 -1.7419944982319531 -1.027222907112225 0.4140065164937759 1.1304725848235306 1.7833488424207076 -0.031069998770538149 -0.69852721450976729 -1.1232130997688108 -0.88168316307754424 -1.4794534465898252 -1.867421006433805 1.7020626400824237 0.12833889621634351 -1.6396991377982839 -2.2310850418040986 -3.2654283536342388 0.47749404476711615 -0.89720868668687603 0.034779599746956463 -3.0405389140962935 -2.3820876445716674 -0.85381055323647359 -0.99684839995624364 -0.23429646194600268 -0.040457135712637926 0.31364015528273015 -0.49723956152590032 -1.7612857710753445 2.3480590593108062 -3.2595967970749573 1.124237995450398 -1.7105714806879144 3.5404656773148662 0.34825679737528797 3.2070782561372733 1.8036860448755518 -0.75937186646411947 -1.7260669858679116 0.74227460005000145 -1.2171986940332442 -1.618074161321418 -0.40686540680825117 1.3785492173180589 -2.3666785351417001 0.46009500606868436 -1.9253939414800696 -0.57244775019908745 1.0427281861916324 -0.67053150382542159 1.7292487441863684 0.53936316028999121




