# Created by Octave 5.2.0, Fri Apr 02 16:04:30 2021 CEST <br1@br1>
# name: ptcls
# type: scalar struct
# ndims: 2
 1 1
# length: 2
# name: x
# type: matrix
# rows: 2
# columns: 320
 128.26552398323042 104.65616021995483 103.11443131102334 95.023119386678573 106.40589938839116 114.1004344804105 89.318443109279372 99.322605705242523 113.22135835915404 114.48032425325381 106.90470313851762 103.87732403568782 112.61048417774863 112.03892441372277 112.5445276461485 113.08683132234481 113.53192652013919 114.35962406206816 107.13187287911705 107.01449577525564 107.4584353171918 137.38991080027353 113.23454889594458 138.40382192407378 136.41671022109534 124.83402456703797 137.06978301744329 133.92617433226422 140.39412694583336 141.43357720155902 136.64799450901617 139.0929905465332 132.98090542104936 121.87163344383464 135.86647354913879 135.68738826249319 136.46213060381464 138.28031654404319 140.81353493214453 142.45654476637193 136.93902393192371 138.57656109170753 133.80795030407117 137.91805965915279 136.27149180249549 142.13364897831443 150.83839710221071 148.67582486293477 138.00396065635925 136.00257837376998 137.03584522447952 137.09704043300857 139.3894662538151 137.82288090933935 149.69278218861012 151.67853616221612 138.85262031228882 139.86271949336728 150.3054788911372 148.53255894951349 147.22505214720647 150.01745445561031 149.43026948867637 149.71060073703092 94.821279299407792 95.595981124620963 94.58056619195024 85.494895066330429 93.36866607695886 93.836492775935142 92.21741742818368 61.600114307460075 97.749600627949917 96.650475265240075 95.532882736489555 94.136926558515768 95.444015533476716 94.341231740486009 93.960321730094464 92.172096967754499 100.08173220098566 98.501574468257502 97.457149043858536 96.44820332066304 96.29687656167971 95.292333105229304 95.07706644023699 94.275945743268849 98.839332367667438 99.756116892068675 98.346166125694339 97.401312011502128 97.254046435244817 96.105451513342118 96.041880281976617 95.017469568801587 101.83316196145857 104.96219851567629 99.556656270290347 98.392148678154129 97.086178540695371 97.330809698217124 98.35785853731204 96.151757750745006 103.86830234445185 106.77806522525717 102.39742139460513 98.089960497933149 99.153847046870837 98.755748620910921 99.282481512045649 100.53273881742747 103.67008441617691 104.11483861339875 108.36533785469891 100.61948425266918 99.291140465628075 100.93054009312598 105.74548782491829 99.608957064002539 104.65528652367422 105.56814823977135 105.25367643862521 101.26330918387717 100.55886576705265 100.07271393224633 101.1460540837281 102.44563440803783 107.6482930256677 105.94929010104654 104.21172415072135 108.07051167420508 100.69531897241835 100.21486779046153 103.63976788488613 88.383032417480649 101.60542604364888 100.9519319983601 104.77807695477007 109.17054141650915 104.79078893452466 101.65147413550127 101.40964866195873 88.558553659017747 114.83867340209997 109.97486195180129 97.555980044973097 103.99092095866621 110.31414918249902 105.51568188140133 102.02765169589382 90.278932078923205 111.29148330413513 110.34906346218882 112.39275627731054 100.54554078581567 110.13015158594203 106.27483272668044 111.2333151417149 112.47076610418635 109.28737211370083 111.65508927690136 112.21927487577422 112.71427661591841 112.39101979305264 105.35793301067498 116.37612710640489 115.56695707984848 109.86944625104795 111.1542639032478 111.70087933259236 111.29838933022457 113.12946071136335 114.17453632216062 110.84856592817542 116.38736138504457 120.09179394638709 110.63103843300355 109.06596936947825 111.8729605575233 109.80499608455816 110.23990487008093 113.49001570909651 112.68467506041061 119.24347485965927 140.3017249849546 137.39662653845414 111.64010904186986 131.63009817752331 112.12668644921062 114.60297625212495 113.7465881466477 136.63719740228854 135.58107975108121 133.99880266466025 133.04694137816497 134.45665306473148 132.50092735153282 130.2918567402956 121.76615023780496 135.09565360403838 136.29906681111513 134.17815733820163 133.68325549079017 133.798989866694 133.11785943894466 134.71184555508677 137.09594569202778 135.64354451558469 136.16466935508373 135.03140327950098 133.36057567730793 129.5336069616057 131.50147347556162 135.98844988316802 138.06726912763332 134.47381990627636 134.96875412679734 133.54655781901764 130.03227465833666 128.36956629688171 127.27576227568076 135.07349558815753 135.72062419025539 136.44677854646929 132.17199459013307 133.52601606534915 129.54439161540847 127.7210905149885 137.11279084949859 140.15434934767657 139.0200987237792 149.44993018612698 132.30719543606969 132.7894681442697 139.23964616012145 139.73942240753183 146.44237640406149 139.10842260525135 149.98587665703437 138.57582748305779 128.28846882455079 130.9730329551478 146.26727479647158 147.354689317713 144.27215747383369 148.1799597674453 149.20166139994393 137.51805450107895 128.84629896113108 147.98894028774703 146.92678842714275 148.45280450235646 146.6211832967474 141.35237286148509 125.65313932062864 149.73702243824252 150.69832115316507 143.15291484317703 152.52645446784774 148.66217744260402 147.32338630287967 150.56143540479144 152.01742246833479 149.86097950033079 148.27574496104677 148.70249140878786 149.12010252701441 149.20934483128045 147.43791348404386 147.99615922233991 150.40104217120523 149.87063915710257 150.49950306741982 149.5151321097695 150.60502407333067 149.94416468033802 149.41554572511612 151.11013310770406 147.00642365568376 147.49143845787589 154.32214084053356 151.39200409854388 151.68960751695838 151.46076868599803 150.7821846324434 151.07272967117257 152.05995357298667 153.29010697797349 152.19279142243997 152.89914768530102 152.50487775007522 152.60900104245283 151.51529314464781 153.09837891394176 152.96438175845549 154.66104161711934 152.76872008331236 153.76283157141617 153.42373798404347 153.46340908487238 152.24363730829435 154.24754810823021 152.89098963581623 155.35772732812327 154.1803659963505 154.54385188772991 154.32518139059027 156.18962894823591 155.17056976735006 155.19459657202847 151.84881241339161 155.44921983841098 154.704398903087 155.67889527001344 155.40900011766172 156.43632261535564 156.37559320385424 156.14251916119963 154.34295357904887
 36.434212143429676 78.391218547230977 84.3709257019391 128.93106038850661 74.421925879490985 89.118409981178615 132.55284311510329 101.59701612714805 32.723434799626268 50.778599619994075 75.610740934459429 81.919818555221013 91.70580803927507 90.737827773407631 89.430393138179923 88.522997322544569 31.52185603080753 32.806336613942804 76.839616364767835 72.529865472391663 74.574493015924915 77.208239661336947 90.73266253191936 77.596394212437374 73.098606896113296 75.01757518547565 71.128271785859312 83.050276298550514 75.083075963573563 75.448374017994254 78.17438715158562 76.833140741888428 69.134106095711132 61.530151843726607 74.197519495986185 75.670280192795147 75.041762987410507 75.905561363692229 73.910111145408152 75.909860243853714 74.10367356900835 72.262698844605055 69.885016880811861 74.751567240734758 76.686459438718941 73.43859197341726 93.576171040432456 93.848951671200538 70.413451398303224 70.653567865220552 69.959710330961954 75.876951702589125 73.064295682009742 73.161655454449743 94.207171177611571 92.92987023812924 71.139561578272634 76.029394549884444 88.583342219787312 95.01331756191729 94.927329841496189 91.539559178542817 95.785481748093119 93.121366123666562 81.996244983741079 83.067854576226225 83.586740854106409 83.163707720536863 83.985650247179365 82.776941494781468 85.344720169540551 107.11624380782577 83.123741719902767 83.516588939204155 84.108048383348077 84.790009056894903 85.348580061584443 85.907338097952888 87.309316007017003 84.233303109085981 82.377922380566105 83.85866194209251 84.290046192198474 84.814593895454948 86.088541984169282 86.468019515467049 87.675955183043385 88.510028073364367 82.777358539147457 84.729185975380133 84.967847732343827 85.667424736347016 86.752654811154386 87.263891906480211 88.337977755505747 89.219869565738776 81.382117870628733 81.61464042808511 83.648596667037609 86.368119365135698 87.888071346724431 89.064280018621361 89.353833722646485 89.424661741145854 72.502352442863469 71.368497353616789 82.734381763459567 87.46241217978573 87.301390095523757 88.352345994805646 90.099000826202456 89.653182897349808 71.153038444529898 80.819857486866567 76.995979475093407 83.360482746816331 85.726811330065004 88.609811448741752 87.605837187535826 88.990629272186709 70.563532190086576 69.938672215020119 76.461199999751344 82.537101664326698 85.500681430149498 87.956117834797666 87.336944873132452 85.854160594286853 68.490928528961376 72.197426388242476 74.570018204250019 75.933802025054462 84.443250253548683 86.63327921249963 85.352676202771534 131.93286874634475 60.262167487293958 61.139591010594309 69.085910243945207 75.7720848454384 71.738642580890016 83.479751724797495 86.24977058726887 117.14895042956819 42.185314001032104 38.013942009693693 63.587983100492082 69.786545415684657 75.855697053820009 75.429887730005433 84.534179846987513 133.08527702691649 40.233745209232865 39.005675778361486 40.152713966309619 59.969916800636469 74.582538973871223 73.371691552681767 51.152413449871524 31.759562292024889 38.996081555278266 39.229682665788864 38.261734012212834 37.201764159430326 36.069893935605968 74.248103107190531 30.169374294980408 32.705099637617032 40.1288089318654 37.995602974180272 36.944007976533577 35.884551812885853 35.196868090236464 35.528515746708507 32.641825272723423 31.274152989702653 14.318336898372028 36.981748395148031 35.29551062296062 34.934128724564125 36.260742395798964 35.200965311458773 36.364028078033918 33.708604276123651 13.611196020095601 25.666796907137375 41.690287140124703 33.706203631760516 38.912406134834534 32.742644141717257 31.593960391412736 33.734976835119546 42.720347080101575 42.528660916733514 39.564060069781043 38.909281127693028 42.966762524542936 39.919888707607988 31.067901543655299 60.359984032593516 41.231117318218544 41.54126113792082 41.948943752924656 40.944856308193856 44.007556420168342 41.88588593138644 69.000527557540053 72.196281907672073 46.789594476633972 43.822864386541518 43.831916169629011 42.904381211559866 46.401122990077866 46.16559239551701 72.044636429173522 69.290874143865963 45.92294993597627 44.924411858010139 46.506146177717149 47.829650198732594 48.876025010284359 49.612631088633087 70.060117087047601 69.280667324044131 45.989978395101183 47.254553987113887 45.309210167110393 48.90080081207585 47.067474896719546 68.622431750877823 69.57519165384879 70.079833965969328 41.547087334204591 45.37085326646401 44.403136491908285 68.912143778385271 74.102568343759401 85.703439825481297 75.144672297148603 89.953396915030439 56.023579129390669 50.04844220170267 47.177910319845061 84.671104291035903 84.862360253803431 80.747450230892838 88.658378757314026 89.035946516280987 55.494218417606739 47.688960869890543 83.707870086407937 83.59262123369426 84.777778580453017 86.942070044801326 76.718412124218204 134.23293912700456 67.334526891189995 67.820709342110845 86.661651121649427 82.755478599429978 85.916208781347947 87.898362292521142 92.489218985586248 91.912242388980133 81.74369854244793 76.701126953933183 82.78297800083719 83.78091406267518 86.813405666230452 85.980708261632955 86.997680756436338 95.101936384016369 82.865050647799748 83.775444238161086 84.766126908448584 84.883570199587069 86.09638523586105 87.982334307476023 89.548905568450323 88.999165328663679 82.584348384603516 82.957623816701556 83.038593813394343 85.312172436206993 86.683164747908521 87.56141693286493 90.848153442374823 90.495241697011366 83.712960251277153 83.863550603013948 85.90711691009821 86.946280939197493 88.284815187316056 88.416277174264181 90.112303625078866 91.240317527969253 83.986808344204661 84.72280251651452 86.618091217522419 87.567976661264765 89.078550744687519 89.315893233169774 89.982264025984222 92.780942956764477 84.898507354760909 85.022062934903659 87.307496245934388 88.35387637614177 88.887078287363323 89.302438833189925 90.458912663159893 93.936808970234338 82.985606943883639 85.977561856623396 87.008439192414542 88.187679632139663 87.748257702843404 91.246222801245295 89.962091676793762 91.344180187635928


# name: v
# type: matrix
# rows: 2
# columns: 320
 1.3579693284185725 -1.5834708895581442 -2.1211429358396443 -2.3617106020879088 -2.0582071340258636 -3.2287500387945518 -3.569518256029208 -2.1848560259870178 -2.4066583960525949 -0.62397535907694635 -2.2535790686756885 -0.18157743713650892 0.50802655980472966 -0.97903648835543933 0.1888993228340623 -1.2662521403817115 -3.502951050282991 -2.0469774000626795 -2.1325985430085876 -1.3836544685610184 -2.1910447363028558 1.3812725286256378 -0.78710703657247194 0.85026905896398275 4.45804555384706 0.18963793975630527 2.3454425496556528 1.1313036246855084 1.3614676225538249 -0.083165489349769459 0.73967987642433142 1.8949627086550782 0.55970334605920047 -1.5382813554955288 1.6177642185625507 0.0076214885670223831 1.8793347030934557 1.0535345227122088 2.2745875728433105 1.1783968074993223 1.3988667319474277 3.8555164062479297 2.0968556454242506 1.4837358575677251 -1.7786030940349931 1.2260638340847976 0.98535329792048731 1.4670474174996191 2.5367339115507166 0.12750752670551996 -1.5137142421069369 -0.17815541230459181 2.0886106146278314 1.2833244096376599 0.18099986420466957 1.4609787631180273 2.272893647155148 2.810450872358758 3.3792818526278841 0.36125446929824506 2.8451293386176557 4.4322705872197137 0.61053970639409882 2.3379788722713033 -1.8657635152635403 -3.2728652440694339 0.24312374204873627 -2.5555409142093808 -1.3414094182952658 0.20942660998507553 -2.3475217797543633 -4.8083481724781443 -2.2373657562950076 -2.0295271783637028 -3.3062311556556114 -2.1822055803855789 0.28454547521828655 -2.268206848355188 -1.3861910060076397 -1.4539484550967718 0.45108329281539256 -0.80337720426043824 0.25682624416138111 -2.7350858748986822 -2.9189050909246141 -2.4426595960900412 1.106493841702062 -2.9864384039708187 -2.5354644991050819 0.28911489807872853 -0.29765646246247363 -1.3350901027075264 2.3005745304938578 -0.95019966147558854 -2.5931426526542039 -0.81510229428736503 -3.275336083497558 -1.2063440370560488 -0.21396137527895134 -2.5586040788464919 -0.91252433608251848 -1.2156792770540423 -2.341592853823161 -0.4664448286668853 -0.50859105153931794 -1.3052962927901932 -0.56687724098772874 -1.4559052089770625 -1.0702904803023472 -2.1208049221380758 0.11485300875642701 -2.7576209937547205 -1.8955222529765712 -1.6008492851605614 -1.0800535867609891 -2.6301163791068989 -0.31218653476260388 -1.9258157145119927 1.6085615904583994 -1.3757115233221224 0.67195859048370876 -0.48684287037222607 -3.3995900714097473 -0.8947642861036128 -2.2305564075975388 0.62476518384108337 -1.8999527490521322 -0.33870580684618429 0.63942593884555221 -3.2506086097117772 -1.0124658845868919 -1.5840923916727023 -2.3898051132424283 -1.5239759571001161 -1.6544706474551105 -1.8003280097928402 -1.4222217412492966 -2.1338800904686672 -2.1792977343431166 -2.4293254413093401 -1.5420070889128104 0.10388596910026437 -1.8126758412261799 -3.1420302346738094 2.0503194377782759 -1.4421031812514131 -3.3052369035009281 0.19534119449921458 1.3941491999991376 -1.7402194085382328 -2.5917292699997643 -3.3340746285071781 -0.492623774247401 1.8970023947060437 -0.81740614009289669 -0.92281014881355339 -1.2662718714645989 -2.8311007170801994 -0.91553894821569615 -0.71391845834451484 -1.776093029251655 1.8241042399201779 0.20556294696819596 -1.7917658158149115 -0.27019942857125467 -0.62727832422853214 -2.5259065380978383 -2.4776679316494086 -0.34875794890109468 0.58246892446704246 0.61707029172971894 -3.5240899112772119 0.050656068645754129 0.61449023673411118 -0.23636547867304691 -3.6526922865782963 -1.9203607710089827 -1.6429945931584717 0.87890775641863017 -0.19196229751501448 0.27815862353923393 0.53365290418223199 -4.6297885307026831 -3.0216697110023665 1.1889077190237478 1.9063454546835059 3.9977882922828192 -2.7693094888786893 0.87667919230740343 -0.4610057851039408 -2.5195568074364543 -0.96037370970027225 0.43580503889947059 1.4778685391334128 0.38210416170126738 1.3431218079488081 1.1812672497650305 1.7597728784145186 0.9259881844467065 0.60428154492068131 0.8211107548997697 -2.2898539753908951 -0.93166883208708406 -0.37952834752646702 2.4232951898174697 0.97526544802081361 2.1792843374637347 -0.46663451209774964 -2.9959644085302037 0.93334632305812348 1.4275839753085553 2.0608641727312857 0.27930879146144522 -0.46678251061213827 2.3857687325924397 0.066428109214272169 0.070808014034264691 0.18019479872627933 -0.57431413622287308 -0.33664136181563137 -0.5549272191838569 -1.5472343726071942 -0.8980626497915436 0.20851995104521509 1.7527581181061138 -0.28270515644194294 0.10838180553664711 0.68199308159176719 -0.89092461999884887 1.2363255784417653 0.6558764646624986 0.74135129499306107 2.2728166734052841 0.40996466145566041 -0.36948918265518049 1.1896361305350303 -1.8515723234692005 2.8118044706824317 2.2948679302793353 -0.6282207599158286 1.5443917751821707 1.9424837624300808 1.0867223969313946 1.412244871375532 1.1239540139274478 0.79445250808365253 0.62024354763278378 2.0753804378222056 -0.54696344318966561 -0.57937360929273729 -1.5655012611499626 -0.46896220079653583 3.8044965524932279 1.4568697579560137 -0.71389228245637615 -1.1396072695747648 1.1535171456844178 2.2445086638217053 -2.100086601167332 1.8923432889760445 -0.44425427864418982 0.070527739911145096 1.3597080108464086 1.7557485554095964 1.3719885550950908 0.88167391345715806 3.1488459396200303 -0.35321655696733167 1.9234134674782457 2.4406825975048223 4.111660364431005 -0.095096134104742117 0.6167282838946655 2.5025997368112178 3.0100912671409579 0.14838152416023753 0.68745750886590851 2.1640604269171924 0.36137664485194881 1.2517010142917242 3.2634128381009018 2.4807093837087781 1.8629363098759566 -0.60347618624746724 1.4827215178228561 2.3645356354332479 1.6139863622368238 4.7935625647585427 2.1701492334372259 1.731499731182401 0.33478336750591092 0.46202589806915773 0.071912207480344992 0.48736424062429096 0.63003464750694782 2.0072821453798548 1.2473589714633535 0.71962707966868089 -0.87440903147985993 3.7555728434989688 2.1190242828314911 3.1516331713972146 0.91570547752492482 2.1691160477953382 1.3514992011178966 2.3480748040635824 1.7419271128627138 1.9392538542562592 -0.15863765834703164 0.42868319734267302 4.1652453594019549 1.3237851902327842 1.1704775247257579 1.9780617083792169 0.87436819102386143 3.6630224352621723 1.5930742894784364 0.1944384909242873 2.5043487884074227 2.2474910038667595
 -6.3445512990119379 -0.92394812203201049 -1.9860316367819759 3.1959294126884794 -2.5668824829691319 -0.034526579783141192 5.1437098069804881 0.29108599795669898 -4.9327133441869151 -4.5400459979297505 -3.8093004918851716 2.134062317579648 -0.65257695874656296 -1.886423298110929 0.82523241375631162 -2.5064457503920607 -4.5556833281156912 -7.1290911860475639 -3.0490223772982836 -2.9681445695245352 -1.436057350010179 -2.5282210297499179 -1.2942204101959336 0.76577868045523934 -1.2898951094202054 -1.9360448762617062 -2.0410885162343781 -1.3688265063269536 -2.3063924814004939 -3.8419756808251817 -1.6437326128763494 -3.1479254631684732 -4.3915698757757129 -4.4214905276197598 -0.96896358217123946 -2.1864218084512315 -2.8622249630185079 -1.7092464552264364 -2.9475447494744693 -3.6659093312432618 0.17945824240964994 -2.8462767261852417 -2.4716841874774786 -1.1041671239440241 -0.80075976028373952 -1.3536434719497898 -0.069699932265476244 0.32330770893111471 -2.7663407416761281 -0.95308773061678642 -3.1532208537160815 -1.4553254784748648 -2.6229201617007907 -4.2000783190529329 -2.5574112044389059 -3.4562931679929645 -4.9947942860722154 -2.4412983795374412 -0.97831623253431177 -0.1696707279717852 0.91476363636214331 -1.5785938935480146 -2.3797169929782322 -0.39757437568073917 0.82658238153442487 1.2355277173545762 -2.4003619332247466 -0.70265671128496998 -2.5310947728651696 -0.3711907476889052 0.45340498789568195 1.2975106343904557 -2.0308268770526152 -2.3287286897642421 0.51082460701629628 0.66819968076692493 -0.56581863229903351 0.30298282811444099 -0.47641993666344218 -3.5979199503265393 -1.2566210862505374 -1.314435903417986 -0.10494003480254815 -1.0893428666068359 -1.1602501244617422 0.47654527941783698 -1.4410627172109618 0.35330943942267201 -3.1261122994457518 -2.7732409429443816 -0.53710209984418522 -1.2275112719028598 -3.7254578426122449 -0.89039016894485767 0.4052817781028526 1.7509566538483996 0.69767070774089901 -0.081848871593456926 -1.4307058524084297 -3.0438436204901955 -0.58931979267975665 -1.3559519508083731 0.096836502784170775 -1.2009252509467008 0.17520792051915143 -1.66063024182181 -0.69902940406263148 -1.3090912708171625 0.74564378598627856 -1.3059978533941801 0.21948716204830848 -1.3544114921192447 0.9011228550312792 0.055924304907519838 -3.6419947513790252 -3.9827239083542496 -0.52351687329351304 2.4861177126292557 -0.082569071405393379 -0.10562876365903086 -0.9871792293750421 -1.0970155910351549 -2.4274615001945743 -3.5240479124096158 -0.082690825472373289 0.24152147065356036 -0.66120365519803947 0.2041134156300897 -1.4985947257817349 1.3679127224389096 -1.6134369463596432 -2.9866097238273026 -0.96028699208657553 -1.7909562256885438 0.044171872652714654 4.1764242934796743 -0.56281255698817401 -3.1256405047171194 -1.4177157359887822 -2.5395234100895805 1.3273888232484408 -1.8459790777491898 -2.4505081109766076 1.5120815234880927 -3.5162276711970275 -6.5703410471109303 -1.9440862629784657 -2.9276171627644021 0.17004410941825329 -1.0560624697115448 -0.12194514032615214 3.1906933944130391 -6.203711083113304 -8.1294112424930276 -4.626587318962371 -4.722114470745149 0.73245373427572402 -2.6173343797747783 -4.8047683630626112 -6.3523659083949919 -3.570730231020478 -4.9104383221555263 -7.2113430546587347 -4.9530927477100253 -6.714844950009768 -1.2065265838203691 -6.3394039158284823 -6.8437945536118354 -4.8378168559601349 -5.4682014238945627 -5.5357064555024413 -5.7428959333679739 -5.0389454169153556 -5.2952850211635898 -7.236515897243244 -5.994236906144625 -7.6684710410372974 -5.9842587068467106 -2.8924087899497759 -5.23069855566232 -4.5669288487988098 -4.1828223702031728 -4.4969032497267527 -5.3417997787696256 -6.9297555681535732 -5.9957003488919911 -2.7692988768131959 -5.2452011962425749 -4.3765298250593085 -6.2048352709125094 -6.474557862545554 -5.2715611540553633 -1.8973893315905195 -5.597884284070008 -5.3445243783616601 -3.9619870057435689 -5.8966562917457441 -6.4798342850029478 -6.5093544091306157 -2.2847549641262574 -4.0081850290326111 -3.5148020677846299 -3.2049466144242009 -3.784558297661138 -4.1877422795839614 -4.4800837233075237 0.85489005820534436 -2.2820995051875705 -4.0838185552646546 -4.750110046059052 -4.5507036063162083 -7.0867994020705751 -5.266872936348209 -5.7996489991604889 -3.5156186292059664 -0.46631607990612489 -4.2126876263764643 -3.439505913115926 -4.2964787242068274 -3.79056860870572 -6.5588204889909179 -6.933261239511193 -1.5848588454901424 -1.9523890101113393 -3.2588474864024839 -3.3026919780947077 -2.339002182285006 -4.7767971117090759 -5.1358202795009191 -3.9022252748413284 -5.0284120702755057 -2.5716982432031728 -4.9553758204151475 -4.4769917428541666 -3.4803694095049127 -0.58619344180649624 -0.84525612685074125 -1.7470826421817462 -5.7251065194581274 1.4468313981610263 -2.6384733972468917 -4.0491722029583155 -4.2315061384636277 0.28082616591320336 -0.64708399510167647 -0.81940030315974965 -1.032162822064113 0.72390310837721372 -4.1422218129144719 -5.6533007928897412 -0.23555997858915492 -3.1668611098036061 1.7888106339313776 0.72082551675078721 -4.3035959172784706 4.0361142509800016 -2.9005474345683111 -0.76714847437311628 0.86357808203941411 -1.2411359768417736 -0.37938836966640355 0.18415278863066642 -1.0682951043163949 0.66943831389145025 1.9722848152005659 -1.072369632113483 -2.1511577846059069 -0.18649008374860809 -0.39067243839219423 -0.3358299007600497 -1.2701139089686095 -0.41821724687955258 -0.67432473065232756 -0.87620431381555264 1.2557431224155315 -0.3126633993503099 1.8189818121054031 -0.15733717804532277 0.14304660110444584 -1.1928125813176136 -0.89606357285708704 2.0095088320500536 -2.1809076463165082 0.59875677683526873 -2.1481158999727077 1.0969247771670161 -1.1726201731335064 -2.0378385074573639 -1.2146113226815869 -2.0184331844055463 -1.4373790315639181 -0.1675169093940021 2.2801705562065315 -0.49689619758759074 2.0824961861189348 -1.8856048910746115 -2.4475016005261629 -1.3961207611900981 0.85885264949117768 -0.12162122919786944 -1.3545472652512087 -0.84352466235660439 0.21637558956274291 -1.598833821590024 0.031127269865983825 -1.2452387843285597 -1.9467001089892064 1.3577641772214413 0.53980603746192701 -0.3086769581738027 2.4416110205945447 -2.0839233082382091 0.31678130262457005 -0.57009323568429426 0.59973410534380378 -0.4320355180678247 -3.3589164490744632 -1.6657320657824979 -0.35078543043069693 0.44271485741946548




