# Created by Octave 5.2.0, Fri Apr 02 16:08:13 2021 CEST <br1@br1>
# name: ptcls
# type: scalar struct
# ndims: 2
 1 1
# length: 2
# name: x
# type: matrix
# rows: 2
# columns: 320
 195.37675321634441 74.754929481905748 75.856755774098389 49.442104766382172 79.935629282311311 106.39905905998395 22.111892782133829 57.15488440367232 36.908691428321674 114.67892582715784 79.234211118738173 76.435904879534263 98.784000708430511 105.37175454119519 104.69173051485718 109.42771997660371 14.016028924845241 55.190820623770094 76.773575158816698 78.749685227081159 78.014572440180672 156.89373933761877 105.82599123924221 158.91050626601546 155.34325224814859 142.10296957631579 156.00689632517046 155.76033428870591 165.04042714059133 159.6901041151516 155.32284595449659 158.73566042850089 156.61957471339511 150.9699519873144 161.93850126664688 156.90936372080429 158.15546155768286 160.86596870363843 160.35713067672708 157.83604920560657 160.33227829545271 162.0518446047312 154.65830007413086 165.62009102681867 157.18592282500217 170.57580685705423 178.08187925287038 177.62648562644125 159.15719265828366 154.75870906733749 145.8303162887351 160.02193836639267 161.5430372406025 158.43868141519039 179.12147320234143 181.88092923472595 159.64201332359039 165.80114693589158 182.04835160600172 184.61019834686053 178.66967134051498 180.19765753057496 179.78677857594656 178.48873288571315 65.709472620520486 66.778786703519799 67.298438148846458 36.172955422076626 66.121080391751093 65.423304724413768 68.122350500554631 31.201005421371768 67.586989753768819 67.97429660222214 67.072488946322721 66.509859695202167 68.837432897422431 66.048826344492809 66.849642698736645 67.067742680455211 75.915894547548959 73.119048008278796 68.860641978070944 68.080588991162955 68.191433390953975 66.612286692092027 69.902389036187301 67.722676711722286 76.849760024317618 73.973258789726174 72.906082318482845 68.642262174933904 69.675507004933024 69.110330165822859 69.552610320525687 70.435289028801535 105.07848793200974 43.791229196695852 74.655657910778274 69.319456993261809 70.282080083782134 68.13098339712127 70.940230986885737 67.176215497538024 77.179484035763807 79.71836160635236 76.869485291611255 71.080781739943319 71.43920642743106 71.740564476891294 70.816889435431278 73.172958771058745 77.259549995505125 87.309806956160713 78.298240726835829 74.80642375525494 70.247127140761165 74.26014508884829 91.624847243529132 71.567948531972618 57.273183458088141 81.181543691517973 75.663157444342218 76.871756310291403 73.768888235867934 72.34738307814365 72.661631864784169 73.787400877487698 116.34172903755869 76.133077496707912 76.35832254304708 79.405252370545455 74.623207075627946 72.461844167448405 75.287358928758607 39.430541376732208 71.733011470395795 72.842109892606047 80.76024649825699 97.288898724030219 78.409324882481158 75.885129783313133 73.527543268974796 27.917370129825159 120.55104632114485 124.60831709888792 33.764907807413721 79.747215474864191 77.574942760976995 78.821990310955911 75.719995066994699 38.452300186262789 243.14701476217164 129.31149377746434 150.90974102643804 72.084776240565134 77.037257960053054 80.521857053595554 107.15479560753451 16.483191975816194 129.53189393028146 116.19287120880486 94.433141978298949 93.312691537308098 58.034388142771419 82.500964696332133 35.263644287168155 58.132483020936654 124.33420618209483 127.94400985102719 118.56275774101991 60.048025301085346 15.073848434455497 16.144514281558902 87.649243148246143 58.470591479808981 119.26927231405556 101.583376216617 88.780878482126724 60.094630264666208 93.803801970485679 127.61446649335048 124.37084359916759 82.665680824791096 91.827116888447819 179.11178365852757 147.00845202313843 59.02335400544613 170.42935466150044 35.876975503794263 36.479739429108058 59.392118289244202 148.16208831668095 150.11450281442467 189.80854939508549 181.11748804253085 180.90266767036846 158.92389849661362 127.30112431589782 125.65067262154813 137.76222246018122 138.06792765575122 155.1474843824428 180.11030463520549 169.79519188117709 156.45712047067107 156.40548553671354 158.26826995453445 119.51673443552681 132.12238985084812 160.8248582598579 168.86146036135469 161.10884425380968 114.72114878340963 155.79138527583228 158.79629041047042 168.14584782989601 113.92531388564763 161.81456815442095 121.76901811034634 121.35848910525391 129.46293567167862 159.30231909427349 155.2424488629575 115.22007752210615 118.82336035107342 162.51114669252414 115.95192313989985 239.62681507424003 157.48415109239306 161.00027999719211 157.33633945816652 193.31529198285287 111.31154848771014 163.00827055242385 156.26399259447376 160.54262395353052 175.10118526469495 172.27070838531239 179.61086957311781 148.20624690255775 83.097999161939086 128.93966061117086 176.492986431795 175.51192541227925 159.60509087989149 177.3273415637141 178.86013554162128 147.83125331090807 120.02582873587238 175.24440563246333 177.78947243382086 177.26917849650746 175.53014795831763 156.52964338357987 103.65871901781176 203.12724663726723 189.61021383078469 102.62124344067053 186.24734884888954 177.79597639064406 177.03630545932327 179.70630329638672 181.86344689529994 167.49705067807355 169.42708745067932 155.05203138690808 179.6889574534369 180.30572811173153 176.00935684179316 176.21395440216219 179.49899442323044 176.58065261769784 182.69280993420216 181.68621484826912 177.3234241546877 178.35941080478824 178.88028682216174 181.09296886930485 175.8427529632896 178.34054708276099 186.73623150265689 187.68110039710592 184.06624743395173 183.00456977085554 183.28881708439835 180.67701762687236 181.01961115148188 184.70977163139418 184.43785795646534 183.54227649821129 182.43704455287889 180.67148440440161 180.26935404394709 182.8400089779179 184.76075118762773 185.41298908918327 184.57829900406279 182.45273085343072 181.30314998522761 181.8489216385222 180.81617123769507 184.00880064432019 182.88671711376335 187.86307213097737 185.42151439189126 183.55598933329725 183.46406798946686 186.55447998662785 183.8910752097099 182.56746096448509 172.81333262805293 185.63708779374682 185.76158196578976 184.52142944117796 182.19256412998683 186.31134138727316 184.81695485265334 183.81660261020329 187.57434925933305
 83.045070453994001 56.850332008501923 69.490514124849128 190.61249805335379 46.160449913254418 64.738884053808107 185.32867700989769 107.21497588773566 8.9520721094785713 22.309607526990401 47.158309649985277 71.50960279233604 77.187351556984936 64.962782511151971 63.929118530919574 78.134994193220621 36.906055351748734 14.221802146268736 45.062312742476095 44.327784244781853 47.102447569938874 30.30486304039125 63.464505479769592 30.503086915172087 27.178169349882342 43.261755608909674 29.633763895202165 56.631924726427933 38.549583726768077 31.193014569295649 34.729550014621452 31.564833526650062 23.980721956124608 34.586722694214735 24.921710463084299 31.567598207339149 29.837516477772208 32.535085952763509 28.074264430418602 30.936881862119442 29.117956519253458 26.074499689448654 25.962108804444487 28.962446944352887 29.126302672757923 19.662839372628476 81.496110929126644 82.481343265069796 29.448396834534542 29.826367895398498 34.398957391004927 30.168311829617217 27.342026758184904 27.631336672762568 81.594661518471852 83.378219545081848 27.216223903322273 63.22240561215208 75.876422332723536 84.215261345771964 82.618659731233194 81.449881642881579 82.595997894838575 80.508731054250234 71.09527265954317 66.973606523330162 75.891528056528415 69.602433192717953 73.38594876269245 72.167551838927224 73.596561865295996 132.15819905155595 68.266986622882996 67.227136892354551 69.690382563195342 68.667787358328113 71.263297170042449 69.916954742361938 70.753243958421535 73.971139588808541 66.994755570460526 67.500280106272825 66.291397074771581 70.336887039790483 69.198319207713496 71.805926784000079 71.19734474335398 71.462528503900813 68.817700368781928 68.287692881020803 68.536608594378222 68.183517702907977 68.710547764449146 69.959293396974829 72.268627174086944 73.238119698450831 62.622943007600618 111.89747468143055 67.40951899679871 67.299052287074588 70.039343597508562 72.400252964165105 70.959179489162992 72.782041225545072 43.990350336053126 35.103443527199822 70.266044273292906 68.651161960260467 69.937240007431853 71.679553935946927 72.22764201010628 71.45457822823046 48.049800533357562 68.557763468785879 45.304573512720587 69.00359850461804 67.826591441791692 71.317884068375193 112.77309141422857 73.290940576260439 59.288194416479151 45.976197121869944 45.13355127649838 67.768060585637585 69.432460203584256 70.614270855939736 72.529673276031474 72.395282266832623 52.232627888137849 43.893662864801207 46.13279766999306 45.166194046144099 70.200352740871892 69.508893019228282 71.813116885949682 193.80024061248389 5.9950472541366322 5.9377163846329379 35.827681518687662 47.774547610417102 48.235850292493325 68.234778233423995 70.439603483496214 146.33212383287969 35.322383407900517 41.570735256843044 26.067118225017172 36.294756992880608 46.039105435875335 46.219162696542739 70.571430850989515 193.20856890584196 57.198893402966661 49.681017620057453 75.038372945378399 7.1149582834614691 42.900743227452196 44.965295203186251 57.132395705641535 37.55674252800079 8.0673378206990716 25.153341539916664 12.21370807519266 46.568746874654664 5.843854301239614 54.646123720126432 7.7590290124497772 4.6577615434688262 52.335125771770876 38.066831846472347 40.603894745825968 14.889425031728317 36.863299530354858 36.28625592981831 41.192587093211117 3.3833361697141866 38.386139727577472 29.604699751740782 13.660208436738438 4.9550061536979042 11.140619350795985 11.477464366169972 1.7557597863335113 34.819114327060483 77.947055181120064 75.763564220000418 13.151493087608763 5.3758437679949251 3.6391085107537515 8.8648782534283406 7.9662343822923356 4.0739420635591692 13.327047891067252 25.751876132459369 24.723277365020092 10.892801541151405 9.6499329453105904 20.430182851589475 12.557958436906388 90.911302623291718 16.255289926182137 17.327560675426728 24.689715078317295 10.629166880938127 2.6970190129911065 22.788956736839854 27.587793688297953 28.759120611491227 13.428176319159524 11.174727662131467 15.92277665184157 10.018244241826327 5.9505757032769546 4.3038901984148508 25.862505771944161 26.398541945121281 9.0837703163325703 3.3703119453157888 6.7481828204549892 34.450299116490655 12.360669970932312 37.569708215454312 28.238641802457007 28.717098441411416 5.6509561343550399 12.375188881828372 5.848859779814104 4.6742332019741717 24.627275371903735 25.914024378636618 25.590843525500837 28.024033190504905 54.091665999812214 11.068353104097035 7.026408133264475 28.617028633097284 26.687529466603557 77.788355196805796 8.359673249500041 78.477289525426656 9.1492656567573736 53.837138134946713 27.011570728219169 79.448201570466964 79.986338473713886 64.933024379895613 80.605551319502652 79.504095567784034 10.310077374433067 12.467354343167333 81.268359112416931 79.634946151875553 78.641994728530889 78.873008126464939 32.578042237959082 187.87005582903635 58.783497891725659 23.707736429512082 103.32870810499112 74.971148593113554 77.571679272669513 81.592654594236095 80.470068807334044 82.223059934173349 79.880767165332259 55.956943558609439 59.426903769468844 76.613033038539285 75.666492511521511 82.152302817203406 76.008587135155452 83.627971258523246 77.714483004033653 74.124488741131486 74.793102328715548 76.364262041379689 76.620241774001684 77.569459264229806 76.755209689318292 76.985466082052312 78.563262621753353 78.5543037164244 74.767471386340944 75.441560414014859 75.140190695852127 76.282589355418921 83.59788936072033 79.992035124080573 74.251853014232537 76.66040382053211 77.284573416337253 76.938190878354547 78.941799950519268 77.573171876724885 81.552451156072422 80.03184562948698 75.795035263397935 77.792982468828455 78.001826833881722 77.813008191060305 81.043607783235316 82.482552227753402 83.259214997659782 82.665258792811258 78.689526420400341 77.01394309524575 78.527004035829975 79.637685733272846 77.466381827858655 81.997522717214338 80.115762525343783 110.84069712752347 79.200560935077092 78.12760020023417 79.007092486897704 79.04243341799436 76.383465849745733 81.38445862039957 80.735934277140942 77.63666943225013


# name: v
# type: matrix
# rows: 2
# columns: 320
 4.0452272840958052 -1.5491047806532685 -1.7463948133473917 -2.3617106020879088 -0.19055349231150984 -0.057635604731269843 -6.2106094508590788 -2.1848560259870178 -3.8088185763031159 -0.60100659307165627 -3.6174177888161845 -1.9896184927311271 -0.74118715823311598 -0.63099334224098536 -1.4649475285458955 0.0054553980679680576 -6.2203628874581955 -4.4819068742017949 -0.37609700856573119 -1.676960277331202 -2.4846535133560717 2.5406257666795704 1.0115564293055324 0.44098592667455577 0.81637850949612845 0.35029495785484888 0.51006463870822216 1.1313036246855084 1.7875350110661496 1.3087991756086095 3.0141422482822731 4.4453271693300485 0.31995352532466254 5.2435936435317503 1.556840159847251 3.6271946844971965 0.41385985932897285 -1.096215600888985 0.2897701389635593 1.2555628748605419 2.225334535046525 0.57320875786143399 -1.6050986674035517 2.3250116500154943 0.37138716956687395 1.6961192366017308 -0.17832023906898939 -2.3522444451049256 1.3749794493348337 1.1838593222464551 0.56229828007824556 1.9559687483069026 3.247345972572576 2.0993122511001161 -0.28546940312568952 -0.16777779073273213 1.634878643800646 1.3293554749027776 0.95169684275022326 1.9658568278456339 2.6694686055997079 0.78917931503657091 2.0001663637950879 1.7270238625998948 -3.0841089385861022 -1.0039239459981393 1.1169112205126812 -2.5555409142093808 -2.2645797090419792 -1.7167569054642371 -2.0277020821689176 4.8083481724781443 -1.4637261015467826 -0.92996319591570153 -1.7029010154685313 -1.4420339839658984 0.23322490476267843 -1.9131637978871727 -1.3252290168515455 -1.925401026399161 -1.7854141673882449 -2.3699299960808382 -1.8613776437752558 -1.3938316681411891 -0.28557254230468493 -1.6459350979468717 -0.63652064498804795 -2.9498082228505611 -0.80820569068059245 -2.6378054619566775 -1.3509940762208092 -0.72441784888033578 -1.4856924520285542 -0.94926672249434285 -1.0146003781653132 -0.92787701257004829 0.00024900192371493223 -6.2008401770682422 -0.9296897805576203 -1.9590649176491246 -1.1647532079464358 -1.737109884846106 -1.5390090785295325 -1.9360892777497711 -3.163011385876664 -1.984664003085804 0.49056047112917051 -2.3463957709556276 -0.26320109146579335 -1.3358107168587698 -0.46971020315116341 -2.4396621844307202 -0.44728753515468406 0.83635664410673316 -0.27432736811789604 -4.9106132422228912 -1.8309328044455544 -1.3651169095900897 -0.98235940944024569 -0.34906708196676239 -4.708855312620055 0.34720027896602179 -1.4225636640103185 -1.826898842600581 -1.3383557370534609 -0.1412518710226402 -0.41072318453426526 -3.6812122372885296 -0.91901916719394472 -0.43764032107229256 -2.9674157020874179 -1.4442960466721868 -0.69031645938077058 -1.6389604491675336 -3.0222484761124679 -1.8081864169739812 -1.0613644116175092 -0.46902698424191641 1.0444687668411048 -0.26415823193366156 -1.8818517416296399 -2.2420838223831847 -1.7062248335818564 -3.1420302346738094 -0.6255492914274553 0.71109349501497576 -3.3052369035009281 -2.5973624376396183 -2.0964494500708359 -3.9243181619883751 0.96980918685800088 -0.6851250264961557 10.35078207216706 0.19756493752138243 2.9794398013476497 -2.9485205846720937 -0.94460874228143055 0.26988627364229334 0.28907770316144898 -4.2968374869957175 0.10066483072956053 -0.77894882957280687 -4.7718196281695846 -3.3913228914080427 -3.5020047904363953 1.0923010035502529 -7.3765645780498215 -2.9838723624024466 2.0348274944037255 1.5847875883881051 0.6304791234672078 -3.7883259683974826 -6.8881202184192247 -8.2038019015969184 -1.1946868770402617 -4.3210741196891886 -1.8559751568619518 -0.86365086495798538 -2.0628606792712292 -1.9040030683291327 0.11571619249435507 1.5742637932989476 0.99616988720600141 -2.2299005014122892 0.5599963309348468 3.5270653576298985 1.481467416186353 -2.2064787675894868 3.2036103069488511 -4.8308197238790234 -4.254815960377976 -5.836822028631846 2.1287567980838995 1.4096056935038199 3.7327121188136658 5.1912416723764077 5.8280003699516536 2.0498604029075538 2.0203101461957926 -0.3069193709385597 0.73325717582911321 0.046873696799868046 0.86615544428448077 2.0240445828682243 2.45771553236245 1.9524590230412406 0.95682493441646399 1.242059955730789 -1.4202135432411238 1.8380764798563258 1.6670029544563978 3.3803209378891341 2.9086619659814317 -1.5292077587803856 0.79712424891277989 1.4011515668683145 3.7468820099431315 -2.264943381965002 3.1854432567415656 -1.5669337750388328 -2.327831957459606 2.0010785771896047 1.9577951580712527 -0.47769707398230565 -1.5368941767183406 -2.2110358303886026 2.3328070210479126 -1.5749739791748503 9.7918552122602343 0.36394742889071641 0.23397481976882428 -0.044143545822727392 2.2728166734052841 -3.090973361697769 1.7207833752156922 0.97701237429265042 -1.8365161244511734 4.6259865522568617 1.6181343393369052 2.3690137622019503 0.65333048332240207 -3.9499907076419314 -0.018388054878221378 3.5907798954388768 1.0248138429672164 0.79445250808365253 2.4517355925916458 2.1572639527124373 0.45816422719136501 -2.0962801950469157 2.530617876713031 1.7905038391285621 2.6272160981645407 -0.71598046127808535 0.53100515938577475 -1.1396072695747648 5.8342632862706818 2.7761585000372966 -2.100086601167332 0.89276647399053299 3.1671762662556722 0.92426085673826619 2.4399961959335439 1.7874164295390922 0.48846253060245814 2.830174483264996 -4.7856375728717264 3.1300371104842233 0.10330958575917069 3.3264608977585461 2.3848365112988255 1.4058313672183309 -2.2318691429163633 3.1958959583581481 1.7036102178729793 2.3729035939662335 0.87416865843001612 2.200600986355183 1.5253928745216339 -1.2797286692561323 3.240405087051911 -0.087288027534354037 1.4612796566933617 1.4890700821034886 -0.29856034504393575 2.8637549502907316 -0.67471473871819598 4.3236214311114374 -0.48889557384967031 2.7702971088581649 2.643882585895557 1.8876017707845427 1.9156914193014818 1.8069829229884922 1.3535873676955839 2.0697567535462249 1.0921431499140282 3.5022313480359619 3.8495861762701593 1.637957197731136 0.89884963436100329 1.7761076967402967 1.0328023312935442 1.8814352072001803 2.0359795930247477 0.31523405983651298 0.51611527249918854 1.4635111759934243 1.404060523904868 0.535143706945578 2.2241558183918224 1.0795806053282941 0.68759998304313374 0.69658011255963803 3.3149030857244939 0.019965259557402096 -0.47142836187829107 1.0980104013270593 1.3714116740787283 4.1575099286173947
 5.6746610425660311 -1.117490105380994 -1.5608151748199788 3.1959294126884794 0.042621157795909997 -0.091374372714155147 -4.6342608888700507 0.29108599795669898 0.10476375498641401 2.2802740130875314 -3.3643491995483115 -0.78702268153989374 -0.81039780598378297 -1.4416210317693845 -2.4659988945253195 -0.11200043242230964 2.1318796118159629 1.0634697339613519 -0.45922222539261925 -1.3334758076791271 -2.4389984497688264 -1.5686823036470472 -1.7164820966320826 -3.5422980041779164 -4.1344822142905864 -0.88210704781953475 -1.1112768291180048 -1.3688265063269536 -1.0139704414147523 -4.9098743619515988 -2.690697429150497 -2.0142569376139678 -1.9957557913673463 1.6694031693815439 -2.8199357167575858 -1.0635155596057457 -1.1210736813867583 -0.92011625275999087 -2.5974382394931501 -1.8935833996796583 -2.0828792896499704 -3.4375889684529373 -4.0199894761056267 -0.94090265118586447 -3.8811130522259547 -3.0630822844400307 0.98595478342568321 0.56663455809215924 -3.5964952900934399 -1.1409807430326768 -1.511915700213561 -3.1970217358092889 -1.436386874079931 -1.76289499430875 0.52368120688414121 0.24347903584992636 -1.183864001181272 2.6559446616187063 -1.395766662094434 -0.59821119210650198 0.04110756175791512 -1.3596887999412777 -1.4164959479219617 -0.84667634618249266 -1.2523314062910804 0.70739498419191893 -0.032645348747876599 -0.70265671128496998 -2.0121931667892619 0.072599850603875887 -1.8360366810885653 1.2975106343904557 -1.8142219601486682 0.59962879917967504 -2.0084809405955468 -2.1783915595189534 -0.73330147246858146 -3.6380060712161275 -0.04083304507508885 -0.82561235598646021 -1.6977016865791981 -1.0243841022433084 -0.48642301453954839 -2.4032295688022427 0.1150508949651082 0.18430479835171737 0.033496428853216978 -0.75500936425283249 -1.3391887407557665 -0.34733528668503311 0.44312693058240832 1.7375357431231224 0.30514903260408849 0.36405031384203457 0.21026871316971488 1.6504071802820723 -1.2147930866438239 4.8970965420429486 1.3694997517423868 -2.8237203237071018 -2.2988463614890091 -1.6001692198032815 0.10774932915777249 -1.1884697939705655 -2.4412743310548919 -2.2504420609413169 -0.84273506250287455 -3.4415989497402868 -3.0961762382366307 -3.5931652068226749 -1.7133529893687538 0.14844368262378677 -2.4705623815405664 -1.2511771984691764 -2.6952020386606392 2.0180202754907905 -1.0282472619333922 1.0202435351009329 1.4511542305423721 0.84398572555381002 0.79862800313806859 -1.9327276648489427 -3.6431272175306915 1.3938705983513349 -0.54142052916550776 0.18172966858875395 1.7022611738076046 -1.9689748428774867 3.8620357615178804 -0.74171904048325321 -2.1509731767758722 -0.54226417032287244 -2.187233826082879 -2.8872028541534176 -1.250982870227378 -2.5621188925091043 -3.9276057384480438 -1.629977059138775 -2.044249544045599 -1.2143987563600565 -2.6269559026805243 -2.1289342618787459 0.13206977540110232 1.5120815234880927 2.4009953525276044 3.2193689319130208 -1.9440862629784657 -1.080176788140391 -0.41796677268004756 -0.90356028561610557 -1.2487084327501305 -0.78306623753193527 4.0790060925250726 4.8120311240586187 5.6950017758415452 -2.8529847348636381 -1.2187218311296184 0.060467464222954945 3.8793708077086242 1.360770957246751 -2.0598211464969953 2.3527586518369832 1.4634861650582136 3.5401989572604635 2.3303305452330361 0.28233892160189378 0.50117552373896701 -0.78321514511542445 4.1491065127601665 2.6765389498178034 4.548583456694554 1.9668184924153542 3.6592154206860115 3.5703348344402022 2.9453708658843212 1.8920061918495661 -1.5352872584248782 2.182676113160066 0.45209373950366916 -0.94961696380656568 2.7976577148767694 -0.66511680084978009 0.27046533535377848 4.0134891290398516 0.16374669928492003 -0.15033767250217978 -0.72981800815426889 -1.3818491806750035 0.90942643352244679 1.7065645045313713 -0.26213531491253572 1.0277855966077811 2.9159514507228668 2.5207145001160329 -2.8211319322196742 0.75125125903066747 0.40969576131872326 2.5554140728832921 0.041616813727664473 4.1833626856438144 0.27184667365702764 2.6578408264918423 -2.2518993650304608 2.2424589151702126 -0.39467607176671204 -4.0881677340600433 -0.22927179830113864 -1.551127835835548 1.6100494369268259 1.5731559894036646 2.0033045347491587 0.19279256470296682 0.082248614961879088 0.4092202427944589 -0.31510923022522241 -2.9235513074590087 1.1473418158576016 -1.3520620184250907 -0.27938919218762109 2.4155037165541087 3.461442840688413 1.7378389900219129 -3.0416162810271818 -1.591409523846445 1.7134552111335184 0.27298154429902943 2.0611959484579025 -2.5216646213565355 1.9077300108608601 -4.1632097457361734 0.26031107883755361 1.2750556913086959 4.9553758204151475 0.65405078510978476 0.29182590795793273 -1.4319913207013975 -1.1111628393932445 0.019877388915854076 -4.0377167529329059 -0.17365330650709904 2.2678208306658045 3.7220508408531812 3.3848254212749538 1.4256378279844315 -0.92902999828641564 -0.81940030315974965 0.36631199350333971 0.914420401171953 4.5306012473488648 0.66906425394804248 -0.93905708668184695 -0.42199025648686539 0.2848550711780396 2.5305599363444786 -0.41095672221065815 -4.0361142509800016 3.6665063691707065 -3.9338539928841163 0.86357808203941411 -1.6370062276958366 -0.57254308014660404 1.1641662082466473 -0.28258129420950051 0.5985619495454394 0.28908030533995194 -0.39629386386608167 0.13846436959092417 2.9106836040826112 -1.6591847919577836 -1.7053677561535199 -2.1300876813335052 -0.96691856538772325 1.775198098750828 -2.2108028606798205 -0.61410165075628398 0.99957263683773978 -4.011521776664809 -2.2470873834098448 -0.24089234964759573 0.56196613784115823 -2.7669671411935881 -0.76110585004154196 -2.4728102858612857 -0.93862271396420827 -2.5584115449858813 1.7715933521455087 -1.0629702183425718 -0.60415732952191614 1.8804963647037911 0.4545370433575221 -3.3535177653579735 -0.82800074484582165 1.0508298422094562 -0.94300557168302013 0.6279180669638148 -1.8540543156728981 -0.72136129128858995 -3.4183849476992112 1.924170191219271 -2.4345509508463747 -2.3480565654348449 0.14766597522410846 2.8507602443758806 0.58875300258393193 -0.10287100736905669 0.20504234403960689 -1.3734029486211774 -3.0895189186292744 0.69012621699069499 1.296386212197544 0.026645990980574241 0.86129832952167451 -1.8366293212436728 2.3931438482914609 -0.78719715804557688 0.23636472743269155 -1.0554234060292291 -1.1458863582725138 0.54923627270482045 -0.1404130004074077




