# Created by Octave 5.2.0, Fri Apr 02 16:06:55 2021 CEST <br1@br1>
# name: ptcls
# type: scalar struct
# ndims: 2
 1 1
# length: 2
# name: x
# type: matrix
# rows: 2
# columns: 320
 164.03841880094228 86.605581053904757 86.228231788785919 67.50919087235458 89.558860060612332 106.652476125033 54.664545501584215 73.869033002478545 74.890604708139819 111.47323278929919 91.525242048661397 86.793256344493457 104.4540824689056 106.000589440422 107.9126221902041 109.38598618138725 63.69829203420143 89.477408211411671 89.780308608815133 89.652234861918927 90.317975511087184 150.15129497732255 107.23407293647385 151.23594500028463 146.06095923575722 130.26457539172878 148.12876600253242 147.10586155985726 154.09894129224804 153.84200231944902 141.43283232800351 152.16143963148824 147.68505412133072 123.31365211692858 152.0423411891193 149.12129998363486 149.94215720954625 153.07241342573488 153.68178810066414 150.91109173662554 152.61473577720736 153.15600899861758 146.27943401945532 152.04208270714352 148.11295336563396 157.60049469705555 166.39764770757336 164.88172178144197 150.49220893045646 147.24842319404559 141.52873444613289 150.89293023865059 153.73850011405554 149.20027790085095 166.93217487789224 167.76661472857816 152.3028316482791 164.20196097738594 169.31537659810124 169.21130498672022 165.55694400120873 167.35655839644889 168.06498767783577 165.40987485184783 76.120189171689233 77.271427081317711 75.612111134128739 55.722843415783444 78.234692920710316 76.562796167577602 74.938281773685745 5.5828580980857758 78.627204281170378 77.814308060779169 78.436210637936341 76.676785672567206 79.916438949250107 77.829315950415378 78.680880427125899 75.491115684814844 86.061038681767741 83.135336615717094 81.080636615583074 79.369020654914522 79.643532468593989 79.465721904090572 81.158571474300629 79.03449556293711 87.099369360310391 84.742249880123026 82.252669458615003 80.397380000810585 80.960734320251376 80.513296726202142 80.588310990222382 81.340084404085971 108.30181108396566 87.392719336516961 85.213646539252082 81.506976973254297 81.611299044379336 81.680999708711013 82.299719574377107 82.868712231136811 87.648245758803071 89.302587478336676 87.252094194395397 82.050312688501307 82.840362909429558 83.042611425834096 81.751742487293413 84.002846752099742 85.445722486161998 87.752353328895893 90.626789724205295 85.431799248574507 83.137534032364726 85.062100068287876 99.139896725744649 82.416063666373077 87.557131646773186 90.702285686691368 88.654880004509309 87.967262851541079 84.289637027936962 83.334110101333508 83.992530556552012 85.999179858558037 115.09760521322082 88.48912730078132 86.382475616401095 88.76289296728342 85.232834883913583 83.942148728338509 86.324090955514777 55.871625525196734 84.270794906261798 83.523418896881196 89.527768406400057 99.309709198326658 90.948603337920261 86.952700662608976 84.424673770029955 51.953901425075628 131.7956923605625 115.86567790961855 59.049970119192437 88.632109917558765 87.326986520384665 90.651314189116192 85.649137271433503 56.043558159966871 163.96353191008001 123.39504956774694 128.1170265461484 83.129360451489802 89.681138842972629 88.313137491058157 104.952546412644 64.872909100284502 115.44275637550351 122.12214001953019 123.90916331991653 116.79768908283137 87.285866430440464 87.038423926935423 74.966369287171133 85.606010758134971 114.61171840151513 117.44372557769799 118.32366210321932 86.796838333926004 65.820680762760418 63.235488802126042 96.788597757597785 85.089194133482565 116.43518702569673 108.19030533354051 104.5617626785517 84.51950385294748 99.502316651463858 110.41582381914017 116.58571593273649 99.550900182083737 91.45094017174371 162.50356880659317 136.8270990757276 86.069701638930539 148.2426551736512 74.310142310038742 75.435228458408488 85.579220812991238 135.57373777809951 139.3310192591149 160.81522676797252 148.58274448051901 147.12916486754054 145.04550346099043 122.9215851954682 127.99860580923408 134.07092069452779 134.94940553503869 144.50217924342977 148.93294361802248 146.37721339756516 145.54181338577271 148.76437866747864 148.42388744672343 135.25216874779289 132.70617799417829 141.21758764485281 143.54801134643884 143.66395482599083 129.99222261357411 147.0165841283528 152.60008379516549 141.92806917920575 129.80217054212326 142.61331832323268 132.09202685121423 134.22154299861702 120.16886613497168 151.48060417117813 145.06474370066266 126.35969357387305 135.35471768060745 143.88697815341186 128.88873282900144 164.7191227004347 151.49334340668909 152.04129310402035 148.90336514829286 175.9282444313009 130.83453231249064 142.70855140472261 147.23599789399532 153.3256130384878 163.19920359306414 159.89198068937333 168.06323739118423 143.6606798250306 112.73751656578918 130.53935089940086 163.97251884512229 165.50298622145343 153.52752919303438 166.39951591605211 167.21675515901691 144.0532422268185 134.13397071881974 164.30260335490337 165.33033387082591 164.69129176042185 163.0326834349957 151.17298290612354 112.37671463006819 169.6063002089866 170.41604406316713 118.6869059395915 171.20608577175099 166.96945700691145 165.46966869913604 166.40979017273892 168.44134398389903 163.58536328134255 158.54724605279176 159.9125986766459 167.31369669587863 168.41658222003164 164.32157087497578 165.00068575560547 168.15239492963195 165.86193285058465 169.90582480292375 168.30638477152615 166.07441029858984 167.13215063670458 168.24275015630323 169.1013922136122 164.34655711267396 166.3618798630726 174.32720479724819 171.48593795360986 170.52779899153748 169.3007971449949 170.36239369142837 167.38679184525984 168.86344946505284 172.42665737369782 171.53781309382268 171.07811974048678 170.16100743410874 170.84207075558814 169.98399209699409 170.07956226815378 175.33559088290306 172.52183474816906 172.15250682324159 172.09882489168868 171.08882278822099 170.67652734256546 169.75681619872176 174.3301207060253 168.88582636999951 175.18746531632041 173.24868943961167 173.07544010875677 172.96927087038301 175.98450566557995 171.76081664893817 172.847849297973 164.55454099728217 175.34652332858317 174.06735673841754 174.01057413882694 171.93530377474895 173.80882798496242 174.72159638422659 173.552829328738 175.42978948426784
 39.696226186475634 65.399131314663705 74.988516173854094 166.16363804630296 55.365832284088839 75.141254624119526 181.39606352343134 104.98816800335767 5.4044061236904497 9.0041794996629889 56.401018309866593 76.149359253730864 83.386894772759462 73.838952599175784 75.398575670563588 78.99179750126072 15.802094933528355 6.0862586814636002 59.161126233595859 56.935374954899132 56.130738576826232 47.942707972727405 74.061871872293494 48.036537861393931 45.481274692237044 52.482697124379264 45.397520390697331 67.103447499829414 47.605699079237162 48.708466950278037 52.823659821846299 49.728094577627999 42.534345428640016 31.038859250229585 47.298163827975849 47.41294124776158 46.517897244128747 47.993995008735048 46.513750191067821 49.227329514248041 46.246706780514366 42.93131025463623 44.231359586292093 48.702630197171729 47.996658639130587 43.095418848595237 85.114404895246295 85.423381448735299 45.567481521782248 45.922533178323881 45.965112497636298 46.946966291276489 43.974809765815955 45.53139445340377 86.453586033172854 85.613431269784527 45.137235147470108 48.442541892434079 81.058569076767043 86.912453182176179 86.478667055051176 83.228694226212681 87.933149918013044 84.523682240356564 75.952226507232353 75.828481185461712 77.431808209784649 74.9777570340555 78.503822890999842 78.245041449845232 76.398009146932608 122.23224269847118 73.907516501005745 74.77977301835206 75.727397560218719 76.96636633653678 77.27943937106528 76.665101042517463 77.44346094431053 78.643913094376913 73.412840207435679 73.648327134702839 72.764763067043347 76.369732447757471 75.338657131174671 78.445134971763792 77.10527376176799 79.449323827389009 73.054888013527886 73.418895213287271 72.87116394009783 73.725269211320807 74.847413604315662 76.149851102588869 78.138458051219388 79.040894629156838 74.294140356576023 77.600811747358733 72.259871600610879 73.8855456631007 76.090067370188578 80.269266589398043 77.136377736033296 80.172821534284552 59.111552015971334 50.362676882025369 75.174414165662 74.959483632618245 75.863060651204464 78.248458229400185 78.09782292459083 77.646888214850478 57.817279694696587 76.514206689688294 60.016614807698886 74.371949069005865 74.815662652759272 77.682284448536251 101.67176155057628 79.069840952961727 56.659556820770241 54.870499503370681 58.507355915096944 73.77714499861203 74.495456057021599 76.805904386402176 78.812165834756939 78.440596394548024 51.032299973605113 57.454317366750232 58.84057577325494 56.409586629412729 75.4578855811191 75.531353779113701 77.374615087955135 181.50641115401456 27.665368101890234 28.4064694720104 49.306650580297976 57.064698096574347 58.711924809272965 74.087548994261567 76.54387826372411 134.76470017820731 10.214397536402229 18.064744131103399 40.939378136799988 48.569457532090162 60.450571531844545 57.184839870838893 76.42554890304713 180.41965452619047 25.994496795152038 8.4197186684239469 31.471609360191653 27.316725971576332 57.998091154237798 55.34813938785144 27.277922930813979 16.056520033894969 20.702856548123318 7.7337379021950081 6.2948335903772143 18.524166713653045 4.2969614648888301 58.068981440834769 3.4584026015409051 3.266180098821748 21.32908703998859 17.62269498881512 18.627635333545371 2.899090887554221 16.884275953349945 16.84462611410412 18.660499969194767 2.3170476831030711 24.52066525264096 12.907227486067219 10.201691329536148 0.47779035080639098 2.9283693197293563 8.6986193555370317 0.0068534144956978625 4.1968804108782578 71.998353374379661 44.183299498429697 5.3403749598661809 2.03073278367697 1.0932393964426423 4.4929541391807915 4.5011321104036144 0.90747257413980498 5.4016375005312272 6.4684102065710993 16.23388408456039 3.2639154901504752 1.158293576685705 2.9467616726500965 5.1451223193623798 58.908578078120783 5.7910786202211701 4.5064365743590269 6.4589712721138648 2.0943260732123012 0.16585837107174542 6.2415999744853501 43.262140465187471 46.708082306101886 3.303759928206075 5.5914700307389831 2.6220866175067656 4.2702556453698088 1.4475792537791772 6.8611910887098011 43.382884853949321 44.028894628387746 1.7003676743804228 4.0136771718034048 0.90826789413802023 11.42521232034604 2.78976505355261 16.113975230968144 45.981106768027011 44.539961719349783 15.635765015467399 2.194875232439593 3.0851297516429628 4.4984491378744877 10.033140788819223 44.065430001285279 43.07461647327041 44.423274123999924 16.183040973633663 4.895165037161548 2.4299760134389929 44.688945474885486 45.291998636848241 82.47537510371231 39.248206409436357 82.486209737828091 15.673091138171801 25.557058550630249 3.0627920568377505 80.937919208447838 82.123472965409363 71.20143669907327 82.805402003561255 81.848985149072178 16.849607210445829 0.68178895232157433 81.969037884188182 80.91933135996382 80.086356101145455 81.495660396574863 50.464579062968937 181.25367015094878 45.861259492476165 46.565319401657227 96.722335777397134 78.213254373482727 79.540909809632225 83.460962839933316 83.887365941667895 84.708568713423759 79.704301021961314 64.208020739825898 69.72861662437883 80.777142317190979 80.283912431879685 83.17430512267218 78.829817554841384 86.56464778669789 80.034601960638796 78.602917010429522 78.776994064573756 78.932007811065347 78.38674434067309 81.36634770668924 82.172672475862257 84.284276355047453 81.260252474322698 80.509063596038843 79.29164975187733 79.642606436140397 79.690574589433169 80.72225466672316 84.379376884983515 83.494400745589402 78.647130653180028 80.398809209956696 81.518312243171138 82.035928386973282 83.894214804437979 83.127902873861174 85.911279030134239 85.602021661507379 80.078465602844929 81.254336543662788 82.447573598827304 82.763815123561841 84.912117991838542 84.284889450517014 84.848666503298304 85.714987808137266 82.551061499652363 80.801952111102921 81.918949602147663 83.028028657256414 77.715679412588329 84.724557661614853 84.89409086247683 104.25176490667832 81.233297494936821 81.649942161122908 82.701019805282272 83.538793949243171 79.388725387610549 83.620303066533836 84.026035436905033 84.422215832746417


# name: v
# type: matrix
# rows: 2
# columns: 320
 4.4388033362693289 -1.5491047806532685 -2.4434145907423295 -2.3617106020879088 -1.9655162570193796 0.48961164946389141 -1.4840431675137926 -2.1848560259870178 -3.7790770827351761 2.1345320925524711 0.16589144746598714 0.13868525756920824 -0.74118715823311598 -1.350432658171614 -1.022185799102435 0.0054553980679680576 -6.1482909917808275 -4.4819068742017949 -1.4385655038725187 0.10983282101067426 0.67638263853461178 2.720347672963312 0.36377829864437794 -1.0679517753532077 0.69594651443828592 3.2865924376512514 1.3139322594406861 1.1313036246855084 1.7113887449856389 0.78124451369939252 0.076597165524798977 -0.058557282411882891 1.8357855608694778 0.95492287514684171 2.8823480819983138 2.0708149551332755 0.29807516281644764 0.35244532184442223 0.19885294015848079 1.4558973847687933 1.2635687647205596 2.9729875600720317 0.1739125857627094 -1.5714286423965647 2.7501972785515729 1.6961192366017308 1.8141525224664004 -0.41877334641009578 1.0609720410082202 2.2076143508224817 0.56229828007824556 -0.70896186044304221 1.3192994286897857 -0.76594352441757396 2.293757431044416 2.1488468273595718 0.31508023887664405 2.5807933735430915 1.6343819187171145 3.2502947406674276 2.6106289433323417 -0.72991622288958835 1.8780422847336766 0.65101848787537719 -2.2180032668961061 -2.8652723122254855 -0.44506869961652473 -2.5555409142093808 -1.813922351633904 -1.432105399639344 1.2163552738602654 -4.8083481724781443 -2.6425491548024276 -0.43745738974429671 -4.9236970080076681 -1.4605128678651005 -1.5447671612139144 -1.1760309128268642 -2.0529429362911285 -2.1116884946986287 -0.56040986323155217 -1.2279998352433334 -0.97052968559136255 -2.6514169081457419 -3.3842619198423813 -0.074020853429882918 1.0957772414275222 -1.0133410947497188 -2.4613501426396516 -1.0714289919771889 -1.8367389182556602 0.99885729669891665 -1.0463667005267827 -3.1048699064335739 -2.791231753728395 0.14591484658306186 0.37745746487687831 -0.70796677727464108 -1.1231869638102683 -1.406944216842944 -1.0019322419268331 -2.798261339418405 -3.0997634779344017 -1.8562909151587939 -1.5634573618388519 -0.61546041875009894 -1.1551749986069231 -0.69305526297764497 -2.2002374089791226 -3.2117393031928199 1.9389636313886383 0.45479233002299907 -1.1572485870935025 -0.29782680691231139 -0.72752481679930814 -1.3754720172937798 -0.35512050950369273 0.034062494498847781 -0.98235940944024569 -1.9640329828452505 -0.68591478565060005 0.19829950653090134 -1.4243438209958632 -2.3340826001758463 -1.3898986623041727 -3.3373941460049665 -1.1132455110420558 -1.7417962376652962 0.63942593884555221 -0.89810235183397624 -0.61096736087431325 -4.2565660070701181 -2.3680132738319823 -2.0503412637546297 -1.2912327237932752 -3.7364909320380351 -1.8504333052550808 -3.1268296799730102 -1.6641873060895918 -0.26415823193366156 -3.3838944046086588 -1.1499956897684425 -1.4937483828217426 -3.1420302346738094 -3.4281350164954882 2.6190942006797204 -3.3052369035009281 -1.2808041638412981 -1.8096694880930444 -4.7415538562806212 0.39379957732234527 -3.4833867947774011 10.35078207216706 1.5335580081025249 2.9794398013476497 0.49835100469658539 -2.4984085387563164 -2.430667240524913 0.28301216482355873 -4.8032653733353348 1.8489467945051727 -1.0984339608898965 -0.9398855399065551 3.5056401649355715 -3.8564932686976121 -1.9855132060294143 -6.6265195204923177 -1.1885691636551714 -0.36009997369054847 0.7105711081528262 2.0234049852873901 -4.7235270643460705 -5.9715566689667066 -8.6860094603872735 -1.1946868770402617 -3.7089062990215349 -0.31910471256220463 -0.86365086495798538 -2.0628606792712292 -4.0258369537836041 -0.75592638363893738 2.2375570714778017 1.0862742734625994 -2.2092424024162076 -5.7702912516331297 1.892113619862053 1.0912014810658968 -4.3210456016304839 4.940888648198098 -3.7769601598174107 -6.0884620755649701 -2.7182027543415246 -0.77199950654405947 1.4096056935038199 4.1268127163193284 5.2211389841638685 3.7243656127916287 3.1127586251736417 -4.0074842112940896 -0.3069193709385597 0.022393289126513539 1.7003506642086588 2.4443489433062888 1.9060213235426777 2.9121978958113042 0.46114978590903477 1.638899322374636 1.6317490949191709 -0.55205028266023248 -1.2839306800484269 6.0196201892699577 2.3284091747127089 0.90488180867305246 -1.8898914062235852 0.75296122692210965 1.8888021736296059 2.3785210486504886 0.10945926000824857 1.493980994724879 0.28968449175981759 -2.8335839812305408 -4.0778283734668985 0.23659339329453938 0.61289978152343227 -0.92266956557525615 -1.3651009567295032 1.4732195541663766 -2.3854730528785506 9.7918552122602343 0.87252472013025939 -0.24983592912143052 2.7242520887018951 2.2728166734052841 -3.5796995662210542 3.2770188437072987 2.550847156919386 2.5233576062732666 0.97981324838254324 1.6181343393369052 3.9250031057364252 0.37180238914632796 -3.8653379513087658 -1.0302112592424715 2.4384430418405638 2.5059645891826041 0.79445250808365253 -0.15016391137301652 4.9883178024851054 0.62562594284617068 -0.045608450116873367 1.7409322757086294 0.86994888450584162 1.9031921408182211 1.7850603864037096 0.34627106655812157 -1.1396072695747648 2.8570862415075142 0.54093956799861664 -2.100086601167332 2.1125916821931043 2.9876599761602143 3.2706624322450093 2.6274303998357929 1.4499568616802192 1.7394927332925607 0.88167391345715806 0.51532177851477956 0.52596498464214847 2.1049488710919033 -1.2529146927261932 1.8707818808714272 0.39988864388431988 2.1233006390144187 1.600995801247995 0.5063773695389101 1.9611016906791117 1.4469203648910243 2.4838519980902491 -0.86528699476501825 0.92862445433337537 -1.0584755058229636 5.04956241468303 1.7970139183343756 0.54733888049740209 3.2327662938179706 2.9220620088263249 2.3413908825094136 0.24571333199052908 2.8671253988691627 2.980364142637161 2.7300113390291538 4.3602322192087701 0.83719801222743429 -1.0512176733275607 1.1822603994890186 0.3658268914721402 -0.097426109049516235 0.311330961352627 2.101844454969457 1.8410188975997894 0.70238403625748413 1.9452496692131243 1.5692197908234493 4.7874718968541261 3.2672532555253881 0.63801029028713707 -0.9760626340015921 1.9592237007145854 1.7439419860067886 -0.12794789750188168 0.60223175185769173 1.0795806053282941 0.25749645402323956 -0.23677399183268122 0.097986962447298945 3.6577696202259151 -1.2290483233188403 1.8933062309389053 1.5541078229360068 1.002115376862865
 5.5987895625229687 -1.117490105380994 -0.82437503697460413 3.1959294126884794 -2.7163722697490029 -1.4003848036292679 3.8996838534897269 0.29108599795669898 2.9758050998515593 1.3266479392063655 -3.9550080142589321 0.14321946594855711 -0.81039780598378297 -2.273440868864764 -1.6034339176383356 -0.11200043242230964 2.74386105445712 1.0634697339613519 -1.2291964069889469 -0.96185175148366409 -2.3862626422794135 -3.0381477965172228 -2.2955472629773741 -2.5219932542256829 -2.6501251584036845 -1.6842615605321667 -1.873020406244158 -1.3688265063269536 -1.4437263992818161 -4.9369488478582806 -1.8863316855641648 -2.2236931667433182 -0.85260086437896232 -1.3575735504779309 -3.8566557933118086 -1.1750160104022722 -2.4957061870679671 -2.7397875404808021 -2.0201824064009859 -0.27514549203849042 -2.115785494737676 -1.2397063429647444 -1.7024218464149066 -0.98266307352503346 -3.3770226401436911 -3.0630822844400307 -0.47759726689144022 -0.46323245764614385 -2.1645138777996968 -1.0483676098607386 -1.511915700213561 -3.7153374852972756 -2.3997753034801943 -3.7476936212676182 1.1649900536179123 0.13759972334283679 -2.1320969046097025 -2.8624243468958199 -1.0411241641218383 -0.13653015900127147 0.58481376923714101 0.18460432892420189 -0.30774115899661619 -1.615979682084774 -2.4363781335887764 -0.53456500034952925 -1.9777247503331699 -0.70265671128496998 -1.1040844759270469 -0.67014553489109041 -0.11814613858854095 1.2975106343904557 0.29203542670164001 -0.21834278433344287 -2.0157885579993855 -1.7194796835147217 0.064807442581705926 -0.033969589976598713 0.72880486566830582 0.18423961744119133 -2.261848891292821 -2.3890516141073466 -1.3700592880694122 0.24263787256952696 -2.2246660408180645 -1.2162082193614996 0.1773787137629976 -1.0813103284818282 -2.8156522602194549 -1.0116560326951638 -1.6237369220931384 0.43497953705994913 0.32214306126099446 -1.9082680457667083 -0.25146500759773383 0.93399871527587686 0.64253737082496321 0.56740287340046669 -0.12515252409883448 -1.3531659658639619 -0.14960617885990762 -2.1897651096455597 2.1301576010725074 -2.4161192774618865 -2.115367834130085 -2.2250792290359169 -0.68650508802230448 0.8745807409042603 -0.33468957030662289 0.073949990109375169 -0.98322196473810086 -1.3456353208001863 -0.7538062997394025 0.046166743575131362 -1.5868363104910275 -2.2466159385543034 -3.1168676601200369 -1.8768276197444422 1.4511542305423721 -1.8940955944609517 0.18007258118003486 0.41685935501673682 -1.5544246329241391 0.8212826408323316 -0.269005038244505 -1.0007784136779636 -1.4396954090063201 -1.8273802513367428 -1.4985947257817349 -3.0043637489345922 -1.9258113765438243 -2.1732930384536662 -1.935463017922469 -0.79362887595256926 1.9509007501378319 3.7665880837559276 -1.7355148261397619 -3.1872377189105348 -0.87923564668636867 -1.2143987563600565 -0.73356525444407117 -1.2813308175509983 -1.8490909274198937 1.5120815234880927 2.7169525200811133 1.3804734716141198 -1.9440862629784657 -2.2567811205643857 0.6258878329254326 -0.64212031066730624 0.25413334860980807 4.8445555576275821 4.0790060925250726 6.473915346213988 5.6950017758415452 -3.4878149874001512 -0.84201021829645206 -1.4414370200941309 3.9756514192921975 2.6621562055754655 2.4108870503105426 1.1720581007924959 -2.5224400134682154 4.2231762249744067 0.66886735521611063 -1.3914322558767132 -0.83710256417878137 0.27875011324917398 3.4880684957235069 3.1393581444916494 4.0509666117703897 -0.40844281010352179 1.001218654132936 4.3149649100234013 2.9453708658843212 -1.9770848059954598 -2.6530697814681132 2.182676113160066 0.45209373950366916 0.78551775167371551 -2.3820975777832007 0.5078567468183498 -0.093875694251633293 4.5568477978954727 7.2161940694279778 5.9960307082412312 -1.7382564269706529 -0.16078679592036887 -0.66882033810309105 -0.086817304260233902 -0.0015167630683330519 1.7507333201706419 4.6547915101134061 2.5207145001160329 8.9777298278450584 -0.15016482987017857 2.2121275677186967 3.9921743981189226 2.7736650062447983 4.1833626856438144 2.3379612667642085 1.7200355680057191 1.8971067159608355 2.459916353451852 -1.7440862380445905 3.4278582598225245 -1.1356163747383963 -0.638453480292829 1.2203817671952171 -1.4069150353814321 0.14133319236664582 -1.2217114671262987 1.0434692262495457 1.5597061096930647 -3.727095675184525 -2.4809347747072432 0.28091705056747385 1.6851896458370765 2.524961836710057 4.1958609413042529 -0.85472131587344158 5.440488455974358 -2.5148784775610427 -2.2078597821328718 -2.5976670930922872 3.1639305128075326 -0.41894657969599475 -0.47092291615706638 1.9077300108608601 -2.7390019774985714 -0.001124514536608692 -3.8858065512563895 4.9553758204151475 1.9335302253349942 1.7045718866159492 -0.49079035543836513 -3.5376217664312888 -0.56572313869543067 -4.0377167529329059 -2.3039259838218995 -4.3865849493653304 3.6190648965486725 -0.033015795509126006 -0.24429147059311762 -1.7668287969663885 -0.81940030315974965 1.7554387465386088 -1.9107515277948373 -2.3941102607959994 1.7340564900652846 -1.1923093221977592 -0.20189953649287509 1.7830993173126921 0.64922761675486362 -4.2098938983360412 4.0361142509800016 -1.7657441538674008 -1.901951755074037 0.86357808203941411 -1.2432101504040016 1.4485711552207712 -0.71572562359833825 0.77134406533354338 -0.25817728606053758 0.62230984511168974 -1.072369632113483 -1.9795123299974435 -0.7715616158970986 1.5144666999058054 -2.7617998772897203 1.1546670979329561 -2.6665374544593257 2.0056933261323588 1.5487465343590898 1.608527112416684 -2.4651429301094581 -2.164138354068164 0.30472643090083057 -2.1923498926339735 -3.521574520433056 -1.5636513283211424 -1.5498213565108441 0.90837444916106258 -0.18988099221743632 -3.2701337665328833 -2.5538659622799131 1.9889414001760706 -0.7278083930940622 -1.2653102361969648 0.92251690308174239 -1.8552438211181699 -0.31703363734906753 -1.937003745050871 0.1315289988167696 -0.92641769801254359 0.94539408084717902 -2.2459909159304035 1.1915470351764097 0.60297034887492473 -0.65851992575287399 0.29917079350750736 -0.74522417757646364 -0.66397011651425464 -1.4319993634793489 0.14035010735507278 1.4301669443647966 -3.5183070903925677 -0.45565952446878566 -0.17518694368094051 1.3629319912432298 -0.4663736944701648 0.86129832952167451 -0.57267721657309623 -2.2569274548253313 -0.88610587885629943 -0.29530264638521025 -0.73581480102975005 1.9591655319217172 -2.1864598450697867 -0.90019637324437907




