# Created by Octave 5.2.0, Fri Apr 02 16:04:12 2021 CEST <br1@br1>
# name: ptcls
# type: scalar struct
# ndims: 2
 1 1
# length: 2
# name: x
# type: matrix
# rows: 2
# columns: 320
 126.29646845702294 106.92370911146028 105.19918210534534 98.447599759706023 109.58472028508977 115.66078943897358 93.634799838633597 102.49064694292559 115.96119355093889 115.38508852391432 108.95019834226851 104.35790076565607 112.9916713557859 113.69091618709641 114.51034829690252 114.79552213908501 116.84165835529194 117.10764411461916 108.4417729477595 107.62071245509527 110.9279524433302 136.64572359537894 114.03462225960106 135.98675308548829 132.73135209785252 124.5590495543932 135.4203633593568 132.28578407646938 138.89466908633059 139.95281216018785 135.41258136299413 137.78000339068225 132.05088090176636 122.87514241210224 133.75923298907784 133.75422027832082 134.80609778357612 136.730581403889 140.75211198526776 140.97621931492549 134.97128537256671 135.9262164672499 133.52939268599528 135.81550053455911 134.45704597398338 139.39904516864422 148.5912757992009 146.4735053122487 136.58183864725424 134.38806473594153 135.43117812600272 135.61226112878396 137.30831616103961 136.97170388063552 148.51333732853939 148.83880530575942 138.66037169223191 137.64747639656056 147.07940763871508 147.24277994879466 145.90129570509441 147.21904247799117 147.76434024290856 147.5928575931689 97.77115706197786 98.435771042800027 96.658766599987814 89.200429391934989 95.628594126134715 94.395040006552392 94.895986245709821 68.572219157553008 99.596187219793109 98.78730125745642 97.83538248452416 96.71492856280436 97.182894986935466 96.028629571429093 95.739264250547834 93.317027946188304 102.27754344600518 100.04566655765811 99.385167396025111 98.435573979152039 98.084027546710985 96.854412613801586 96.702062901496959 95.627997518275237 101.2157822829446 101.21327189489834 100.40176310730604 99.364861830486134 99.167498058920813 97.771119549062533 97.599921845879464 96.384977509805609 105.40968406559026 105.2845768591088 102.22512488527155 100.48231830291731 98.599292549304124 98.661563715365261 99.98339812655405 97.594627505887757 106.06916757211992 108.329562170611 104.8341657509896 100.05211089747384 101.30915144207458 101.03234340625325 100.82264403432758 101.64597083973329 105.97445069966736 106.49780044292129 112.35278490507648 103.30350298502798 101.38423133815049 102.9416517627086 104.03971110045174 101.8215935773537 106.94121439627878 108.06874327909293 107.57113067744096 103.58210175006671 102.36495895199569 102.22484174816317 103.05127299600278 104.30954506562288 107.10542932692032 107.25475437210244 106.15133473048665 110.10559922354348 103.61729082286826 102.24442840799102 105.4154427848092 92.508869847708837 102.52639235629159 103.31379606954037 106.10771561420515 111.17665569883415 107.25316890047868 104.3870801359577 103.21079354551031 93.114497499293805 112.67972744831002 110.0159021967619 102.43095433765487 105.92185542686612 112.06668144727652 108.34487020679745 104.61697042768299 94.457423216118229 111.83059916615848 110.12536282120567 113.26812976733363 103.67475199115788 111.17194103419192 108.45002109734016 112.56084661662605 116.03348884661669 108.92509466028901 111.13923997446174 112.35168069799306 113.49022798252294 113.66007859946032 107.04863700339148 119.1939284354761 118.06437845827087 109.07100729965532 111.55675549841196 112.49791979465061 112.68521061310695 114.03197278406003 115.16068289785301 113.8883898429425 118.47680893506184 120.62195949590479 111.62341082118677 111.04802953057232 113.22211772809078 111.96282562153313 112.79897132720531 114.78045148866266 115.3397285274519 119.77391623551999 137.53752407566509 136.55693516902815 114.19647322297261 130.24245426047429 114.92334315096093 117.02463313710238 116.43352975331257 135.61437266450326 134.61969432377649 133.29157218415449 131.32555632063304 133.8073125124719 130.75228721570281 128.94917387284931 122.1169409948708 133.04144125787514 135.47854524826707 132.76142518091379 131.94884848081571 133.16528296615814 132.67665766214736 133.16017316576529 133.84187817622649 136.33907013338035 135.27039801517901 134.34277084101367 131.93124321911654 130.07550723666546 131.36993175100451 133.73721527769254 136.66245010002191 134.94525029007912 133.89085038427868 133.61725196960037 130.01575178796833 127.80877755290786 128.25678295636482 134.26381990757642 134.96382148087551 135.1814808622635 131.5869827784131 132.77515571410618 128.90318236102223 128.11079776236559 136.01814002051893 138.69693841377801 137.6626155194536 146.15434600968902 132.52452672078604 131.75260808888734 137.79114720020317 138.27257483075235 144.39688039285298 137.77630541981821 147.06727991241152 137.91891488715055 129.40246395549116 130.49615287961413 144.92344688309862 145.9780754821997 143.13159670625711 145.58595193348577 145.84452244766902 136.72869601559717 129.16556312475927 145.82676988679722 145.73585217077203 146.87032089080611 145.48917199923864 139.22190459989275 127.30556986151385 147.50590553172819 148.00230063589552 143.09852312515932 148.21381478384197 147.82954299699836 144.65182460036226 148.19027505455355 149.37560766208446 146.42239956646034 146.99731778653774 146.12707133894872 146.70307069303126 147.64212708012766 146.82730623564132 146.57015153676051 149.66891484400008 147.27695166272056 148.04365846049973 147.84747834529344 149.06253526061232 148.73446879021537 147.48488808697024 148.11352574935592 144.93641434212503 145.14606449243314 150.01134883438311 148.98886010517128 149.80980168142594 149.7065725454132 148.45566863082055 148.16059232689986 149.23878992351717 149.82265154704191 149.96979501032692 150.88704483470073 150.62876295774021 150.62008784198051 148.70603104378336 150.0824896649651 150.34232941928121 152.31565520765585 151.10593544790947 151.78739493573451 151.49519047980337 150.86956234036796 149.77474588955459 151.99363988881441 150.79729669771953 153.01986810193063 151.97759011894902 152.51586692214315 152.32742026158459 154.23978732947913 153.07295331614372 152.34150994331117 150.78608186489592 153.32939128593682 152.90618986960331 153.60610050500173 153.49004194731495 154.62464663271473 154.60476815834775 153.6468953080622 151.28848837943096
 45.633811526996226 80.007735734919223 86.823330088057816 124.29696274010806 77.297223558654622 90.591176458388986 126.36167288373613 101.17494143010909 41.292889363594938 57.361666316991268 78.194758623259077 81.821323622169047 93.049165824560546 90.95032565391999 90.25272829451508 91.326724881005163 40.584234021340777 41.609474624447806 79.83501303885258 75.484649897595247 76.821384121380476 79.940254320215374 92.123970520150351 81.000229805576666 75.47331082438032 77.824840256056419 75.099347172182377 85.035074732726102 78.832768814464018 78.996008856685535 79.681512117064841 80.53963616258693 73.514635791409347 65.380854432049944 77.280791153793785 78.309793493265246 77.650069375768354 78.116637827735815 78.171117645627916 79.276844957958787 76.529332823101527 76.087363061506267 73.363782485806766 77.284387910860147 79.102981792608091 77.900354903631694 94.734510355770965 92.900442791213436 74.997707715969966 73.980671168803312 73.890772121251175 78.517849002581599 76.079208120023296 77.051383671289216 95.836953093775904 93.68227426813587 75.226101106629073 79.139519387669594 89.751126888794062 95.010725325089439 94.658058753730572 92.060112245156958 96.541216199309673 94.003850305227701 84.350415120125959 83.541460525803615 84.563231074836025 84.182559951901496 85.984367882517333 85.760586503943301 86.958984164336513 105.23485338796003 83.667965770624434 84.704925835971963 85.422212476039036 85.713787176279226 86.770337957644102 87.06258676185 88.090042706350346 85.130654003435879 83.941365984082125 84.965621318979615 85.848321569187334 86.422115218925057 87.497265780911277 87.887281950408052 88.948654928294502 89.192181137425209 84.473975679591248 85.601882644823348 86.257745385259369 86.903160901587555 87.937305361450782 88.545170716352885 89.726399353502345 89.987320186885739 82.256209596115781 81.150921827778816 85.052426951137917 87.372285253820706 89.182944306827522 90.34359640148935 89.692761637578343 90.753043195153452 74.634932870527436 74.576585485992325 83.244846434251485 88.600303191527843 88.155375311039833 89.14147323317691 90.442910157174268 91.232099302540092 73.31823325982748 81.049621230937035 78.844103526627066 84.450026575703262 86.678940256486229 89.734306372203079 89.575961947693614 89.84390514627367 71.782920931505743 71.339323117063543 79.059199473763798 83.320108435118513 86.129077452143434 88.84398185384056 88.145649805779485 87.719995311747368 70.023633748551859 74.367912909436527 77.372891927047732 78.295278542749145 85.806551269103906 87.341935224010911 87.97567035789443 125.94085952415067 64.798042327221182 63.906679387644985 69.68044980863931 78.625687640673974 72.867749541366663 84.18777005384166 86.919923377737646 114.95643222050852 48.490932821848389 46.212403473176842 66.299124252645967 71.18994204208947 77.889758804271779 77.295154924134764 85.298810043651926 127.12775661291192 47.607977559784935 47.438454685420822 47.325245259930938 64.970060434875947 75.75135302622752 76.205713802887558 58.119327576312592 39.741202976687028 45.888914924694269 46.848718456835464 46.683943294973574 46.108797375148491 44.867983098652175 76.596006098128356 40.230692012881796 39.93553731341008 47.023115814568399 45.780621196904434 45.297157105229878 44.200446188708334 43.755109940227946 43.311696176152786 40.591363032745207 41.234994080673353 24.094380504059778 44.498150017517538 41.555728709862869 42.957017261425314 42.782574068761541 42.002804377934105 44.587249378893311 42.208541759955615 25.002580997734626 34.360562413030529 47.56015108160652 42.25834042039002 46.082763737847216 41.154129031952522 39.414418277959911 42.395170876044418 48.29810377388025 48.051294080062576 45.55228872434315 45.928534244075735 49.013083353752187 47.006027334204973 40.506465436895382 66.233337407301917 46.799624915170973 47.224966203828338 47.945003500149163 47.121514588842736 50.084984972336535 49.171884208863837 72.319790932812595 76.125491228623559 50.842687444834098 49.267834761737177 49.933163315139012 50.140186219939203 54.63623211304968 52.487824465351196 74.899568710491494 73.911354477856349 51.872779945548324 50.901703088303293 51.966626985010265 56.201388702517576 56.397399929394894 57.440036780343284 71.788888196510214 72.860850771000443 50.520222633706126 53.628479631830579 51.081364876666612 56.536243297864736 55.047216775264829 72.840757174694346 74.105690981809786 74.635773275923015 48.732382273807062 52.264295926895393 51.343103959102315 73.553257724809399 76.42481763222824 87.122950098264724 77.74082005895778 90.916250546321805 60.66020949283952 57.710212665406068 53.590397913595709 86.114969183820392 86.160269178828557 81.934339016967982 88.879745946846342 89.99420101058503 60.689596108891912 55.338682480418427 83.351377563945547 85.153251104513828 85.37758278503027 87.215280507652821 80.157821837308504 128.38057346308017 70.785608109413516 69.687787191852323 84.761036360983539 82.903736039648251 86.312103018450529 88.323046682468231 92.586084864652236 92.728884793193757 81.175793187298027 78.256062920495893 82.242523423002936 83.892231613427768 87.430949408078888 86.789146373141563 87.811146867032377 94.420900345477889 82.396077945095442 84.041714663647255 85.079158564502748 86.034020472868292 87.083514210190216 88.615565217583651 90.42074337336426 90.655225592437034 81.459706016802315 83.383664437817501 85.004932483994665 86.789684736201423 88.409278378048725 88.1451422786525 91.536107900558605 91.736030307401862 84.422295700435342 85.476628154213756 86.497672185578622 87.702891561230828 88.968290607819213 89.276276551279054 90.836472321325246 92.017973027729269 85.038285010820132 85.434479374450206 87.179868844216358 88.405174449248463 89.97817371043277 89.708711143365022 90.249987265199081 93.175242897987388 85.754832768977707 86.047940036070301 87.997106704146773 89.261046774052872 90.10480880211928 90.170627315293203 91.275065163644911 94.43051014291926 84.593605293587487 86.871738441932848 87.734223407492209 89.077655915903861 88.987106388688204 92.036615213134738 91.205253525430891 91.169364318612551


# name: v
# type: matrix
# rows: 2
# columns: 320
 1.3579693284185725 -2.1103055187154327 1.0341561249994027 -2.3617106020879088 -0.9261802011556054 -2.868964844283155 -2.384873525359263 -2.1848560259870178 -2.1710375077331139 -0.62397535907694635 -2.3633715890648777 -1.7279110011533065 -1.863266257480056 -1.346496304708287 -2.8712920589494511 3.0452392357481237 -1.3495860663896073 -4.1447724623869879 -1.3392347326465353 -0.68851428087515265 -2.616543325338561 2.2174040059991285 0.34056040820743849 1.6595274037008227 4.1168889386752214 0.18963793975630527 -0.041378518720354793 1.1313036246855084 2.5835935683399942 0.52955697732196205 1.7939067472083294 1.1748676220535685 -1.9913003256008619 -0.54219325853570788 0.76294237632238204 0.52909087245421738 0.67326956862959941 1.2631520310571445 0.88518209214556987 2.1075472423924553 0.48318785542835263 4.4913732074766681 -0.31881407507478593 -1.7800945571370421 1.9583659626869894 -0.35505718530387159 1.9647766325709359 -0.81274214776718245 -0.95375874379581049 -0.59217764861763333 0.53489110253131689 0.40090115866480613 2.1553664485775839 2.6958176813836032 1.3639156533562673 2.9682449406536349 1.7676157639091277 3.0090772285873202 2.0677285835358967 1.2098992133815618 1.7395661550520303 1.2923667433978114 1.0613131827140829 -0.40105105158014187 -0.36369224976183889 -0.23318794397875486 -1.375488354050707 -2.5555409142093808 -2.290490892307774 -0.32094185096943817 -0.324415351149554 -4.8083481724781443 -2.7038329194615525 -2.0453632302003668 -1.8720184514655989 -2.8569037538462458 -1.1162192514536273 -0.84146148048437752 -0.73272173166151211 -2.4012425604577152 -1.8679740534827423 -1.5844215324212489 -1.2274449884358372 -0.64631324470180773 0.97063693926083872 -1.5170332828958977 -1.71233427736734 1.2333324792689504 -2.4411267242353381 -1.1702010853409159 -0.047437917093514664 -1.3678314604942903 -0.69401354338609123 -1.7246500586951701 -5.1070879707654306 -0.47111427673300516 -3.0683502654000487 1.1814547100601525 -1.4741592798527008 -1.7961622014124443 -0.82909501944656228 -0.6183998505284356 -2.5300251091014689 -4.017851054463395 -2.5588029126640404 -1.2663432825500593 -2.3096214680133871 -3.6983225563466888 -1.2564057344138071 -0.59167276746257147 -1.1795774415597176 1.7157799243260887 -3.5366203331901365 0.052129347171302999 -1.3635192411989723 -0.76976773097726081 0.3878947969874334 2.670102989530601 -0.43255807919694705 -0.028125893902316755 -2.2029323197678274 -1.2660718274744214 -0.63812074624077009 -2.7531720058935245 -3.0663912810440275 -0.82599446652902819 -3.7789931412904574 -4.8626982063635724 -1.0993080898642034 0.52903051125988532 1.1414250833406989 -1.485679473810871 0.25505738116648935 -2.9059628750907169 -1.7871819593697293 -2.3689582830945066 -1.3914888998751851 -0.26792287248172703 -1.1676922280539657 -4.1136362009453773 -2.6713225767105477 -3.0301613258952633 -0.74994308371494989 -3.1420302346738094 -0.3022625918201971 1.3641593483536469 -3.7335460642837996 0.36214630660517749 -2.1707874209467599 -1.7189250327251024 -0.53979272869983197 -3.9500890858754429 0.45219843559260303 -1.0636866565281358 0.95356885657014279 -2.3911910473917315 -0.067998484916444349 -0.44981826244212636 -0.91553894821569615 -0.82538452725335931 -0.42847847038395875 0.012525352461664752 1.052079369110573 -1.2402936406531584 0.033224451390047857 -0.023526060909410378 -2.0171841653034432 0.40997935836852895 -1.7366422480817161 1.1299555949400641 0.48382470093024388 -1.4288220369222622 1.0365473083705108 -2.7603008718755748 -2.5618538684529568 0.97529580584343412 0.83476467123995413 -0.32941127325148573 -1.2084540705029414 -0.5274197119223003 -1.5575064025583614 -3.4380532404726774 -2.5273335906993681 -3.1838782276558941 -1.5662177232251866 1.9063454546835059 1.533756644403713 -1.6785192668659874 -0.073473113728406689 -1.0530254967904038 -2.4346775918144714 -2.6252184631707562 2.6991086081064775 -0.61663916489634563 1.0868218249798201 2.9471805518716545 -1.5777797161993374 0.70980359749964472 0.9259881844467065 -0.39180655203913761 0.28620878263014893 -1.9639951439460452 2.7081995681444977 0.72187302010641452 0.31046463109867345 -0.41098424130275379 -0.16294572787289466 1.3768767573654717 1.038955149147142 0.8385145602537295 -0.31046463600526653 -0.50632303002390278 1.1216583987066764 0.70214440043051973 1.2809516907140295 1.4001033258802444 -0.83615572596139098 0.97655535434417584 0.059461891595060878 -3.5672705513906782 0.66145676141515042 0.82656309822279439 2.2045956604480423 1.3584820813911553 2.8997214097485058 0.8081893260315075 1.5641009063322071 2.9857108659093967 0.58157195066014433 -0.66152984085211264 0.78392258114295477 1.2282379939797352 2.2728166734052841 -1.6604188457074762 -0.018393818162126777 2.9091532176962769 -0.065585916614169681 1.0003365661752295 3.6138713341559479 -0.16006711529746359 1.7436004544541042 -0.80990428186322971 0.41563748122862332 1.4862176976073729 2.7293266568232291 0.67992991275339232 2.2385758832836631 3.3601015456155743 -0.74617212246160081 -1.7227757914823798 1.862685575535225 1.3911585392853576 0.3591648110535921 -0.17372618273777279 -0.77017741974388731 -1.1396072695747648 1.5002486588544017 1.8977771506517165 1.0010368424137519 3.6238977901406813 1.3767794996868994 0.23575067940429334 1.1750517209729252 0.53432386003352461 2.4430266430705339 0.88167391345715806 3.4480008349474693 2.7512069985831169 0.39047157999153609 -0.49408244472854773 0.36384356055817102 2.7394570106575604 1.144137805994407 0.43046058157631856 3.882545107429797 2.6699535100943415 0.74297823138741115 0.086271878467949703 -0.78275194630149514 1.8449815295828667 0.98960904043824682 1.3962278612553729 1.3976692425442787 0.49329443343812124 4.0607325465030026 4.256056747608187 2.5147970141213167 2.214659694531667 1.8874040623661057 -0.56729915154302379 1.9362007505022225 1.2721165740624532 2.0438249844351173 1.8902614395861757 1.4567601464834876 1.6165042643322323 2.6829771928589929 0.26334149416357727 0.75167407950483811 1.4268716990476797 1.8068263683092951 1.2831905688043481 -0.11691282036722569 1.2912608767315041 1.5227127260362254 2.2772302138023344 0.33396052808567311 2.7692675119032417 2.8113991273255712 0.51005152497346129 2.7429908942488557 -0.88202931553593356 0.62977072431652614 2.2828163279629958 -0.087688532535010549 1.9779669181812995 1.5853736645292495 2.9109367604803453 2.2797221819067253 2.2968462604046289
 -6.3445512990119379 -1.077648072986725 -3.0170922899521937 3.1959294126884794 -0.010162370955243614 -2.0076790575695842 3.5244454559176659 0.29108599795669898 -5.1998732360394078 -4.5400459979297505 -2.4942399518573057 -2.8392931140002404 -1.5510582279217664 0.13310915740132551 -0.52533125648295664 0.026496564374472214 -7.0075681860410999 -5.9790607253418138 -1.7851712074596899 -2.342497149282845 -0.5408417516776638 -3.0302475285890731 -1.6244977632738038 -0.91262525766478286 -1.8141721292560344 -1.9360448762617062 -3.4676348713928391 -1.3688265063269536 -0.73119236739482563 -0.58684255317882505 -1.5947346206409208 -2.5064385183759206 -2.5748326761020421 -1.7638547268860816 -3.2438116345989605 -2.6160197286394391 -0.66508427007171156 -2.7123355914719576 -3.7795472273809492 -1.3949828655604586 -2.5152639022229022 -6.1929894376065944 -2.8994927716095393 -1.8370173217450692 -2.8229422170182112 -2.3446593686261541 0.59899012544882646 1.6964441465342799 1.1007773438747397 -1.8289082911267298 -4.661225498931814 -1.1646592211276405 -2.2334781341560128 -0.18736101121884499 0.81622701135704467 -0.46413715001563233 -5.1111608024000876 -1.3854632092743828 -0.32565583941474702 -0.85828713903331022 0.80832283198221455 -1.370022996155742 -1.4101915169450603 -0.93787127985174723 0.75033150076373423 0.41448175586838576 -1.8741596329211228 -0.70265671128496998 -1.8813257772133696 -3.2913950039461883 -0.43464001226077914 1.2975106343904557 -1.1457464587058934 1.6205098876641333 -0.2179917897349101 -2.0685889457548106 -0.064634736621709349 0.097607426926912891 -1.4551219395235839 -0.77000266205964918 -2.3758332795871846 -0.40420564982992685 -2.348895367502303 -0.37488625121953267 0.03448449847767783 -2.1563313096510144 -2.1860266817281002 -2.046121789842605 1.7058402689826808 -0.14420763722929411 0.70693272595942791 -0.77355670240760976 0.0082339240697750782 -1.8318030563883019 -0.8383119198903396 -0.72319101213151415 -1.8308563532206683 2.562038016728061 -1.5102782206632743 -1.7802653619151245 -2.9449512186547135 0.54022255433488331 -0.47243556590754648 -1.6846061480828702 -1.9490089856561994 -0.78767513187861415 0.29176526677021847 1.797723521209821 -0.51556361574991283 1.0292091550720839 -0.27885947298092872 1.2201752904033163 -1.9600919759009601 -2.0201340427764491 0.62936858106978733 -1.6147526776777932 0.21015703756305981 -2.7264700435254761 -1.3174012074863801 -0.16308420382085259 -0.17014298415558859 -1.034737423652168 -0.96108500832996691 -1.9840701603486068 -0.56708991322255642 -1.3288604019537815 -0.24530958696950447 -1.854461408707603 -0.54237877986221361 -1.4905287978584889 -2.7036228690742132 -0.47017241518649766 -0.18139693139242732 0.071311068276040293 -1.932003130719844 4.9874872544231081 -4.2690584098293778 -4.2362765461885568 -2.1073354044321979 -1.9303898886699367 -1.1940309920925878 -0.47816648825630048 -0.98919343944517002 1.5120815234880927 -4.8992217645241851 -4.1298185157876821 -1.1465109126580832 -0.98911424421912397 -3.2855371529736188 -0.74676019512240654 0.69536381109205825 3.9988947845324154 -4.9889132693495384 -6.0107599299359835 -3.1877613669350002 -0.70280792675289994 -3.0046362725002571 -1.6702769115334655 -4.8047683630626112 -6.6025465328769855 -3.9639697868307251 -4.5550560087411291 -6.7029403567993331 -5.9817342593095297 -5.2580776127642679 -2.739903266009839 -7.6694365228172119 -3.7212817974164785 -4.893227140678909 -4.8000800389834701 -5.9041737558522005 -6.2578410921433836 -6.1620379340983504 -5.1648594085795922 -4.2025158058018777 -7.3716061223466296 -7.6579092580890959 -6.2485891894870145 -5.3376792884768198 -5.5107385259558894 -4.9965046935135149 -5.281810591736825 -6.5969521823045518 -4.9879108554511928 -6.9403173511017799 -5.9957003488919911 -3.233503272383226 -5.9504349674142647 -4.1370639824748778 -2.8893396054503713 -7.7814746880581138 -7.4055638406784539 -3.795472108659014 -4.0894614035621935 -6.4332501962166111 -4.6998909327859169 -4.5635807790743934 -3.894169566403566 -6.5093544091306157 -4.942390764859935 -3.7761185720834844 -1.6156607172218345 -5.3029177594655428 -7.209474257850359 -5.5503992651496663 -5.1361367894831425 -2.2429146562855582 -2.2194986924128099 -1.768972012775585 -6.0846774749923584 -2.6984435369996329 -5.9043967854819792 -6.6721505664982015 -6.2803932091309633 -3.2810637573573933 -2.0056436654913408 -3.3849275887148065 -2.3505428287150258 -3.7147481593317191 -4.5573696353932434 -5.1553757853937165 -5.4307927336906694 -0.81793414946228415 -3.6975581202276309 -3.7376819572877173 -4.7356491056162522 -2.245910646524373 -4.4400226934652451 -8.3364828488653977 0.01187176824242301 -1.1968725395400353 -4.7687889412012066 -4.9553758204151475 -2.2703477042264448 -3.5805188998520205 -4.3823546376454763 -0.74508276349193625 -2.6779777882850637 -0.59297988331582629 0.095644028872475986 -3.2179519315498566 -4.5485637253298714 -4.9265061582035488 -0.77144183459330362 -1.8849249180708112 -0.80215470711020465 -0.85080504991887707 -0.65303733672560016 -3.5627432786115087 -4.7166241016676107 -1.4374364639677641 1.4396966797564819 -0.40103545108180572 -0.62931921900100607 -6.0051858405710083 4.0361142509800016 -2.925717763327766 -0.74197814561365494 0.89789934770508817 2.6191210224857842 -2.3957949266591285 1.2523571498177968 2.0167528441799787 -0.33319367275510953 1.8868496493185511 -1.072369632113483 0.30693209261290311 -0.12314033488289378 -0.98603953527268717 -0.66249151186699928 0.18415151695583926 1.8584657736515062 -0.54638428839799658 0.77806270307952019 -0.059744359161593832 -0.36432565252989269 -2.545289948369267 -0.54822485649891484 0.1933556291961474 -0.77169595920624201 0.42462132353343784 -1.7401919234143932 -0.98528982542877985 -4.7283971079683669 0.45431607534963436 -1.097943029842086 0.33765450162688382 -1.4781683152632286 -0.89773791990929575 -0.90178671236320507 0.702536468254643 0.13299046371131779 -0.69292629452342047 -1.6302877929535053 0.4978059408046886 -0.81725139336817587 -0.75018926478939485 -1.3865601568111454 -0.46079226193626893 1.0559847245821392 -0.31285416842489844 -3.0501343429779739 -1.5712072161682085 -1.4895839402603692 -0.83723857987276351 0.85378458634667909 -0.53344552253911692 -0.86131754761276869 -3.0349297593672122 0.2552551020944186 0.48920108118206418 0.48650999386876254 -2.7534580375057041 -2.0394644300218574 0.0038890428012753261 -1.5120885075526396 -1.2215564690390495 0.263028871936899 0.68798567658380905 0.20939676083485567




