# Created by Octave 5.2.0, Fri Apr 02 16:04:08 2021 CEST <br1@br1>
# name: ptcls
# type: scalar struct
# ndims: 2
 1 1
# length: 2
# name: x
# type: matrix
# rows: 2
# columns: 320
 125.88907765849737 107.55616162972645 105.21071945287095 99.156112940332392 109.94750258248936 115.96783200766683 94.330667174631714 103.14610375072209 116.62221526913729 115.57228113163718 109.58698871690234 105.08389796230951 113.60464511101256 113.73111382339316 115.28759586263537 114.84309732150921 117.60188010669073 117.5794867823186 108.62470867054347 107.67600126867418 111.20296330099764 136.34882342258589 113.91885149766679 135.31198773867342 132.21054469377532 124.50215817246669 134.99119782550301 131.94639298906355 138.16471740837449 139.36509483388298 135.2484328520637 137.44582332062376 132.53293198994291 122.77666945117792 133.39956278572504 133.1621002247461 134.35537686214559 136.23795415984264 140.30168866491405 140.46292877202731 134.65407517897754 135.84622560570423 133.55986344692451 135.33436600599748 134.29016591354292 139.38948165766286 148.20914797606684 146.32556497669776 136.39823108038729 134.18638500626068 135.36156602165121 135.29660091125186 136.6217532670789 136.8098244877292 148.00192142449959 147.96438359382051 138.65816153067465 136.92894496598387 146.37450203309785 147.25254272949911 145.79442644217821 146.9271477830724 147.33560037723254 146.86931701165494 98.072305414114908 99.153393016583166 97.118865737951154 89.967091666198002 96.149114455098783 94.658837588986074 95.447066534877052 70.014723609296226 100.27129746828271 99.164275460622122 98.144664669483888 97.254746147406948 97.558771041535493 96.461149916071776 96.300079284346808 94.17791321600302 103.06149557283754 100.50382715794511 99.416126314021128 98.525620920940042 98.432227714374022 97.298896959987658 97.103318875578935 95.985191609761472 101.80647406787513 101.63354387690174 100.52454873714036 99.580804514219352 99.490871946355227 98.103126856158795 97.994094667233071 96.764309593527159 106.10685345601715 105.22626155420912 102.76091811017956 100.73397319070325 99.13201984917238 99.21491407752211 100.28140729203929 98.367213847800983 106.56354094575303 108.77688087799996 105.20193825257681 100.51442753908637 101.59541544220869 101.38143133082252 100.82491877565961 101.69953194497728 106.88983457918009 106.35455379736847 113.00867066145467 104.02258753414374 101.61522548979353 103.00149113118776 104.16529697416479 101.87029139645635 107.28179812553333 108.31294111399625 107.88471283210453 104.07727304753848 102.75518909653049 102.58655753121288 103.77824279626201 105.01855615342502 107.49817997727077 107.65030326370039 106.25492549897919 110.65032548329607 103.6786376074765 102.4863166049235 106.05443791941484 93.533286026886117 103.09986638884187 103.23009158895596 106.40179164460565 112.15194477633442 107.7422797294427 105.13608826495184 104.07409434248355 94.057106569695748 112.956745328483 110.23070653986989 103.7388825384471 106.33551713043632 112.49419206252664 108.76309932036142 104.79634512237966 95.348315969241639 111.80939406050082 110.26980465582466 112.76853781146295 104.21229890360944 111.2821751453553 108.58424865417567 112.83550830109043 116.59917312429855 109.13220516591949 111.08961710245477 112.08100417613748 113.47939985720339 113.77620558641702 107.25417220199864 119.93848448595121 118.64286861063776 109.38532532389766 111.23367275144059 112.74334303748959 113.11963945527916 114.18561933015536 115.54782728054948 114.4472033876193 118.5004879065455 120.58168727083945 111.99876247322096 111.64501411377024 113.6405738602158 112.60910094179106 113.75696871947299 115.06276934808497 115.67344822968487 120.03362437618084 136.96562043926036 136.42820691666094 114.65645046497318 129.80608128356243 115.41724441901354 117.04851817559782 116.56803232866164 135.48508976581346 134.46259754411122 132.97416410006173 131.24341854380461 133.46047129061822 130.35897625983259 128.6713774175156 122.49561389896749 132.66264671498476 135.41772589359331 132.31687175410528 131.514037928471 133.2707783952149 132.1785433815316 132.98497865237098 132.98438892289275 136.23085219972305 135.38396144494064 134.32528087513344 132.15777855468875 130.2778722639614 131.33348938302726 133.05715195194483 136.18259799892598 134.62311291122333 133.93675379141695 133.58150736830746 130.55278433573073 127.31513671912103 128.09421335893791 133.8845815837532 134.91490300932239 135.10323871357662 131.46860250787989 132.82633459333184 128.71146078893423 128.16298310840932 135.84734314479689 138.3585877588842 137.4520039260012 145.47250100766738 132.42298145769789 131.47800531190779 137.42623054443987 137.95875928796019 144.05310212696307 137.26652100773913 146.81374210024816 137.81955307989261 129.43413793130128 130.37547612333603 144.03821846623643 145.25140511630383 142.96074887947054 145.75141572356674 145.35119976376396 136.52882932325718 129.34658810057698 145.07253848462696 145.53897678172154 146.19647980751381 145.08699549365622 139.35235529373713 127.64745204238665 147.19088454681059 147.29791387796155 142.8127370439818 147.69769554364976 147.46365384779929 144.61941116191326 147.85232802148204 148.91243914840919 145.84356846664386 146.73281561250138 145.07534087708868 146.46097281997982 147.12271400068255 146.24535961582092 146.00688301604706 149.31636758704153 146.39866142842584 147.77279259079756 147.38488403813412 148.57251744560145 148.30279923136192 146.75746467510339 147.68748633061622 144.41807069915413 144.53511741265322 149.59929459500532 148.55172854018701 149.45943799268792 149.06132953437276 147.76260738489233 147.92707860315576 149.01787403817039 149.78263202509052 149.57342335453296 150.52238081881183 150.23042849160441 150.11311195482716 148.48963632174522 149.82772138385869 150.1376087739558 151.80894342190689 150.78273853378639 151.29888160281286 151.11913204678305 150.40992422288335 149.30212028582579 151.42498285505906 150.2978830162233 152.67935538099653 151.47763067257722 152.1933970725614 151.70165590466448 153.66817537747269 152.60547527129071 151.82037172028225 150.67196601502255 152.964359509448 152.4037973906793 153.39480815334844 152.98043811715056 154.15420035629307 153.83377719995548 152.86233489442949 150.72636112888281
 47.53717691669965 80.573400454550566 87.495074941178501 123.33818391630129 77.579644446048547 91.412574207081221 125.37449819099018 101.08761563072171 43.200357981232735 58.723680116369998 78.619422185529871 82.121909169557341 93.500087671761634 91.056829221625378 90.45061857024443 91.481571273754511 42.342768009787946 43.581713591436326 80.282735648661685 76.091118923562732 77.311418024768415 80.417590654373242 92.057098863114661 81.566790086294603 76.041031099797564 78.405653718935199 76.098252157470469 85.445722684624499 79.335154178690132 79.641630271137586 80.24738178500769 80.977534426790356 74.221664494394489 66.305517356994741 77.923063009030997 79.148062929265905 78.442215139098479 78.616605071037213 78.954593252944846 80.007386421857092 77.268430813351699 77.106790930514606 74.226803671363641 78.069844139932343 79.772530209352524 78.254020960373865 94.615131610450064 93.156437366828854 75.31324524292063 75.177354340934869 74.892972376004508 79.146162238333901 76.36049941525188 77.538282384760066 95.935481811667529 93.605763051175316 76.190580948151549 79.457617463046603 89.91908579788273 95.136210049678226 94.359106199871448 92.121824033841932 96.852494572570109 94.130205264252851 84.247834753813621 83.593174567050738 84.889110704628294 84.393356965287282 86.305776436575385 86.521368734450363 87.28762984339248 104.84560019764298 84.094772120138956 84.780624764930053 85.445852878004942 85.999402520364157 87.03118528669259 87.526928317082891 88.575594077361302 85.392232186902973 84.243440499255783 85.198920975983697 85.869264220916477 86.546615443913311 87.834580984693204 88.166318260974435 89.372528747656531 89.597181009756824 84.570692707905778 85.650305979341454 86.292959178432014 86.846817496987811 88.119729226963727 89.004886869024389 90.105801026367942 90.349732228441269 82.525396634755296 81.083632024500915 85.283527548386644 87.303664383907702 89.371024794267385 90.492518190351916 89.505383752283535 91.245472647063522 74.963532964070737 75.449449317169595 83.469407114904286 88.320631269576182 88.118414329758565 89.158570812189907 90.66634635794216 91.257231887820396 73.896117425845574 81.050974134636576 79.805421296335766 84.806006776922473 86.733568316284732 90.197027253045562 89.685652230551298 90.114920415629243 72.002699053169508 71.550349439755081 79.308009353000458 83.653976071876841 86.537404281187008 89.06681177174687 88.293423988006154 88.582654807933594 70.652696455276583 74.812025146529677 77.876306731574488 78.543746215717334 85.948608237515003 87.591940925191622 88.310654780005393 124.587811250165 65.896449225736077 64.507268519573017 70.372716374353104 78.881521756309738 72.996008359485359 84.596658073529539 87.052634136568969 114.50280776346169 49.840154300501823 47.640657221267311 66.939893908711468 71.52013564104135 77.859305811854199 77.834889457918948 85.643897208829102 125.7147313311816 49.20896990889036 49.00679017223716 48.767861287004955 65.736690886996314 76.268121210206971 76.601889479448019 59.560758085231434 42.039443668622617 47.376687995778475 48.267441793060271 47.861677120285329 47.87025178946147 46.741429341473591 77.289786927214706 42.290681442424876 41.958888455523002 48.428647146650491 47.090822055999247 46.951615500736253 45.83958545513876 45.633145833393286 44.868997076822239 41.894850559190886 42.997159925402414 26.12021981741951 46.055711029182092 43.363602241147696 44.702970419728167 43.912080612307363 43.677044669655615 46.222836782775538 43.808004781257843 27.35620966713217 36.159272517698078 48.713542360007473 44.288236028783992 47.375834291251614 42.753423417554124 41.13562885989095 44.33630038368716 49.393303965705627 48.81058538960373 47.170139962326125 47.500249461066574 50.17650401663554 48.264876229166909 42.459271759634731 67.320548129880933 48.265693498557276 48.110463658759407 49.383952312111418 48.493040983931472 51.313700310993816 50.560626565837559 73.250029392074595 76.783731455671045 51.461104065288197 50.438791678617456 50.748445548324476 51.675433380448254 56.259019895139602 53.956548608406621 75.362915161877012 74.074625004921558 53.054278910170943 52.146816764882502 53.424106501755311 57.301417685826415 58.380610565953148 59.204092601061355 72.280574019675612 73.949741130157022 51.724633142011569 55.117991900019412 52.537977353216547 58.028530898401826 56.916081854224842 72.923860528801541 75.038001031232454 75.619243253806545 50.218995019931711 53.498016196793643 52.762595757766753 74.267392768500244 77.586056249991543 87.323687739046264 78.496861386466634 90.921126762292928 61.609196720633328 58.967210042653498 55.132189266431553 85.963068919036715 86.315888990682836 82.166242362226939 89.0419217615474 90.390434191816468 61.774817444146542 57.01336233582564 83.481468939535901 84.892995988264374 85.754837776192218 87.408268843961437 81.649640567494146 127.16973918778605 71.350107791377056 70.223596282571236 84.503803464463388 82.787643892358361 86.621953514089654 88.458687569909316 92.492109771256423 92.860585801109551 81.172512533001608 78.577773810129557 82.193273367457948 84.431018010068144 87.646451140455923 86.955521160712337 88.00558657068656 93.990526072897069 82.221952620474724 84.071356695429429 85.168094069059364 86.397253312825143 87.467940165241927 88.872279053241854 90.068359554870725 90.844721371120713 81.220452607600862 83.464185337108489 85.190953484820056 87.085476877966983 88.259368520681576 88.430261221978327 91.350856249226055 91.733320889855506 84.902297126391971 86.042787833333108 86.753914685421137 87.90524364814091 89.007543837592081 89.223846421502202 90.986620056261089 92.285334121298916 85.039806311002835 85.480880993811567 87.4908749770253 88.589252126714655 90.047385321017231 89.984385697745381 90.545118311495912 93.290287846830068 86.286164092819277 86.226412882496845 88.48103691495875 89.445935612875871 90.478979847730926 90.191446103053821 91.474152141001639 94.326392016302108 85.241048366231567 87.324858073791361 88.003980842894066 89.231946190324805 89.383786494036983 91.902344123053311 91.394963020756009 91.413704098405475


# name: v
# type: matrix
# rows: 2
# columns: 320
 1.3579693284185725 -0.080839301678312186 0.53032800545321557 -2.3617106020879088 -1.6241499902106902 -0.50751785763499069 -1.8210548566063163 -2.1848560259870178 -0.95881220826550484 -0.62397535907694635 0.22662350850882629 -1.1615065907231239 -1.9680004395329511 -1.5430223185429133 -1.4879214018759206 0.44501937770521555 0.42560800072320937 -0.62138538694916134 -2.2665213527974601 -0.3888531094395149 -0.68208248090908008 0.94358761696976334 -0.50277718158382678 1.8465261032981128 3.4967374173864014 0.18963793975630527 2.826263132521734 1.1313036246855084 -2.7174364516993479 0.85733292491743862 3.150611303468311 -0.42787554522101295 1.3068773448378981 0.72850601509876767 0.69646577101034168 1.9860353239657162 3.7750198341535866 1.2871375217879975 2.6648687641497704 2.982571254148433 0.73894982670303488 2.8786670240311159 -0.53448454850155525 0.73215920978614535 1.2265159667826544 1.3743260842214069 -1.1201966291803696 0.82451080554486778 0.55155001035468998 0.94723202772584636 -1.6024256849271135 -1.4800998793874869 1.0917872715040053 2.6277194371885599 0.16656941179578119 3.7662960276209159 0.33256371169569898 3.0598958397143985 0.24481378182291458 2.5354860745056489 -1.3360903439868703 2.5387059136122843 1.8359025673564471 1.0164334579634475 -0.73777171179770829 -2.8886803650201895 -3.4303016047105328 -2.5555409142093808 -2.6896229176476139 -0.37148587509125697 -2.452051927450511 -4.8083481724781443 -0.54309432226308318 -2.164664735697039 -0.34066368403110037 -0.2146614335798607 -3.0034015093063493 0.73691922066949722 -0.73287348670747299 -2.8068433262313728 -2.5327916929811907 -1.397014136460081 -2.360326876883641 0.27502807393736678 -2.75632031677045 -0.37366428248295164 -1.9216023553698571 -2.9400702215180439 -2.7173575086011446 -2.1647589774023634 0.13054572125650571 -2.0814988256748523 -1.0538237011940814 -2.086356982185376 -1.3692574567611107 -2.1744430450135601 -1.706324422538499 0.19912481793104136 -0.70708636306029038 1.0817597021230096 -1.5229986111699645 -1.1872063224389269 1.1194251189117943 -2.6283113848660622 -3.1040528349719994 -2.1360586683963332 -0.9344920102312102 -2.8915424036176018 -1.05348101668304 0.4247747380368419 -0.99497173146651963 -0.79396773658314801 -0.94628530787158804 -1.2865240889035632 -1.1865525932158847 -2.1555158486712975 0.57964059926057465 -0.59034275198464259 -1.1356253580639231 0.48875079488879186 -3.4225803236476775 0.75444519497875728 -0.77530063432403307 -1.7613935090247959 -0.37678220613482299 -3.1120219975931387 -3.4847812430706386 -2.2074106161872837 -0.011884259673210896 -1.034016048714667 -1.8277831053123113 -2.9649968802050592 0.01222332763421588 1.7066960700571021 -0.70256821473477149 -3.7204681385799026 -0.9672428617993506 -0.64435634434653055 -2.5544330943959817 -2.9235448428566135 -1.0249716931624027 -2.8368265205104346 -2.3873223515979367 -3.1420302346738094 -0.65975531993411096 -0.11981002160324325 -4.8467265032954012 -0.72385405180847839 -2.0798986114816351 -1.2432172568784547 -3.6786496981317911 -3.1623978991429897 -2.1872239302823737 -0.70872786613591388 1.3517288208831537 -1.3258231745911706 -0.3277213570087662 -0.35280418599904095 -0.91553894821569615 -3.3701268191478833 -1.5831129585733708 1.0681244482512495 2.4168991019930046 0.088235968801352857 -0.61754186843460357 -0.97819514451816936 -3.3031472952571033 -2.295575925383138 -1.2519191986285201 0.34134324557549778 -1.7640255846010275 -0.88111129886250028 -2.919651977905914 -0.92863732706697455 -2.5533426639476078 -3.3054583582407155 0.2110435823569439 0.74025373608080691 -2.9726712486894633 -0.52080295119833198 -2.6151389991973049 -3.0020222030841777 -1.4411223251315015 1.184563940702748 -0.94249663434217712 1.9063454546835059 2.0768046549721042 -1.4000076392171894 0.2055507796978312 0.96472459992105308 -0.89984666976802974 -0.39094768498406951 1.2841876401412315 -1.407948437679265 0.63715732696104299 0.73125907409957236 0.2522150215279636 1.4217016105501052 0.9259881844467065 -1.6625058256736147 2.0676437469656506 0.17770829212646741 3.4699327105673001 1.2212349388415982 0.77863805430243438 1.542114754398072 -0.036658665892689499 2.7204611018459381 -1.3864106414609734 0.38389664743824364 -2.0610617389227688 -1.0580170775373892 -0.44591930788521844 0.40683787499517149 1.213999010232123 2.6866891591869182 0.34749968165864731 1.5616719011256974 2.0731057981483496 -2.2672130928560534 0.7324666778263097 -0.065187682203332847 1.365799827947817 -3.385834466479047 -1.0185834092898576 -0.18334840518302062 1.8627931340554229 0.53318782567567635 0.61756250475178653 1.5989347581502455 0.81340478024977569 0.20390187507227717 2.2728166734052841 -0.34041386755942682 -0.46630087815221088 0.81081976983244963 -0.40881997093463646 0.83673206584589088 2.3709480298364309 1.6087915277001412 1.0277894578856557 -1.1072513887124782 0.88097130952205283 2.7042189092020608 4.2308823225454297 0.38924476863974028 0.52443424831259122 2.4669655922742444 -0.030361125893152485 0.95059468929060809 1.7047946633027464 0.32555105124088773 0.79682237775986886 3.3964169416194898 -0.31582328264754528 -1.1396072695747648 1.1407457323678047 2.2572800771383119 0.87507178610815117 2.5679810738520708 4.6693031606613795 -0.17724059277076398 2.9066976945819896 2.2816339121269196 2.0403295027576647 0.88167391345715806 2.7181536460914857 1.5917685710555021 2.3886378630124669 2.6217235747246321 2.4435053953332742 0.48647821734328728 2.615598282416185 1.9133156710177857 -1.8696490101804695 1.1972533638055767 1.5365648904309561 -0.39688947158275834 2.7628805323437553 1.6511839808787019 2.4039826415544381 1.6739104064918444 1.0584859047363513 1.8621095091296238 2.0426842750614433 1.958784611445507 -0.11010076271120617 0.53782471327203951 0.72615668073520045 2.8071844176519916 0.0012315264413179511 1.3067772877784427 1.8115979221115146 1.405729355456345 1.8098953373810824 1.1059223726235372 2.6072999178518619 0.074987521744396796 0.82633162677490102 3.7492366137306159 0.86015411866626645 0.49069609359530542 -0.56398670080150326 1.6334441424172279 1.8734856472024186 0.68258333753455525 2.8977877172022235 4.0301092581871476 1.9634610468808449 1.6362961374684759 0.14688924882396781 1.3853845581420006 0.39158766988569937 0.69604047645992184 2.5199660260937931 1.1630623182183839 -0.43974165168079726 1.110585020447215 2.54802414621656 0.076991625453064871
 -6.3445512990119379 -2.0264618123955955 -3.537958464380774 3.1959294126884794 -1.017999405516284 -3.1660023734400347 3.3328461420617659 0.29108599795669898 -7.2071278685892457 -4.5400459979297505 -0.84345716776454993 -1.4321904767302762 -1.2781603740864103 -0.34091201595885706 -2.1084781360775988 0.73614053066888985 -5.1208564579386469 -8.6414315379548547 -1.115842629073325 -4.3340020166711106 1.2148328950198815 -1.8144030315024957 0.60845178542170197 -4.1496241792292876 -3.6360312767450833 -1.9360448762617062 -2.1901984524702338 -1.3688265063269536 -4.0315258617991638 -1.2914982545220419 -1.378933308799507 -1.4730899653908947 -2.9486840324280061 -3.6114029574841284 -2.6848807904870395 -3.0827662407668845 -1.0968794010597727 -1.0419019686820614 -1.5110322613812011 -4.0245759854473766 -0.80161033922687475 -3.4048798888550582 -3.408143096698284 -4.3372797853892253 -0.40712876126689512 -1.809978693236197 -0.58753652816521373 0.82106648593812648 -0.8958426891418394 -4.3217300439145747 -2.6065023256987407 -0.095679148073020401 -1.9876774176188745 -2.039496499691853 -0.39168443610906434 -0.41182703436251972 -4.1760932439337211 -2.0109783092329363 -1.2163404023609059 1.2632378750514144 1.8437004708491427 -0.66236770825439106 -1.0150460385486972 -2.9925584588867613 0.46290705360179935 0.013111350561740863 -0.81660160656489755 -0.70265671128496998 -2.4229561295818165 -0.51095475096830134 -2.6303361663946965 1.2975106343904557 0.494056137466033 -2.5274160765211309 -0.14620594565461115 0.32483034735827865 -0.026301638103274336 -1.7539961894297258 -1.0452999077563545 -0.81565043518642277 -0.87169538748566677 -2.0515726747990062 0.99038430437569791 0.91372613441442785 -1.7359954617756765 1.0931444340150409 -0.56048749235131445 -0.51145297535688816 -0.92610560860101399 -0.85737140135051049 -0.91863507263587163 -0.76887617534443931 -1.0229980566963781 -2.5743151868079837 -1.7390571033984783 -3.2967749476524104 -2.4090465493059297 0.66841920606852423 -0.19941955000439837 -0.19785945653322534 1.0893069081553748 -3.2714684275119814 -0.33033838646183245 0.90728737316633101 -0.16248916417124357 -5.4571089872791863 -0.44555847102710572 -1.0178265704761351 1.4151210019044218 0.56839788751441633 -0.54923175815998981 -0.62702621789906343 -0.76975281274602336 1.8618070645579092 -2.3154599321165259 -2.4209279758669449 -1.0209324263569055 -0.28501761675983761 1.0509171223586418 -1.0877987186255405 -1.9312257384240192 -0.34613009001438738 -1.2131740064398195 0.16316195885464627 -0.58563794594980578 -0.95023325477286158 -2.0792997282086532 -2.3851985854431268 -4.0090708362717073 -0.59992362122558052 -0.7645109814175538 -3.2879343997816299 0.35705687162191652 -1.019166851434403 0.20059838631603719 4.3522277912462197 -4.212758300043105 -0.99670956218870488 -0.18359642337817672 -1.1505221933904082 0.7155386983182237 1.7253159936282121 -1.6103181870027514 1.5120815234880927 -8.0927107488620607 -5.057332088255321 -2.1854620932361311 -2.5485900938425243 -0.067479648202411729 -0.93122846950481142 -4.0179124133071706 4.8257535615652065 -5.5639212377759453 -5.0078508770340573 -5.3451160105441202 -2.9597238399609842 -2.4973373701536792 -2.0946429482284206 -4.8047683630626112 -7.279269931749182 -3.9397974741743798 -3.0196567888860533 -3.1093649966080243 -5.0292698149015571 -6.3136668410123269 -1.8363614843087039 -5.7144173539339489 -5.9189083029151055 -5.6044322387117687 -4.7927168090306367 -3.4881389537866148 -6.2904767632566161 -5.107636272475343 -6.9140101322126064 -5.1918192459917938 -7.2047511511065681 -7.1656793338955946 -4.1162777841024418 -6.7789926348782963 -6.5738229744227867 -2.8908096274966706 -3.6967739229417851 -5.8967905282757149 -5.2318936315573916 -7.4325472752952706 -5.9957003488919911 -3.7366524548946822 -7.383807619270117 -4.8167035196110195 -4.7236721662809114 -4.9639588206728833 -6.3898799909160164 0.013497606771650822 -2.4102989010128093 -2.7561519076499996 -4.6028850831647397 -6.8571582888277289 -3.9327983364317931 -6.5093544091306157 -3.0948425342618893 -6.332003410929258 -5.6998886696556408 -3.8131476397850075 -4.9663368855439032 -3.967323712846329 -5.2006688916346473 -3.8677600212792944 -2.938883924778088 -3.0244413308192288 -3.2695218041243068 -2.9492429575908772 -6.2120925533027949 -3.760165600586288 -5.3170856908268993 1.4464802115237563 -0.22941911051100605 -4.2269648998613727 -4.0457868779549777 -5.3500184901501155 -4.9942378072563267 -6.6951856984656093 -7.0353733323847498 -2.729655475409162 -2.9648499789533767 -2.974312164983806 -4.003321176956578 -3.5022332243872376 -4.7098179380657781 -2.3779059539246115 -1.0612159253811522 -1.526836922895044 -3.1258703280378706 -4.9553758204151475 -5.8851983978340865 -4.47298182384674 -2.0151074280181525 -3.2632818740326877 0.21300841536284448 -2.2640076348816942 -0.16529310024939195 -3.270921782188505 -6.551382042721043 -5.543695286716761 0.76200550686280943 2.9589946924022605 -0.73100988685583868 -0.76340099535030859 -2.1109017780057355 -3.5097734279728603 -4.998712612994078 -1.0571493898792108 -0.13413571429467003 0.28475728004196038 -0.58190797072633371 -4.4588978969251416 4.0361142509800016 -3.0607264019297085 -0.60696950701170882 0.79974354448845453 -0.79418502597686802 -0.20211341647099657 -2.3243271976735969 0.81391538871505309 -0.65534454869217451 -2.382510415082864 -1.072369632113483 1.058394889594314 -0.67117377943249523 -1.3246020439399437 -1.8942200838754613 0.74723226162294809 1.2108153821269978 0.93292492743903155 -1.757193707552801 -1.5194907354967149 1.3552172760493459 0.85354677301087811 -0.31462201492680797 2.2247326715228266 -0.44134414285975371 0.85792875028699844 -1.3204181786550846 -1.712317297946123 -2.0448809772718279 -1.1966741949521815 0.62538489918844153 -0.14211954412050634 1.9706391758220971 -0.9356361439945271 -0.78048308507872832 0.37243258723240152 0.8487392131989433 0.024649779450174721 1.3353922688819213 -1.0484459585509489 -1.9457495074611586 -2.0526017877595715 -0.12163757977747035 -2.2115301281312703 -1.374028110193346 0.10509298435252523 -0.97640320381363355 0.044131038572695624 -1.150899893484403 0.23851705394128361 -1.1424555492075714 -1.5384253508829517 -0.25920727189501158 -0.32310716684540963 -1.0029783063784177 -1.7322060030737392 -0.10952752861234459 -1.4959261947228544 -2.1691322528342503 -1.8223386198231277 0.038054601151557871 -1.0249022539493682 0.03928311267590285 -3.5683941303178157 0.36998237871052947




