# Created by Octave 5.2.0, Fri Apr 02 16:06:46 2021 CEST <br1@br1>
# name: ptcls
# type: scalar struct
# ndims: 2
 1 1
# length: 2
# name: x
# type: matrix
# rows: 2
# columns: 320
 160.93125646555472 87.689954400362183 86.808703075207944 69.162388293816107 90.94194020927678 107.05421392714632 56.654028928637324 75.398432220670372 78.060758464179557 109.97513499448442 92.997225971562457 88.014829298553963 104.97291347966802 105.96816890745637 107.87156904241938 109.38216740274 68.261159391489983 92.61474302335273 90.758586196985107 90.651796460247894 91.904736071542544 149.38938544369779 106.74508018226484 150.52400506569069 145.55286176809904 127.96396915757244 147.43273006758554 146.31394902257699 153.82098619221412 152.66451805203442 141.37921431213564 152.09361137668654 146.29141422287265 122.64520610432587 151.33932770993249 148.44533440061377 149.31166939175765 152.75308579430694 152.82605600245452 151.01282076276129 151.85520551301323 152.21117896264931 145.4496695606712 151.75785947970002 146.79326766816908 156.41321123143476 165.46601683915884 164.71536515091114 149.45294112058218 146.02497569333892 141.13512565007778 150.15159418782471 152.97271745341047 148.39055591716382 165.65458474742962 166.64455667591017 151.39791662043302 162.39540561590442 168.10247793816717 167.66120489464808 164.49203025156248 165.87398233341688 167.33552770594906 164.32138600131438 77.090826769144471 78.331308155449534 76.793863705695614 57.511722055730473 79.049567445521078 77.587136553274348 75.981235879158092 8.9487018188204495 80.103764533284348 78.630737424990357 79.424887337853789 77.952656361355309 80.889717786046688 79.036298114225843 79.716026661552945 76.610184844246504 86.980663925121306 84.237012856042469 82.060223867822984 80.134180955336575 80.583308778847751 80.535584826577917 82.133204655690761 79.937275725998902 87.722038851142727 85.830376914967701 83.292331254659999 81.445540244451252 81.730722157261411 81.206330522114484 81.710842650808885 82.252103855791518 109.26177944781388 88.391904426368555 86.651534482586939 82.450102409757719 82.351421632137217 82.747950785055806 83.204050072467723 84.479688411830722 88.196494410488455 89.987781689134138 88.660561537600614 82.772365160558806 83.537587033981353 83.917038639639713 82.829836092175768 85.051059983243704 87.40751857062088 89.381417215485371 91.766672532551908 86.262671191917946 83.984118996617866 86.050964078907612 99.827548312352604 83.698788995961749 88.758186071772343 90.594978231808682 90.255920486477109 88.300340305308836 85.160155413225752 84.289302464870531 84.777540571199381 87.389905294693889 114.65000705602878 89.469228172736223 87.07429407790832 89.840328219318025 85.717675062989599 84.6042998142767 87.289249723506245 57.838517990935181 84.521585245505122 85.348254157687137 90.468932197810986 99.494619960680581 91.52474410404372 87.457416621367457 85.332880242919458 54.153322589346828 133.56548483775413 113.52881262676922 61.363635951642777 89.498068237426921 88.32937072690747 91.508429905425558 86.345244812688591 58.17992689320581 156.71798445956182 121.91158103995501 126.03141868520497 84.188973237812689 90.492313022253256 89.556372751726357 104.75443789726786 69.465023793434966 114.94227216010593 120.74281681519858 126.94621649826978 115.61594758084016 89.93271199347214 88.333895419099093 78.897980396469606 87.919301131577555 114.07374845125811 116.38612995855136 116.69502857695194 89.380470714931931 69.422901801751806 68.404671458824836 97.624878571525386 86.63031828855361 116.65856032449051 108.79486093901063 106.00576515404157 87.662814330367979 99.527650148728682 108.85345919913372 115.82532394131334 101.60118483505694 95.490144047887057 161.17620771372714 135.36237245465421 88.963277422630796 145.97250730194841 77.73301575070451 79.100303339431463 87.6372488531523 136.00255483162604 138.3440460454635 157.92912364632892 145.20978088105284 144.47753066828469 143.07209193947759 125.90589574203014 128.21344089669327 133.75667081629166 135.23407706509508 143.38467599204711 146.97513478596676 143.25291120590546 144.37428981078051 147.32034110117215 147.15831240324363 136.25848443448703 134.36710340801113 138.86114344868543 142.5904448398627 142.3145317383125 131.17439155872376 146.55383300169194 151.80222588187593 140.13404455430782 130.97750491881985 140.23743334502279 132.51914974133794 134.75060049076399 123.02334599639939 150.48141225766236 144.51492696022262 127.00556226977491 135.62298998150266 142.088550404556 130.55577759182998 157.86215827207002 150.62156429413741 151.02575905680226 148.48334888794398 174.33727275991706 132.76524257076019 141.15665258617489 146.65448909661848 152.51061415368528 161.64254952614377 158.76216821079962 166.71608664397823 143.16738609103916 115.44325313170469 130.93964192188437 162.68501339872233 163.57544675483126 152.97141243737425 164.66522695861002 165.70731584672447 143.84833612841538 134.34948871698717 162.53036919678161 163.67157661956591 163.76842186138808 161.53278555718424 150.88021001947817 113.1744397187714 168.25149204375529 169.39223416174434 120.1569665604078 169.32655657225479 165.43847744038553 163.48232965100743 165.25999734945751 167.67613932942865 163.15654172749797 157.93007431337361 159.55187343168441 165.98424757543404 166.67121325565896 162.57903464687851 164.49135289409278 166.74785469972957 164.75220483791497 168.61641627563145 167.54689626475962 165.33346321513713 166.63241817600957 167.00056985557876 167.97414691936635 163.20675053000025 164.58694071564707 173.48909748529999 169.96373259210998 169.10254939039552 167.84618232868181 169.07520713907365 166.69266135349645 167.89681862617377 171.13518337265589 170.09101142944107 170.1122071275598 169.16079782236511 170.19391315259244 169.01096214991136 168.7241631709571 174.35008226167164 171.31435969162919 171.30534762974045 171.35120662054132 170.26640341271894 169.6722316534632 168.8632164017173 173.55197196996457 167.66266170579513 174.34036168570236 172.29104778793035 172.38654807713087 172.21657813619851 174.75874308484811 170.93042729026314 172.18423515603354 163.79883457355152 174.73037891801292 173.56666949877444 173.27568102547079 171.31686786138872 174.09138413312326 173.94788049737249 172.85899819028867 174.899696518577
 35.7770734927091 66.181374388430143 76.071529515705635 163.9264874574225 56.716170811434075 76.24975727108361 178.54660152945183 104.78440780478714 4.57970589353216 8.0876226974814927 57.057903306003411 76.448508106649385 83.95417323694798 75.821153474047946 75.324846080606704 79.0701978039572 13.52039844896124 5.3418298676906764 61.130174332715505 57.807199284086643 57.346027251235924 49.681142308299151 75.020979143208038 49.874193061588983 46.233650876625795 53.661798049904284 46.978580839829917 68.061626054259008 49.110594787466034 50.617181171463024 54.144092001741349 51.596135746935119 43.828698105761731 31.989160735564191 48.901203633216404 48.961787580275114 48.260693691879602 49.482140887497771 48.244307031469368 50.911336613134431 47.661122652427565 44.66186233133805 44.460142514181939 50.139471214712628 49.201633928918625 45.239576447703307 85.354660828984834 86.081788714366994 47.216261171075203 47.249700815605983 47.023453487785574 48.855118958506949 45.616338439436603 47.766455538578604 87.083699720827823 85.82468536551896 46.770370937152094 50.446238935260865 81.622673024660855 87.665146575359401 87.135076648234346 83.264927877136657 89.074151418603364 85.026459056338439 76.561969610238251 76.093173887234173 77.869989228187663 75.469616731955668 79.048494819009349 78.578301361883348 76.881402862564514 121.32398525439807 74.582883481975529 74.902329536387811 75.810660248846105 77.54638033658928 77.600456908871422 76.883726760130656 77.94524433684667 79.085570414113263 74.297242556334908 74.446815663491236 73.419181168491946 76.631152489588743 75.585276413798894 78.744966787334775 77.794862693590787 79.670651710976799 73.457211767068429 74.028181068616348 73.85656075121554 74.344826728695722 75.559210136292123 76.508688578053793 78.86753804344535 79.787387648152134 75.169247791381366 77.761721026132307 73.274620084928088 74.573693985526617 76.681568332484602 81.47569777683924 77.866986415335177 80.771582657441598 59.763890503939471 51.498096695758342 75.556891777763767 75.615214334924758 76.52253022289463 78.644132166771286 78.800583296366426 78.34040105394557 58.898095660694075 76.42511686932319 61.064022864678705 75.135773486754459 75.543700154113068 78.155685892861584 100.65595358919633 79.732643873970773 57.137001617498854 55.629604069033569 60.118791439000226 74.502421356432208 75.067544896267506 77.576608441114615 79.396161152080651 78.553682631224547 52.081316281652015 58.539494818736095 59.937402769005018 57.208609211648955 76.062111546402278 76.488585413953629 77.374595773694992 178.53061322933374 29.056715294871434 29.995963864780553 50.482355222604923 57.914777226026644 59.570263292437993 75.261908456513083 77.267570161913255 133.7062431117667 8.3790361366248973 16.576066324897422 42.300238520884491 50.011100273450957 61.358561642810777 58.373819740428644 77.037062740932825 177.48733519843955 23.139192530384285 6.596110118796326 27.485108117102431 30.223281658540301 59.002129552664535 56.167776917959948 24.494966937309336 14.144900899294527 18.343535940044621 6.6629958056446279 5.243576651514684 16.080249362028642 3.9970216875006863 58.350275726530569 3.6425677803956229 2.5418136861679903 19.472509265755662 15.054546765818319 16.259226097464939 2.9189533515828492 15.788452600615845 14.628224509073556 16.598740363075827 2.3147866068524325 26.377814099668434 11.379354206855259 9.8852257118836508 0.39870260867520113 0.60743011040796735 8.3310228775012316 0.072566400471840986 4.9954944661210838 66.947017525779614 39.986121913228637 5.4460420747494664 1.7871481970454355 1.1150907516268702 3.488936203469565 4.7104271695774704 1.5805618153632419 4.6369015517677212 4.7038986877302511 9.9320314427074372 2.6101420332252832 0.88769495008132615 1.9530146699850259 3.562690996554764 55.980106365017548 3.8154946530126255 3.0299124448479451 4.574143815343767 1.4508894410510089 0.49385551162238273 4.0678983003811151 44.28491702974479 48.046693727632956 2.2474601864498269 6.021201594494439 1.3134374771431589 3.9103096541534992 1.1196496023844151 5.5014924997183963 45.061346445624736 45.756527448809138 1.8796729446552061 3.7011537425035215 0.4213156761784998 8.4216042971536016 1.8656356300731929 12.305633311786034 47.828045146440182 46.872652073481767 17.454131980632027 1.1294180319145206 2.4354939595124585 4.7069336842998952 8.7151715435780908 45.935952021877981 44.869459765766223 46.782115332403968 12.714277899343049 3.6142739393349048 1.4974189667862516 46.12599776456625 46.67154126315743 82.604440636870521 42.074564225921947 82.543958886075075 18.090176890599103 23.023713123046154 2.625489781651547 80.908529686381613 82.494265212775346 71.775016911285604 83.08486132989016 82.079575355859319 19.179008105131441 0.34773914671874639 81.940277221230431 81.466358358553407 80.422289142527077 81.148616642541171 51.992399266052622 178.42839017526114 47.530941031567394 47.463024998825048 96.117831119970234 78.34336616174339 79.9800965173458 83.631422095539847 84.256281528924163 84.971776115445607 79.479565378022698 64.958679482304447 71.114275255377819 81.071456136953671 80.187140136595673 83.074532701042912 79.515695923845229 86.883743129437036 80.82009689094582 79.086286989974454 79.486195255617233 78.817308021806298 79.065542506012221 81.293439860021167 82.772646963493884 84.697059090141991 82.009943547021976 81.059326294459538 79.312046003765204 80.062663343013242 80.45103341502805 81.139997637954224 84.561590133064684 83.894321275103522 79.066965543754279 80.70049335143112 81.806213476327258 82.293047489747281 84.161001066955208 83.40737850341894 85.643581474813871 85.971827558772262 80.399284348267628 81.592051351298323 82.647730378512023 82.968943461544001 85.12833940581595 84.454468569633192 85.105988534031624 86.102474755874027 83.047780203533094 81.085596569370225 82.182650845728745 83.248778730314683 77.848201358584291 85.004703016944106 85.142804644873877 103.64885607601275 81.738631206648975 82.159605690752286 83.22626676439036 83.7297299813129 79.75303217926951 84.035011710727062 84.250892619288408 84.932321326366861


# name: v
# type: matrix
# rows: 2
# columns: 320
 4.4388033362693289 -1.5491047806532685 -0.63117606755380362 -2.3617106020879088 -2.7594879567230817 -0.1629644757395321 -1.6103159586595512 -2.1848560259870178 -3.5875384068127709 2.3957189788653475 -3.9969798056147998 -1.6346237704894941 -0.74118715823311598 -0.83501937534804693 0.69613275727330737 0.0054553980679680576 -7.2019450327733576 -4.4819068742017949 -1.6992109177090475 -1.8864792535808643 -0.91076020307330796 2.7065923195052823 -0.10853123663413605 0.92512007789199424 -0.68777460501251697 3.2859364276067784 0.68550967708341193 1.1313036246855084 0.6673157880488354 -0.7161427545865835 0.076597165524798977 -2.2220277517386604 0.74713487416641289 0.95492287514684171 -0.98206774345549741 0.83046702753369539 -0.51775154542633461 1.1957530554378626 2.1803052207231173 1.8739271338797205 0.81537623662435432 1.0771459217906032 2.0264073052227696 0.004483861825115204 1.1234376989812735 1.6961192366017308 -0.65370240941970226 0.59863845543797567 4.4635893536357587 3.0353020915224036 0.56229828007824556 0.14967733525056079 2.7810549301148626 2.0715535270959671 3.0598389058388271 2.5667558826647694 0.37558291177327574 2.5807933735430915 1.2033230752325321 2.6063918160471005 0.11057137191277522 1.8296297227735578 0.7479981493897685 0.72876991272148994 -1.8143242817255905 -0.70983942241523557 -0.55879305522675649 -2.5555409142093808 0.11422012441175315 -1.9913234793471659 -1.0294324058004043 -4.8083481724781443 0.471794179228264 -0.37278331891889482 -4.2536508600917955 -0.80401278458696668 -2.09326882759995 -0.01619321700819315 -2.4031873217211843 0.19704892933110993 -2.7005281309519509 -2.1986229623205515 -2.4554958204093014 -1.0326612095493972 -3.3194080527000454 -0.4489633944893679 1.0321031693268272 -3.1861234882896303 -0.96325490048226436 -2.9560451255753777 -1.4443156586757528 -0.52922544276922634 0.30596359063213502 -2.5906343354022567 -1.7628847551119338 -1.5585186058543008 -0.73138871384049686 -3.4337259828509472 -1.1907962283924696 -2.7898910857955173 -2.6163938087876897 -0.63949959055948347 0.89257172484746439 -2.268884420023852 1.1517153389622401 -1.5733002697906056 -0.32427361276013483 -0.76340416623489027 -1.2819592152986168 -1.6830324066521496 -0.61115457284455765 0.34621601487271753 -2.1049903356469915 -1.8497270090626512 -1.3098426619487897 -3.8420812477644861 1.1673952137921735 1.7411764632720412 -0.98235940944024569 -0.94774084465587904 -0.90713951729013265 -0.6711906900239869 -3.3322928444814344 0.15917978569915986 -1.8447301122376265 -4.6425486498345974 -4.2480016374742329 -1.8016157825682406 0.63942593884555221 -0.68446371083586932 -1.7416048711943404 -0.37559432978673291 -0.55163029934301944 -3.0016552989004137 -0.62086696647008865 -4.2462018388984593 -0.21735144907233431 -2.667407414693403 -0.071883514375150753 -0.26415823193366156 -1.395923027436607 -3.0746092171352424 0.37480095860751694 -3.1420302346738094 -1.6446873580366188 2.7218539464453344 -3.3052369035009281 -1.9152681045152331 -2.2103280720900456 -0.48528608991376027 -2.1759021877749896 -2.8474030967712229 10.35078207216706 1.4815983114840074 2.9794398013476497 -1.5941531167657723 -1.2066060664496607 0.28953320146865946 0.28301216482355873 -4.9081382463461223 0.63120420223810514 3.7311910611940795 -5.3292679042668514 2.2689970880099302 -3.5417321781388802 -4.1905753604306728 -4.9670758732441236 -3.938821058262151 0.88078003862980903 2.0041441268014246 1.8405778777455333 -3.186758230193476 -4.7211742673490011 -8.7778649480016568 -1.1946868770402617 -3.2922199212446541 -0.31910471256220463 -0.86365086495798538 -2.0628606792712292 -4.9847578105804082 -0.00090637047721691994 1.9763701851649227 1.0862742734625994 -2.9642624155779274 -5.7702912516331297 1.9063454546835059 0.18266806567795246 -3.9304358824761594 4.3367148644046543 -7.4070409174136396 -4.3093636411393428 -1.6678560245802734 -3.2355182439962769 1.4209775177271335 4.0897133660830631 4.9938236156917553 3.80672022609967 2.5965383836391527 -4.3957671723992462 -0.30626336089408712 -0.41250360819666909 -1.6703053679665578 0.53479335318081944 3.44672441731139 4.292907876310581 3.1771796262535124 2.2664780882411519 2.1710987047437054 0.9016663436025304 2.2969818865511775 0.75124849654687464 0.8327624219324089 0.37124408835380834 -2.7704473836470198 1.3184549836697761 0.62899427890971527 2.2247446462001497 -3.1290777019895901 4.7974795775557171 -1.4939243471272652 -2.116625078506909 -4.0778283734668985 1.6726115371891495 -0.0035888032788298843 -0.92266956557525615 1.0130777095729619 3.1166224564669567 -2.1197775985983078 9.8289545624965058 1.5388688101246426 1.9903361788264897 0.035902102924181674 2.2728166734052841 -2.0074388640096172 3.3190173828538452 -0.096486997398093563 2.3439914026303206 0.44348703986488042 1.6039025045154522 2.0323840482635251 0.30152826661593229 -3.8653379513087658 1.0749374262578908 1.0168449672532081 3.7668251965253345 0.79445250808365253 3.4313377231306426 -0.79679343687275705 0.6959000653765659 -0.83299267603265548 2.8745995503923005 3.1824736105026301 3.1727339863140211 3.8028111311497979 1.2605577442533564 -1.1396072695747648 2.8125245590726209 0.58550125043350854 -2.100086601167332 1.1129668738332663 0.96785304947768158 1.9334520979080478 1.4274009585683618 1.7935910880326611 1.327712905180076 0.88167391345715806 0.51532177851477956 0.82441154580521714 3.3172412402873563 2.561661979473147 -2.2129733103117872 3.9176070013161417 1.4161172696140647 0.38571891326568603 3.0600200458900559 1.0087960248574892 -0.63518178478728493 3.2954487579767022 1.0128096480822601 1.7223212810913309 3.9841409044974498 1.2938814111520209 4.3347720569858819 0.1848395080144293 2.0429768766909318 -0.09349511686045052 2.0069472595242699 2.2921126439933945 2.6279385827489672 -0.69236527667204517 1.7908343058374165 1.9461851039955389 0.27154639991625174 1.0066552129969768 -0.095911067132986624 0.27818444148436922 2.1484764578758329 3.7723741848376058 -0.1593038474469573 0.59886051277308716 0.87178475929796617 1.7480314339882481 1.8398990612365416 1.25932528715674 1.0484598212532694 2.1659604763099374 0.93397472146364791 0.53732754062424992 1.7931171022741168 -0.099587976496323727 2.7646436099256846 1.0795806053282941 0.52662860213666041 3.2571917800359422 0.05973116636913859 1.6399080857334671 -0.47397191534392147 1.3724974019906921 2.6536089417667008 3.355096664802657
 5.5987895625229687 -1.117490105380994 -1.2658299352936038 3.1959294126884794 -1.50799603880719 -0.40666928078563191 4.2787725352723696 0.29108599795669898 2.3577742381555806 1.2717254939645855 -0.98854149896525645 -0.92238611953383787 -0.81039780598378297 -2.7817395710026691 0.38833307033386616 -0.11200043242230964 1.7798550013018501 1.0634697339613519 -3.1968613969140054 -0.95567005951552397 -0.76846061794628584 -2.0036124095795138 -2.5184726057767173 -1.2794812306317449 -1.1878566000697068 -1.6922543698495998 -2.2396004092185247 -1.3688265063269536 -3.8251805783755306 -0.98888609585068066 -1.8863316855641648 -3.7881716226264186 -0.85951009727858252 -1.3575735504779309 -4.3570008306071673 -1.8113687786776378 -0.19595913760832817 -2.025967846120273 -2.6753660312316554 -5.0416005916660582 -2.4430080754038781 -3.2051608807510235 -1.6188195761613815 -1.3367639701652736 -1.0626281787219969 -3.0630822844400307 0.26333952637528468 -0.28889436694395765 -1.8476454629840819 -1.6310743825804497 -1.511915700213561 -0.253556088606126 -2.6648181682049974 -3.2509489497260025 -1.2779198749161669 0.4652043489766291 -2.0946969295429745 -2.8624243468958199 -2.4691960994956874 -1.8974436012789626 -1.0723977972406979 0.10843398419576912 -2.4016236747001414 -1.2683214412439778 -0.36998619760574813 0.98656007698347048 -0.2571755811949098 -0.70265671128496998 -0.85293818190866511 -0.77879974619513603 -0.44354372207820653 1.2975106343904557 -1.6754165080161423 -3.2728153038361132 0.86366000815568977 1.2996655425642618 -0.44364134889200202 -0.4270198858897602 2.0710283700499623 -2.8461340389694341 -1.7251263782734625 -2.0327790931526546 -1.4089203813848177 0.82240074961197218 -1.3135696936597736 -1.179199481466908 -2.7392641693138637 -2.0633628333976302 0.72820839180795893 -1.6133283750373166 -1.813127988801746 -0.52515996374392082 -2.6044642225889976 0.2407112011006903 -2.0316374770925112 -1.8745535861514153 -1.611721095053624 0.57174537023624339 -1.1848567966717241 0.35776860517896486 0.38766981142978169 -1.1892583206956073 1.5661567124763613 0.76430545112629211 -0.3181211319722933 -2.8912642030964788 1.1696050347123412 -1.0913650632350687 -1.5626862118637654 -2.5805594851453924 -0.81297424615001534 -0.66538228082851369 -2.9837392857882161 -0.36511898142961868 -1.3974616927473305 -0.55569832561992194 -2.2321700741992196 -3.6931284473894315 1.4511542305423721 -1.1082437063274837 -0.60243717001189934 -3.0088416305454575 -0.92056155007958107 0.34669678115666192 -2.050316364136799 -0.17676117257882334 -1.4696776878875357 0.44728279380633479 -1.4985947257817349 0.17313505427723078 -0.35615331494574476 -1.4953074028503242 -3.1371838192626962 -0.86524463426926457 0.89689596310544595 3.8881262479818699 -3.6320132990928133 -1.054670965413995 -1.438685622260919 -1.2143987563600565 -4.2110775718933686 -0.89223418231993534 0.69217279596198678 1.5120815234880927 1.5182435578278801 2.0369800748111615 -1.9440862629784657 -1.03114617092927 -2.5613718208914715 -2.3694041399810888 -0.77823713983119958 4.3439287116189904 4.0790060925250726 1.479678185146827 5.6950017758415452 -3.7238832679436489 0.5875534077824982 -1.3080489601768899 3.9756514192921975 2.0173866377970562 3.6915444886454805 1.5322999961712087 2.920121559627141 3.3919929309488199 0.48340646311362284 -0.00097279426095643259 -0.54274334137023217 -0.35739864064622184 2.4803334335860092 5.1797105309822395 1.9123685399109107 -0.54936934282990701 2.5369903076404015 4.3879688774496124 2.9453708658843212 -0.25193255734209552 -2.6530697814681132 2.182676113160066 0.45209373950366916 -0.80240662114944228 3.6971050442258657 0.56277919206013016 -0.093875694251633293 -1.5223548241135887 7.2161940694279778 5.9957003488919911 0.26012577267951886 1.2538209991970286 2.2845222887955394 -0.54634975942640585 0.78168733098526566 1.1614338279473069 2.5600767644283948 2.5211577226642867 9.4976485352995965 0.033181634762840154 -0.0013745644522652977 0.17724902717978408 1.9650986988378918 4.1913554949612486 2.4818789288724412 2.6095280557886595 4.0467599239764747 0.20925789176509835 -2.5594519107295661 2.5543595998642377 -0.6059961148571531 -3.3629945308517444 1.4374843318604438 -2.0424227729188957 1.9316983738378464 1.235333409013248 0.078361153118124166 0.67734788822762104 -3.078734399924687 -2.4248525154438259 0.3421098346799375 -0.074810366047638355 -3.2284957770315637 5.3950439903554361 2.5637612574325521 5.440488455974358 -2.8498339117409688 -3.7164942659357476 -2.5976670930922872 0.44770305441097286 3.5096895639083905 2.4425033077881837 1.3878113034063051 -1.529499386411554 -1.9012990591633392 -4.424581305838287 4.9553758204151475 0.91851056345589621 0.89533089799356991 -1.4352595224390798 -2.6572737549328229 0.66574096136145111 -4.0373863935836658 1.3583891843870419 -4.0606959664201474 3.6190648965486725 0.53226265044352705 0.28601700620241155 2.3822883254112912 -0.81940030315974965 -1.0650889473238876 -0.9184538960530042 -2.7199992437411811 -1.8706274312277646 0.31905539304562758 -0.19917133964467282 -1.5554028637740642 -0.41101755389092959 -2.6217094616416556 4.0361142509800016 -2.5665566491953644 -1.1011392597460712 0.86357808203941411 -0.29515358656340374 2.5409055718495326 -1.4193542197586306 -1.1435140340883558 -2.1823606179156214 -0.64351316140484893 -1.072369632113483 -1.9795123299974435 -0.74780274982889894 0.73064140968234814 -0.31479594020856155 -0.81362457056063431 -0.57247625662465107 -0.77653700553750948 -0.98966744706691601 -1.0639391584189895 1.3681834184835808 0.12886283774877516 -3.5779992135104681 -1.0150890175375686 -0.84359680177746488 -3.3023655233735516 -0.7956057365902286 -1.2705879361875101 -2.0866713248103723 -2.0746835193140543 1.4682629089034691 -2.1437866329965005 0.29089102027277985 -0.51764238103367022 0.60428297920340868 0.69858370948557047 0.45592178348080448 0.46627886308745559 -0.90994074231542932 1.3911587205954636 -2.4422233819873629 -2.1182945996217821 -0.11580277674178822 -2.5774501953982267 -2.0884563189066045 0.20955689009975909 1.3815954463811806 -0.02679409421732324 2.4729298850299348 -0.17002421848084287 0.83381882145785624 -2.4576069727071412 -0.67435187348117953 -0.28361207558521151 -1.4375731714301234 0.65355110883119949 0.86129832952167451 0.072824699286877223 -0.5121214708256947 -0.22170420375789252 0.6597906646336299 -0.15873444744611723 1.1197480969182312 -0.52120828683704956 0.51818468834381981




