# Created by Octave 5.2.0, Fri Apr 02 16:05:17 2021 CEST <br1@br1>
# name: ptcls
# type: scalar struct
# ndims: 2
 1 1
# length: 2
# name: x
# type: matrix
# rows: 2
# columns: 320
 133.5616043640739 98.611143103969113 96.834027708684772 85.812448038535777 101.47916064149608 110.40974660809948 77.19436926597389 90.801667203888059 105.37865258665062 112.04682035285659 102.26731371925563 97.649462583263912 110.19828294520389 111.12091369779252 109.21586487751512 110.28761228997128 105.86604953995014 107.34965809182978 101.04991731953746 102.53544432803596 103.59701093218915 141.94972972685284 109.9485690928266 141.04615207406201 140.36773211515165 125.57361253208254 141.4865824970951 138.33825846854 144.33723456825732 144.58913782984004 140.31614897244881 146.84296843011489 139.03353634301814 120.05870936267584 143.52838370214624 140.75902712690007 141.82924985287249 142.81208623266127 144.39591877518367 145.13571501845934 142.81703129680912 145.59002066688865 137.9162660317931 143.74843040877471 141.22366257867992 145.34218756814624 154.84280439257992 154.04639906002859 142.04734871971806 140.33745374310959 139.60245848945826 142.56441886509222 143.12451630191367 141.42726380411921 155.18833301770479 155.91798193934008 142.67654768741781 144.84103296965586 157.30317031866113 154.11383754249962 153.02372793994596 155.79842900829891 155.86545545311611 155.14735897255056 86.077842328564131 88.287502357584472 87.176496721404959 75.528285500911267 87.767931356748818 86.953098278175688 86.261660812729076 42.847556434792693 90.822254710003264 89.811103618731892 89.042497754362657 87.963931483792592 89.933700900709084 89.028235367472277 88.842299727145985 85.93476444107344 95.480804243850102 93.31894443850635 92.49445868928531 90.091458956371469 91.168931403566503 89.867908263601763 91.431774340252034 88.985702839241029 95.485319953899165 94.428744252449619 93.733586149520534 91.642793655690284 92.100603903500854 91.004248408440901 90.78861147518198 89.793685673441047 103.31129764948925 99.119310110116217 94.306703616933163 92.66746349914952 92.080322142777405 92.06818533045454 92.820789008309035 92.991893352398705 98.786931958350152 99.828774391167727 97.983419222758627 93.168005308135776 94.250116686955892 93.254262878950911 93.786724654897782 95.058079210106172 97.989311034394532 98.848557130894847 102.08359288855205 95.831833262935262 93.995060055555669 96.464353740598938 106.75318214890416 94.183537034326008 99.498712027035197 99.729665924599189 100.05534647925968 96.547371550849206 94.885738678493766 95.467666079422855 97.495557731771825 98.149255019928916 110.14205418716617 99.374775141302635 99.049288909349698 102.07345764952737 96.041712917827809 95.152462932238194 98.0006984572249 77.788912673315295 94.990008190332617 94.74721354167896 98.919699151484039 105.46819732848213 100.28430364647727 96.914039367630309 96.281859029918579 76.304635743792488 122.83491920944016 108.74857120913134 84.665556121321202 98.203388763284039 100.91937928964734 101.16874037224979 97.150854088227462 79.05183417851029 111.71604565457523 109.76584919524439 111.78708707696893 95.897920371740426 99.887956955876973 100.67868414044474 107.662713243678 103.51346571614884 109.30812128595706 110.83791035874812 110.8002513939701 109.57093112988838 109.51113335895185 100.47206946409328 104.7443702624431 106.99946334476333 110.48384912726152 109.73014229536415 109.45216355127037 108.37348453072902 107.99291898588345 108.34010131000318 104.1168309461126 105.74264112119671 117.8387339438042 108.37030659657056 106.56115447483738 108.62695393049422 107.31253857836747 107.5909210150578 110.68416787409251 107.6867605459538 118.6438679594998 147.73647225821605 137.78936608645884 106.51795242753681 136.27426790753879 104.65792790500062 106.26649372534546 108.57693400333578 138.07817333931263 136.96092905738334 140.03180650377766 136.47167813304711 135.94257776772363 135.30888511975058 133.90321065963388 119.93647505772148 138.00677083522373 139.33312290101605 136.68317868535016 138.26903668965039 135.3051421380224 137.30102989044545 138.29774075011852 141.01134503304738 134.92300179965616 138.01340232775377 137.00080122732271 136.01202407808361 130.07646756795185 132.25005125215912 138.91082936221767 142.54456831079685 135.98098015918265 135.83756950767997 133.50810211983091 131.48004277342432 128.63885525533712 127.81096742808322 141.84865467537853 137.07799063315986 133.5103827070723 132.74675035324239 134.61259705260591 130.03318521201143 129.07736789916572 140.29147313806814 141.6700739352099 142.00086585905976 158.31391521240838 132.35346781680923 133.69021784301711 140.74254429244186 143.2476969035919 151.37472143205085 146.68314231954776 156.54070845271815 139.88495390358517 128.94633223361558 130.55611912421165 150.63924320785961 152.45998092989976 147.37052225536868 154.93889474642569 156.13999706849842 140.09889857532247 131.31881690302899 151.82991081537176 151.09534664011079 154.32110095536558 150.29761093969094 145.88153415341804 121.20867096928222 156.82453503978789 156.86310920869386 134.96257709862908 160.18392332286942 155.06091586997428 153.88775897298166 156.29745475543942 157.50566337061949 155.97978780752277 151.71427322351934 154.21371113815283 153.2374193731585 156.02748957167861 153.17809792342263 154.48681880118409 156.71730366160082 153.70560298315542 157.15033714262296 156.0710654972639 155.22815986275839 156.18524595107255 155.48416623051182 157.59355608997507 155.4455553570817 152.53807131090497 160.77799596314259 159.0889097777663 157.32520628305079 157.77425469300275 156.81630293506313 156.91682193270549 158.10632052350451 159.71333141977985 158.18928573510794 158.81245323761169 158.01445835335292 159.53019592110545 158.37035768935721 159.28777414292915 160.23162785974409 160.66885844526857 158.42999761075859 159.8928502985637 159.02888328740778 160.3781028847462 158.75003020661924 161.40036759774867 157.23055588184866 161.69305806940807 159.6475551516362 161.04142755334198 160.20617366251696 162.78764157600506 161.41822107704888 162.15924430274609 156.18779130597846 161.81572567775899 160.68490315863184 162.2352074659444 160.861080101401 162.67720849127926 163.09545284532982 161.36485451787365 162.96202551754305
 11.690462077283126 74.059679631363551 81.508830624143883 141.3951850979835 66.842735474465002 85.040779753712741 149.49256455238077 102.73225151918389 12.214127505786852 33.072420228070591 69.033496623482478 80.803876008061906 89.667477769132347 86.107328964177526 84.654764885944232 83.871200354360809 10.211189373189896 11.702044104652714 70.316139220699341 66.438650103193766 66.1184322872069 67.681021556276804 86.124102328819788 68.412084280046258 63.286570566878623 67.467000168051513 61.162299745356613 77.711852923871348 64.735521367102351 66.653984619047677 67.535928330208534 69.20080823610455 59.814124088154628 48.519088804330849 66.322365163662312 65.02479365677425 65.979691346824239 68.307191615596111 63.374599971844631 65.572540762798923 65.487984058595458 62.766943373169674 61.693434183156754 67.509599601942227 66.848451433078409 64.359639744355533 90.685929539997133 91.642770625796345 62.14036244521273 61.423357515875807 60.694260859225309 66.738787629265545 62.362342230236493 63.68334138237892 91.787117451088548 90.812551543280634 63.540311995990379 67.813459602683068 86.564896532195178 92.729680862610707 92.098739807048688 88.377414635478715 92.706012940908437 89.569834762876923 79.716997830790476 80.422519762365042 80.407843347362785 80.423346546521643 82.780830764042648 81.777535784318005 80.82341212040113 112.17653528194741 80.934837320414843 80.494382783386101 81.310146926308818 81.573374994273365 83.212834678949051 82.48288222723923 83.643686535812122 82.756212435712698 79.924374303337473 80.073643979697408 80.77230111176172 81.867207847629786 82.55702220198279 84.331581465805783 85.064962257835532 84.859244761398458 78.69535767867815 80.236062185913156 81.129395937640155 81.594561366038874 83.069175290350898 83.838487544218054 85.901028413326031 85.506268957630709 80.506008175960488 81.503562784407947 79.113631831439903 81.763021870432055 84.169189853975624 85.899887861738023 85.066584695716102 86.704908594451098 68.852060506695494 65.245289726813965 79.518726607987503 82.989266772004086 83.577254098262003 84.084562489802508 85.631328245760201 85.318009089526115 68.103367395738502 80.433519456920195 71.057781010834788 81.022039803905642 82.184660348252336 84.495201941733598 90.425316263869703 84.625300310808598 66.524537295807818 64.064011405198912 69.809792478079771 78.972887530196388 81.489291771345876 84.045461015907904 85.006267626291489 82.950091384682139 62.646409098410096 67.97879177327529 70.183723894386233 67.813000407967493 82.199744035539467 82.956258892864142 81.862728178629538 148.565001817839 50.189959358006611 49.120877031499262 63.4592834900361 68.759332176853562 68.63447040647219 80.089677489499422 83.277872864610714 123.04606837117696 28.472026083362969 17.128733237433735 56.006046674878419 64.337670285226196 71.366787825440781 69.203976319418899 82.540496337454925 148.30564974815061 17.426153888201917 17.339472919432257 16.176217127976262 49.259625532462138 70.97319317125023 66.142932017222051 32.413816833926582 11.481731696297777 18.368161786819588 16.599929685681154 15.340608901578186 14.108888335242874 12.867351092782533 67.206264953708839 9.9009267163880015 10.556031643770821 18.110185249535505 16.235892302244473 15.188781374890057 14.605255618377727 9.9825875773886246 11.008288008477461 12.552882279213723 8.9575537354205146 15.11980641842546 15.661166278246252 13.707907054834338 13.39288950226857 14.967812203004215 13.828446481644072 14.177457445082473 12.699121020069246 14.132472381170828 2.2835655464590667 29.363303707944223 12.578302367285946 23.15242519834225 11.039130123676456 11.447061597493533 12.074440808892986 26.01525868130156 27.517976628228457 21.841265116721516 24.190572050117819 27.035627377201422 24.405865143826208 5.6814193480464716 47.216689654179888 27.116375365362909 26.854818714380336 26.292140911311808 24.789185483036583 26.162852492065287 25.309547902929346 60.592420252901917 62.263608491987299 28.655517009543811 28.272149137460421 28.666825977862846 25.438308443847927 25.784725921547423 26.138452103512417 61.948407799305208 61.23328516872462 28.168225020408258 29.271999763231303 27.641691554676061 28.383101447105879 27.18359230556214 28.180676385126866 64.791320951615631 60.761345455634867 35.767684986931897 28.470119164463004 27.269453232494698 26.886703158470347 26.225876104169743 59.155601735737982 59.208639999434865 60.227964911724037 22.221121634584151 27.450693589620819 26.54424639891316 60.216124857259992 64.532762690678567 83.804463830672262 67.913745781550972 87.448089967139197 43.063700049956296 28.288461847166978 27.900748510695042 83.066601916514699 83.806244130714816 77.551789048566974 86.253742435885101 86.08346964643188 42.009386177411827 27.118483774112519 82.823838192779817 82.02429059265539 82.781078783252184 84.080511412923741 66.956046276940114 149.97378470583567 61.027157226714841 59.824064961714626 90.029605641599304 81.605660045526847 83.548829637029442 85.559279464438873 89.644060187430313 89.72293044505129 80.27162995073013 72.518885388695551 80.459170556142439 82.891579668513202 84.262067436846721 84.697400280293152 84.491481020439551 91.829615937643936 81.826175926156523 82.228290317480827 82.94218782444652 81.218792067887648 81.663575694443622 85.157872280365609 87.780873646043077 87.167931868351147 81.914286282697688 82.526500451696222 82.047880490696798 83.687078448199799 84.633066604863643 85.188438169099385 88.655550847722864 88.89810465116534 82.942046888356231 82.728718178930862 85.004147468800483 85.749594859323011 87.220240617472285 87.021375827257657 89.234017454488779 89.814769759669886 83.555854219695519 83.81041675310982 85.418624920573734 86.090757672667834 88.79503919337364 87.976032377404564 89.814233216043348 90.827915352458945 84.253455625701619 84.097186881619436 85.58200252510774 86.427382561685647 84.874531419945924 88.631555087738818 87.692144052472941 97.576702852880942 83.025113230001793 84.606180025637485 85.835898721209404 87.731772136437812 83.80194709423985 86.708801092476193 86.660080455926504 88.388164390483496


# name: v
# type: matrix
# rows: 2
# columns: 320
 1.3579693284185725 -1.5491047806532685 -2.990744843570277 -2.3617106020879088 -1.3028684697281891 0.34632738432623122 -2.5153677033242103 -2.1848560259870178 -3.0312282457056807 -0.62397535907694635 -0.61105881770707815 -0.0044808445363770377 -0.74118715823311598 -2.3449292008796863 0.44492987601769501 -0.075371749028794344 -1.957875138096911 -0.13490885642302142 -0.78215420827357673 -0.9368828907790856 -2.9405596004930419 1.4050645338072902 -0.60306797376906962 0.052070995048208821 -2.1968519473857837 0.18963793975630527 1.9212758925413758 1.1313036246855084 1.0824733921614618 -0.55785157452760104 0.084718932164798741 2.9922749058565721 3.2544136152898053 -1.3252317186069975 4.4388465903721501 3.6531286712187403 1.6430321462519701 0.57081513663372629 -0.31688266400221604 -0.11754129662879903 0.22897356313347764 2.4242260543912102 1.1096321022580926 2.0074869804882649 1.2332983098275354 4.6196036361831903 2.2488485567525909 0.2997982600631266 2.242234624624448 2.6868974472576208 -0.89361901690004764 1.6597269509516581 0.017292425844688347 0.024097431878255946 3.8171077585890441 2.0103570328293952 1.313681235091823 -0.23952389800644669 1.7414879015466977 0.44052593881597374 1.7038907575243516 3.5032957608411039 0.80862717143397334 1.7214550897517997 -2.2295067432938329 -1.8076346033225916 -2.7195638009928862 -2.5555409142093808 -1.1984056761400697 0.26854179167157077 -0.17378791199057214 -4.8083481724781443 -1.8929738494378983 -1.6500825040127631 0.53727980470761005 -1.3120183114262856 -0.66259163232818841 -0.32584525152417515 -1.9464638397788743 -1.3460959518449465 -0.63904090456995366 -1.1594855878869497 -0.43879687032750175 -3.8568600077035486 -0.5599063792783987 -0.35758124991385376 -3.3114546103089553 -1.2146157268222493 -1.256347071046918 -2.2246503978269834 -2.3264920463470515 -0.21427115485810522 -2.1525426621124986 -1.6170056791393441 -0.22511091569553121 -0.39643911749703931 1.0957960171126855 -0.61979513633227812 -2.258450524376399 -1.9237774868856619 -1.9910273553217541 -3.1496646233036789 -1.6997611287383638 0.30531416172966902 -2.3119346940670282 -3.560862524300429 -0.6255006018712107 -2.8832703192855522 -0.39109118752211386 -1.2952467542253663 -2.9835304068835171 -1.3390355562048326 -0.70092011245769703 -0.16945581203462123 -3.618723959020953 -1.2209029832312954 -3.6744243972155268 -0.95902582890087851 -0.98235940944024569 -2.3052824134809096 -0.58115861940583324 -3.8395628640656692 -0.52294370169763749 -1.8844913815326614 -1.5592932478447215 -0.64273229525513553 -1.7146797232358744 -1.438695813610654 0.63942593884555221 0.52236248831389898 -0.80867292909916544 -3.9139662676517504 -2.080980734522432 -2.5826493885619901 -1.8241796963297863 -3.1005953832692437 -2.1498676717323901 -0.93275067459343664 0.34063215108183459 -0.94314333146569318 -0.66679397432465248 -1.4672382615991493 2.4148554441378591 -3.1420302346738094 2.0503194377782759 -0.51960688135070898 -3.3052369035009281 -0.42292611599472218 -1.5746537388691821 -2.4168051311826524 -1.4919568828732128 -3.0879578077357714 -0.88738855657371885 -0.40034110272991891 1.650190841108379 -1.3962936342056897 -0.14308211214914474 -1.1958083522880019 -0.91553894821569615 -4.0953166152002156 -0.24388102351821983 -0.26269354080849328 -3.3170878097554772 -2.4299560634963675 -0.94933872272298325 -1.9986146183204383 -1.4593443987851016 -2.3592506825311563 1.7498902970025176 0.30438330575371281 -0.10050857023848078 -0.80200329544281213 -1.4741257233097034 -0.45627450177658635 -2.9773320514474593 0.19583550151123214 -0.47855989899402862 -1.5697171354043644 -0.0080926746890822299 -0.8679409949949306 -0.74389364827949045 0.84800001980012474 -0.50185759428518029 -1.5853332867926031 -0.25289315299120568 1.9063454546835059 -2.5466115813261152 -2.9891186389802056 1.6469153054196919 -1.2339314430233543 -3.2415692846416708 -0.88914678950804327 0.39254366593471163 0.061113922237713149 2.5327848163482951 0.59684452319740389 -0.29464021738591545 0.20118347865736738 0.9259881844467065 0.39123190803215208 0.098133560576510154 0.85979846117224634 2.7939860949457667 -0.33381666597697768 0.5353923253515932 -2.3021100524014431 -1.2741804573124247 1.2783601172130363 2.335540764891785 0.22873684825279261 -1.2326952695601399 1.3804371719442883 0.18370004116558367 2.4030095904975619 1.2891008635724102 -0.48483245172621903 -0.79616423712053364 -0.019111808979945501 0.55159356239248936 0.06456165739846817 0.45872825715549143 1.9100619087801978 0.65737120667252491 1.42728293218253 -0.92266956557525615 0.31250570515149417 2.9482812707983759 -0.81339574566422079 0.75676672545906265 2.7627821286267098 -1.5920378692525923 -0.46001602499927213 2.2728166734052841 -2.8517323356937654 0.19998702278859556 2.7911062144566152 2.4857108896726077 -0.87310450210331703 1.5746777590431094 2.2977312830589591 0.52561343603065869 -0.42737011567650751 2.5206503731772942 2.6051347240588045 2.150735095100639 0.79445250808365253 0.62371592879505833 1.4311103580754276 0.47181489596184634 0.9761412638633914 0.43424596224694928 2.3482579559301122 2.33353915377874 -0.6778156592271658 -0.54141994498789259 -1.1396072695747648 1.0972500675995094 2.3007757419066106 -2.100086601167332 2.5886793013942504 1.2781564356565702 1.4974785981011818 2.0428696136190161 1.9312134385576187 1.131108009350541 0.88167391345715806 1.5253782611900621 0.93257693722649604 0.42690959782546273 0.53660223046993172 1.3106899919431119 0.49267619067019119 -1.7463080634882302 0.93657322413279076 1.3387960503678067 2.7334146489080275 1.3205851653498952 -0.9098965592782492 1.4883298632441533 1.1095731053820284 2.7039200948378266 0.53637679100933278 2.6319400664047188 1.9349670495395279 3.4315672130440689 -1.0874890683858009 -1.1404541267258759 1.0171439283986741 1.6658093635488793 2.5983803626210071 0.89119740009508519 1.0586297550783585 1.6413823799804139 0.22411306794645861 2.3577251457455586 3.68614048658889 0.57838204744873511 1.9468686495649878 1.2161531974137643 3.3322869136431961 2.9524805906443334 3.4687009649548908 1.6852557531427097 1.5699604900422066 2.1334616084807889 3.6493923549912166 3.0755584299206231 -0.0053890424588095287 1.8285649474638825 2.087646248386767 2.4014320666064815 1.0795806053282941 2.1315849212867048 3.1282427750082245 1.2078054663442657 2.8464842608439254 0.28658792106717457 0.8614707587970436 1.1346172933813863 0.66724408774878374
 -6.3445512990119379 -1.117490105380994 -2.4849927522359478 3.1959294126884794 -3.9383272959561957 -0.42974434953349505 3.6859853679380397 0.29108599795669898 -3.973530080903676 -4.5400459979297505 -2.0491668352365169 -2.09835852390222 -0.81039780598378297 -3.0031740871436061 -0.99029396729639185 -0.84232708119166588 -6.1439954535420354 -4.7355910739408404 -1.656750645842153 1.5120728256034062 -1.6872541465459956 -2.0643237322606454 -1.0067465942711324 -2.7987699162289954 -4.3770312556692019 -1.9360448762617062 -0.13538045986611164 -1.3688265063269536 -1.1671595165368489 -3.0489927955207099 -2.7006431338687258 -1.8558734867429811 -2.6420086800707687 -3.1639465030097749 -2.7569805029759298 0.37932325369927627 -0.067299294746270666 -1.2909592515926327 -2.928607919856256 -4.3392810754721758 0.19812734330306581 -2.9432199901482985 -0.63718007653283082 -2.1694813020105213 -2.6998176299946772 -3.1110705534295726 1.5767750304307586 1.2406691707710036 -2.5666416545663524 -0.71692012557392581 -3.3326207103843961 -1.6505405709848302 -2.1796380493128953 -2.5868178797447419 0.64230037906626491 -2.3721914821080636 -0.61789753363450484 -4.5359674909291021 -1.2606149070918184 -2.8102205808683101 -0.48502164617008231 0.69486523743881334 -1.357972927254909 -2.8240864182856571 -2.3765455761666057 -0.04640894292729169 1.0620307469794892 -0.70265671128496998 -0.21776741641185893 -1.0552734578772092 -0.83821259775698265 1.2975106343904557 -1.5705157540981975 -0.46137624106216851 -1.5206991068986029 1.2699667307691069 0.15230762308645923 0.18524439765351597 0.32837078234681871 -0.7109185491249721 -0.8257774035196116 -0.91585404736193854 1.1122177859751754 -1.5357255367224039 -1.3926110054670384 -1.7556295761419423 -1.0000845454550544 -0.24927516093633079 0.79348815404470829 -0.38862445924290862 -3.5131862513408469 -1.5653068082573636 -0.53495331574905092 -0.25487281696805425 -1.7504421403511028 -0.019000126829482863 -0.76998383527079506 1.0097131019452616 -1.2643187822222199 -1.5422042847226121 -3.7480613213853586 -0.6944742250106527 -1.0703178909571793 -0.55399177766038643 -1.6865414219688915 -3.0001463016510019 -0.073107801230852684 -0.38419190943156456 -2.0619310764541221 -1.101972344260119 -2.8353240722888438 -1.7874339769305432 -1.8288526635012736 2.2808112578350843 -1.9997831231430461 0.27035395959661801 -0.77667614188564293 -1.7362131707502324 1.4511542305423721 0.35348176852222074 -1.7554001600229121 -3.2050702765284469 -1.1115055766452404 -1.5484333397854051 -0.25036918008594633 0.18474336963532212 0.4619347713253239 -0.10863193428666261 -1.4985947257817349 -0.55636771105954352 -3.2304538197932504 -2.0122318284649356 -1.5002625326518955 -0.55967871600881147 -1.7905508703426705 4.5873975074157727 -3.8154253481986373 -3.9900855825961128 -1.2137444849613599 -1.5869886814609546 1.3902467957444733 -3.1207730029484528 0.90869108951884181 1.5120815234880927 -3.5162276711970275 -6.9518023880186224 -1.9440862629784657 -2.6277006294948766 1.2723703356624099 -0.79522422386223002 -1.4607685689846963 4.2374446195194011 -6.2462785672671419 -4.5606522921515218 -6.7796140385000578 -0.60505660165570818 -2.0133951424704297 0.95266419456421525 -4.8047683630626112 -4.1376270344169459 -4.3545829049098748 -5.873969322014724 -4.9753928233552527 -5.923010888827549 -4.1495209240372271 -2.3108734769460133 -3.0567668553269263 -6.8450036289102671 -6.4668300901249731 -6.7176276161113693 -6.2148882518091764 -7.2738119542016069 -7.3939455340207649 -5.1263035398667922 -2.8530873271797188 -4.8991697742603044 8.0684679435673043 -5.2145517369686942 -7.2038482142721953 -7.0334047616909272 -3.0117998583187844 -5.6527565592995099 -6.5018081947746698 -4.2165971169713155 6.6510642121348846 -5.9957003488919911 -3.8184484349957395 -9.3434043217582232 -6.1110714009557725 -3.7773379563031413 -4.4104544239067112 -8.0661664193632241 -2.1268627377189713 -3.1745526008146925 -4.4806091023851753 -4.0710106887119686 -5.3208499171083323 -3.9340651344959481 -6.5093544091306157 -3.5422989887362197 -3.6111652399151 -4.9533245574543683 -2.1415333036732882 -0.80704927972669971 -4.4070760866438619 -6.6042897520835986 -3.4704579374749525 -2.1766956547388374 -6.6299148417743723 -5.0852815895958177 -3.2906358940309959 -6.1498117821134954 -6.0200846577470841 -5.7757406405167782 -4.0843339434547437 -2.9424877754140373 -2.0903899819855827 -3.9440902606247104 -5.362137975944421 -5.065774661697886 -6.0343416455315708 -6.4905363110058358 -2.8504726655477262 -0.36569802154475106 -2.5976670930922872 -5.2989900536335997 -3.7988431757925003 -5.6670433007799872 -6.047218603328238 -3.6136982999340503 -3.6560169130680134 -2.7433136785504773 -4.9553758204151475 -5.2971947072673347 -2.7930863297952446 -2.3105158261661751 -3.1188499640052765 -0.41893736836081658 -2.1975913544292487 -2.025670062861594 -4.652972426551667 -3.304943889035874 -4.4292642009134671 1.6079697234746653 -0.5362954116257983 -0.81940030315974965 -2.1519032105638876 0.23299375662387592 -2.127722783609693 -4.2432979280797927 -0.14417495436751113 -1.0180938391306611 -2.6205469238235981 -0.77287368919152422 -2.7845455362872693 4.0361142509800016 -2.7730816592791974 -0.89461424966222425 0.86357808203941411 -0.93294606100577715 2.1957827253464073 -2.19918300406556 0.32569967195818667 -0.78323048483761293 -2.1195818537080711 -1.072369632113483 -1.8709744823646326 2.4554496727856296 0.87469725378189478 1.2876285947588024 -0.55246742743071475 -1.0144409662340954 -2.8424523436123836 -1.0582570874834292 -1.9215739159151008 -0.95206946852040519 -0.49903900971401027 0.21073046184607247 0.036874184569480356 -0.80233084692574907 0.10103340871435917 -0.61519640027756683 -1.5992709824876277 -1.3718639782613533 1.3510921742513264 -1.1297812293489884 -0.33198724802324286 0.96408662386658006 1.6333304795586738 -4.2906367878421516 -1.7689496833673632 -1.7094482370322137 -0.18402989710614243 2.8696865964162539 1.0024093521011366 -0.70904496782854198 -0.90907558619708728 -0.67606081181464261 0.63649340217320982 -2.2738818131877374 -2.8284791932030053 0.7548820509162657 1.1076602770496264 0.26463983795411394 2.7391299900392752 -1.2472873597625385 -1.8190746446844774 1.8191880721955371 0.62806678051660147 0.25642644468665238 -2.1023690045855168 0.86129832952167451 -2.3911137279401427 -1.9410453663043119 -1.8947281440720998 -0.21387438756944796 -0.34762250689595997 0.97933127411669862 0.96434568236107598 1.051066823924117




