# Created by Octave 5.2.0, Fri Apr 02 16:07:50 2021 CEST <br1@br1>
# name: ptcls
# type: scalar struct
# ndims: 2
 1 1
# length: 2
# name: x
# type: matrix
# rows: 2
# columns: 320
 186.07273046291897 78.317870477408718 79.384985796711291 54.874039151184334 83.622936812751448 107.14416550835716 36.396294519110207 62.180053263442197 46.791070555702142 116.06124099122432 84.790649816164645 80.018948168273752 100.4887311723642 106.4166769302111 105.21060838022082 109.41517256104844 28.679642324285425 65.499206434433574 80.290263761612195 81.104046011653935 83.54555528569459 154.30356107113579 105.76067315349563 156.40419930601189 152.53072173240963 141.29729117325007 153.1983494623781 153.15833595192788 160.92909661513696 156.56443372742018 148.39318092346934 155.80405602001744 153.73946168535289 138.909686607195 159.57265407445186 153.52185104645963 155.24547475571748 157.3783239917268 158.80811144380493 155.47362004747717 158.20050889289394 159.6246401159861 152.82761957188481 160.81458160615901 154.26296251886714 166.67473261287162 173.7271345960327 172.62718370734711 156.10367986127241 152.13173571557633 144.53703024455405 157.23277777003202 159.71569063813783 156.09818430075092 174.97371632219821 178.32817766124694 157.66327957514309 165.78654160580675 177.74065953587834 179.36098490952585 174.60839409255405 176.15384262686098 175.58154523089104 174.36829994952973 67.897574056738293 68.922022104800263 68.87930562024556 42.050699524759722 70.055508933996762 69.030947814013942 69.559561620871833 20.141804624672126 70.429364930590978 70.00675439009683 70.443575117474168 69.210029407507264 72.533556131101022 69.426634462429789 70.174741759740485 69.651172047686714 78.599733288347934 76.953532814726174 71.697914071601573 71.39277379488243 71.690730748940155 71.250126361286107 73.488192468677127 72.33904698358235 80.415546654769273 77.514475184740263 76.404847889839587 71.445977890677597 72.773381696089388 72.414274770127875 73.352056792247723 73.074540729057205 105.46097271686818 58.053161603952944 78.068530702091849 72.622029537017255 73.57708067369002 71.983514164199448 74.540630783382326 71.108855488305153 80.681549935490978 82.924368499248473 80.071975653996347 74.007133952901313 74.900586975931091 75.460113061496912 74.507639356644304 76.523643359655537 78.596002656450565 85.386186674716413 81.414449991959074 78.3413486612979 75.398088090213278 77.845470141146166 93.884273885240987 75.417948914315318 68.103550677114441 83.937126459214156 79.267189201515762 79.658818867499065 77.156133082227527 75.797968913046731 76.356333780900698 77.65315754591289 118.57304966113527 79.637932236217722 79.94601466766477 81.725521515988618 78.108672872008327 76.137817531558753 78.928842175025721 41.383856552821001 75.840084466067182 76.122806195195793 83.469693843120737 97.896462657478821 83.099827071864894 79.614205561161185 76.999541931465018 35.144039669574312 123.00701796994949 122.98132574876779 41.366952685464838 82.019985855483498 81.088727242747183 82.482567549961615 78.875333001093836 42.23360133015526 219.3402159961833 128.85709442116902 144.05702948334442 74.998504497526341 79.902207875740217 82.903547394251589 106.48991689026431 29.937946720559879 126.25087050903385 117.98445351681906 103.49902803228818 101.11273418754828 67.307216719538587 80.136947047208082 48.724047868345188 66.736780121262939 119.52770563900454 124.24485367024683 122.47716708347018 68.761175028400743 30.624417926110443 31.376558383001285 90.397022965436832 67.883561839256842 118.22346296477767 103.56977320601884 93.525458044450573 65.872122364026353 95.446953818550142 123.73532239781416 122.07965285859677 87.742610009595765 90.539125327297171 173.37726664969799 142.91156350083043 65.582543894448762 163.99992042569372 47.741568579076244 47.895706974071373 67.500127079620739 143.95546114616747 146.87240971936421 181.68123715035625 171.98139468383556 170.65338315128167 154.20921956993033 122.64192984510441 126.35658717470861 136.8271109624504 137.20873814643534 152.99442657310391 169.49612327503607 163.20357668656766 152.14521244875417 153.93886938211182 155.10339658105534 125.33755442737572 130.94430825774609 156.99075146460663 160.33772994980083 155.49046466605867 119.19504766822035 154.69693835661701 157.53504802270345 160.27701146143554 119.34780046694182 156.58911213535455 124.31489522028805 123.88234231362647 124.90579992790582 157.0607210560666 152.04926997839002 117.47700673718975 124.77158430977001 155.92453867366035 119.68245284097991 217.10554808603712 156.64973257669558 160.786416960661 155.17144885568763 188.08781363402025 118.42078721961225 157.09901425443516 153.9473077327153 158.53704688650831 172.08254618490247 168.54899940483398 176.60234836942718 147.2592407801358 92.034703130474895 128.98195313738913 173.1512362453206 173.4987892480068 157.77785011129393 174.43265596266176 175.47428394086768 146.22182159914766 124.53108159255964 172.3719657724485 173.94934559083035 173.01556034019515 172.35376597924429 154.70695297805685 106.27981573783657 189.70844107884201 182.76712365215661 107.45144262335265 180.89285860433591 175.50358597039917 173.18266558521972 175.74905740126775 178.04473165592032 166.37358685768589 163.50526965982425 162.42850202165963 175.635634628573 176.63730643319735 172.05778595259977 173.680057563074 175.88264137545073 174.63563320831918 179.98982292104404 177.13657490671059 174.86796031310632 176.04043504153935 176.24741501783345 176.91022319520218 170.42175429838395 174.95708058138254 183.01798892912535 180.79500571041444 179.34685287414942 178.25534012146596 178.81038770929513 176.98332804099206 177.05500361671321 182.16285006922004 180.13143816898841 179.47543929596947 178.28629808967784 177.6718419110928 177.36015978074147 178.96554608667995 183.29705724584875 181.68793512030859 180.86017248589366 179.54816463198097 178.41412209508798 178.28250007318235 177.17682064277727 181.50134736448319 179.11355286190863 183.76429582777777 182.29024274360017 180.60537167911284 180.03910342927966 183.514204418189 180.22746545822375 179.62364212179611 170.33029723579506 182.33433729748339 181.90570047575139 181.30791570734064 178.90387392538946 182.84522131808521 182.17064097590617 180.69334916665457 184.87168033450186
 69.993350056094911 59.420559250877361 71.233773217143508 183.26186040417511 48.838394502317449 67.855297207675392 195.9874770543037 106.54547809243248 7.4871015620671937 17.064977296888483 49.455636885632188 73.61141984622148 79.051266510747212 66.987496526221406 66.932100110844715 78.392595187794768 30.069473635645171 11.775821758157292 49.973124439965851 47.777682912709238 49.913974496038421 35.815699556271191 65.881266274750246 35.293811874475573 33.205174335526003 45.290601818893713 34.179497516901257 59.780225690979044 40.8817157420211 36.341328590403947 40.913081260715664 37.164041545383427 31.010517964008493 30.747095404636902 33.963616802398192 36.78579144948948 34.986451288523646 35.76402609210021 32.847085346064162 36.077933517392232 33.793317649426925 30.64270413399829 32.113333987224465 33.827683248317165 34.370022189648054 26.707928626840705 82.973936024992625 83.162519257629285 34.327413117355121 35.364850269143069 37.876363501495405 34.510070696138378 31.886654494607612 32.908450640665677 82.202242792161158 84.602557921500988 32.365256786201371 55.481519188431768 77.321312900774799 85.170343030297488 83.662158610626165 82.35189415971098 83.244353905515069 81.347096711741557 73.575842429666423 69.417037189574458 74.201960329558673 71.218543628675647 73.990296772493565 73.153313445118158 76.504399810706673 129.17392459245858 70.597618427669943 69.294066378519204 71.637230502328777 70.642627805610161 73.327882099518504 72.032526324785096 72.831914993563061 75.363432503261365 69.361533593515475 68.485566792189971 68.975328835353267 72.565528613502138 71.356863614162918 73.6023039875666 73.043069446729675 74.438970297109961 70.910479844887462 69.454815999938148 69.678954086785467 70.192571283947572 71.065153807139993 72.207545206706058 74.235154876873864 75.444339907070741 68.001693273013132 100.63415263472992 68.294751669321656 69.911204268033188 72.013976739623459 75.687018320908408 72.492277817931708 74.729459268437935 48.86345724187894 40.379830884651604 72.509275489490477 70.673833371671492 71.453865417993285 73.18261120078958 73.70747791515106 72.76553108965669 51.155584180755937 71.43547102526486 49.662059619592718 70.477287144680602 70.181048324980395 72.669301311240986 109.43543668398017 74.353212096513346 57.451350009262946 47.506150672776933 50.144112357343054 68.868026827808151 70.586228185103607 72.064754476161411 73.88242432281524 73.691289204407425 43.294911542894944 49.106777889824521 51.215423514794281 48.64422113459468 71.574478277122083 70.953574777109381 73.554388329290674 197.74936244987208 12.213434239368883 13.28708901259577 39.383653268137799 50.567664750046077 50.901816622941979 70.0296733054073 71.781463234982951 142.85433632886054 29.055112180039146 34.162748866727192 30.538516629867889 39.793437261490503 50.73209941082871 49.371669332092665 72.3137490186771 196.95337286754818 47.817179390159964 38.613346034723868 61.93986886094126 12.891503994902441 47.791734457743864 48.104095975089322 48.209842847913201 30.068138346615253 12.647343241509979 19.741996640691678 6.6946126513960875 38.426289272955415 2.6487868117875526 54.016294478147351 6.935812922421003 3.8633160229770187 42.823211911168535 32.03893690204697 30.152121080732528 10.365742499172997 31.030699958632454 31.782979503395261 34.418234101675822 3.8075592837384558 41.920382379949487 24.584544691472914 12.620392835880233 4.71667622209588 6.8590838507418983 12.538443841318118 1.1336895150197763 25.619247258950264 77.570437772762048 75.693851696090221 11.033275536953454 3.4905450463854519 2.9532449824960607 6.5844202609991429 7.8190315349699873 4.8513462112754482 10.417158523814805 19.954232782192275 32.367287122048872 7.8480709903244348 7.6384488392544103 14.552730483957346 12.207248472227281 81.289568446312742 13.923988737517833 12.920580613748644 20.902325014382768 7.8575478861261852 2.1989567092106022 20.313164184941119 32.20058928033756 33.70470364971095 9.2554545693249004 7.7140521026351934 11.315176221918268 8.6086539294189759 5.7347732083851248 6.5048919852767195 31.419320485485557 31.07888743987407 7.4110515534506378 4.4225170558733078 5.6420932024730472 29.653434581084728 9.3941960819370767 33.44511238105283 33.427350372097614 34.239846058350025 5.6590681643802476 10.353493179215297 4.7117482255290009 5.4403320019929753 20.239496346924412 31.826786567334267 29.840316463923834 32.39778183039509 42.69430161285657 9.5640362983442273 4.526884858286131 33.367483096449078 31.688121275154764 79.951669096844256 17.6464217812456 80.601795463314701 1.7771635872626415 45.25687092327788 19.226472259286808 79.651699543203733 80.635504445532263 66.817645077164713 80.123228522820426 80.350211875414558 2.045808664494059 8.5208885700387853 81.162715324429101 78.491340069410043 77.771512317818434 78.629062489735773 36.892009303133442 197.15311860629572 50.35053324263464 31.600194300222071 101.34247851630273 74.333916170942587 77.197822900146605 81.983088037126336 81.40133764872219 83.447255011980147 79.215882463052594 57.565512615842742 60.043556251065219 78.275411965473978 77.495323954890736 82.309229757648083 76.812968193052427 84.23364365112063 77.719423253778288 75.293870319169386 76.142288646137615 76.347186010602712 76.103789834256546 79.504735048301768 78.526203399469196 79.398444017173475 79.148506812805635 79.29829184195512 76.172715255023917 76.464208839440175 76.238779408220438 77.311356988260158 83.964142811299723 81.583797419472035 76.429890205324725 77.426763921186804 78.280267000493282 78.254236443723414 80.748655284620284 79.617725668801199 82.764410163865918 81.066353853056611 77.393713773008585 78.366092280991879 79.555671118250999 79.366904219487495 81.673342893544543 82.73011295621059 82.255945702350715 83.838426037519724 80.007028862835739 78.252305906745661 79.569319441348071 80.512265828251756 78.344809618126803 82.601295136716914 81.531900036245489 108.85971096962231 80.296995888172958 79.303249533099901 80.600575201295015 80.565614467101668 77.370254894569371 81.334616901684569 81.582307896776612 80.123993275167834


# name: v
# type: matrix
# rows: 2
# columns: 320
 4.0452272840958052 -1.5491047806532685 -1.8261217121071882 -2.3617106020879088 -1.9795425331809642 0.4465998603816897 -6.2106094508590788 -2.1848560259870178 -5.9966704471305006 -0.60100659307165627 -2.0822855509276441 0.30844647696444505 -0.74118715823311598 -1.8142000133724323 0.29553229460648472 0.0054553980679680576 -4.7841264314533021 -4.4819068742017949 -2.7069323082428878 -0.49828902711719253 -5.1254460769810732 -1.0756897067047819 1.713347643693873 1.6696955423385802 0.61946806268763643 0.35029495785484888 -0.10402574417011938 1.1313036246855084 1.7875350110661496 0.4743194487375233 3.0128946453212055 1.3512104478621609 1.4109724401977626 5.2435936435317503 1.9596772673241503 0.015304173574015471 1.8723048598056424 3.8963134649139155 1.9686436043161324 -0.74613318138163931 -0.15406501544578111 1.1476784177291848 -0.019395470165464408 1.4245479780221697 -0.09988834445976201 1.6961192366017308 0.92292935072423954 3.8108437415614054 1.617952830678947 0.77539740542474134 0.56229828007824556 1.0369888196203221 1.273554055553437 3.6440967269615423 1.1387997534319265 2.5885240071488957 2.1107683620951097 -2.0231033066758974 2.4459353856873443 3.0149671981157291 3.0789956712159605 1.3028625347761602 0.42764220972070643 0.13452582396158158 -1.5988141024456861 0.53893508310097193 0.066658703677856757 -2.5555409142093808 -2.196187867529094 -0.49839590186977356 -0.40137705870386708 4.8083481724781443 -1.5579267270630939 -1.3857781959051774 -2.0952492382271899 -2.6072438940693701 -1.0216711449604445 -4.0234605745781735 -0.90223157736531456 0.63356047333345844 0.07245997876312528 -1.9345501811171826 -2.1882528866940194 -1.7692629219216278 -0.81699002072957283 -0.0082098884393332107 -2.4433481365772218 -1.413662039031415 -0.37600233927140803 -2.6834256667277288 -2.7553344828017798 -0.73027560519254664 -1.3430117851471772 -0.63678013288777469 -1.9863556568349039 0.12457197030698294 -1.7830508295985221 -6.2008401770682422 0.066012866762387448 -2.585164596489804 -1.2258806817014067 -3.8496848049821928 -2.4950611868684929 -1.1886990885195152 -1.6536080296984583 0.29610544168038078 -1.5226596974856994 -1.8824982816540352 -1.7063684479275345 -2.187591733298706 -1.0273536519975428 0.34440286318314794 -0.59441492124804651 0.83635664410673316 -0.93908607751319073 -1.9416847784088709 -0.43795103366630833 -1.5174472149880782 -0.98235940944024569 -0.81112592777183656 -4.708855312620055 -2.0065286573930834 -1.9775696169988051 -2.011402106113898 -2.6611270941028282 -2.0624379279087943 -0.99201373150206174 -2.7083742161493047 -1.8976624845347865 -1.4894988476204096 -0.70099364225592775 0.73636460152948557 -2.6504922388476935 -1.1977805068384226 -2.5150851279315254 -1.5643821112108174 0.85066849313890425 -3.5757860815734372 -1.9878581950836116 -0.26415823193366156 -2.7639034888144289 0.17933754088593942 -2.280842691398298 -3.1420302346738094 -2.3548134045779117 0.61838505837257551 -3.3052369035009281 -1.8686991352777529 -1.6978420485836387 -1.0161258747786273 -3.5024883863011875 -0.92892933225931318 10.35078207216706 0.19756493752138243 2.9794398013476497 -1.7537943920969821 0.56229070550316473 -0.79895425241242413 0.28907770316144898 -7.9467408163996032 2.1289798520658563 -0.77894882957280687 -3.8979409362357114 -3.3913228914080427 -4.8041407287246987 1.0137137855549803 -3.4227452133420062 -3.3212979098112037 3.2299453347790683 1.2046123621029565 -0.75717043751982072 -3.7883259683974826 -6.1373419089372385 -6.7409133376799666 -1.1946868770402617 -3.2172896112725313 0.6432644110135789 -0.86365086495798538 -2.0628606792712292 -3.9740382148503932 -0.75816249943952441 2.0211849318194028 0.99616988720600141 -2.2070062866156208 0.5599963309348468 0.77389967208648958 1.2354332533062338 -2.7929908482310353 3.2911016220045703 -6.4961491768497845 -4.3554540012876375 -2.6444978241886679 2.3747909609640145 1.4096056935038199 2.8985383106928708 4.1685231154701521 5.7351195593189539 2.0498604029075538 1.9967874068726612 -0.3069193709385597 0.03072045069156704 0.74941042193741514 1.2175481175927065 3.1396439504071734 2.3702242173067307 1.5705325479969336 0.49374980924919748 2.9355514402924037 -1.8292798294201311 -0.19023854147997604 1.6670029544563978 3.6997108922046076 3.8807769313840184 -2.0678235257168889 0.50614266712675304 1.0643145744718234 3.4274920556276554 -1.7307271567773572 0.21545722425900043 -1.1680700540458531 -2.9381412606108972 2.4762981023516235 0.8906457044051459 1.7682160599089285 -2.2922422731496499 -3.3765814967478924 3.5396370917373043 -0.8152263409946755 9.7918552122602343 -1.9133169061477879 2.1655822092194987 0.94996502960163531 2.2728166734052841 -3.090973361697769 2.5118243716062594 0.34073252292479228 2.3247706647842694 3.1553210575288499 1.6181343393369052 2.5425462295919683 -0.68545542088288314 -3.8714034896466614 -0.018388054878221378 1.4009676126746964 1.0354115325707445 0.79445250808365253 1.9528356096620823 2.6443853220413263 1.7969501313966507 -0.33475733855463607 0.68028994210704496 2.5688551400471367 -1.3617352142666375 1.8060936986009986 0.35360474630502375 -1.1396072695747648 5.8342632862706818 3.6103323081580942 -2.100086601167332 1.7415846525774152 3.8143582837894128 1.3804897631793336 0.92896992642559995 2.6143254408514633 0.48846253060245814 1.0179287378142012 0.37906695415774072 0.13759411457151596 0.75182554465892992 2.6278257810380725 1.2765914047264646 1.160053460038271 2.7330663906459494 0.23083095804334669 1.9095286523939961 0.9396803838573351 1.6666668412946273 2.9913073732601787 1.129377082187544 1.7356690495401503 1.8482525891530497 1.8734135835784236 2.6591234821767773 2.3704369733716337 2.9606853221517673 -0.42094227629316211 2.3117038766135738 1.0346572407237036 2.0596765032005449 0.013803697497256389 2.0225598073289377 4.870957051205413 0.025084851360414051 3.183357917744055 2.0906133837047221 -0.42458928620738517 0.94187403801374148 5.1158937535320179 1.0394198759033093 1.0152624279721643 -0.17820863111565927 0.42015183537815881 0.98788102658410382 0.90372671637641244 1.3492803081944771 2.5051778700252374 0.32728820870137032 0.55606055240203722 0.56964207303906589 2.2504972318854999 0.21683360091853393 1.0795806053282941 2.0838610253197065 0.95404548503482367 1.2202380959157397 0.20679562211596644 1.1586131502818613 2.4443621420452177 -0.16017637738963192 2.0960437162643371
 5.6746610425660311 -1.117490105380994 -0.75308411000240072 3.1959294126884794 -0.56958877531854479 -1.6555847025912223 -4.6342608888700507 0.29108599795669898 1.3058206103058876 2.2802740130875314 0.13421395436200995 -1.9446802928352178 -0.81039780598378297 -0.83065745537610924 -0.82502563095201675 -0.11200043242230964 3.4818472927483635 1.0634697339613519 -3.9223429443676454 -0.65046114040694758 -1.466982546108762 -1.908881614630326 -1.6795711999152576 -2.1172573114684745 -2.3742185950999173 -0.88210704781953475 -0.88846473035292373 -1.3688265063269536 -1.0139704414147523 -3.025374949780681 -2.6884861982767987 -0.44595394256481208 -0.14167197805469928 1.6694031693815439 -3.6289565404637893 -2.3364466131125154 -3.539753327683008 0.60765851934384341 -0.5540682267758521 -0.4277656707537556 -1.1794844226272148 -1.5719083388416997 -2.9813984923440948 -6.6117498823482475 -4.3774433927206129 -3.0630822844400307 -2.6797352977062592 0.41152076450749059 -0.12827899688248637 -3.2446707818710894 -1.511915700213561 -3.5668503003740493 -1.1461677407490882 -2.1922178318833483 -2.1200848505625358 -1.0766883349024947 -1.7190389504276595 5.4499971294544718 -0.087541297949838698 -1.0285610363678772 -0.25063812639488708 -0.2278386758884996 -2.389134226057084 0.90980741506823593 0.18696550998402695 0.46181014347264937 -2.6029239176791079 -0.70265671128496998 -0.49995025356485789 -2.392635514070605 -0.40276888356528906 1.2975106343904557 -1.1598565714107951 -1.0883166110040536 -1.1201608103416443 0.39783993831076991 0.87005718019189038 -2.5407586832845883 -1.5800029034052938 -2.385735785325001 1.0820140090316708 -1.2176334236296045 0.70266637192585801 -1.8756396003848146 0.11082073774140076 0.75170558687745292 -2.4053100410142885 0.41681680390665865 -0.9590401804313976 0.021044500475129343 -0.45613449556275998 -0.25826952394912694 -0.034615638651030872 -3.033127605470896 -1.9146725548969139 -1.8580607525827457 -1.9394304934501574 4.8970965420429486 -0.73246238582480416 -2.0501827441686737 -1.964754520118182 -1.3825435347442048 0.21010687917494542 1.6244627557131632 -1.9011561835582325 -1.6375846881446041 0.087796157417654785 -2.3258589706274857 0.94005862504681348 -2.6355908069451295 1.0408334022760481 0.20762391043848752 -1.0904632400769256 -1.2511771984691764 -2.3643138845411564 -1.7898013327185194 -0.88247395749148849 -1.3386485370084555 1.4511542305423721 -0.34388701394709759 0.79862800313806859 -2.1420981617301091 -0.52687162431165235 1.4076246132109418 -2.1552468459121137 -0.41489622795960368 -0.30394824853044439 -1.3982418966305299 4.5963293230042304 -2.8745497149044645 -0.35970343712955366 -2.831200942997588 -1.0737381903600436 0.95886615700376443 1.2567143480889393 -0.74191739534702505 -2.5677119634748133 -2.4820487453000957 -1.1597381271021441 -1.2143987563600565 -1.4020035940920161 -2.5580027206850668 -1.0116107257608615 1.5120815234880927 5.9280188521026007 3.2583901504116475 -1.9440862629784657 -2.5637731810399105 -0.63499276268016491 -2.4651133585845564 -1.1627762850800396 -2.6032677346940134 4.0790060925250726 4.8120311240586187 5.6950017758415452 -3.3608068236755497 -2.9372738960261375 -1.2731096212216184 3.8793708077086242 4.2961043468911244 -1.8896500028491148 2.3527586518369832 2.4361773678480465 3.5401989572604635 -1.8380699266958938 0.28904425432282665 -0.96703912719058871 0.4370414784866099 3.9147804039930905 1.9075670931840845 1.4194034896428909 1.9668184924153542 0.91577320680046059 2.0284759777489918 2.9453708658843212 0.31637643005458022 -1.9238243852246151 2.182676113160066 0.45209373950366916 0.63447790420964667 1.8249665120869287 -0.060943202800557261 0.27046533535377848 3.9997167321991984 0.16374669928492003 -0.72697482166082761 -0.53078957958768647 2.9063355130620971 0.77155054527682321 1.1117373795946488 0.59984960563427003 -0.32072035502364382 2.7169230221562817 2.5207145001160329 -2.7804052084501558 1.3115179909947634 0.72366192320828315 2.5554140728832921 1.1324580540595612 4.1833626856438144 0.48972927702014851 2.4399582231287233 3.1559030316516967 1.368226021316558 -0.25680018352108802 2.1786131459754432 -2.7427040628030146 -3.174319761514186 2.3409736340602367 1.4029848457557814 2.0033045347491587 0.55036957420880206 0.40417769490048677 -0.5394934777533672 -3.296483591307096 -3.8880888414338703 0.78976480635176793 -1.3185364222029639 -1.1694535623214384 1.8678623372655607 0.92248465532544222 2.5061571490026977 -3.4504123058907572 -3.4846938268929675 0.65282342584578912 2.1372063192353252 0.91413531925276159 -0.54584471174311266 1.9077300108608601 -1.6184596326194065 -2.0219644293010441 -2.0250874591254884 4.9553758204151475 0.65405078510978476 2.0070218273582783 -1.5637820799721023 -4.0788200283145146 1.8003024691147334 -4.0377167529329059 0.65128170792122386 3.4208556902633358 3.7153455081322457 3.3848254212749538 0.84646026804447083 0.30320829900063639 -0.81940030315974965 -1.7386330324512589 -1.8766729351063749 3.3775663877513358 -1.0821413711398042 -2.1672122796793261 2.5234516802996678 1.7513216592630618 0.46997078842108286 -2.4380605785151785 -4.0361142509800016 3.6665063691707065 -3.9745807166536529 0.86357808203941411 -0.38251231920624362 -3.1337281376223567 -1.1389524109515949 0.35966677467408037 0.95483913806428877 0.28908030533995194 -1.8970586311268653 -1.1548233309840508 -1.01021492300041 -1.0903288222708476 -1.2256802021888089 -1.5153267989622392 0.71360039065688441 4.1601525347103889 -2.8470994825632054 1.6778390031613044 0.18863735502065695 0.99891052607106068 0.16825927572681806 -1.3387456962742335 -1.6677022156895931 -0.024099172351878698 2.0814768676410189 0.57110939346527179 0.53930983480909334 -0.0023575434801666739 -2.5960874646930252 2.3397311551875881 -0.25632179307543501 0.27875344799142626 -0.58151750946556147 -1.8881561234900361 -1.9936468027099501 -1.2834521664096405 -1.0743118957807543 0.49701661009133402 -0.9438885953581454 -3.6109691517579705 -0.50604955806234519 1.0613941053759528 -3.4112483323218736 -0.99116186315765564 0.27952297614487398 0.51208608401041888 -2.0199815241243559 0.21714190131774058 0.42579205186289271 -1.2674849001160378 0.17495843032827638 -3.8017085659124934 -0.50931513841384535 -1.71710589607405 0.86129832952167451 -1.2720842085469199 1.5406810769368653 1.7292084160121231 -1.2230385408289333 0.099918201697990885 -1.5477608803984622 2.7459350249433365 -0.24149602383441057




