# Created by Octave 5.2.0, Fri Apr 02 16:04:17 2021 CEST <br1@br1>
# name: ptcls
# type: scalar struct
# ndims: 2
 1 1
# length: 2
# name: x
# type: matrix
# rows: 2
# columns: 320
 126.83965618839036 106.61157537965966 105.24553898138078 97.502915518870864 108.64590173624862 114.85893198685295 92.61735923936898 101.61670453253026 115.10054310263938 115.13549838028383 108.15782082680573 104.12414276686918 112.70611169194672 113.16926893248939 113.87269151344856 114.81841598263416 115.94143778790082 116.61387903652968 107.90379802367586 107.32576621377832 109.7927294328554 137.4184818948992 114.03276164148662 137.15324371505392 133.54495628548946 124.6349047302952 135.47859512131964 132.73830552634382 139.39544923700262 140.35286321150798 136.00379552195079 138.12858694906862 131.71337015170124 122.83117044828083 134.39034049348982 134.13105760468994 135.23048487849385 137.08095780058011 140.47139372119011 141.41787421184537 135.62966815418048 136.69482143032337 133.49876427203364 136.50891850950052 134.77922822614889 139.65975190165972 148.95446700413805 147.10171033794796 137.01955901855749 134.60708502910293 136.13505172684987 135.9544529940857 137.53639463814801 137.64463765836686 149.04191571524552 149.61594885147022 138.33138922948953 138.38975456989263 148.07288935786067 147.90690161190295 146.4026409825031 147.52438764991174 147.99665061176569 148.11737705312069 97.002442135061401 98.116019490274297 95.83642591961474 88.178213026250972 95.006769453304017 94.104980189647378 94.567323860065883 66.64887988856205 99.204410666094645 98.230492376209241 97.233842896847108 96.128073833484848 96.784342977730645 95.629034880849318 95.578019838245694 92.965058575772701 101.57369069053027 99.665445761692723 98.82350929263049 97.825599565945907 97.66228180433643 96.740429766038389 96.376378791890943 94.827031485722671 100.55610881824889 100.6633952921521 99.722329081371129 98.763998327874205 98.455099921206511 97.538739576850418 97.079605742132557 96.008083825393754 104.4541612165803 105.37685388060703 101.48610951743814 99.453895461285953 98.280212924023374 98.056078094329223 99.186266706792239 96.828820394923895 105.58416978609378 108.22657076160529 103.80615587811305 99.469189329381919 100.4933041295192 100.3705392691609 100.77268676731737 101.76523365873983 104.90244510103736 106.41835053268029 111.08384688806237 102.49439151250675 100.34314539650796 102.74884437223497 104.41017553212056 101.74033886403413 106.15245600235846 107.33196911021511 107.05816032292365 102.4750668510821 101.81044533277844 101.45488603208629 102.49705910283602 103.6854194751412 106.92773877297155 106.96698854407761 106.48452827295743 109.48987325203582 102.91576171660648 101.38098946983241 104.77124092809002 91.561092242042889 101.99785259270934 103.16440664457768 105.7905653759765 110.57619616009397 106.08152040693476 103.58263197671965 102.54779185328827 91.857685405424547 112.80193891825229 110.2776164524025 101.03226642187067 105.56141444207245 110.98109186371437 107.49466769871015 104.07072533003388 92.941073063317191 111.82951729055351 110.22385450349586 112.87674760983391 102.63770954187397 110.98591010336126 108.28008352229234 112.19463103734022 114.89515699881298 109.09942072122608 111.32649986889577 112.41051154325999 113.49990690635643 113.3543178469866 107.1584823662939 118.79554918159599 117.3665550712919 109.10345859795885 111.38631901020612 112.32124404018904 112.31025697201692 113.69137544843633 114.88211806371989 112.68248696464347 118.487066384889 120.63044536689053 111.3335732851712 110.76872219376132 112.53741961995989 111.22572996851015 111.94532541029214 114.4854920712696 114.39427709766008 119.47284914374021 138.30006225753806 137.20415080899409 113.28049536489239 130.43627378715394 113.99168751942244 116.83231502285845 115.46160362758987 136.32988029332193 134.32062326274738 133.49300717646619 131.68554084602846 133.31269093558626 131.5385031317355 129.3195691466276 121.7873130344623 133.62070245984614 135.2450458192117 133.41795174505282 132.69177835517803 133.27359343991483 132.51811066897537 133.16924790066781 134.96022570381552 136.59953989568496 135.36037825167142 134.26495094670236 132.35417922871179 129.92934668468766 131.35546399518529 134.23498562284789 137.37060280388337 134.56902548318118 134.42543783741013 133.53067336222585 129.9992006507357 128.28713081327763 127.91487879870745 134.48459257018806 135.37541210102154 135.19369908372204 131.72921315516896 133.24215810202114 129.33046171983 128.49562285139126 136.46493475319451 139.26431938756335 138.16339154605365 147.06347267905122 132.39738344823061 132.0488365662255 138.38517846199204 138.6269675486478 145.0422294489756 138.70595448143729 147.56425031163604 138.15263768499946 128.95548810919291 130.75365307852132 145.00870518740192 146.25099269926025 143.4379823403435 146.13941508761627 146.83630619418162 136.89394455054506 128.98394332836941 146.33172106776527 146.02534755423608 147.17719719081387 146.05479098387346 139.41830305677811 126.84972695368344 148.02658027987809 148.84083621154804 143.56669169348254 149.35614316227569 148.05444627113982 145.51360396168306 148.80157412199659 149.90854766732122 147.3555988112812 147.34998735191954 146.99970128629019 147.51206201455753 148.06747382700055 147.09974296931117 146.80119462281152 150.04079279849626 148.1709995477774 148.55847931311615 148.28860586011882 149.45420466991732 149.085378653796 147.78313588946031 148.63786555397104 145.80739785420906 146.34384109353573 150.77167634662618 150.0387827358002 150.28702093693471 150.31701005590824 149.09669367641163 148.57272028662021 149.80589852071427 151.15595779147398 150.50757253214883 151.57317111224333 151.35133341192289 151.34762226810082 149.33545919512324 150.58154776736401 150.87374729343577 152.56094153204702 151.59850632031635 152.45845879154271 152.26671667326386 151.43642566332866 150.43942602196026 152.57445658472977 150.81129496862326 153.53528854620833 152.61970722124269 153.48687878753202 152.95263830406023 155.04937812555926 153.7979723454857 153.3458800457033 151.1071532427431 153.52610536302277 153.52642289007846 154.41175308877962 154.16383714008464 155.26179557369349 155.13472623723393 154.53640490440972 151.76906265614102
 43.09599100739166 79.311669922573486 85.822219421135927 125.57533450518375 76.957700260985462 89.670501598629073 127.71507544332161 101.29137582929225 39.082013843354318 55.545647917819629 77.964797335334154 80.941990102913962 92.104707390059957 91.16204423393728 90.36765693300201 90.967357486672782 37.837123501757034 38.90650804265799 79.071140197810735 74.649643780824547 76.793754980442358 78.73570317309651 91.802239756849985 79.816781729316261 75.020491496586288 77.050422305551379 74.253676841299722 84.487544130194905 77.720022877460138 78.759869771655417 78.909161759482672 79.60544101458855 72.371638695046514 64.364096354169988 76.180566350706712 77.251949468008362 77.092148246706628 77.831421412173569 77.455966133474078 78.056591756976019 76.155639361980619 75.721726205523566 72.349696482278063 76.770345882484492 78.18710980455478 76.684646358517881 94.51452422118777 93.575896788960961 73.663949331042389 72.560353865865636 72.854386282354753 77.863388023599455 75.188983990016297 76.23326855951467 95.610063211329347 93.565991420998543 74.410199683529029 78.158735491164492 89.568230604823114 94.921186660071939 94.636521075114359 92.250762664994426 95.996291246730678 93.893166341499935 83.753934391354804 83.389801635234846 84.160081611069486 83.901497267387114 85.373650674919702 84.671856811392203 86.496888742670578 105.7538576417161 83.965532441447834 84.514823293971574 84.878888431452069 85.371018396945956 86.368380249508832 86.404926790641014 87.673040662914687 85.065524227683014 83.634978684243535 84.859272587597687 85.49298676832916 85.885021011112187 86.953968528869467 87.448165128413535 88.435275751521914 88.81047023392324 84.064955426450695 85.484104022840995 86.084208191282428 86.701413038445523 87.755903635458949 88.262698120332828 89.211052720596768 89.467652772826284 82.085124375838191 81.069707061193895 84.66228888996261 87.539437281389496 89.020827505585927 90.166907109916281 89.621021817555686 90.267558985034029 73.642156301176271 74.069974931888765 83.106455301358594 88.62391684895195 88.056642521945477 89.331381598121666 90.356200254681667 90.870334467839754 72.473956966190229 80.427244294669862 78.80527634355839 84.238613793565207 86.969439992385077 89.20813293805287 88.659802961440448 89.732131939486663 71.591062074522497 70.957218584662783 78.314162635561303 83.124044722872796 85.641822106710904 88.649995128024273 87.755493343314441 87.3931465388698 69.723337157325631 73.477382101597556 76.646255736499555 77.824360868281374 85.436471390966048 87.212163160780634 86.890288791186805 127.93054948593617 63.09359810357644 63.101315359383186 69.478109385524647 77.77789992340702 72.704822172816932 84.481577023955765 86.605192308412327 115.56126482990429 46.471687261148929 44.058379309799854 65.623585655204252 70.558026370930463 76.696723366948163 76.803309798164349 85.594970412936163 128.78899508949024 45.696824703402591 45.165789292851287 45.127028719507571 64.013545766052729 75.069188817513009 75.340663830908255 56.19742023108747 37.263579798817588 44.054335267982076 44.728239438389338 44.160840836662182 43.748296802766745 42.295199037632337 75.683072327378014 37.255259272360206 38.084156764693503 45.178862891019193 43.592347114303685 42.92197104573544 41.867027309789151 41.137844243342528 41.32044557803966 38.869134935162705 38.317791172581302 21.38825195644116 42.43270779927925 39.817915244571616 40.814208623528863 41.345387184835467 39.977325220580752 42.376388178874393 40.075435299724816 21.869418901676887 31.962282273473797 45.77849437823685 40.076415881039836 44.232481659195365 38.994683080300071 37.206868146262053 40.177464296572751 46.826684676094501 47.042519921277325 43.762447245631712 43.968538506329402 47.594499135278426 45.050381086466984 37.902723673242917 64.567597288483455 44.899701808892452 46.423988769048478 46.166293421002045 45.477807208659549 48.614578826511135 46.852137809659204 71.218538287613882 75.189707676712317 50.105643829689996 47.506901101208463 48.155291540117361 48.060076329051306 52.446076389432761 50.44374209925828 74.155541114789401 72.558752556357163 50.451061295185269 49.329921023846268 50.773095285387313 53.551130219634381 54.335379929144338 55.57038414331042 71.17686071031369 71.781312299333024 48.636591414759053 51.476720697260589 49.754991635784073 54.506287813901679 52.278357960434114 71.546091924284298 72.668704762076317 73.359846776212152 46.750231945640863 50.554387941398794 49.284237864833557 71.972323851895354 75.453234288413526 86.641102265354803 76.942312538005126 90.820670224196618 59.387943336183731 55.640006688201353 51.728054067565893 85.476548584460915 85.903356738758831 81.60782054921134 88.958152575439755 89.843152088807969 59.249584181483108 53.31813580480631 83.802528387325054 84.863173444917734 85.301645382725525 87.033761973148017 79.448829133555876 129.9950191634731 69.84619128782083 69.160125649868434 85.163912120997779 83.224878461255301 86.019801900242513 87.936134511817485 92.772086488856544 92.489144976072069 81.633560640056118 77.827115067651008 82.746425436965907 84.124659528616547 87.190061176207109 86.615928261297825 87.84927697987392 94.960803114016244 82.297723093776611 83.938700616895602 84.959635879357705 85.379099197990115 86.416683942786619 88.414634775090946 90.510967044571345 90.167925839483672 81.612734193044446 82.720967958479591 84.270094753201008 86.229866800671047 88.314942775027319 87.625118091062532 91.664307258738759 91.428440454304607 84.231285935131865 85.193967912560254 86.284378183566403 87.578428917134417 88.705349569965009 88.860860020302965 90.574390908398613 91.60551623101118 84.78684347513753 85.238753886857211 87.095437156606778 88.115287982117962 89.831038456437057 89.360423021281278 90.133060696300731 93.078958303513545 85.35532313447861 86.03506459767344 87.873809730124236 88.957290248614598 89.695934479865542 89.8460540021089 90.951316907883268 94.234647389843133 84.047112402247265 86.751367043354861 87.316718918070464 88.855070514856578 88.511529801529718 91.582708465593939 90.638514850784858 90.947577442486804


# name: v
# type: matrix
# rows: 2
# columns: 320
 1.3579693284185725 -0.10714597622083211 0.70928259688811535 -2.3617106020879088 -3.1274281943660691 -2.328836652844759 -2.8795007281594653 -2.1848560259870178 -2.0075778469316505 -0.62397535907694635 -1.1590089000735342 0.5424866426132916 -0.97140016098564475 0.28316912411064304 -3.8749303539883031 0.51160346962083192 -2.7734360415962813 -2.2729696412315499 -1.56759039730007 1.4026033031764849 -0.018240450409656758 1.0958533008354963 0.81617475262184158 2.4119890133380655 4.0024356477585545 0.18963793975630527 1.8415101045244624 1.1313036246855084 3.2480879952355344 -0.10126430282322871 -0.32878551056128597 2.2017256706838726 -0.049882213934004008 -1.079005922516344 2.0034913745583238 1.5906425840048757 2.0722536384038617 -0.72808343001698927 -2.9020298951463528 0.92146282669559187 1.3993109384699915 0.97039760781508577 1.1993133384880774 2.2208429948443142 1.0906968681320275 0.4782440310469569 4.3965357391807771 1.5808113623045472 1.6755129086977008 -0.46685722019583831 -0.19352638701336458 0.7957974463989137 -0.19571449306607808 0.86676348043860152 -1.1677249389398432 2.0832885360473883 -0.10222228838660456 2.6215425705582058 2.9088526741862784 0.058473814524231602 0.23465226139133802 1.348635436777011 2.4604554065556159 2.7932384525888434 -1.7689705995925065 -1.8872772661313075 -1.4533127214654074 -2.5555409142093808 0.72012015990678668 -0.41446590276133138 -3.0521616115205159 -4.8083481724781443 -0.79763789255524775 -2.1449504713041647 -1.8198712758436353 -1.5287375815021982 -0.56534308935361399 -2.9939938615831481 -1.2514527860092601 -0.23863343411637863 -1.8178736513227176 -1.4744378978033685 -3.7659152051233367 -0.28369947910177112 -0.070257962862643436 -2.4566651238426291 0.11993626793910427 -0.64368815895669673 -3.1737779101405095 -0.10740123025441781 -1.7794422782345174 -2.3907087194098398 -1.7882555579240169 0.59884859611187558 -2.2281719804220224 -0.71957803504369444 -2.8313434926493324 0.1679102419649299 -3.5359646563593703 0.24893876839481405 -2.4844518763660579 -1.5641161516644078 -1.6727289822607576 -0.20295518466172432 -2.4084456688266376 -1.1926249807141238 -2.6898849092595785 -1.2541881927500966 -3.938900100570184 -0.82849151753877603 -2.0020089669806693 -0.67612620712553551 -1.6475299771992744 -1.3864835313330892 -4.4291607493208236 -2.1092349984847432 -2.0568236099803254 0.50854182710983342 0.14771857993049595 -0.15508794605546869 -2.6837610073295699 -1.9728752804627685 -2.2547104797174513 -0.20196377751743347 -1.3228383544177738 -0.50087288551145759 -1.0037075818106971 -0.77465717205102547 2.0330078471119526 -0.18151946473584235 -0.6468997035773465 -0.25780257224624281 -3.0303196611635794 -0.72505357410847315 -1.4717331503206574 -1.5959908231439426 -1.3511983666313241 -0.9056590832766116 -2.1774671117695017 -2.5405526884787859 -1.9499858400274488 -1.5937122519907407 -0.74495628039187134 -3.1420302346738094 -0.582031726469874 0.036774335783543818 -3.3589466841813582 -1.7060256732342078 -2.975981213813399 -0.75888169053927468 -2.1490581195848564 -4.2284293430258018 0.14413126558237405 1.1941605769238439 -1.8410420102367153 -2.1683447499431514 -0.64965985652739422 -1.549590486986447 -0.91553894821569615 -2.926682165526449 1.649198162882912 2.2951460259267584 -1.4571000819439786 -0.47579288381293861 0.22222500911908002 -1.7095301628314399 -1.4907313360381651 -0.21425425714895674 1.5739936895542077 -0.50096815784754112 -1.0583439102701051 -2.9413988246922607 -1.1640794740414646 -0.50840507508601684 -0.37253847979033761 -1.5544680465853955 0.81875714392251697 -2.0588533363535815 -2.711167310716609 -0.53372975729452998 -0.60043701699306828 -0.90521226408261679 -0.66832887095097793 -1.3419403072418019 -1.5502101959077508 1.9063454546835059 0.76855041802155577 -2.6504519228072652 0.67502251016342252 -3.016436221167516 -1.0988445072278934 -2.0788514592448482 1.7801624607644584 -0.50664084642441132 0.12270240438752114 1.1593338985817023 -1.3972142874103639 2.2740493451640473 0.9259881844467065 0.14500611194149873 1.3882843462465235 1.303792901812167 0.65059818994783924 1.1606958001137893 1.0076959819684734 0.52143684311839811 0.070309509356327071 1.6890901330881116 -0.072074720798418146 0.74175118221998593 -1.7610314912032847 1.0178271748775694 -2.4349427830197832 -0.43764008547345989 -0.5195707777802403 -0.20582849163313588 -0.60669665143885987 0.03785236667467351 0.39351600648868956 0.74252232934352502 -0.96128471288229356 0.056313394553394763 -1.1619789069479143 3.1409727043497595 0.24393784701303031 0.73782533296398678 1.5896270962546255 1.5361441465593364 1.629830560456101 1.9959588992124035 2.3735590807559381 1.4452147414574106 2.2728166734052841 0.17949665036511037 1.802840819140044 1.9407074125484134 -0.15171621473006422 0.42091013901686863 4.0852836362955758 2.8261132293455664 1.2865361181000685 -1.7965532164542872 -0.70102657294035109 -0.63677882483019466 -0.076403177112690512 0.79445250808365253 1.2872948879091806 2.940973325643196 -0.28910778610756321 1.5623760830428819 2.2117239829670643 -0.26563840744322681 2.7281849383362364 3.4841346012626317 1.9153902132292411 -1.1396072695747648 1.8434222846953379 1.554603524810781 1.6377085971778731 -0.17107422811376263 -0.95879144631333502 2.7674678107558321 -0.7101222249978818 0.392530191664135 2.9389996414932211 0.88167391345715806 1.3720090788723065 2.939938569741638 0.9711758188351105 1.1060129804024597 3.0388784344686823 2.4764691257436877 3.8379838188482167 1.7103837342074473 0.36754176708769698 1.9707669556907728 0.52045487161310056 1.5071551697204093 3.496085750274152 1.2878129981087811 1.8898075966784709 3.5278522442427867 2.6724542000582354 -1.0224022509911235 1.4400870232427827 -0.49382268814337804 0.44673115449918566 0.038922473702137042 3.0954799465606473 0.40768013478051401 1.2109021044477815 0.84675890214266514 1.9400247496874297 2.8116776648918247 1.2846516746042393 1.6162915154170905 3.3862996159661107 0.74190095730779637 3.8591142458315204 1.1484197608240434 1.2874317676482037 1.5909706670933701 1.9046814050733942 1.916013530096313 -0.029175705576326972 0.46207925943006567 1.8702231130912361 2.4330679615655919 3.4655775118792187 0.32524380785449747 2.9021076645492871 -0.21554977242223897 0.68850163600851055 1.2719086099698367 1.1653828565918662 0.99194246959268251 -0.073643651886386857 0.33290619690247936 2.8098483631152944 0.18451761577730716
 -6.3445512990119379 0.066386567069159269 -2.1747101719696365 3.1959294126884794 -3.1911026798699962 -0.28464758643838706 4.1640432745840705 0.29108599795669898 -6.3753481374544148 -4.5400459979297505 1.8187076243585234 -1.013476938254861 0.53064027920762413 -3.9488109250494339 -0.2961426112096755 -0.30383386423201053 -6.0377311437855594 -5.5116040391831289 -2.5205331924613912 -3.5476456579436522 -1.2224636186596822 -0.21033949286982023 -1.2461658757504315 0.22950869274273736 -1.3570964730906021 -1.9360448762617062 -2.2745980102636434 -1.3688265063269536 -4.2208786789457289 -0.54197735728884799 -1.7035931138090183 -2.4721336702458632 -3.0676706966793557 -2.1408613867831239 -1.6398369429201545 -4.3337050529121877 -2.2552685489926123 -1.9113227473900396 -1.4617810420432644 -2.7714044445923718 -1.0758192838682996 -3.6469203415498517 -1.8554745059577153 -1.5231032150914083 -1.830485163001047 -2.8389497823572682 -1.4943092037111221 1.5998309167234772 -4.043421478413757 -3.0300005432522088 -3.096782088978896 -2.0290429572661943 -0.59437874939629332 -1.6937689897139627 -0.75188539972540791 -0.81556084083022651 -4.9557633786674398 -3.0136977936270375 -1.3420417960686344 0.20886857197684705 -1.6687475279722814 1.2950184258216266 0.99724223292719927 -3.3635259692557211 -3.619087878562735 -1.6390202747564615 -0.57180723554425827 -0.70265671128496998 -1.6997842029314389 -2.1223759405075597 -1.2685347513942309 1.2975106343904557 0.57318290312763864 -1.7684828190402029 -1.3629672593225362 -1.8741139000521243 1.0442415871840913 -0.61859828836020514 0.44789715154399617 -0.065208459623482151 -1.9392814140006858 -0.62044155783807442 0.80853520461784878 -3.5827357129518509 -2.3562215603239114 -2.5474506205038332 -1.0757153805499737 -2.1170826282678958 -1.1165303587733717 1.9190691469054009 -0.8388040390955247 -1.68004379983441 1.1375152455720183 -2.098702687932406 1.0988866683349523 -0.85657804189626718 -1.0602086193562497 -0.11338077749493615 -2.8925716203295222 -0.67064981728058393 0.28386796734572101 0.95951138950912152 -1.3837240255973282 -0.51328317438476423 -0.8384724390914795 -3.5240609044900473 -0.56056205164583217 -1.1442167322468688 -0.35904207186826009 0.58034834745820596 0.091986550236567238 -1.5605912662936212 -2.1078369867465589 -1.8019076151047981 -1.4074498464917984 -0.41537583050091187 2.0974656295356664 -0.64580200671530086 -3.1291021746339056 -2.2316247792834312 -3.4032083858641005 0.19234534847873375 -3.7440738073321227 -1.4775964778113082 2.0632424983559852 -1.2520971792503153 0.97147358203217071 0.47314052475235435 -1.6848059766556642 -3.8274596709747994 -1.0921044022191473 0.90409446188960041 -1.9140267066718035 0.34354473450670753 -2.1056445326604347 5.0250769604870298 -5.1446998659380663 -1.2618848438225645 -0.60890415713851909 -3.2159436149400147 -1.7726168639797841 -1.220092849306079 -1.766411203481383 1.5120815234880927 -7.1669973243774656 -7.6050602676703738 -1.8915439453057885 0.83763347120382214 -1.7211947213110821 2.8679255558297037 3.0036662983091942 3.3217072598020927 -3.8800789092346952 -5.5898967665932204 -6.2246851885074843 -2.0565251403624929 -0.84725699799927234 -0.44630631492687156 -4.8047683630626112 -6.1699144531396692 -5.2480230626664026 -5.3894821534198991 -5.6231159301211564 -5.5679348028574269 -6.2090108772267376 -2.3013663105313538 -7.902726249620474 -4.5996003825267726 -4.0243590262557225 -5.5829750091902834 -7.3657229528898114 -6.4235223889377266 -7.6629412173735245 -5.9567844234068801 -6.9520416472976283 -6.7322150302412727 -7.1124525205419475 -3.4928528035346065 -3.3622175729863928 -4.8473189170467048 -3.1126119131466998 -1.8048496566050316 -6.1857040285564011 -5.8317478980272552 -7.4857740886489283 -5.9957003488919911 -3.8271777062600369 -3.714172081913901 -4.5487053900678198 -6.4173298124643976 -4.946586975261229 -4.0841965550014629 -6.2136155884904101 -1.8239541236994892 -2.3149020725123926 -5.3794195651959207 -3.4105440459821765 -4.2940382600675262 -6.5093544091306157 -4.5653841049628925 -4.4830847356455967 -0.22254541785776275 -3.3651964180861538 -4.2342157607724173 -4.6363559768791713 -6.1399192666664062 -3.1662724594351772 -1.5709964216750598 -2.2555818295619674 -3.0566083445649266 -4.6469678961009242 -5.6832113133828672 -5.9004755142762475 -4.2375707434540031 -0.48881541456786876 -3.8162032545475904 -2.6912571737841948 -4.5374018483879395 -2.0782779396904458 -7.2643079892324156 -3.894278595974487 -6.2223490796338581 -1.3324154134879744 -2.7868054256506372 -6.9328495446505629 -4.6472435236364573 -4.617454159727103 -3.3495107839019789 -6.7340633560489884 -2.2147828566786014 -1.9493161416854978 -3.1012559346688655 -4.9553758204151475 -5.07305127824318 -7.0295383882152711 -4.6708525670605399 -2.5442132398191823 -2.8486111837957808 -2.9421227543594277 0.89197016223321557 -3.1116665277440654 -6.1869388168118773 -4.0618719751134904 -1.6860786341846312 -0.65986133006329095 -0.81940030315974965 1.8376643610054333 0.027367410030799618 -3.6690286824173 -4.9837133383937573 0.52035449385737576 0.88402220739029636 2.8141569193964187 -1.4991705651480443 -1.8545938281895002 4.0361142509800016 -2.889143536941392 -0.77855237200002747 1.2041940868760133 -1.0528712186103979 -0.7952282132839299 -4.413521959145883 2.9392845087064674 -3.9011744327046229 2.3881913131906671 -1.072369632113483 1.9338163811101703 -0.48993409848212882 -1.0983526987674015 -0.09419669570507018 0.82198226463804347 0.053678065226271533 0.82034637077522843 -1.6563551810345436 -1.6903277122636076 -1.3384523297267656 -2.476880833993226 -0.49448302703889735 -1.6202625579310215 -1.5109462226919741 0.71160251299644617 -0.29273387500368259 0.75974643754974136 -1.940211686916067 0.23959933169390268 0.39491036354836961 0.65125690684708026 -0.44717783037009395 0.17948434044030945 0.67625769068057184 0.26049023855636866 -1.0243458780265551 -1.8345113973025637 -1.3037412802136299 -0.6301668338727674 0.035540882565986448 -1.4658320748053708 0.53810306568534982 -0.0037379450249903912 1.0620813756782232 -0.051898944527460716 -2.1507563190471943 -0.86951830035227906 0.22543906407887496 0.16880859848494839 -0.70585428797760774 0.035852841788101851 -1.358815481425097 -0.28682376127343012 -2.972150042391247 -1.1495105092825 1.7186380032279867 -1.2828733317489855 -2.1627276218237763 -1.0782904609963395 -1.0444363458122949 1.1492009563112826 -2.2015604348575826 -0.23694497508588597 -1.2593928378066019




