# Created by Octave 5.2.0, Fri Apr 02 16:05:54 2021 CEST <br1@br1>
# name: ptcls
# type: scalar struct
# ndims: 2
 1 1
# length: 2
# name: x
# type: matrix
# rows: 2
# columns: 320
 142.51021780685724 94.118739240074063 92.961060655578208 78.963487292480877 96.464356276872152 109.20766291403024 68.606564171594115 84.465584728521918 99.311958812334154 110.23729181153557 98.30921410880822 93.959561507200391 108.04884018633098 109.0011501686289 108.39724814135462 109.72074525473485 95.162301953052136 103.40814683209268 97.32368155029441 98.027355166439108 99.286793615386003 145.71386362608442 108.18277626378861 147.08193554426873 141.61234343004446 126.12356255737208 143.80903842919571 141.61903898012969 148.80336456124616 148.72918416027284 141.06133607520471 148.68882350109732 140.14945786306109 119.28341629243741 147.58577163943758 144.52728328036963 145.23801248178529 147.55419651787955 147.56959717813947 149.13989461679594 146.56280661903111 146.87244880571777 140.71820377019844 148.15964228256132 143.36098431895823 149.36877548430195 158.84997895501331 157.99754890334037 144.91799977347009 142.69059618923924 138.70471374221302 146.20498315660808 146.06248256312301 144.02610170423205 158.83310393164186 159.60127645620605 145.03815621016551 151.65478508348227 161.22834587549849 158.94777353063512 157.91300950714574 159.28016964040881 159.95213052935611 158.20411993244849 82.187546293277563 83.458693522838743 82.471032155927418 68.117216849702146 83.329067499908604 82.237513176658581 81.081498499272612 28.903346734604586 85.824300199839712 86.84150570724249 84.452970802869928 83.307914409842894 85.897724266298056 84.278471550421571 84.849588686134098 81.096145436867133 92.316414378313326 90.415657871733359 89.338244523345111 86.016620401225211 86.988296452788546 85.93265156651367 86.90456200812983 84.785834783751127 92.867369134514973 91.356507632333745 90.16919031497342 87.953161896772514 87.930874782683219 86.971434182843865 86.910729264822521 85.86836342603327 106.48910609911992 95.073919967547496 91.462807409639694 89.062616578875947 88.211300754556788 88.039908473452698 87.778707431372638 90.93418150112862 95.445142646230735 95.27307582442144 94.076571876134608 88.933356901282934 89.763310337038888 88.903972059819978 89.108766394550898 91.109100337751428 93.511315828795404 95.191122683684782 98.152083001968435 92.13605513896016 89.812189619306267 92.551358585500608 103.90433986152834 89.917991217210727 94.318833575285282 96.094563954915458 96.364756324401412 93.315771228767659 91.095138975548679 90.699816196447955 92.541287573440258 93.833683294257924 111.99638940981887 96.615152084618472 93.880237347684727 95.643472426094746 91.79657097684813 90.762500993274031 93.99793612287813 69.61551547518512 90.800994541159994 90.368654749182909 94.166796767445064 102.73308166723076 97.403626084867483 93.11282805773908 91.845702570865527 67.192748063240373 128.78084557900081 107.77127205246451 75.080369101169794 95.306037037076848 96.251003473923632 98.333089699905827 93.044498483241384 70.571665877465364 115.64491759865058 111.51112190258492 113.67253203636714 91.476648069867565 95.351231619065729 95.276859855835653 105.00765029385569 96.26154950340279 110.45524547844656 110.1266287398858 113.54790407129803 108.15387074888038 104.28186292625114 94.56916557608173 98.905764180699265 101.29946633202273 111.44546194092374 109.01602812112037 108.04903987028362 105.16958020747028 94.145773627390327 96.261989713707294 103.1002264879142 101.25781276567997 117.78349871432428 108.65864889986476 105.05526669795691 104.09068490452546 105.25725354135912 106.11772337643137 110.58635500337378 104.90647179050943 116.57793876883508 153.26487407679508 135.79161222914607 102.41706941011367 138.36288756702126 99.790123215416642 99.258144391708484 102.33539242997868 138.60639898957993 136.92662648908421 147.37688247119246 139.10437842392426 137.94162186471823 137.82162886277877 131.57689715617488 118.00311924668043 137.53920289870155 140.19501030320407 137.9315261123331 140.06926061300442 136.71139988054148 138.84314176341229 140.9881806132268 143.07593590758867 134.77272909039112 136.65231338513769 135.92919821074878 138.97591133353342 130.63804182719036 134.23330375791875 141.9477779979029 145.7877658650535 135.84659675656363 134.63140422749873 134.74677320861241 133.07906458531278 131.38062554882296 129.44750779962143 145.602645296677 139.88431157273942 130.83464096690741 133.86633781165148 136.79839464293022 132.82542831533416 132.52793757727275 144.7195938235842 145.87156781460058 144.63025174791576 164.90508356528429 130.79065660563552 135.03640822682709 143.43452693796277 146.42703311961017 155.42720068979253 152.10597281707007 160.45227215271674 140.93401392681031 130.20170988311853 131.58584256569267 155.96204039731248 157.32899431320507 149.67443452881778 159.1760962529444 160.08606008993877 141.94238071487558 133.89857384295203 156.47254875807948 157.14474725228831 159.32584631847217 154.79139768343131 149.95936720364003 117.90380988751181 161.83376909039137 161.70815000565787 128.87232595524728 164.52617819490862 160.31360452595911 158.26558367471466 159.91320716548401 160.84537344522158 157.91704213309038 154.27112757253741 157.47256948884407 158.61301594208763 160.74051417660067 156.25483118929475 159.40439634295711 159.78817810896578 158.44779460900563 162.60917045068473 161.4852072590339 158.7427316543463 160.75891322946322 159.82787756926638 161.64515007085868 158.1614082216519 157.66628074164356 165.8460820982871 164.10158358460231 162.28399424208715 161.75830951269188 160.82600613400857 160.76126864522891 161.83704157502024 165.1670458076357 163.42308060770918 162.84232214242024 162.33262433172854 164.1110865638224 162.79241122687293 161.95874684428978 166.82413442701704 166.26223063475626 164.50912191783732 164.06043498165124 163.57007903996873 164.6622481067038 162.81002662915259 166.84401020773376 160.99666270439772 167.50745696789235 165.61277304613969 165.07373423957222 164.56780264180708 167.26639747473143 165.78984441383912 166.38617989752757 159.31857506143405 168.22064056977598 166.91693019230331 166.42849915130029 165.36486074777676 167.28770314789577 167.12631558145239 165.95062249500788 167.67826800923177
 12.542097602167562 70.818958325759738 79.445992546978331 150.66338039477401 62.260327544293006 81.620878351531672 161.52824462108143 103.57640091326182 1.8492539329935485 19.906286834074312 64.626399547956311 78.887575623808743 87.317324131779912 82.732430740042901 80.81200347233839 80.418861722831394 3.2632256632254979 0.14241415909325289 66.365263976401494 63.585736448894053 63.650838380732026 60.355450677537746 82.024372369905507 61.128412174410066 55.459756765401252 61.852470026891552 55.381236885258126 73.742256055520173 58.871835169684957 60.137035013710147 61.972368496833433 62.443638200546474 52.417080321666319 38.049426387140961 58.898888265517584 57.68411782573888 58.861742473202931 59.936564478564449 57.792839630105583 61.361681956239764 58.344193400068406 55.122466764632165 54.903463591294795 61.071985728800939 57.373269612647228 57.600853091754139 87.830321540636078 88.647038827741014 55.742532777565799 55.148577078560926 53.541343110899582 59.381518617967508 55.992344197258035 56.466027026777084 89.348730217331521 88.637353058073501 56.770192251932279 62.330533365833574 85.042459749648401 90.453637596225363 89.820420472420921 86.634350649936735 90.999061135953227 86.949717123652491 78.969263746903891 78.250584820332463 80.316761170583121 78.385642083792376 81.075787211914758 81.338417930179318 80.662242859813432 115.93931612167889 78.736476474725592 78.273908139188947 78.95671045388633 79.460454779519026 80.943099558634515 80.235346514390542 81.217863440322205 81.738505081936978 77.172069114927183 77.337912732506169 77.570673339025575 79.820887842033855 79.266339955070777 82.092695262017983 81.537267571213988 82.47569452215653 75.935654602477413 77.874640080286625 78.410723872536153 78.625695644578499 79.794007345958192 80.382302079212678 82.983908151108139 83.317779293038953 78.273055053671357 80.32467186036898 76.534495063673845 78.838282548275771 80.990507483301059 83.439425101389816 82.110490282815562 83.310875783874081 64.794318904739441 58.677678044623477 77.734832711526707 80.215763411920278 80.856540173474045 81.799502471752163 82.941008341047578 82.309228629136484 63.889066355095366 78.470826657382574 67.200939974722147 78.661982692159114 79.571817039705621 81.644396766670511 94.633663532443776 82.220155969073545 62.576693107523816 61.323029965633502 65.447696512321599 76.875958583287257 78.903664315261082 81.301245129721366 82.806663069215389 81.578580431713092 58.300484393644361 64.37599588854836 65.018832308636036 63.314234235705101 79.694965964876872 80.18874872160427 80.219637562991139 160.92130147081437 42.074226210606604 40.862442009947308 58.010140312951513 64.157065000615731 65.197228053021462 78.194574518175614 80.804583822722435 127.4311047892963 18.274965836891049 6.0695586407655995 50.368196512242619 57.589448555471634 66.60760723544216 66.101453369311656 80.743290230406444 160.19506976160633 4.1374547598547773 2.1214581239487886 3.4226860262749743 41.243147857307719 66.007867225655559 62.019395593553909 18.479988581044445 4.4604409312592841 3.7027451408347849 1.6193455258045932 0.98787688180047428 1.1644443272057476 0.86408531770774055 63.767033255080669 2.8967382776809298 1.5917718147851001 4.2281195590660392 1.8091745471297451 2.4909685228574987 1.5442252979094939 3.0234911076913504 2.8376853353849869 4.2865359434021393 0.52277429422802768 36.210782892570137 3.3665588826152635 4.6722817904305671 2.049182714060561 6.83592539961524 3.5971201594932629 0.050433760023560453 3.5092161631222978 35.728447487606239 15.103965465327539 17.635818091906255 1.6798368407611521 9.6164501732122485 3.5318755252462584 0.77548577370467064 0.57367374455972875 15.833257855364543 15.483969896617275 8.8474987198047188 12.219853996226041 13.861554940284 12.737127742884294 6.0544845488874257 38.237931816262652 16.464488222228916 16.123171536326673 14.982061721239079 12.999989290171758 12.961717685058604 14.361745036176083 53.131722549378885 56.208304645258103 16.156903408472111 17.00392381115897 16.155022174998422 13.272234680579771 10.653271468509326 13.215028794992273 54.372687847736529 54.830688262402447 15.100811397619662 17.361191325372381 15.047380051259056 13.26100933992878 11.37886609777704 10.562239522927577 57.801780515257349 53.590737793647406 28.234450416965181 14.274145456942296 14.327767008370397 12.168555111460249 10.929179944601852 53.510638544518784 53.58817122674639 54.604549109730208 7.8505317553797926 13.2670567344768 14.031136826193896 54.397723985078464 57.130179867082227 83.29776101387931 58.829717759295903 85.90565619069946 32.913924704990059 11.725083326941764 12.450993013766103 81.988264447329811 83.851191697970592 75.175528169401588 84.278195717311405 84.790766546420798 32.495145412910006 12.212580977366704 82.875245777296328 81.721005066031239 81.233483914938546 82.174635376504995 62.22900514821832 161.67851603368445 54.474946102257384 55.739957950241909 92.53398207951075 80.54915825911813 81.822166824770477 84.716587875560379 87.595713817248949 88.109264785791325 80.990982175814764 69.409013455570133 79.396846726724263 83.212422073086259 82.793470185202665 84.265311810763265 82.432316259300109 89.744760009283851 81.956547385094865 81.365794104265817 81.660250636859701 80.243533037956553 80.829647028662976 83.389320081076747 86.147859490964706 85.830231128404833 82.805911038194239 80.66605947895593 81.693826332674575 82.414147595127673 83.279596309268769 83.991124034598712 86.899025732456735 87.243579266716637 81.812161781730325 82.555035890454775 83.48032331870381 85.133168134665198 86.19883230795142 86.157667466845098 88.388664973022486 88.021524695942887 81.768192054577014 82.736745589006304 84.152792128798367 85.092574454744749 87.14093593186405 87.582194156723361 86.853759942241751 89.317686242882075 84.078751485892028 82.95124395870252 83.91449629514284 85.121854665285639 80.097930786909004 87.199633437381209 85.875186621100625 100.07446800849544 80.634470239293762 82.787766000315941 83.753787350581447 86.095385693433911 81.666065702213956 85.072105263118829 84.896360850222436 86.155207975170228


# name: v
# type: matrix
# rows: 2
# columns: 320
 4.4402676273350057 -1.5491047806532685 -0.3182393204594865 -2.3617106020879088 -1.5047296581843645 -1.0949708927687152 -2.5141187649517143 -2.1848560259870178 -5.4034948462141097 -0.62397535907694635 -1.4823684063737728 -2.4863568606111772 -0.74118715823311598 -0.21872115951044968 0.62326464157068862 -1.0384168928829871 -7.5027015993971302 -3.4541756745472609 -1.3173004971908355 -1.1037928938438437 -2.7678759672512285 1.7771406772591176 -0.50326735974215653 3.9634212990691835 1.2420373173973227 0.18963793975630527 -0.31185993288118713 1.1313036246855084 4.0764614644492383 1.4066251103111864 0.076597165524798977 1.0691804050704599 -0.014515711777322152 0.044131286965475774 1.2185800752296196 -1.6632729684913168 3.0610105372885088 3.6381804265667057 -1.0679118450127663 -1.2294020557592831 -0.78605629376758668 -0.6151363354779299 0.28196882748335372 2.6292971738682658 1.4324453260391012 1.4704679134936647 1.6968206036664317 1.6078190633835527 2.4886546066000839 -0.44960195854957297 0.84967305026963535 0.020211515768939738 0.81000680944903203 2.9973518757034219 2.7329376432531389 2.092268655482096 2.3567279245433661 2.8707448039950862 5.2595866804437428 1.5439881741692987 3.1510378918394739 -0.030811572332119702 0.82161864821422903 1.984694933095358 -2.1940732978273187 -2.9873600519949002 -1.4977054604903377 -2.5555409142093808 -2.2278648197231594 -0.22027829764488155 -0.13216753510193455 -4.8083481724781443 -0.36026768693553479 -3.4770282221823257 -0.86338338154468408 -1.7944773915220198 -2.0289465024186324 -1.6153365972477187 -1.1291139213134309 -0.43591165282132155 -2.0411082647195555 -0.318874705748035 -2.5387921506491344 -0.93332567279733636 0.24945236503009696 -1.2826610217588821 -2.8089430316849042 0.32429788953938926 -0.06917677948978157 0.46850374613500845 -1.9351476098940343 -1.4617165007248725 -3.0634096685700127 -1.8229428037965034 -3.1763560419780417 -2.2351790876188762 1.0957960171126855 -1.5030844503005247 -1.8142077894677606 -0.57338711097165362 -1.1668744553353063 -2.2108477475880601 0.39329558382904506 1.3135239957356768 -0.72272279396837202 0.29715253927297086 -3.072427314537018 -0.5659391824657185 -0.9433189533917028 -1.8868247421022153 -0.99176388336477161 -1.3657880944645133 -1.5184877070491054 0.27184194462199884 0.52028138130250035 -1.4726695909856538 -0.97669654389032068 -0.82729498129169265 -0.98235940944024569 -3.77604375063303 -1.9301081678766996 -1.6794373303200294 -3.0273232517811173 -0.80174539973286085 -2.0389874810613078 -0.32054217710637262 -1.0027975003563134 -2.9916279905520344 0.63942593884555221 0.21612959166597137 -2.6343033926391368 -4.6122424527353498 -1.5711048220332346 0.066429693675806353 -1.1897095928871 -3.3931911563647921 -2.6316102842740423 -0.43183768446234727 -2.9545981771419103 -0.94314333146569318 1.9491014939696649 -3.6389972344513821 -0.73261191724005126 -3.1420302346738094 2.0503194377782759 -0.018888538791593794 -3.3052369035009281 -0.94560657191222497 -2.5195449070575222 -0.98400398545029721 -3.0568530575550295 -2.7966109730127067 9.2451982091054887 2.8411284482627903 2.9611318482880131 -1.4154640117951247 -2.8901402370182141 0.29107074559449242 -0.91553894821569615 -5.9063982881598758 2.7604224589411337 2.5171111512978297 10.264133011313568 -0.67202684624519593 -4.8752397703684949 -2.6671084164917827 -4.0374415812839741 -1.7113697194794546 0.40708368285497704 0.49563610792234336 -0.46382803224915992 -3.297496944387277 -6.9814564518102626 -5.2185661551028097 -1.8262840659356756 -8.4385807984689976 -0.53840014815479387 4.4185359613216519 -1.2403262749545245 -3.973205218587549 -1.2232854668203377 1.6937331217250751 2.3041187350049634 1.2123208367719802 -0.18867020690025751 1.9063454546835059 0.33166000589774364 -0.8923369747491241 0.29073861035588694 -3.5374301362027567 -4.0641704570042645 -3.1226130373859395 1.1028895621984507 1.683924920758481 2.5327848163482951 1.5790565434904937 2.690417340697302 2.6467138846972524 -2.1791776347234002 -0.9825137944705048 -1.4237782214602135 -0.67721090379088578 -0.62264968040369806 -0.62446058470625754 0.5307009669526761 -0.98534471924030531 -0.57048339676521442 -1.2026594992385111 0.85030290585750978 -0.74182601564859263 0.36333464610378352 0.057421984309288458 0.95486110433782456 0.97117222826817329 0.85652974840412055 0.22742696528647671 2.596936329446542 -0.66111144499016006 1.5662152229860611 -2.5598101938319289 1.2636719698834218 -1.4808434597084144 1.3488961074964112 0.6925917589093471 -0.92266956557525615 0.068122691311117728 -1.3869387819940751 2.0148922546768464 2.3581836281324686 0.463581358155009 2.6944563077236952 3.6498801132657346 2.2728166734052841 -1.5931749983751118 0.24789957877764385 1.8429424909367307 0.50950181509571668 2.695108821923125 1.6039025045154522 2.3461077372728392 1.6543925446291434 -0.80314365558692236 1.6639382849962689 3.3328642512694038 1.3634544074917383 0.79445250808365253 -0.15268038586929308 1.2973213291057175 -0.65696421263664306 0.54907098727932735 0.45628407817785999 0.10945644858004595 1.2622237473357383 1.0361280514833313 0.54130706153847719 -1.1396072695747648 2.3236662303844287 1.0743595791216931 -2.100086601167332 2.3702968797730257 2.5631560929449062 1.841260896198982 1.6275685395648662 3.2448929231404233 1.1176451349663892 0.88167391345715806 -0.046414287995389922 0.7630107721150764 -0.91253261360883886 2.3224358687506896 1.9106331539142327 2.387490032567904 0.624207561012603 0.78630421658825944 1.4201628104800021 3.6103324295304708 3.5038790822932726 2.0256645030625773 0.085086111051422414 -0.77844280605707028 1.1107040360671261 3.8941758045213404 0.4638237378977122 2.7829657177828553 1.1612264627485875 1.3750705314973644 -0.51234096883082625 1.5760236262231369 1.4765598812135117 -0.15527015321560717 1.4816993341870857 1.2235931761058039 0.16995134667155484 2.4563143430439851 0.79929599091976833 3.167243263441986 0.82842218868030093 2.4772598608268734 0.3476063087241108 2.1756959581100572 1.3188805999477748 2.9247514402578614 2.4416331444536459 -0.48410441797605991 1.5061483433145777 2.6368669401506035 0.68906977469423547 2.417895167633854 0.64301698870240709 1.31611221428105 1.1097304955892708 1.0795806053282941 0.97235680854081041 0.51689071090546257 1.0351417808051142 1.0387058579072594 1.3477946078978811 3.7306388067874963 1.5758225083132658 1.1602544558325472
 5.5985366729886845 -1.117490105380994 -0.301787798618946 3.1959294126884794 -1.219915705182617 1.8583643757351207 3.5878456957729248 0.29108599795669898 -0.74151826722334824 -4.5400459979297505 -1.8320752422854996 -2.1879306188461634 -0.81039780598378297 -3.4957661974652825 -2.1368377818534503 -1.151263612563624 2.9749437530242155 -0.61097065259690386 -3.9931854569774963 -1.467420137022093 0.91564918977202936 -1.8559508348462124 -1.3467828632890595 -3.7535877702299878 -2.174436304289058 -1.9360448762617062 -2.836490308939482 -1.3688265063269536 -0.9057474822723901 -2.5118623699726861 -1.8863316855641648 -1.5156920332237063 -4.0917596771733074 -2.5410352292112233 -0.55475054176665184 -0.18451677930566163 -3.6476610416529041 -0.73683133272008383 -2.4460620498593153 -2.2549830107006885 -2.0570894947026144 -3.7160052090164033 -3.347837365362933 -4.1500242176443001 -2.3708135671877648 -0.046988530162973247 -0.29237126230110394 -0.79566982155276911 -1.512736335756927 -1.9928049617833146 -1.4300895369953741 -3.193586916674064 -2.9402522014806616 -0.77763314429963437 -0.94961558328725171 -1.3004287953782305 -3.963931338524997 -2.8824416200158467 2.2819820090881207 0.42922798296226661 -3.2350080003407919 -2.3881789351531717 0.84806566988649013 -1.3666622614208619 -2.4229446854151666 -0.94003003062596158 0.17398785491736213 -0.70265671128496998 -0.69808362574760974 -0.58585009462978699 -0.8987727021734141 1.2975106343904557 -0.83944235271576384 -0.90428621281484856 2.1417416746165689 0.17091028482386439 -1.1993386114746052 -1.3456627565340378 -1.1507174501912349 -0.44089844515345283 0.36999956230536152 -1.6666712889296451 0.396110666601937 -2.5583442927311966 0.14046212153493276 -0.97595077033783273 -1.2590233107773678 -2.0020344085880803 0.49944566499728038 -0.080719444359883666 -0.47999823395457503 -2.6953450422623124 -2.6510130048633518 -0.81271583844974671 0.63341732674101936 -0.038507242186132669 -0.76998383527079506 0.16413296054198132 0.655946267187972 1.0790473797932953 -1.9523203140465197 2.3843346229411124 -2.1642452885430896 -0.76461083665474194 -3.2778283468248106 -2.2459835554420824 -1.9136188009288562 -2.3849224259782478 -2.4436457423382616 -0.95027465540282008 -0.50402303008295757 -1.0450721120033877 -0.59573635813236048 -0.099197703510019178 -1.0411978347429227 -0.79917631583809612 -1.6402575065735636 -0.38558584113246541 1.4511542305423721 0.41225133840853595 -1.665380945734948 -0.047702607116483192 -1.4998707710402428 -1.6211273498060117 -0.64998218223253235 -1.7624416791645421 -0.98259628973859081 -0.87947887700163629 -1.4985947257817349 -0.54001468895988425 0.47519938146065988 0.35602875933419165 0.98243098485685132 -2.244195262112413 -1.1008957861689903 5.2362141237561239 -3.6620646242232877 -3.7445146955213704 -2.4372170813734817 -1.5869886814609546 -1.1470578499399495 0.71009137597300909 -2.0698290185176202 1.5120815234880927 -3.5162276711970275 3.1413217421236785 -1.9440862629784657 -0.78564463529010031 -2.2691359124919845 -1.0434125700600636 -2.099488299940742 3.6867676753441856 5.2498981212468996 -1.275274829470787 5.8258570376742798 -1.003988212705812 -3.4533585458873972 -3.9411745282662447 -4.8047683630626112 1.1309623725780402 5.5611368529512868 -2.3362606399398862 -1.8933008277615462 4.5369868229831702 3.5057784367002904 -0.79500017031600301 0.43273397205009595 0.42255279458605544 3.7432176500725882 2.4348862149016668 1.0682730683443595 0.29229235430963824 3.7590970115499394 2.8571976870367322 3.0226966574870828 1.7497314640740702 6.9287863046069473 2.616528277890136 0.9488725333775323 1.344372181592477 4.2157711793066275 0.96022573076104001 -0.65919560410700773 2.2759974840481236 7.8115060776872012 5.9957003488919911 -2.9279354857400999 -1.8769484610983214 -5.3422207117402865 -0.56894629945018982 1.0277101826790667 -0.44801555757822625 -3.2214814695868257 -5.4056713701873109 -4.4806091023851753 -4.1314432271093784 -2.9444710355054533 -2.5395150860554008 5.4234164077172782 -4.1859704891267411 -4.4921553176155227 -4.2225443378543019 -3.6686641571571537 -4.5978694636989266 -4.3255879124004961 -4.1969475846865913 -2.2193991496832117 -2.9943478475846979 -4.0162434212271636 -4.1672501452513169 -5.4091840907052386 -1.8017766795721475 -5.2919354529470803 -4.9709485553877961 -3.0646063995181798 -2.9864389950328607 -3.8879594209130302 -4.0649953102208842 -2.2219888968366925 -4.5051854402264784 -5.318667656090188 -6.1166684024847724 -5.3229632129690865 -1.5373684685523656 -2.5976670930922872 -4.2797401877987244 -5.9914792176295695 -4.6547449711192543 -5.1055584172084902 -2.3576838178554462 -0.64789810919671464 -1.6639711107113029 -4.9553758204151475 -7.1638147263610295 -4.8782580789627588 -2.8721652102536486 -1.3622222403428004 -0.98336648449657527 -4.0373863935836658 0.15542707230133143 -4.1100715797931633 -6.1280106275537394 -4.675021196345325 1.569454733580921 2.3558388411780848 -0.81940030315974965 1.9280468300764646 -2.6793617489236254 -2.6706236303681732 -7.2443006664662128 1.3389315513182214 0.78223446199029412 -1.8651457062827868 -0.063685876427127322 -0.85300294486003714 4.0361142509800016 -2.0725655311420881 -1.5951303777993397 0.86357808203941411 -0.79656404337704134 -0.54782697392086577 -0.063857728742646128 0.087857870357009232 1.5583510779731689 -0.38195718394850403 -1.072369632113483 -2.6272266294072777 -1.4540702033349766 0.45463355204197198 -3.4663372406527184 -0.72796330471799831 -2.7021132975570978 -0.2747638237533408 -0.63731981578326102 0.082776130958897659 -2.5127874188715515 -2.532438912331012 0.10329956356895195 -1.7691967146340313 -1.4677057896206558 1.3076717275508913 -1.8662217976433577 -0.35364148495113557 0.67629482456486323 -2.6284631515662982 -0.50765413187766062 0.58318709678034097 -0.53715385961185513 -1.9751414232544673 1.212052007455394 2.4212642715743478 -1.2761046069469453 -2.7511832108630472 -3.5625120570082198 1.6624843331270664 0.26787776611196329 -1.8600314713962574 -0.09225875463046887 0.65827617604830435 -1.2949924165954703 -1.063948513216219 -1.7650201179656688 0.36127467409449782 0.86932510435901011 -0.83270360470646054 -2.2322626340518372 0.85608958902766874 1.1425297872991724 0.091022118432313906 -1.6996285991731528 0.44716924724915663 0.86129832952167451 1.8696851020539953 -1.7860943203114548 -0.30432955951447399 0.60327215761695807 -1.4287159459150363 0.16584196864113898 0.47219496336353944 -0.14062224283665054




