# Created by Octave 5.2.0, Fri Apr 02 16:03:45 2021 CEST <br1@br1>
# name: ptcls
# type: scalar struct
# ndims: 2
 1 1
# length: 2
# name: x
# type: matrix
# rows: 2
# columns: 320
 123.24103746808117 109.83272135004485 107.8363553180924 103.76144861440379 113.39685240822186 116.36893327243502 100.14897531707049 107.40657300139932 119.47528746994993 116.7890330818358 112.92604584121717 108.35473192603905 115.15731479838846 116.32632792724155 117.7149309728738 116.86770898807204 121.4680535657551 119.67969927157496 110.8835995482265 110.4730800807183 112.18871335548241 134.4044681093265 115.768148316731 133.309433205684 129.37209831199795 124.13236418994441 132.39393400105584 129.74035092092566 135.40113292708574 136.07651155734999 133.20921177273468 134.97023388725464 130.16413476070971 123.38583034334673 130.54022724201948 131.23579667687864 131.21494730709304 135.47974876886622 137.10147345758082 136.46009649336929 130.95187342265729 133.42330201401452 132.97031719099718 132.2885586590107 132.18814602199279 136.19856347845052 144.25582449683952 142.55792822141487 134.1103497256789 131.87556027847768 133.45154899473852 133.5562083413617 134.45093945948275 134.37333633879587 144.96052447996223 145.1501788154109 135.31964065790928 134.58194709997312 143.58275433910876 143.76809576084025 143.13346967482161 142.95493901315135 143.97343251149164 143.69258461335218 100.83905281776828 101.85260826090517 99.657556913247547 94.950396448907583 98.791016883163422 97.774535748069241 97.942452776603744 79.391002545627146 102.42388120380056 101.34019838127776 100.26298781143569 100.07651382601678 99.801443961002306 98.85794563007228 98.975122166198801 97.072720245417301 105.50623529801297 103.40234947052701 102.26606214062485 101.24966985776034 100.92893810380359 99.911592940933801 99.930669240888662 98.79210680252767 104.4231730024202 104.33974026124872 103.16774744564344 101.94303385822717 101.9948719492119 101.05618994134791 100.92340269115972 99.853635410353519 107.21640149472591 109.06067002976191 105.26985736832813 102.76901929658828 102.01098240009458 102.29515429228954 103.27716915428424 100.56720628714223 109.45710682346595 108.68358701305364 108.43163886298777 103.26183954497456 104.96255218391329 104.29314199165043 103.43942764601742 104.00868149612657 110.69216827630834 109.00152989670806 113.40830835331261 106.31268551193234 103.96135150105275 105.27671249448008 105.85973006970065 104.63723686520387 108.67948577332301 110.22848165720428 109.87578522080281 107.66117266174604 105.27477191239815 105.99296187423396 106.73827638388529 108.17962841312544 109.93214938967581 109.76755264223739 109.22664829046501 113.18179378041363 106.21006913897151 106.25157174083144 108.88577118110175 99.060950555213495 108.18561245112197 106.23642853206677 108.94618243536124 114.21903976617909 112.24259558942708 108.52610266724483 107.10214456328633 100.18406552730838 113.42916112207486 110.83478038287009 107.97002452509928 109.36678741424458 113.34791720873707 110.99546465992786 107.36011571269749 100.97498904241738 112.4112898834927 111.27295929419996 113.79528387649603 107.06816423542976 111.86200597034035 111.93824718436409 114.62080925010888 120.59446148759693 111.636494263901 111.99775216759312 113.19435324901941 114.35916171141039 115.98832007907566 110.03827806355488 122.72007226872525 121.67015662255581 110.05914516407003 112.69526169106508 113.88652712330982 114.94550693847114 116.14470576253206 117.24192665237837 117.78634151118234 119.95731722697786 120.34770289118244 113.01539807800478 114.07425567856917 115.17926634082563 113.79457542931243 117.16636105570313 117.1179564169811 118.05300114270685 121.69394220720885 133.24824680262964 133.7895713819982 116.26083303014836 129.54472632666665 118.85933383945078 120.50610502328486 118.19299093124305 132.95517467366213 132.66646809873521 131.4431494280845 130.19941482757571 130.91813731328253 129.08946550289772 126.86570045784646 123.70775263741963 130.94332803386482 134.03126057647668 130.74721744806595 129.64390819844161 131.74232061565067 130.50001435663003 130.12674666498665 130.84945528072018 133.789565321049 132.04313857219887 132.29252392016164 131.05009614385685 129.62304038447451 130.80052430572323 131.16701956333907 134.8143429462792 133.94417781703615 132.97198590585268 133.37566698106596 129.9984873447431 128.71947263229256 129.79936730184977 132.31718177946158 133.59765409854262 132.24996061268541 132.20021684929139 132.20835251578254 129.56310718754963 130.16692573516082 136.0979546228524 136.18838945648798 135.23951174464059 141.04050849452668 133.17246769538275 131.88849818516707 135.9784370898962 136.47120286314637 140.9254151018277 136.79557922835446 144.23767782429371 136.56676574639809 130.91244686838752 131.08148372401624 141.79381289940741 142.57615082680027 141.14069858452507 142.59331674640782 143.14904566071937 135.83663140936682 130.55879142148547 142.28306207433312 142.66158236278869 143.59926867799993 141.98661026839741 139.65333677709475 129.86968621805519 144.39893118504108 143.46371691119418 140.79779550786182 142.98536137060728 144.66414514069442 141.80578043773679 145.14881450564056 145.67995933783445 144.02039914362535 144.90134549020797 143.01024591567059 143.8126849911518 144.06865605523845 143.44934033654184 142.991069121663 146.25555960264603 144.22846003436476 144.96174935296168 144.7835740035531 145.6440978211794 145.16958582433995 143.64193587299221 144.83810401124208 141.59867170196475 141.93252093127055 146.00158712119969 145.88817611333977 146.39558812315963 146.13319829523189 145.15523605777585 145.34737469653155 146.26383350217776 146.81628755719206 146.61907015081979 147.50117738391393 147.11945414209441 146.97004014548563 145.89669116110804 147.47771333212575 146.77486262002321 149.6649361979417 147.52787044562652 148.22479300526493 147.94395248968445 147.49401234182756 146.47559873970766 148.28346260008979 147.52494551523588 149.87006344670763 148.68657615773864 149.0280657734144 148.75286429418429 150.85852319485471 149.53272754455028 149.16356817919635 147.65826405557073 150.80411148823543 149.50661065708724 150.13842340164851 149.71148879467063 150.86458276252898 151.97878730247774 150.37334351551323 148.22415375040262
 59.909051949771907 83.27825116507438 90.334043209103513 117.1061215615573 83.206411918475197 94.060466230738129 117.01662727581864 100.5199979347038 54.91484853616813 67.576769812332856 84.270590891291064 83.294734830680383 94.354512862128004 92.100123670231426 93.844848628402232 93.161722933384752 54.944778606624659 56.241473155032779 82.895132286954464 78.669421053406467 82.575321328759003 85.877538916418374 93.257578620468465 85.560099063149778 79.718539397356537 82.180941227647267 80.817574078225277 88.114934371964083 86.491649950187721 84.975226655251376 83.952345374345327 84.919078344380338 78.77671315615693 73.956688503137727 83.223713160640386 84.047249604120793 82.420378479498495 82.790714411984808 84.364400869575476 86.031554747922215 80.862390478439124 81.398297528788518 79.234450011583462 81.927156888629469 83.169859525972996 83.599305969742616 95.197306217494713 94.412851942200319 79.46756848408009 79.382320642952294 80.378090826869411 82.909270806283075 80.874467170898967 82.051431948754725 96.762382603692117 94.412457812848174 81.418827462034926 83.483623518585276 90.765848379641653 96.260052337699221 95.331789143771019 93.378767472605901 98.501175013328393 94.194464344762025 84.853354922667805 84.806170506623459 85.097366027603258 85.763537552294892 87.672871772746021 88.384562399516142 89.459939886339171 102.31545446058216 85.958337202591338 85.837992599457664 86.052539187712668 87.197359039382661 88.188325031952814 88.815282221341604 89.836211778886579 87.521978000086222 85.844443611096324 86.792700661278943 87.064782030453074 87.312653601368481 88.827490871037895 89.318694495791121 90.49898322076416 91.011169977958559 86.347975531515772 87.611150789905182 87.879622236835274 88.11161316215744 89.635986425704445 90.168766457906599 91.258857961992007 91.615414767833002 83.574373611705838 82.31952956195623 87.104386464229393 88.833310090339822 90.695408993199976 91.709849430530795 90.853409435789459 92.335177615551245 76.837584049562153 77.64223222022045 84.364433913719196 89.748335284016051 89.509593145166789 90.436676973269087 91.89866513475809 92.832798428297849 77.066023880027004 80.431492417877465 82.115942836676012 86.617613033476218 88.649490378057294 90.660863425874126 91.733361568246337 91.543388107176099 75.776606842159367 74.056840064230414 81.135018705011362 85.888107212518278 88.213002989895116 89.806790013223548 90.659307857895641 91.57015905096786 75.826130782525667 77.881913277077899 78.815795715583377 80.84480359345288 87.694390546795219 88.813074557300936 89.973814305574933 116.54320834506868 70.72926054421805 71.888464760225133 73.933932521062374 80.641120106788506 77.159936483799072 86.746571875859416 89.599761298230391 111.5542487926573 59.28969558595648 57.552046680306276 69.527053672204531 74.940265978269224 79.856655008292762 81.480007690469805 87.126760677072468 117.72109153644655 58.798153039600678 58.615144499999268 58.323212660372924 71.127098465455617 78.157168522956823 80.632206685554593 68.930056393202449 55.693052402878422 56.819195407014057 57.759921297506303 57.319917014584547 57.43515954685941 56.830235269934441 79.645484763833238 54.951667758345813 56.049515209064495 56.138277940399909 56.457423954183731 56.515940779266188 56.370645087071949 55.76639595551822 55.367533026269328 53.241885496239306 57.573819517991893 41.034588303514624 55.21561532459387 55.425314195636517 54.95276129419549 54.447055692504854 54.221774096170769 56.641693322783688 54.717922262875796 40.90838306895926 47.850888198037147 56.307186823930131 54.686330698688323 55.850123299715627 54.003454513004492 54.223279387167651 55.973948860599137 55.210185133678245 56.511753574655465 56.433961706661485 56.746915255584121 60.086474507155323 56.802919257796503 55.152512857440499 72.746555692642843 57.648184330467672 55.300719918442475 58.84474108908843 57.889692967237387 60.989722218343729 61.16150700498337 77.561054177974285 79.654577841623663 59.276268759187715 57.313516297794457 60.003020069200275 62.096934162209081 62.807542162398057 63.134751013164816 78.186369027568034 78.460911682560479 60.343159203050405 61.063875383998365 62.205266937643167 63.931031618678908 67.655319412285408 68.088159234744268 78.377676910374589 78.023679408947316 58.771538668915106 64.100989776483104 62.014889635311128 66.897744781514632 66.020333327508496 77.830979222417369 80.174724817754253 79.752746047228229 59.881977869741931 63.219059385233386 63.062489035232346 78.991869275920152 81.294542616190583 88.340279140607223 82.432631565287352 91.652204938639059 67.936518174234322 68.129888428725891 64.195871717332196 84.825621607284802 87.030090052142526 86.489025710111733 90.09890933674707 92.145664803591146 68.669851650360016 67.073517494715148 83.866905150656436 85.725886990857759 86.457447171747376 88.043059334838716 87.151136479972976 119.29931639837604 74.125527093847552 74.600184002536594 83.613464549085094 84.650826131299851 87.404862783963495 89.181363476548 92.4691867395034 93.38240635718337 82.197885186876121 80.813570836973938 82.91258689451962 85.313186856382472 88.500004423349168 87.52479646570788 88.514495407571644 94.358364867099226 83.910611497908079 85.207150459973988 86.3441225863467 87.086203397013023 88.346371154237886 89.669024517629367 90.562960234446265 91.305490123563573 82.643435085746617 84.819420881241527 85.913955030975032 87.922660377575056 89.070160304990239 89.449497477749972 91.436869193410814 92.424680230821949 85.444074166660442 86.877264850115168 87.638893288586445 88.650219159106655 89.953797613363889 90.294014296002814 92.496374993416964 93.353775488071776 86.0542629632955 86.35369946512013 88.515456973102488 89.614862575151108 90.973147423325074 91.314095713422091 91.624677526469725 94.560523058496628 87.182627761142143 87.402610616552423 89.289194889436246 90.491020515822001 91.203962068304193 91.180466757314747 92.253125561828128 95.804148651190516 86.32864114093266 88.256333079328698 89.134285788928963 90.072800657315469 89.932532162772375 90.725293973046561 92.241021278534021 93.282437856647064


# name: v
# type: matrix
# rows: 2
# columns: 320
 1.3579693284185725 -1.1595971999963472 -0.37837990971415242 -2.3617106020879088 -0.36376402584488093 1.0462897889063281 -2.2003146756422329 -2.1848560259870178 -1.5100423350179337 -0.62397535907694635 -3.9987317943496299 0.29542968430797489 -0.19667397160638173 -0.2814906784496673 -2.5887727708619552 -0.98531992989914863 -2.7041336283591124 -2.574894139180913 -1.5474380696315204 -3.7925720933492246 -1.5295905590460819 1.3397358480235737 -2.5582522595545538 0.16231443088762834 1.0255436198663193 0.18963793975630527 2.8841630041603668 1.1313036246855084 0.18223528244995899 3.8953663922119022 -2.0444474488459039 2.3322041799988495 2.9039634443991296 -1.150111519392959 2.9983741675217583 0.022114654473288524 -1.034391985238744 -1.6350880234512584 3.814570005893525 3.3320315044991915 2.4371275437049351 -0.056570764809298874 1.6037344507212572 2.7386233859429079 0.075107106530761303 1.473418028441835 1.5721564232347718 3.6042863603451782 0.20406768891966767 1.7702280345407766 1.1800456824501442 2.5256447189043714 1.4425244407196831 -0.90200633555095455 1.7076240598236321 3.6590111354590755 -2.6629112400576509 2.7604026933273631 2.1096300620204222 3.3852511904267168 -0.62999648600242797 3.0000517019810884 1.4123225927520457 -1.2121296386645839 -2.604018685162369 -2.1242927592880689 -0.096287652679428626 -2.5555409142093808 -1.3798662848669192 -1.9297826888799403 -3.4503829389300735 -4.8083481724781443 -1.7575471171379431 -1.0505489319706744 -1.059092605178013 -1.3762185143926076 -2.1148667325285682 -1.0488785636527638 -1.2178119849288696 -1.2681390612284877 -0.91099832199584529 -0.83033593952924989 -1.4607614537691822 -0.75311750076427331 1.1733001290220875 1.7634666459724877 -0.82742801671743593 -3.0256241755350546 -1.2064032176229664 -1.8475108330627326 -2.291593214220085 -2.8459693462103006 1.0671134412547045 -1.4548301482934065 -0.72211218548904521 -1.4594405595558291 -2.0652475514896613 -3.7171224393908386 -2.1076522566150055 -2.6252794250794897 -2.599672217863334 -3.2205873875521642 -2.2230045362405817 -1.0765787799075111 0.52530430849120402 -1.0903228088927892 -1.4121365703560547 -2.0385038675097866 -2.9080811173498446 -0.81929270865397452 -1.9447279789835163 -0.054227706306957876 -0.10561557345100778 -1.8494755120196584 1.4713743222859255 -2.472754138041517 -0.26195319070253409 -2.4608129660460047 0.96879770698940182 -0.36805103488732882 0.52012306249836482 -2.9542485127941327 -2.3905685288561838 -1.6034883025853877 -3.1692704710288599 -2.1287442321461669 -0.93618769320449002 -0.27977234789500027 -1.1179227793100546 -1.4673539817265446 0.70800233952966851 -1.4595383466658589 -0.24380299130073427 0.74786964315725524 -2.9146656053009994 -3.5888983864602242 0.025156501099914075 -3.7996483794020213 -1.894459201496473 0.93869954326744309 -2.1204319695685325 -2.8398388109589137 -0.51822148694361347 -3.1420302346738094 -0.9747161067807697 -0.50535111024594648 -1.4315086315147461 -1.8921363889248441 0.24499047855715075 0.6862058982503616 -3.4764389839632037 -2.9147078322267403 -0.58117422567964494 -0.90716963524916938 -0.78938965004073902 -2.5781483742155951 0.93917861224646082 -2.6322403846159461 -0.91553894821569615 0.7979656633129828 1.0015395505262201 -1.8070028697972278 -0.0081600940894694524 -1.4862708612810118 -1.0324830556955154 -1.7028604563330714 -0.32791957617282813 -1.7477372860512648 -1.9397217870030909 -1.6515943680842124 -0.50303027722288807 -2.0040538576205233 -1.1001307921760344 -0.049720020441729101 -0.73338194715830152 0.95775453348263395 -0.31244821274147372 -0.48653838055074372 -0.85265627247434783 0.58564535704522735 0.18332538042535529 -2.1846436704760173 -0.26281822244184821 -1.9784206256913912 -0.41900483924375687 1.9063454546835059 -0.61412640384936001 -1.7740720717548655 1.008510374276292 -2.4890946725400216 -1.0071586662634406 -2.2431941468090857 0.18084252145109914 -0.81417104442088462 1.7241174290934627 3.2917564768734211 0.44132038593262157 0.72532723738959715 0.9259881844467065 0.21611170881811542 1.5431512052446053 2.4546652359985899 -0.47747484429994846 2.5402876855395733 1.3543921733152737 2.0452380292509824 0.72395582333910957 1.7092723355698121 1.6114760297100974 -0.44433990521343281 -0.91950111868982232 -1.1641709650966259 -1.3945296269051302 0.84081397951973913 -0.23239069124359163 0.080488773638206917 3.4416264564957779 1.2064998209971491 0.1843581477763003 0.31412564587104719 1.3014174592543166 -1.6304305836968684 1.8335350632792413 -0.85474119973009366 3.1209250271165159 -0.11756909152819989 0.55196617630300726 -1.9460592084050119 -2.0377960464799854 1.715424771984021 0.92389852612623913 2.1208485675081241 2.2728166734052841 -2.5458667490991904 2.1693928185985603 1.578353956103379 2.6997787932403736 1.8605414798883044 -0.86273654994677185 0.25335669870954847 0.68047319809733142 -0.70506824699593973 -1.5883351698914776 2.6953051012366491 3.7332603864717639 -1.6782929639308326 2.8705682583036873 0.61482571431171584 0.31695513389517294 -1.2436905892388388 1.5386282060172249 3.2016864598174712 2.8406680464029703 1.7748383826417091 -0.30236560350125363 -1.1396072695747648 2.2150387145098867 1.1829870949962293 3.6700824782307899 1.1040493639022146 2.1530208843321441 1.1046904953044463 2.9856674665486835 2.0274690985767028 0.32651503472428228 1.3817573046627469 1.8380359954904337 2.7266378789636136 -0.57432936893361031 1.8796489146569304 1.8360506796351315 0.78064911256706493 0.41691348890588303 4.3708694051132362 -1.7952367406435368 0.90172436488020591 1.2137491689739857 0.99371799258316373 1.9761767902148994 1.0510277874195435 -1.7738231796403738 4.981599639816614 2.3615009673592695 0.084000878064988183 0.69544851050857692 2.4586532012261064 0.74129726784772121 4.5893460440246336 1.1531581304180683 0.34069285705864877 1.3789002221868041 -0.90090964185062816 0.81033069681537906 2.0411428950081008 0.42001613598262311 2.1429027065494113 0.36203638791996906 0.53077614187076683 1.6288013150678313 1.7296649921689295 1.3974059642425185 2.3829839265060389 2.359633137007167 0.98114333436381118 0.2277669151176703 0.50525475354950289 -1.8887492072880472 2.941557755741298 1.4447924748309042 1.9305560175820724 1.542206556988839 1.5552834710757595 1.1704760692534195 2.0416160383592916 1.8204104218902899 0.15008087103159257 2.2747729787365061 2.5910121496775869 1.0616609775526655 -0.66631447135587762
 -6.3445512990119379 -0.035478278358866328 -0.50250044886617729 3.1959294126884794 -1.5007068407151603 -2.1318630512228776 5.2196820768959533 0.29108599795669898 -5.4584045142355562 -4.5400459979297505 -1.097018052812279 0.12326408571756889 0.14123432783937967 -2.8542831716093069 -1.5269140734661477 -0.32099825773929402 -7.0820959706334099 -9.3553834763935182 -0.52257914705594521 -2.5364837180624455 -3.278462966324017 -2.2500213568616605 1.1438636427259425 -2.2720929291528997 -1.3683322046577164 -1.9360448762617062 -2.7140687284496257 -1.3688265063269536 -4.4125518111419089 -3.3500207170426513 -2.4121157071194901 0.26187868654749979 -2.6901861696332872 -4.3292230010789083 -2.1666003675278294 -3.9159128450179197 -1.5850173141281136 -0.8410402717744806 -1.6913465833634289 -3.0717164824381937 -0.73553658072863259 -1.7657357888197547 -2.6995400611009965 -1.888575452814629 0.98933851205752621 -1.714161440779733 0.58841336583363324 -1.1082338922749158 -2.315157494477841 -3.4353766329602249 -2.4412125112443617 -2.940103450156601 -1.4209711003535648 -1.4860675766882836 -0.68810822613047151 -0.49760584328361812 -2.812747177237144 -0.68996986463742516 -1.2256813804261613 -0.0033903803467200851 0.89070456329075498 -1.7774215176447596 -0.88345086046731058 -0.31577022770996782 0.64681247812578169 0.96035288019335119 -0.66160972415059682 -0.70265671128496998 1.4233436494231939 -4.362420035659766 0.68033305662680266 1.2975106343904557 -0.058284774903489808 -0.74272097647870505 -0.41045786037482096 -1.3416558779180152 -1.704817365557443 -1.9198804249546091 -1.2410253392658588 -2.285952112737955 -0.31660474023588475 -0.09842964733199748 -1.1189715137387695 -1.4621545646365361 -2.3101014464361498 -0.22897444888271876 -0.049148404708692493 -0.21497249273473615 -1.3016801136941087 0.21691782056435213 -1.9228943285400208 -1.4742105515883903 -1.8084031102219542 2.5511807925966963 -1.5168601027198445 -0.0085456093481168227 -0.58530407936136808 -0.78645917758508188 0.069738487312120429 1.1034485908397114 -1.0757310963033699 0.056276583784479847 -2.0382237856473542 0.0096246443249613511 0.7915391519275673 -2.9308055316680615 -1.2681380020309123 0.67815669831929792 -0.45159916668515898 0.14678639816902933 -0.41055079786381482 -1.1363125907495841 -2.0125200323352348 -1.5023516449389498 -3.8939479988079579 -1.6231592513484856 0.068286042861561563 0.16750625442984085 -1.1388215693847765 -3.1431454625011561 -1.6332894465120564 -0.7542924072750169 -0.74077701778304328 0.66458328901343111 -2.9268210522414462 0.74139908509840535 1.1084694453875812 -1.2382989625825835 -0.23521230258397338 -3.1625786230310049 -3.8314483491224047 -1.5692883723899134 -2.131855905108456 -1.5689216906777157 0.31303997475684409 3.569832432397126 -3.1667308884006853 -3.5276750598228741 -2.1233534425730429 -2.9281567590385782 -2.9181527489954622 -1.1339384929348781 -3.2225251668112049 1.5120815234880927 -5.6421158933643483 -6.4054120464419428 -0.55682139400191677 -0.43398785764035691 -0.73234795775176531 -3.4094938364865324 0.46473420850704833 3.7213129855801177 -3.2637305143922268 -5.1164678484972255 -5.3889301569909458 -3.103426453203455 -0.97647686275388634 0.068129531122982437 -4.8047683630626112 -5.8437761848745895 -6.2670774500493005 -4.3694283925556663 -4.7570409917879699 -4.1232075521720475 -4.9482274325147841 -0.63743621425963493 -7.6829330926984047 -7.4136294701930732 -3.8895110804590085 -4.024201233582577 -5.8487228672942493 -3.0176971271171555 -4.0191855497851234 -4.1235242145989757 -7.0839315683026571 -6.8496112404398843 -7.8879656730775167 -3.5104399280711736 -6.8381695981305368 -3.6741747241699572 -4.9502711304620703 -6.1933199425328391 -5.3866661314259323 -6.7397756566866072 -6.7102609361133618 -5.9957003488919911 -3.0653695615591499 -5.6743332443256325 -3.3965146621278102 -4.7360683454425665 -7.4229254242305691 -6.5009696036693079 -6.0302070962284384 -2.6336840047055885 -4.09908876574411 -2.2386345660642628 -4.733656383062911 -5.241816372876035 -6.5093544091306157 -2.3770224906671147 -5.5912553614216067 -3.7826307576076865 -5.1675514807085285 -7.2271261289883695 -4.9900055856663901 -6.4200149393859434 -3.3069196608327522 -2.0297200341321835 -6.0804336025003192 -3.3386045015021688 -3.8424205372326852 -5.956829631495534 -2.768091371880276 -4.5017011759231496 -0.95043162361001221 -3.8820062666863193 -4.2075167636715065 -2.8424449392738382 -5.1529047450125152 -3.7817653727803875 -3.6936607644306036 -5.8050259084446143 -3.1054854943249581 -2.1410910446351381 -7.0950670539031941 -4.9634340844984068 -4.3747633727217607 -3.1712957083715074 -5.4739414280351015 -4.0734306652926477 -2.8055849647377009 -3.2834376806638805 -4.9553758204151475 -5.9526751130787057 -4.630439194780358 -3.6125742850078177 -4.545909679315745 0.80218011952163859 -1.6830232355495527 -0.70310997869613567 -3.2417700200138024 -2.4391353778205564 -2.4449478564538918 -1.1714954072264689 0.9112384741071291 -2.9033217507944031 -1.2634393627003735 -0.65227202458033784 -3.5389251901475713 -3.8435435910123581 2.6101117658285622 -1.225031100339518 -1.8766664624030205 2.7460014158424069 -2.3693071901337426 4.0361142509800016 -1.2828820709697402 -2.3848138379716799 -0.35964170401721585 -0.10066090887148679 -0.68358868812184803 -1.9825379318521532 -0.66408036474764609 -1.2698265202357486 -1.3202018221599281 -1.7549845362181133 -1.6032384159725903 -2.1393303981937235 1.5156941492887968 -0.70234727614188863 0.37539225552307198 -0.59057514943155998 -1.4604818943985212 0.95886013283860161 -0.25737564037766469 -0.0020259251749010056 -0.075978485522828598 -2.1536772731603504 -1.5871480940852944 -0.51502738857953534 0.79514448932971649 2.8215218696013089 0.30065525496506679 0.31612200394114709 -0.27653185666203989 -1.1268997524880953 1.4592035407961572 -3.4087204072227908 -0.99361557868253159 -0.58065973884013034 -0.85251199112131537 -0.26616676928113414 -1.1311346704843159 0.70322003747127182 -0.92330759211676416 -1.1169803060750088 1.3702959394088263 -1.1581570149006404 0.70877322496907635 -0.15444531387484162 0.024538888670087605 -3.802867204092633 -3.6945921639608361 0.50315647414391862 -0.96387405351010025 0.12261929575910971 -1.553849059049125 0.26669071308694908 0.64535334146151602 0.28995796419259745 0.74194670642858129 1.7928406460023936 2.5921876286096954 -1.1045688655217119 -0.1718963361000794 -0.95857850780872744 0.43609497190637397 -2.7449543168719694 -2.8635362734109426 -0.3213736654304829




