# Created by Octave 5.2.0, Fri Apr 02 16:05:22 2021 CEST <br1@br1>
# name: ptcls
# type: scalar struct
# ndims: 2
 1 1
# length: 2
# name: x
# type: matrix
# rows: 2
# columns: 320
 134.17269056186353 97.914045952675053 96.278537780879844 84.749678267596224 100.64268564671622 110.32823395221898 75.934485065135078 89.818481992193313 104.79911245432032 111.76603144127229 101.37038284940328 97.608318571975857 109.86474872399947 110.99656878241153 109.16755360762005 110.00146147305487 105.22115652385062 107.02185909494391 100.57119445180521 102.11683672521869 102.38055975136928 142.28937172957572 109.48443850239947 141.30376947722806 140.42229677179728 125.65894960497229 141.90650770825846 138.84734509964875 145.31571725163514 145.47396698114127 140.52704465420149 148.00182020492014 138.71999429016719 119.42861365575119 144.36808700128122 141.38239521314247 142.12747111503853 143.7461129526252 144.5501685378031 145.9248821179288 143.06503074852392 146.20808930564618 138.42835251686492 144.52737608957199 141.44521559452326 146.38414721728216 155.33328848799414 154.63049453718031 142.48639743190279 140.87870626642112 139.78768634454715 143.33030972178531 143.62034158485037 141.5829229871388 155.76948871317285 156.70042056928045 142.94493807262128 145.5293602307396 157.87110949591695 154.91193029368486 153.71648261725525 156.69638016182049 156.59693195127514 155.52027366851712 85.554350844755646 87.586797807896389 86.52478159415277 74.378292089516748 87.36327643562845 86.315714532158509 85.467143706624512 40.683799757177226 89.814892321752538 89.039627138411475 88.41960071287825 87.330090525729133 89.481423100940347 88.288844021331357 88.417715440700121 85.323872430564847 95.285539030855674 92.706734545524526 91.982583356609922 89.142642685399821 90.311317030328638 89.476618712858567 90.379175027197277 88.579793390156695 94.500563409526634 94.057861727375439 93.205769233404169 91.033277384683601 91.335334623282449 90.690239479494409 90.473869225338419 89.463130459569172 103.80440585719056 98.348249050182972 93.554422330209249 92.343281874511405 91.752055803562968 91.542077857920816 91.435852674538879 92.539523574377611 98.763251180816894 98.526699719345274 97.166251764977901 92.453798023543655 93.570924754726832 92.745423474465767 92.585211591868344 94.735483259969854 97.477244190721322 98.297234667504753 101.28370338420659 95.207914965839635 93.410288085231983 95.682443907408853 106.31112041465619 93.702721546191611 98.848840351136516 99.493942529481487 99.647476323359356 96.009966786069484 94.382280703112784 94.703737902532211 96.646647511783712 97.263165731934649 110.42979585964676 98.554157245977621 98.593392154368672 100.72794719633548 95.353707794581638 94.396134594756447 97.245526112215643 76.552625127794357 93.946563362341408 94.592157540038585 97.6775604333085 105.04378282932244 99.864668201635212 96.425676935085036 95.743609287314939 74.890722138189574 123.75756295644095 108.09328073730826 83.178199514745984 98.134184821702476 100.19448265105791 100.65653764941473 96.299744844619084 77.631241522421959 111.76444511239353 109.7190988321167 111.48784834305977 95.080910810132849 99.436861610956214 99.923996686463923 107.25072071698143 102.55297206947434 109.72504142308252 110.67238519419871 110.35780080200729 109.00279151425372 109.15171650507281 99.751737794693256 104.11519138926083 106.33084529599108 110.71032313379592 109.49912688542149 109.14609475444645 108.04133260448349 106.38442304320102 107.34826141106893 103.74710383566673 105.8821660221415 117.82446903508792 108.37967409222485 105.81022814352743 108.01168101667457 107.243667928213 106.78902532391963 110.08196034703998 106.88451826131048 118.32897899482272 148.59432771282314 137.52732014860703 105.81733897482492 136.88680419356248 103.70518056747531 104.76439185553421 108.18641616992937 138.17816397444267 136.70482392205642 141.17155967113513 136.64543336356326 135.98725810513031 135.51023631801681 134.31990534263446 120.14627084988759 138.30344577552978 139.29040380450539 137.34036747410883 138.91273673436345 135.23747533570372 137.34457830769753 138.82268836843292 141.47352440457516 134.5630536589604 137.75740156861548 136.62187900943212 136.2529183689368 130.59491602270015 133.17377688638254 139.85317136154612 142.92472908485354 135.7091634425235 135.3678007475138 133.97343045595559 131.6669994960277 128.99650652447923 128.24997702323532 142.2012066157057 137.57423987148834 133.09518140256395 133.25325254887471 134.97704106278698 130.15809733192017 129.2641835595557 140.91113086583781 142.21297736644243 142.19005911625769 159.33668271544084 132.80074161911682 134.2313849108867 141.12330487282111 143.74017211527681 151.85880307767258 146.90950808464171 157.1977888541052 140.0127228445736 129.24933152817204 130.40019812540746 151.05428012315872 153.03781310735189 147.72802588400734 155.74944878390045 156.78861073462471 140.41997238373068 131.2197115984668 152.16270354103884 152.12065329561668 155.16460350833222 150.68104060808909 146.49711475819777 120.69584769797302 157.32672070490258 157.89003515785694 134.01753812810432 161.08264621063319 155.52718404650625 154.85659580826953 156.9076140503544 157.97466334253861 156.16599365539815 152.11102648457387 155.06390014890337 154.42397935843388 157.02377743734553 153.83585058994589 154.96217492320847 157.14167415406308 154.30023334344 157.95017108890872 156.91327416886315 155.65005110874344 156.61702833226067 156.15425995156116 158.62375835083088 156.0948254500197 153.12021832623074 161.25995122729387 160.06934442413191 158.29347959844057 158.19935111680599 157.24184471570089 157.79884970412346 158.81786886174737 160.15755718233331 159.29810654075209 159.51687066995834 158.72939112698498 160.23305368646126 159.25352028599875 159.89536177196169 161.62755726561207 161.36481371290461 159.39207504709282 160.72941469303248 159.88386098571291 160.62881899520917 159.61180318527138 162.89354418371585 157.80494956083265 162.65875800175871 160.48087302384099 161.73380872022619 160.99952301293675 163.5738233657645 161.68981749107132 162.60224419861328 156.67360257837674 162.28748265771642 161.51118085332411 163.41086636606056 161.28817503018479 162.73974609597801 163.53626623556727 162.17086418033992 163.68232385573205
 8.8354139927278297 73.556809083942269 80.766895481158954 142.83335333369237 65.880305951853344 84.523478508470589 151.41252287870284 102.86324021826495 10.185579007823334 31.029399529002344 67.850920667674345 80.148840455494494 89.302798756439728 85.817520958116788 84.091414378040511 83.290890513265936 7.9889111575853242 9.210164743969024 69.986891249717928 66.96776294650418 65.524646694516065 66.603083275263927 85.252343193374855 67.131825503740089 61.605832982198912 66.595779973733343 60.450365493089215 77.095880996023752 63.332298205821949 65.561720292140819 66.404008974588137 67.590533577953792 58.112182465459902 46.874460168596507 65.054730046908631 64.153955924645572 65.126707290653371 67.09722488086102 62.515052916350143 64.367681629729944 64.396411918443306 61.769895952926305 60.880251728436342 66.267529043083471 65.884170626170558 63.072592382905142 90.243618431444204 91.056414706270516 61.42410448273079 60.638211558681128 59.07272676411479 65.808400889963863 61.584512301601926 62.549041280539676 91.40975454436844 90.688007744856066 62.712289338958215 66.919099369866402 86.369603208060212 92.135070628612979 91.953909941658196 88.363687012157598 92.859572021849814 89.077232614452001 79.84297569611438 80.123656984075467 80.432397078113539 80.107151026442963 82.905139178793306 81.631703227281619 80.967325555491058 112.76041506742298 80.715014646252598 79.838644348587891 80.81872190498548 81.43187650104764 82.591451122926728 82.245624903857674 83.278772152116389 82.125748945307947 79.417951771809484 79.698053616060989 80.527523920553719 81.558817504176702 81.975838150231809 83.689933897618246 84.286362045686133 84.379823383631177 78.48261631696883 80.20583308624812 80.815546061343625 81.239658800550743 82.358202688416569 83.255219399770425 85.477912151779648 84.976420089003298 80.159515450088037 82.231316723292608 78.987947751956199 81.501902356902818 83.418941885453705 85.842128595147827 84.682891337219232 86.207754869578892 68.347412902682862 64.558846554819311 78.88208465768237 82.665756350183401 83.198484197977294 83.798230770014897 85.137955316512048 84.757946879210252 67.228791251252218 81.02436811510448 71.106042435464602 80.443589522995794 81.780660475406577 83.953434811411213 91.078335667613956 84.286612584750728 65.790289246116856 63.861850407516265 69.197181783486016 78.40544547385052 81.168345434610984 83.405808190983947 85.129944901930145 82.605996896259981 61.972041471808517 67.206226071855852 69.421216034794284 67.017087603511442 81.639080021140998 82.375878513148734 81.339789094193819 150.33557033076295 48.482303075299932 47.563972740046104 62.047222083837653 68.045187270195967 67.839044949674005 79.69754422729109 82.883012071804941 123.7265050567472 26.889723631324223 14.387517500672892 55.131207856538381 63.098691919983253 70.98779721373856 68.887823252047596 81.993525567266715 150.24499528159734 14.679217474288981 14.632539460418396 13.24755492777318 48.739430717019253 70.2681971724232 65.065736410478351 30.251671070548319 9.6588505664558699 15.804438618284102 13.950610811015975 12.848548189068403 11.278932550826156 10.003744373449607 66.468257243039119 8.0775078003724872 8.3316483557358456 15.108864101705281 13.512248545796096 12.432522424941073 12.069537521058813 7.1808203992414263 7.9652745948480854 10.771645792309204 6.2306874592422403 18.531109720219998 13.249080706003388 10.646514257479815 10.806902876816858 12.922930982137338 11.570506776379714 11.499682409389195 10.263280022465747 17.344958549442278 0.41449961054233209 27.809093120212882 9.5921557018152441 21.062997389939373 9.3221373434553065 9.0788189854000869 9.5890432377601638 23.956488387350998 25.95609327388755 19.82499102064822 22.226715302831341 25.059134877521533 22.019297905614998 2.7522098639376882 45.843507818628552 25.619861292597228 25.22240537478131 24.886775421161364 22.889314308578417 24.026599614287335 23.107564463565851 59.685253841905663 61.558902822839016 26.60241698938151 26.655774481096003 27.126251264979913 23.352930871473628 23.455817451732749 24.28938296574167 60.146837342462319 60.234033459334171 26.286183183111611 27.375373613857587 25.772850184136029 25.546379231153175 24.75196709447642 25.606091150447735 63.564975757391323 60.103753532477882 34.59873479504067 26.645930692009401 25.44883807583318 24.533155877075036 23.656769584026609 58.554619234851963 58.324499967803192 59.358803531514518 19.991202515397177 25.285206716454805 24.594123011393116 59.635808059338338 63.532088781730096 84.092087231732819 67.178514235364318 87.393472217799953 41.553183457426833 26.040333552628329 25.705022766676894 82.600894433517553 83.758458122564008 77.183058912144759 86.135948655313342 86.272476737716573 40.468589925368661 24.31789631155242 83.063425785179632 81.940027319068577 81.901174306459708 83.639575774855501 66.016285867478203 151.79003611877772 60.063773677642629 59.13698535176318 90.418215778516597 80.865450776960969 82.962994965894339 85.205207732675987 89.456671078706634 89.55643339665852 80.035099739029732 72.036319054245055 80.019878940293253 82.8265995452429 83.83063923500147 84.601031708535217 84.121440271728488 91.811904697471832 81.128766973199916 82.1460737089714 82.611435497583159 80.962653887702658 81.553928432136104 84.732398490705563 87.689342764933883 87.402870319763991 82.507597923056366 82.051645778215871 81.427717698166489 83.165445180434077 84.553413026916644 85.242942386430087 88.489501308832473 88.763407485487946 82.691693113229164 82.137533567644454 84.667020129333054 85.511876032079556 87.090804581251106 86.757527643432681 89.118870207660251 89.493136254800845 83.167873754767768 83.487792269291788 85.102866683825098 85.780553670985753 88.310656605449822 88.046087468495514 89.370492097712727 90.636755180731328 84.993058341333736 83.754142873636098 85.526791880677735 86.235901698252832 84.496684321740275 88.368657380982313 87.679996513337926 97.964287101165951 82.640293321243433 84.23978919764194 85.759408837383788 87.379467714184784 83.644537484236594 87.134637623343394 86.640475115122655 88.256803680553205


# name: v
# type: matrix
# rows: 2
# columns: 320
 1.3579693284185725 -1.5491047806532685 -0.76973489715428989 -2.3617106020879088 -1.5379247176324085 -0.87310690678711289 -2.3208702359418583 -2.1848560259870178 0.14649322987382105 -0.62397535907694635 -1.509975484050432 -0.47598209521697482 -0.74118715823311598 -0.95776134436707627 -0.94755251549076669 0.63649016530260494 -2.5744444552621326 0.35733866855675905 -1.4592150383653877 -1.4213068524075414 -3.3151627092679492 0.50365861439384552 -0.090181061991273209 0.92440412667495786 -0.002446218677535833 0.18963793975630527 3.482578622038897 1.1313036246855084 -0.17988139325394528 1.8683795414742692 0.88099803275946709 2.3916047054963072 -1.7610657577898821 -0.78963174762589217 2.3417364738007751 -1.0754999461498118 -0.21757989978216266 2.0876256118870575 1.3843693741435563 1.0843075182754587 2.5269976405298076 0.58486135331571509 2.5880945635832142 0.70660932546265687 0.91748927002537184 3.471092427634999 1.2167021950983901 1.972632123890333 1.2735796885767554 3.6067364267699689 0.84780723654950862 1.1204921939304799 -0.555677587255342 1.3600697710485703 0.13089716490529438 2.5842971293362491 1.7257580314677072 1.9384607100984081 1.9608959205303114 2.7209863673427708 1.7527477837165284 2.0956338215614401 0.83379180594160507 0.17729026864699596 -2.7800597384777337 0.69043522536498725 -1.2748613396669897 -2.5555409142093808 -3.1243376158184373 -3.2302621651819479 -3.2874648021576709 -4.8083481724781443 -1.726357554101819 0.23084316707969832 -2.6555477766404194 -0.27240980346461841 -0.81779340152438285 -1.3610791564119955 -3.7625368721201919 -2.5373778030191296 -2.3460349192044765 -1.6475250828853485 -3.2445027528341428 -0.81579535355589383 -1.8004971050970486 -2.7274738458811907 -1.1116249890327257 -3.4216977381344651 -1.2227013339161523 0.21246996134456536 -1.1222081399505806 -0.25291147054775076 -1.0942631023242519 -2.1047566225654175 0.90104462331702806 -1.0363849205392996 1.0957960171126855 -1.8188566691758774 -0.2468922322910741 -0.42423349990855314 -0.62151092143581232 -0.14302076813007908 1.539272271861537 -0.32999628800652014 0.36259662601603865 -2.1259302546222156 -2.3597007167378368 0.45414678923642432 -0.98030483387256162 -3.6272375185856416 -3.6481843998343102 -0.41461374710291443 -1.1661009117649184 -2.0980374795066754 -2.064817176180255 -0.72098223864222766 -0.74958442844615558 -0.92490046715987451 -0.98235940944024569 -1.7665724697163425 -3.7216255192084966 -0.12211613221410145 -4.7204011769294043 0.30481106665192248 -0.75379464986415323 -1.1289830622783348 -2.7400570128026507 -1.3583689212739665 0.63942593884555221 -1.5844413802512085 -1.3082637522704377 -1.1168365137231593 -2.478244319362005 0.77481376420659975 -1.1724313175837822 -3.6126015457098721 -1.2295162847953012 -0.014154002124319505 -2.8951871871542765 -0.94314333146569318 2.3359791136838486 -2.0954404151759594 -5.0156475241476866 -3.1420302346738094 2.0503194377782759 -0.68447584015144192 -3.3052369035009281 -0.6487951894628381 -1.2674802171135213 -0.27160957603266417 -0.32700345506390105 -2.7704491126774875 1.9037979122003617 0.0066803289777502706 -3.0562205842073022 -3.2352416936118935 -1.1505357481298739 -0.45114713619615526 -0.91553894821569615 -1.9361410515842834 -1.0464105868410514 -2.0056944766947296 -0.4218543984170966 -1.430659854809883 -2.4000658561486063 -2.8276621292028326 -2.2398948382411819 -2.5600392067299804 1.5151067011972439 0.5082077195282122 -0.95475126721779735 -0.51778990256118596 -4.8153077958755865 -2.4771334501180324 0.2933038817727035 0.94159780437180141 0.14328790556708323 -0.58430433656578606 -2.6971571470121121 0.43089054864604831 -0.68643917984929781 -2.0816010887392382 -1.5936159552866895 -2.2861643691262299 -0.87474095755231696 1.9063454546835059 -1.0455620040152145 -2.0739765997859574 0.88393777784274075 -1.2530439407452167 0.0081532673971950187 -0.47514718588706484 -1.2991827234502782 0.16459628993907469 2.5327848163482951 0.23227500555347216 1.5707860138565299 1.1512741463961387 0.9259881844467065 -0.14436806294895185 -0.119666585111736 -0.49976380377663299 0.13821151612342591 1.379331391494697 -0.89505967732453628 3.5862468222821491 -1.1457474177721119 0.72443643048683082 -0.71112577011416322 -2.2433183303118809 -1.3228310309613844 2.0452491166071489 1.5994415991111948 -0.84499109580058085 1.9723475487141688 0.44156489978501845 -1.1765431644944722 1.6438935102857637 -0.32475239273088796 0.59086640908848687 0.23337213896869702 1.4005199741547862 0.64423674239017881 0.50749956213983327 -0.92266956557525615 1.6716156388948147 0.77582330346700512 -0.05391390097859429 1.9219713638911211 0.40697315097999676 2.1001779066165529 1.3246788358416741 2.2728166734052841 -0.31454903442211951 1.5069792435492491 0.013178417002060613 1.1888686844291951 1.7460019268266231 -0.093738326903828537 0.833589147812419 -0.17198507988179154 -0.66771701842353393 1.9955051727422459 0.95140522302871655 0.92005968978263486 0.79445250808365253 1.3250129986794612 4.3776360411244966 1.1694134118742985 -0.17395443090841736 0.41839433566561168 3.6453070828761835 1.8241906493633533 1.4019976316737248 2.3468636482479788 -1.1396072695747648 0.5620043789022563 2.836021430603862 -2.100086601167332 1.447486984014795 -0.32191424065757496 3.6189043292503538 -0.8942089671460054 1.1638197395371177 -1.2418906532255094 0.88167391345715806 2.9014324795589879 3.7032832978994494 2.3481092326071193 0.75648734282079266 3.2974688396662963 0.85552583963697737 2.4941023181277839 3.7122655492761631 2.3058530401411272 1.970882287471055 -0.63855794860781967 2.1064796576360991 2.4401012322206825 2.787801865023344 1.7555479238584544 1.9651888935279007 1.5954645580312505 -1.1037403422245256 0.45007730540651691 2.3749708881064486 3.1773650824084649 -0.81541000041258138 1.8510164271620038 1.6037271670985371 1.8814762590325214 3.5061087638894719 1.7357151728646092 2.0369013828775748 1.169311970658689 2.6404262689210438 0.94252089523425964 1.1304689212642878 2.2556187217518686 2.0134562102403146 -0.46476203981918318 1.3446873810843638 3.3825108768667418 0.69347658515013855 2.3473669544148783 1.9800341718752541 1.5168394784236818 -0.80497987389219261 0.16800034276087938 1.4533888261865973 0.64914121175120043 1.0795806053282941 0.37575631627355466 1.8040977510877501 2.5963559257602302 1.9300540585124253 -0.1293461574203362 1.7143704583674004 -0.14012777015011729 0.98451468295053879
 -6.3445512990119379 -1.117490105380994 -1.20548300116964 3.1959294126884794 -1.6728314659093935 -0.75268911491275636 3.5468019934512798 0.29108599795669898 -2.7290751555905177 -4.5400459979297505 -1.3035223400658926 -0.14412204786241917 -0.81039780598378297 -0.8235878007936801 -0.63885435776224708 -3.4809320616225019 -3.8506537591744308 -4.8657177719348335 2.1725692211345349 -2.27016296757022 -0.26288445203054372 -3.3505316491959909 -0.57622274434510568 -2.7101534314633104 -0.91502618308473505 -1.9360448762617062 0.65426584135028221 -1.3688265063269536 -2.6469221676316095 -3.267252488877781 -2.2595215159983995 -4.0399515693378287 -2.1808348192824409 -4.4793793506013202 -3.7944474698790733 -2.5068207385177734 -0.088348620357608154 -2.9502964213940608 -2.4207366628668119 -1.2012310024280044 -1.9529489700273133 -4.4983085013367923 -0.38579832193716612 -1.1709426528308378 -2.0034229265584456 -0.99584523849110129 1.4368767264418278 -3.2310128188860983 -0.84837807910185803 -1.7647480462544087 -3.364756325044655 -4.2333416759498208 -2.8693985543266436 -0.90105322006961974 0.0038013836966544687 -2.5146209394247467 -1.8122567629756809 -0.36811030852492499 0.055540686783755989 -2.5944912133902553 0.41894950672476816 -2.4024473194417904 -0.20856144632188414 0.49090853013840302 -1.2198848002736105 -1.591743211309758 2.3658743766970538 -0.70265671128496998 -0.66547034392422344 1.6565395505964937 1.3077445720140122 1.2975106343904557 -1.3018869191073039 -2.6143512625016352 -2.271619941808225 -0.93940534272026655 -0.95536663369852115 -0.79260736544537314 0.3534570152185908 -1.9232060731570859 -1.5013697623663085 -1.4589316637051213 -2.190029741192502 -0.36253849973624941 -0.46798186037913803 -2.5737889184432921 -2.1258504271758891 -1.2850420069082187 -0.19527783587164141 -1.1250326671774959 0.25938126050305566 -1.7857729327279033 0.93134902260961894 -1.2895240517549516 -1.7417791643577354 -0.95048730929586756 -0.76998383527079506 1.0827482489587781 -3.1871600367998547 -0.57122701272717813 1.2303002745599663 -2.1297927512016086 0.65286248470023911 -1.6952399314425093 0.7270173817037997 -5.0356328195568594 -2.8331814119429328 -0.40519748447599957 -1.5033296313609659 0.40157023972719663 1.61886127256473 -1.1050531722691397 -1.4907619418582565 -0.5272537611572693 -0.46236530843140705 -2.8738936870903782 -0.3772041628363505 0.47940581453478404 1.4511542305423721 -0.62403297583746942 -1.9288066064174616 1.6837096353716898 -2.700780529682155 0.29539318826086519 -1.205064322471354 -0.74521135913851633 -0.4496733754405462 0.3355736647360818 -1.4985947257817349 -0.53052826914255291 -2.1227639542564325 -1.8543601746655831 -0.14566062963849744 -1.8909191427775316 0.21566776337150623 4.6136804151444464 -3.4566625886303251 -3.6752349733881395 -3.1548329058927389 -1.5869886814609546 -1.2901199224016922 -0.48728195443847028 -1.6656594827464424 1.5120815234880927 -3.5162276711970275 -6.8735024115268004 -1.9440862629784657 -1.8419047501534522 -0.8489600628081494 -2.6437090795942368 -2.7648821730457018 4.3503450862774846 -5.0631114267907495 -3.9758262147860335 -6.4994952888008841 -1.2786699704320004 -2.3286348684912768 -2.7088075935850249 -4.8047683630626112 -4.0992775954707215 -5.6500287552999193 -5.1161351371408186 -6.8386100719403489 -3.7566659956167494 -7.7283120767030429 -1.6823618382164967 -4.916586549626115 -4.6835756629172369 -9.5492728463297709 -7.2306785415209403 -6.2310574122616655 -6.7194259752065824 -4.801001856527475 -6.7462404694878852 -2.6332942745376684 -5.9956907118538654 7.0732061957810854 -4.469745989394263 -6.7763846153801124 -6.5907600620453035 -5.6247295723999589 -5.6466298310685055 -6.9744942084203254 -4.7906832042537832 7.646325959921092 5.9957003488919911 -4.4859038649512852 -5.3950225981852364 -3.0630566900480822 -5.7048194692455132 -7.2925176786455213 -4.2661087372411419 -4.8137761434863569 -2.9033335140753924 -4.4806091023851753 -3.8357652742586503 -2.1639703914069783 -5.0200465639640868 -6.5093544091306157 -2.2268661411446686 -3.998172165891162 -2.6415726794149301 -4.095758009331492 -5.6303776784327173 -2.8051044525098017 -4.2008458506256465 -3.7639570419976764 -1.8469083005909805 -4.4015097502058804 -4.715870995457613 -5.1507219777710125 -7.2561103289910545 -6.8205079632917949 -4.1488245803125841 -5.4456300306656766 -3.2305052869716775 -4.0942690209686781 -2.0471004992371866 -6.18809316258195 -5.0746650134029183 -4.8158899971965221 -4.0134826659233127 -3.2922714578968058 -4.0381818097597062 -2.5976670930922872 -2.635992478406866 -1.9297435976265804 -4.0801591685936929 -6.4341349886091077 -0.35530811124443146 -1.688624528009208 -2.5389330403530295 -4.9553758204151475 -6.1902714110941224 -5.596926580938181 -2.0502364041789574 -3.5804570142723171 1.2164227851258484 -1.3199820109138845 0.70347741117313844 -2.1977999458678141 -5.8975600615757093 -4.7633772194226927 -0.32859912084267295 -1.1045859063296659 -0.81940030315974965 -0.74347782032955012 -0.20778054179388272 -4.5828952642935423 -7.9870268254888694 -1.7735988203062065 -1.0939573585660987 1.1779905859499051 0.050958840868877121 -3.6602380430193588 4.0361142509800016 -1.3127183219379555 -2.3549775870034644 0.86357808203941411 0.22826844298325996 -1.7411851513789904 -1.8599616428874621 0.26941396135206075 0.054091373264416064 1.4513734095112114 -1.072369632113483 -1.3736654458295192 0.70026099524197849 0.3492924890123133 -0.96264819829569337 -1.5429592492165771 0.18336699096799783 0.20360702335604092 0.65073998898744001 -0.13241086849772254 -1.5956720671060995 -0.49207355119346557 -0.95548022044332004 0.64971476667481598 0.92624745431860322 2.0395528962547158 0.15140854950015964 -1.904984926177298 -0.10754404948828181 -1.4194806649665173 0.2212142028540201 1.1901862988787286 -1.4218954527431014 -0.62052698549520457 -0.55905044971644213 0.12282531686498871 0.81682917444560654 -1.3220438656515694 -1.4138300505730896 -1.1595256358839301 0.53616585724983212 -0.21600594952979485 -1.5378826764638638 1.1691652448534913 -2.1282352097287482 -3.0884467729534766 -1.74080713062129 -2.9120670612952613 -1.6452694092785551 -0.31165819354567936 -0.57556722258241566 -0.84331293488618964 -2.0557504807764002 -2.2444059011385602 1.6989057566636161 1.5467074515689478 0.86129832952167451 -1.0668219753547417 0.29519281036675304 1.2808619100187191 -1.049269027369971 -0.069779247244663251 0.91961570965092865 -1.5840336225365159 -1.5492171328811339




