# Created by Octave 5.2.0, Fri Apr 02 16:03:13 2021 CEST <br1@br1>
# name: ptcls
# type: scalar struct
# ndims: 2
 1 1
# length: 2
# name: x
# type: matrix
# rows: 2
# columns: 320
 120.3621913203152 113.18206677908853 110.98422772717691 109.90189617983232 116.08963202384786 118.34099862012749 108.48142101796785 113.08719866896897 121.38152018997749 117.97802224730559 117.50111188285052 112.77581034653188 117.44786127337782 118.47167702776014 119.13314446434804 120.02366085218064 122.87512796323053 120.70199936959996 116.11909695213771 115.22192752128203 116.50382428785831 129.4862063995765 119.25299357375786 130.90333438545426 126.71226626948409 123.63930554658137 128.68448174718614 127.03843370148445 128.58577463818301 132.39672387763233 129.91120984128165 132.20736655342688 126.91318823834145 124.3140886503524 128.09786012375434 128.89547284973938 129.05020091582603 133.38781913131271 131.45579617603588 130.1495602619479 128.74317172593334 129.39454856571354 129.93619337704797 129.83677995678414 130.34077856647488 131.97233184812688 137.17051118188667 135.02655210647993 131.22007856511217 129.81822039839884 130.68551443386608 131.12679659147221 132.66738193874781 131.85226716240632 136.10489438749869 140.19346324698094 133.63685360884108 132.69346231722781 139.81368558040867 135.88140574155901 138.24550687147308 137.93628351611011 139.11003938532002 139.38032429470303 104.83159349206599 105.51722889111244 104.68226274814525 101.73119089266523 103.0139200993755 101.9823145538858 101.79891826912244 91.892707794068372 106.44676158825824 105.58929948200074 104.6851250435697 103.60574855612006 103.83104967761625 102.89168028713354 102.57995328081581 101.62463091829194 108.3679653064742 106.65434685524897 105.55306652501679 104.73513867809633 104.70406749099082 103.85986326579683 103.70253058829971 102.59592202415722 107.66357774743868 107.62480109766774 106.48770778865936 105.59813397726498 105.72314604883472 104.69407749851928 104.42377992285583 103.42947952631745 109.65863053774501 111.65822046548396 108.79378872212123 106.63924435465059 106.78916685022485 105.76692244058073 106.69709419875225 104.43696842101394 111.29716898627753 112.22102056101768 110.61664304811589 107.58569413373002 108.77623668260685 107.86031967213292 108.13830293697158 107.25289733820667 112.77973444517272 111.96943308915702 112.93431155256181 110.05467601759497 108.53977481293398 108.92271176919435 109.33480537692307 108.62837957982519 112.94166184170703 113.81659261072581 113.03940201614043 110.93330562780653 109.59501774505847 110.04399243888614 109.97514928864946 110.25865074977712 111.32318774874727 112.41547352450893 113.18640558184165 114.03815947166574 110.65305017579826 109.77762951053562 111.14216320780574 106.50000620308937 110.16231722565819 112.06215070387366 113.31754379041725 113.8792672461007 115.99391833358141 111.58906656356005 111.17494942382172 109.03475367513778 115.19699758452671 114.35596112583205 111.49642348351981 114.08374494464917 115.27815802788973 112.40081576487246 112.11043599840522 107.1522724812221 115.2557253394064 114.30720070631864 116.45966397931961 112.55590188869711 114.32697333075578 115.48763321958361 117.43448269293282 122.04495301782832 114.42085019384136 115.11878183414814 116.17772964956843 116.87273413643788 117.95710913562858 114.10350028858194 122.53369046386847 121.95122408354045 114.86546436786905 115.51480231725327 116.65513771970852 117.46286073364236 118.49303362712588 119.65811036750303 121.7146168644969 120.92165095224949 122.48300867480012 116.03440594324557 117.25182295175577 117.86911327784051 118.36842227658566 120.69677591326595 120.65423023324622 120.1461322548613 121.46041435875252 128.29174862045534 129.1682005227083 119.13639044270509 126.21599186551823 121.54927723413769 122.61864186280251 121.78521758866746 130.24835024833354 129.32195328601907 129.09552611227369 127.38239572298784 129.09047093174044 126.69276998214369 126.62045675364352 125.210658732748 128.47174938726954 130.35418055197167 128.92300778409054 127.92853135330225 129.69603322626037 128.27516291591633 127.80722103913688 127.79387812487099 131.22179306242958 129.559054652713 130.15178968558465 130.130149312925 129.08939284503697 129.0551862777036 128.8801057273682 131.7709454742656 131.46885072608271 130.83988028688441 132.19625213889628 130.97852253745617 130.30072772889744 131.82115713358397 130.86700925834757 131.00548391631474 130.06480358129164 133.31266992914416 131.96723204644303 131.46716347194584 132.54036196610625 132.07483168120402 134.3710062543328 132.88002296251767 135.13118514367241 132.9711157943872 131.78771413279671 133.29293008573416 134.45249035098064 137.54620766017146 134.42508951096463 140.61332271827325 134.36217877660621 133.82234384073496 132.33375070691395 137.0045167887067 138.67222781656048 136.49633129232106 138.76319890397903 140.4429537267155 134.85818563094432 133.6440020907153 138.10365221985245 138.6511644107899 139.74340087359403 138.62640764951232 137.42266724338836 132.83266511894541 138.92711610004915 140.10066489147007 138.26280569051269 139.18521342989504 140.81469442356254 138.40004641472032 140.8202940167034 141.9272962345506 140.34578407969215 140.55398067723195 139.34717588592412 139.87573832973516 140.67266403639201 139.75506870891843 139.71743570670304 141.86450552395908 140.19194022881393 141.31014816378888 140.91933171391119 141.91400453475617 141.73475448373011 140.62218866322866 141.53346530681802 139.53770875331904 139.46727116045193 142.31382986804871 142.05978309785914 142.94246104233886 142.80016953008445 141.68400403704499 142.55423217691731 141.78898052594931 142.96281800205531 142.93100710486263 144.1417256065061 143.87552974898935 143.80271352147466 142.57393086182961 143.56355299647296 143.34327984972839 145.49093669752108 144.027969600517 144.99410777658974 144.82277956411019 144.64137748561723 143.64448900254214 144.984050843783 144.55392388614933 146.30002226542541 145.10498447589598 145.95072467052171 145.77467972404949 146.8832208317227 145.96729771953974 145.63265707523428 145.47785887466003 146.56852456078752 145.88994514182914 146.98356256314182 147.01869977623301 147.84813478571263 147.51944709636055 146.75720251240318 146.59122038068566
 76.715949578563425 87.914397012979265 92.81891872093216 108.79670508856532 90.294248009354064 96.453537644617995 106.5261372749564 99.763174340013236 73.289915715230691 79.723371328986232 88.660317803905315 89.043065300940825 95.801041085435372 95.277328088887799 97.157720752126735 96.507146537077972 72.115424159853262 75.47405146324202 88.313130773525629 82.079992626368337 89.272093795082398 92.087665572798699 94.009776354235186 92.067529760459749 83.744170604549538 87.214657905930025 86.23512845887673 91.779222702654735 91.491139466492143 90.693413990300883 90.666402408597278 91.832590079075814 85.050915986537277 81.601204227532435 88.792607220391687 90.391863020601477 89.204549156382228 89.039659671263863 93.12310353216111 93.076499777601541 85.007131968630958 87.373830360624467 86.227534165597476 88.475935172455166 89.468809622977858 89.542272858276888 96.552581566920168 97.252470668554054 86.680220298213513 85.122248159365029 87.583947906327765 88.653561827607277 86.665213769358942 87.561865097852703 97.466669128977983 96.86376065330694 87.389469969918892 88.177643428515267 92.052074213699612 96.426201667730538 96.495515480105851 95.089165414621249 97.270269292296504 96.099064435269639 85.05990006469554 86.265265685707831 86.879932322508054 87.826910557706626 89.28947890441313 89.648764190225663 90.929581437269789 98.941926811167733 86.785115350127796 87.553867089946607 88.088909943446851 88.324431409587532 90.07398610351477 90.626020378505629 91.716718524867034 92.047000300752686 87.004246573976616 88.132279964339858 88.68811606700217 89.364785444965975 90.713971136505009 91.296786584379689 92.52005597112516 92.887248486142596 87.837819187336521 89.12310870242861 89.283781239980883 89.980105056810515 91.11689483821327 92.040294819670237 93.271171993930096 93.716741795328701 86.757519668729969 85.622431909506119 88.384121415406113 90.371933566405744 91.692726439770141 92.264908579159041 92.727684340565773 94.558317356633736 81.425636599704291 83.088602573961253 85.988824264436957 90.900231710495405 91.135544617025161 92.01998013284485 93.032145801414856 93.754017522668065 80.780790575013711 84.184324411553291 85.085659714455005 88.064807171117593 89.79435780914875 92.150665659313333 93.221464767936524 94.010538456661891 79.445311832943929 80.119671776189179 83.929410666582839 87.461942453799466 89.077544591042184 91.259491426057295 92.391834353403212 93.827428655908548 79.307503777669609 81.803191665608367 82.579239326829224 84.585738697176126 89.444026397801608 90.275755737715457 90.440233795646606 107.84223239184767 76.052923932233398 78.406683416246835 78.31605486473461 85.69254252475838 83.073303653913825 89.029033944976149 91.609116555838881 105.24689505380074 72.00939458219365 70.303671883505316 76.237631706183265 79.089948046491983 85.198234014598654 86.32288694912279 89.970265943998896 106.76034778164582 70.817655823304221 71.388640673568034 71.439092131720358 77.381914280030074 81.25358068638198 84.058938116757062 81.080009910966169 75.885521645630817 68.61604723214306 69.563655512690204 69.379958194696044 70.310090072005806 70.30356884697278 83.475476150081562 73.174377102487398 74.354769255634238 67.587374695087689 68.479338499415903 68.42829383079166 69.378535005029889 69.13527056758133 69.116324200852219 69.522778680970617 74.273920373383817 60.092373133491293 67.530511272212721 67.274949208600788 68.291407686227558 67.248721440581448 68.69481279612711 71.203015107047307 70.189715258952447 59.805987422878943 63.439709105155906 66.241461821407242 68.112363701333621 69.10140184718027 70.595517211182397 71.027674906379133 72.015200043569919 65.905327638921335 67.408138108123126 68.515488036385136 69.388823808054624 72.191739703784336 70.220914950956598 71.698042115101927 82.540483635955752 69.48787387731393 67.005052476089546 71.041682278130907 71.878709960661439 73.213996738758425 72.969767051172553 83.229960294276253 84.423318226955601 70.728259399727008 69.818594476884925 72.204704666797639 74.442337561585703 74.070130210786132 75.919486471901209 83.937854205494602 85.784303492917871 71.800041783174237 73.335855880906038 72.782815925660557 75.867280098500842 76.74716864778037 78.184214881134508 83.896343718330854 85.000041831472487 71.073977357067264 75.836902928488286 73.950483073878672 77.031597988932631 77.034980060249367 84.693527995749832 86.009751591436142 85.538492876117871 72.765955002822224 74.504035975237571 74.966801107136092 84.525905231049521 84.791661983350565 88.619340276904225 89.15996961087663 92.859454735951203 76.333365062865155 78.29275957449515 75.890099730565765 86.235251641736923 88.448076608679742 89.260929655933722 91.759767736931991 95.786869982487474 77.820103512329567 77.141162675657483 86.282228845343454 87.191197765150022 88.415265129830644 89.53760157744567 89.806468987372867 108.80541934582935 79.238201819484829 79.023518640146946 84.058544519495001 86.157661398931779 89.060366182821312 90.694833075151365 94.019252929287674 94.707297315207285 83.051100043152587 84.621932434470949 84.833060600885275 87.21741363841808 90.056190545502574 89.436530921799474 90.681267955723982 96.104767719326617 85.654616409370888 86.667425237603553 87.784384917249241 88.569409531293743 89.63725555595191 91.403130302106149 92.068925050169454 93.287008682173479 83.782194737050546 86.087216331660699 87.440701767451671 89.137026451409056 90.335021573546982 90.901297917486971 92.720330746616426 93.55493710717667 86.910438027046666 88.082887612476966 88.593200949237001 89.755337767226919 90.889128541008859 91.482151640385766 93.300046461993276 94.748673305017135 86.655792542312142 87.551539838350479 89.299561975961964 90.506258437677886 91.540327447937557 92.183271340682381 92.797631733143064 93.73302421366634 87.569218205996378 88.030187051003551 89.996626040244777 91.246552862373932 91.407008340834878 92.29570478423183 93.710417019907467 94.824151895185324 86.370964267632715 88.702632564808169 89.186001897667666 90.25619025035968 91.123836408724884 92.383041130605463 93.350159331810374 94.506263709275018


# name: v
# type: matrix
# rows: 2
# columns: 320
 0.27940325573791547 -2.4420705720975109 -2.0355470074485948 -2.3617106020879088 -0.43508855849147099 -1.4892841353749955 -1.219761519719972 -2.1848560259870178 -1.0582743141003825 -0.94560699678122562 -0.522760265915308 -0.28943686751724262 0.12000228487584068 -0.48880426054716786 0.51494079914880686 -1.750683118126025 0.3690383314228512 -1.5333348305244834 -3.8335999306638007 -1.9712090113487095 -0.94788924653692408 -0.14887969731239761 -2.4703913914418232 1.0720023710241622 0.62661869291275696 0.18963793975630527 2.0314437555846783 0.42355511600770757 2.0152285321514007 3.5979789496074508 3.7463948920470425 2.1704079800833376 -1.8242997200424882 0.42847459678151145 -0.70836657382610491 2.0863463488221754 -1.05450235707424 1.2891027655753766 2.7871366229786982 1.4397017511393462 1.3607057390031796 0.16125718027169289 2.7556200644600799 1.3402490700150127 0.73866549351115129 1.3747991490503593 3.6706158574931833 4.4121512079565113 1.6387960823280712 -0.35775319589967775 1.3629291669132515 2.602804567603795 1.0370910694830089 -0.29075999787150397 1.5696995702176566 2.8963151962183709 -0.13661466070902648 1.2525579989025346 3.1475691147961689 0.36316188218826945 3.6409738962340454 2.297231790605835 3.9480824902422604 2.7243709076959877 -3.664320047539896 -1.5175848267349692 -3.3237309983667327 -3.0992428132640195 -1.5638115132961752 -3.3926765673006982 -0.99108626466947503 -4.8083481724781443 -1.4435240676473742 0.54484931400309922 0.52760332585542791 -1.9737044210528218 -1.4093909519282877 -0.51512108525992328 -1.393755904126956 -2.6866883330855438 0.54148158954580949 0.45056022547084962 0.50930082327684156 -1.6967702447070734 -3.5142917663254658 -1.3774505868068176 -0.97191469962560184 -1.6240849957916521 -3.032853136801946 -1.2152512418357924 -3.386706189813891 -2.3093766293215197 -3.6742078696424691 -0.72887358845926675 -0.046770771731068111 -1.1771936469304387 0.73200294038749825 0.035968311905297104 -2.6600046707424383 -2.6169900527888843 -1.6928953982484423 0.065668652267764513 -1.008366666998604 -1.6986398323331713 -0.82200718923764549 -0.24284344211884032 0.73604816288635233 -1.1341880236084303 -1.3409402084480484 -0.01479920237718943 -1.0049210805014737 -2.3702873321837421 1.6333660990310628 0.52658938129228783 -3.1049756304733194 -1.6184667827610995 -0.37409600253432029 -0.75581015369328841 -2.9854957358970746 -0.1312203949135208 -1.5294162164475673 -1.5043148933979555 -2.4230585825684527 -3.6258838144822612 -1.6948188767981687 -0.71922560996342999 -2.5038010717206278 -0.64498435515053587 -1.3231099909357624 -3.0304052082678834 1.679224228365999 0.69976683572532961 -0.33748362177085695 -4.3232505381259383 0.56377789361996034 -4.3170212108523085 -0.41054975830748747 -1.671044106465676 -3.5659956370301482 0.96124556516512227 -2.7110102244543408 -0.22002630629228065 -3.5664033132263135 -3.6839679910264636 -0.2376584041083864 0.11072774098336474 -2.44087263852678 -1.0069022429645123 -1.838412740817513 -1.8193746892847718 -0.60776403476073015 -2.6252004074042805 -0.042777535455792326 -0.009696695831370547 -0.093138716735834209 -0.30452224082451307 -3.513613885551564 -1.9942580608579152 -0.58754930659664262 0.90267056108592136 -3.1870118881421883 0.36806799877281432 0.98635636420829431 -1.3866163843200661 1.3149384094445711 0.56456541733359089 1.9359092344125115 1.2211730103530418 -3.0028008669188178 -1.8419223800473377 -0.86189146290842644 -2.1091690349395993 -2.2930472699556126 0.47556716977849472 0.92688299738519997 -1.1872346436399799 -1.6545289014055198 -1.6084895415421565 -1.299945546337367 -2.1886798016238136 -4.4416840291700721 -2.8636760299799726 -2.4673068631460628 -0.33514574195835012 0.92307584942028797 1.9063454546835059 -0.10223307279213359 -2.0830341085106734 0.080607388997803092 -1.3409108569954091 -1.6596522082757188 -3.0901104575562131 2.1279347860674438 4.4848537736703058 0.62133315837705272 0.82360301159389804 2.5080852154528217 1.6830255555368105 -0.73231182307902998 -1.4215970841150778 -0.65965138977304361 0.62947844806601183 -0.30467715627206088 0.39699737981782152 -0.18913215830315841 -0.76645001292092862 1.8545818273405108 1.1917028715623861 1.2066518435274263 0.50744726441419064 0.36599541586509743 0.94751786576817754 -0.54835734612239684 0.80132417142283197 0.41384826737941482 -0.25282593972779482 -0.014106691485285169 2.2696206745688525 1.4537349369461967 -0.53732182852401278 -0.48673067042430435 1.672099124693301 -0.89555896293050208 3.2834192055366231 0.84853627937836951 -1.2246009464160386 -0.22655703158440815 0.57271087537965248 0.90671225376871478 1.755490393051077 0.057057359404181315 0.7003983784530986 2.2728166734052841 1.602582022517264 -1.3341254824829718 1.5453856665515395 1.4464829174460176 2.556357619953995 1.7092651508210568 0.49387784923137962 -0.60181547428100723 -2.7340207343013327 0.47842723681491245 4.050702297269126 2.648934474517374 3.34377230037909 2.9226694074077781 0.43305140454417512 -0.42477214467957369 0.23008251943323321 2.2120331403124713 4.3476370375803945 0.64797176848473981 3.0511925661445596 2.6780927340582608 -1.1396072695747648 0.62291268389819565 2.7751131256079238 -2.5535001377081086 1.7271027555754399 2.5555398257408384 2.0180514824448523 0.87188839161161424 0.2804680132894718 2.6111840604275645 0.28319715046179184 2.6486569122540042 0.23388444326929081 -0.63808695796007897 -0.79106449483441077 2.1193085096110122 -0.65797079317893703 0.90411200904658529 2.6423998268657196 1.3693848609967751 4.193945908034852 -0.28304178339754682 0.55811060455473316 0.019124653047446833 2.4709220541297778 -0.27994016824788215 0.34242487269683952 1.4197328432618646 0.40307010282386729 0.86388431158705492 -0.53998670578186592 3.0026749037068416 1.047198001665252 -0.7041876925130397 2.0769777910998064 0.46095509482902791 1.7162512835250454 0.94299050146284735 0.42853293656260316 1.3052586575324909 0.6822879783804604 -0.98124028039846989 1.718831298218924 2.3851479194258127 1.0164441346101096 0.42815159291396482 -0.10770925400652079 0.29130956893073062 -0.69100661299104815 2.6775057832284759 1.9312232462505912 2.433487563370786 3.0064931159947408 0.73080047752662614 1.2627087632979774 3.1853018234338126 -0.12244268096481996 1.7708275707070547 -0.18153833827006854 1.9747179405044446 1.5058990779349188 1.1688355196162121 2.8191498967170641 -1.2559342744903759 1.3988057854731351
 -5.1348022204106512 -1.7276944462062738 -1.8680834863932978 3.1959294126884794 -2.2248718296171006 -2.3754780696364279 2.8624252746204859 0.29108599795669898 -6.5163486494534375 -3.3423586983603601 -0.77075353803987223 -3.1844989408310815 -0.3332094729988333 0.034750618175761319 -2.0170664754321006 -0.56557426019222401 -3.3612387865368163 -5.0448336191404319 -3.2846857966112752 -3.4347193766931321 -1.4143533983922187 -1.0072566381548116 -0.29238292338848343 -2.1770332874077658 -1.3303645758844505 -1.9360448762617062 -2.0157864107427401 -1.3746558998744081 -2.3127498163312494 -3.074789442173282 -3.2427631640628243 -2.7402820712158555 0.37800567963705944 -3.6904557135345528 -2.1748928143962973 -3.1454623658021541 0.92372748811258099 -3.8597317322392186 -2.36803808448223 -4.3346238938808801 -5.0319447687700682 -3.0739476729180137 -1.7700678105346916 -0.46631464926789162 -3.8328302103541025 -0.4306538377610406 -1.0543098668528825 -0.067890495455847036 -2.845289203964311 -4.4784156988990871 -2.3210262395462458 -2.4905534707925692 -2.6698635196734606 -2.1431496673119597 -1.3207927384082012 -1.452278653368289 -0.6633600521748878 -2.7695399205690792 1.9340680725730077 -0.7741597356785741 -0.81669152309772863 2.4620477752804319 1.6506870179053701 -1.8990131009590883 -0.17928913239068875 -3.0841475477252818 -0.88080963763815001 -1.5978087535836178 2.6651016964738075 -2.7822947236197613 -2.1312409067149849 1.2975106343904557 -1.5065343921804824 -0.67559647847433346 1.2889275052479325 -2.4807675856771563 0.30414089751125339 -2.8207668465257023 -1.9028629775818877 -1.8381210346089605 1.0676521632793448 -2.4089985881989904 1.0329599523677717 -0.6786185896917778 1.1527646029554117 -0.083398961276824335 0.081355507849193584 -1.1304172905952259 -0.54221857845279031 -0.30184030877432783 -1.535330444726279 -0.38231781603317833 -0.48503330824849283 -0.55780960325921214 -1.20242661921937 -0.092598634552258863 -1.2461402207132779 -1.2470157743290553 -0.21305582776029314 -2.6055084553390602 -0.26039766506465573 1.4326573051559395 -0.30849882607206291 -0.84628750613039627 -2.8270979085292263 0.29760121127839029 0.95085099017173169 -0.87492245731688267 -1.3554617236456865 1.2364022500915297 -1.1777581391026781 1.4109385337555214 -1.8751698772271839 -0.17236123372667103 -2.5078872697024841 1.4714474096098915 1.233981387522076 0.088125977115573212 -2.0473733686629418 0.11809865262389423 -0.19629385063924951 -1.789245091073338 -4.3351068022971431 0.40645993125139279 1.739681901417004 -1.4838378365001503 0.021953840391579882 -2.0461580369206502 0.60639138037610574 -1.700747242483805 -2.3505009724511052 -1.9770791651237307 -0.048114195482597752 1.6620418561270525 -1.027225796218608 4.0579395195214092 -1.8785576781016198 -1.9043346960243945 -3.5374855320224867 -2.0618885846463963 -2.3168776236312496 -3.5648085654716235 -0.79361566584691823 3.0575999931595557 -6.2786271311902198 -2.9157324583874304 -3.918331398540571 -1.1844457946253988 -1.737215718414737 -1.4804824143845254 -2.3499767182217406 4.0449442310598078 -4.282792007848367 -7.4565081486335938 -3.9311343448581839 -3.5982696437553905 1.5975854944226031 -3.9078146668493403 -6.0062546613872421 -8.6562359713154979 -5.7947836009081612 -6.3572711555244625 -4.850242496781509 -4.7351552111097064 -4.8329396306155514 -0.26217796504601376 -7.6169993359954065 -7.5461886038878756 -2.5690846103666112 -5.4407888090156726 -2.4302928153973937 -5.7163727408712521 -4.5199899226235036 -4.841735938592179 -6.2087506876777816 -7.7723946034479461 -6.8914075144292921 -5.8251214033134593 -5.36696065192098 -5.3820650871642863 -5.998185265026434 -5.2607302076186055 -7.4916639566843832 -7.253130855788223 -7.70681909476159 -5.9957003488919911 -5.1341296190707322 -3.1621391018847955 -5.6275208566785047 -4.4718964559934387 -8.3090021486561749 -6.6137722628933213 -5.4035008981956123 -4.9906292006835482 -3.7406953205883262 -4.8312150517004344 -5.5679198362535631 -6.7074131018150256 -5.9406066244444924 -3.0630752334242297 -4.4630595270132343 -3.3074745400097183 -4.5978251616492303 -2.9270310768598606 -4.6053524891522946 -8.9528629420705759 -2.7806516644119887 -2.9202525464812483 -2.6329331197958536 -8.0816500940679514 -1.9436102177251002 -5.0322159113097138 -3.9948219579762236 -4.810346584511465 -3.0202672284697831 -3.0087396307316157 -3.7944087737757379 -3.8999350334034908 -4.5042981771238626 -5.6716679000979013 -4.9700655684248716 -2.5577210555923893 -4.0037765243532597 -2.2122707251360576 -5.4446959397201038 -0.77513156870075217 -1.7436220831010099 -6.5295469707168898 -5.2700846114905975 -1.320411800953635 -1.2478718251043122 -1.3694256176543427 -4.9553758204151475 -2.4501808799168043 -4.1439264334131076 -2.8999490532538346 -3.2262022049317696 -0.0679191447553881 0.28186810262966822 -2.943460065446863 -3.2890563926555276 -4.8009371156255956 -3.6181143674901781 0.25049471975513715 -0.33563192589189544 -0.35994083651705217 -2.5647011393794035 -0.88481856243975987 -4.6323631903636828 -2.8796771870783342 -3.5242783439414991 -0.21701314744879024 -2.1238484183782917 -0.42158964373247759 1.1899865499919473 4.0361142509800016 -2.2847757399064972 -1.3829201690349202 -0.13648977655881145 -0.98878127487169309 0.25484945092709532 1.0543903856770211 0.85340647543473558 -1.92022098797872 -0.4538848596173593 1.495639285509307 -1.290502975250694 -3.350352053392569 -2.802556209987821 0.36503456847909987 -0.97076257554351608 -0.28023446449807277 -0.55607374567129408 -0.027328936946968557 -2.1790792078566965 0.20883882886720612 -0.45300107559737351 -2.8201976983118149 0.56633830320207545 -1.3951050778301106 -2.4407447229952157 -1.5087281181894812 -0.66010544157257356 0.50722194974273649 0.92780321353326434 0.7678308735939523 -3.0000433176407832 1.3271197840908868 -2.2244910404890565 -1.9249931798571873 -1.045030279993614 1.4797435457102925 2.5761337469656724 -0.65644757754073679 -0.68758817935443672 -0.93123393438834823 -0.0085855730473564859 -0.45014528589029823 -0.19469488657245487 -1.1265854055919136 2.5556874831089798 0.88202229881243654 -0.19363405135341169 -2.526241153932546 0.99599400965360552 0.55311235683061055 1.2918222314129324 -0.12868692254995914 -0.99293316991248293 1.7826881454869947 -0.70687321464976838 -0.58993903071480103 -1.2951169267531162 -0.4393663597208608 1.2990257695756604 -2.0972532359526466 -0.38485001191853146 -0.14765967773125688 -2.8162888978674019 -0.3726678487016174




