# Created by Octave 5.2.0, Fri Apr 02 16:07:40 2021 CEST <br1@br1>
# name: ptcls
# type: scalar struct
# ndims: 2
 1 1
# length: 2
# name: x
# type: matrix
# rows: 2
# columns: 320
 182.02750317882095 79.866975258062183 80.686329417585398 57.235749753272231 85.229224711543992 107.16859215695493 42.850751755629545 64.364909289429335 52.166609313906861 116.66224758429671 85.871896931954026 81.458776848308062 101.22991833059623 106.80466289343147 105.22705432660709 109.40971716298093 35.208709699524775 69.981113308635088 81.698448256370568 82.230579238904255 86.39654372831798 153.90548929279956 106.11254364389968 155.81290409545144 151.59094549107451 140.94699621539542 152.58028828599302 152.02703232724178 159.14156160406984 156.39289794934169 145.38028627814901 155.65614628474222 151.94364525828337 133.66609296366482 157.88434495556177 152.72425343927125 154.48298543953013 156.98438913177301 158.3445836356081 155.02200858924957 157.03347870814969 157.98293207396586 151.82120420002647 156.9553341284844 153.34243855019463 164.97861337627049 172.7323340344912 171.12320835464934 155.08359398370527 152.20906940327919 143.97473196447532 156.12215043129524 158.51933128020806 154.82087201610105 173.82064902870187 176.19177824064437 156.48507085153526 167.80964491248176 176.11680332626858 176.20940985409322 173.00552710947107 174.86892523517116 174.67732108175099 173.145810816384 69.928585616299756 70.794530829137571 70.111049144697787 44.606240438969763 71.040688069696088 70.998201479802077 69.908698654853112 15.333456452194019 71.967365206999602 72.366780498805753 72.022787132695328 70.97596640090083 73.271221712529155 71.049038113013793 72.147223458675057 70.63981032252272 80.140186439180397 78.192954272695417 74.036943743127168 72.723873786021457 73.121363610808643 72.59313736651589 74.774482896369477 73.546984426609129 82.027564414384244 78.991568039715929 78.014895951779607 73.334020092329993 74.172138921488184 73.82899838583937 74.455650235522654 74.643103712762013 105.82201471254864 64.254001781021188 79.32154840055685 74.614236535657412 74.889634141026335 73.669310861781227 75.750075127298643 72.688000197293547 82.216794942667889 84.254468195327803 81.783351680369208 75.629965359558255 76.081372707448622 76.720213526992524 75.656892318015522 78.000762254254269 79.991744237197466 84.549830030610195 83.139853198100113 79.796433747469095 76.837424752587083 79.285472468468384 94.866633294680923 76.793527407486209 72.812405989734572 85.510011529983785 80.156982675910015 81.087443692193716 78.824389624167466 77.159174015995333 77.831547902813156 78.803108069143775 117.87910804719988 80.671375840085915 81.20313124690388 83.146459977009457 79.6686881913474 77.396791864167497 80.102704091476298 42.454099671848411 76.571077348206529 77.281609012071939 84.437774545809987 98.160620889412996 85.398045731074745 80.905140261462861 78.226830004535373 38.286069904247455 125.80101234615121 121.17690516308164 44.672189588965324 83.282257345395848 82.303046774302558 84.200742169333424 80.431039808891896 43.412821868937861 208.98943392401446 128.65952948364932 141.07758968199937 77.587620779042439 81.276961630733041 84.270508109652681 106.20083918710336 37.272384753016738 124.12189065696832 118.76340234639045 107.39696896852368 104.50405707895706 71.394203435503627 78.979363465285658 53.558832089279647 70.694383538609301 117.64423714237776 122.72114304134138 123.88212675103323 72.549500996798741 36.329602473006219 37.416990922879428 91.591709842476263 70.499287673598317 118.82532581408202 104.43342407097616 95.588318723721812 69.575528891026835 96.20511631799026 121.31426819218869 121.08348297139207 89.949616296212085 89.979128996362107 171.42969107895226 142.16352596799913 70.063245266524248 161.24174708066644 53.242587966938636 52.455383445679765 69.409958349970665 141.09327446472852 145.46280402585967 178.39277070799392 167.60029464495477 166.27948177657612 152.15935916702455 121.04617068285775 126.66350654564795 137.0115123660315 136.24420587022522 151.83231866746857 165.20783806342618 160.30042419228357 150.51923968879998 153.10117831864721 153.62934408731778 126.77036424646302 131.13454679922413 155.33185248286873 156.62416619700846 153.28531229705888 120.47873755582005 153.09235895497071 156.9527440967382 156.85526829367657 121.37990555064863 154.21619435675748 124.43444708302458 126.79604885808678 123.89618360931244 155.96996821969543 150.67133582759968 119.81700109546883 127.26536600038459 153.13885465121427 120.95451930349374 207.31369287377498 155.38737329321739 158.27677265932724 153.86316768482257 185.81499696061476 121.49045330138198 154.31507280549187 152.63997308854402 157.4824292197317 170.3863424852542 166.93086506549554 174.76149112282491 146.76905566732469 95.906106620120681 129.00034119226663 171.32920004070715 171.46163438824493 156.98339760320803 172.37460201620493 173.52730883805089 145.60051200144477 126.16785527737781 170.19099481962078 171.96085976305696 172.52398134169289 171.08042206785123 154.68697040444164 107.41942300741258 183.87417779257018 179.54671947566791 109.55152922451879 179.86009691765389 174.22963268283405 171.84431312510807 174.23473173414644 176.90894780503888 165.88512432708256 162.42893623994627 162.10783974956601 173.62517355364116 174.65139762265642 170.64052448410371 171.9550232398152 174.90252751497977 172.88492564407639 178.57575903759152 175.39529694944491 173.33734883762671 174.58952878506713 174.2551783079914 175.32055497125626 169.01753092805643 173.11852790441807 181.37332887934502 178.5070912176551 177.53466761806263 176.36070723275085 177.17336134253495 175.64476874578824 175.30248856663795 180.15710080495134 178.25440421575098 177.54122797845804 176.38579941035863 176.48870663568087 175.83670581779646 178.22359901733154 181.88712341267171 179.64169409557437 178.71102431337084 178.06809100612367 176.90744158786885 177.28620193314617 176.03457361760039 180.35556961152992 177.12893414915422 182.22946433139106 180.71160019011327 179.11699011183987 178.80868266446598 181.92922675173546 179.24862130134684 178.4042024402379 169.25071663046555 181.1113796945121 180.30945392919011 179.89756163678953 177.63867336588302 181.22337710930219 180.62267714792785 179.58093506322663 183.30835348983996
 64.31868901353009 60.538049356257986 72.054338531713185 180.06593099148873 50.560799990441936 67.665463654813209 199.88210867925721 106.25439209447457 5.9437424543970021 14.78470328380088 49.749478047087763 73.487366480106857 79.86166431673081 69.011952971187199 68.486354740912176 78.504595620218311 26.740103750140726 10.712352024195795 51.624030590656758 49.493499166680266 50.926310675287148 38.453163926528696 68.02122620959004 37.374467011485756 35.574878512502728 46.17270886671286 36.260794177300788 61.149052197305615 41.895686183435458 38.386548924240614 43.601567458992172 39.540390521483289 33.100592991744954 29.077692235255235 36.420784411009087 38.322681719833199 37.27122721815828 37.148633493500682 35.40023532123773 38.302891393217273 35.782353656281593 33.365838330261198 34.232844669897752 39.623277434136376 37.446287255591635 29.771010911280804 83.063426178222059 83.703098135356029 36.43552723250847 37.416632269504916 39.388279201708656 36.397570396820512 34.255527912065126 35.327613332434623 83.238636012586056 84.290247386962903 34.370297516776304 50.031522058977082 77.856760021496811 85.429261710837821 84.148578453232489 82.454667829241288 83.921923375834425 81.875963300163122 73.582254178764629 70.756004370885606 74.764813499285779 71.921200339961601 75.25504392965297 74.196079031357769 77.152471875562838 127.8764139580684 71.198412467160125 69.985376901297442 72.344326710899011 71.937260498644761 74.177138338462441 73.011311765197348 74.043624805080512 76.23447482515445 70.132685439125922 69.62108665858527 69.60267526902058 73.209618777003612 72.177481871912832 75.066135805946203 73.762513382971335 75.48997635211262 70.338101579457458 70.350845209828492 70.780019250425354 70.568184640790577 71.641552354183531 72.992972463224248 74.962681495784636 76.059134045076078 69.403125298287037 95.73705609268616 69.220411075892585 70.574221742590595 72.65267369572409 76.570632615084989 73.393128019865429 76.153366369810428 50.654360257217853 42.424863811177183 72.446432231773997 71.281321371716516 72.297950394593215 74.164855520538012 74.640036243938397 73.522809072553784 53.606059603668271 72.686648223733982 51.396121210795435 71.183755386502071 70.796491148131196 73.333046918668074 107.98428245343739 75.302194090768026 56.652722006125465 48.517359004920678 52.229661475713307 69.360711893012066 71.599233728393713 72.806474130869304 74.669966072535402 74.364556683584368 44.51341291645651 50.948074767578547 52.736036629686069 50.239807700679876 72.226828531418832 71.731936552662873 74.230123214876912 198.46600879622565 15.773189795508017 14.923696361450553 41.364773035098807 51.782063506406502 51.637709321692149 70.985677613969727 72.497291204598156 141.34225480537395 25.992254914324239 30.878682095167353 32.482602892846288 41.128380564290602 52.495012465064818 51.071557954988421 73.165830813066776 199.09796471777148 43.738173297635313 33.801314910665788 56.244867085100225 16.105708622358982 49.959762481265685 50.049732421489111 44.33047204020523 27.817165663155784 14.536993244358932 17.389237988854727 4.2584352835480628 34.886090315694872 2.1728244058024839 54.267903979525244 7.539578881021483 3.531947539568848 38.379088986140459 29.967563611868091 28.251661524007144 8.3989240067576407 28.647795594762922 29.024025612039765 31.472863235791039 4.7897632580226999 38.558718589643057 22.401868578312971 12.168299096376666 3.5659678194074673 5.0341173386549531 12.369938491518399 0.86322417966598974 21.619530526751031 77.406691073475955 70.31039507874317 9.3975415978021903 2.4769353253914463 2.6855049902309847 6.2455741639919999 7.0471023127026173 4.705350205973466 9.8667590203974829 17.433518282076147 35.418771665815335 6.5095086625940439 6.6859239450298142 11.997316411074079 11.295355214026491 77.10620576066971 12.393048705256897 11.521833145860706 17.874931882663901 6.7452291725615714 1.9519463397199424 18.006041139032853 34.050002028441753 36.416520027257164 6.9857781585830336 6.3110672568794541 9.3037207396593935 7.8672171068799575 5.5791325604522983 7.2169728256285435 32.894967701338444 33.390878002423712 6.8205049429387232 4.3835013122918323 4.8632902763344266 25.718093499450386 9.4455024755946813 30.811811275256652 35.408387327127478 36.171886049751862 6.1187148793792794 8.2756692046376852 4.3899047895069332 6.1783139671657317 18.331766336063836 34.420085078394465 32.264213309170962 34.807014341040443 37.738925792441073 8.7957831808229088 3.6272905891895597 35.162195909180824 34.361903727388992 79.547578910134916 21.684138534178452 80.463988821736592 1.3882914987148083 41.541525415145507 15.841646838011869 80.32946258509601 81.359846490572636 67.637045380325191 80.498815918643018 80.592865636662481 1.5870731776893512 8.5020028222839752 80.806412012297812 79.496372541914567 78.58739260093067 78.713143557167442 39.352056494028602 198.81076714272194 46.684026873464632 35.303695681559425 100.4789004342643 74.66405143433137 77.44432055924112 82.439874528473325 81.455552995660199 83.406407216445061 78.92680215771361 59.64177437883756 61.019176450181334 78.351517148027924 78.569530557006544 82.512565408145178 76.675743857962019 85.202747292607597 77.350352942283862 75.735162290310441 77.094636461330268 76.378214098060255 76.347226011792628 79.567729574465531 79.48630267382363 81.555750359190611 79.587154314882824 79.602247720645806 76.808194529922588 77.248633243165244 76.575334527433725 78.247114873722381 83.298177837374752 81.416813515782664 77.264963813238225 78.068188228987509 79.298486432422351 79.156276684424327 81.334748759611102 80.45885108845026 83.610055967213128 81.529213714928943 78.48595357630613 79.040241139975663 80.296444534011499 80.31257576781168 82.402671008686738 82.248955426312037 83.05857676086768 84.869971124601435 80.259324479857199 78.554116945341519 80.127336934203797 81.281242848501108 78.401694113693708 83.062877915246787 82.315556569742185 107.99841264010007 80.762627643926962 79.926776882764941 80.953843379268477 81.306846975430986 77.359003798832489 81.734783924666431 82.054809412549673 80.826563331092231


# name: v
# type: matrix
# rows: 2
# columns: 320
 4.0452272840958052 -1.5491047806532685 -1.8786598823891727 -2.3617106020879088 -1.8251812405919516 -0.36954855824009153 -5.5731625813488685 -2.1848560259870178 -6.8278483623504558 -0.60100659307165627 0.81239046590297148 -1.2421217785576595 -0.74118715823311598 -1.0290027461998135 0.78528670173054949 0.0054553980679680576 -7.1136312516720972 -4.4819068742017949 -0.66126294586421519 -1.401253331408346 -1.7183345291502736 0.17948892426703186 0.57176518981206614 0.75163430826528799 -1.4624728154498474 0.35029495785484888 2.4109420055437676 1.1313036246855084 1.7875350110661496 0.096239468232011641 3.0128946453212055 0.31645636319927739 1.390900874019104 5.2435936435317503 2.2795329259862465 2.0996159026201906 0.24574474881009806 1.6201572206552581 -0.3155193044257798 0.63532346217013547 0.56864895584592812 1.763607652160216 1.2724312756185054 0.64167853996167279 0.47510241462671243 1.6961192366017308 0.94968571932746204 0.70276038500694427 2.0508638357919637 -2.0242634338451788 0.56229828007824556 0.51050774591242842 1.5028485337474591 0.84220458685146626 2.2938587672875865 2.3989901891748882 1.7473400759203286 -2.0231033066758974 3.7287229050469541 1.630339649170657 0.49434008795242723 1.3402224269556209 0.53271508865941108 0.7636782967931276 -1.0197696504489338 -1.9985866085810338 -3.192917924118714 -2.5555409142093808 -1.2273526691942922 -0.68770489647700039 -0.71893827955521428 4.8083481724781443 -1.0315595390613246 -2.8167950958503036 -2.4481274444542369 -2.3143796881831999 -1.6929218148733076 -4.0965416134223762 -1.3997372962257275 -0.48207342350347798 -3.0712284418185667 -3.2940843709114556 -0.1686896433537175 -3.1803141473797463 -5.464037690427312 -1.7413691349214695 -0.93981850322717997 -1.2462565311982363 -0.41135317736993215 -1.1255071338289442 0.55684097285635159 -1.5925746724417422 -1.5534871180939016 -2.6602000674512136 -1.8336320342236674 -0.65811094924445912 -1.1002716313916208 -6.2008401770682422 -1.011460088756118 -2.9556559726844727 -0.1003520987988345 -2.7586493991738945 -1.2732459114172663 -1.4782768137913276 -3.5417157608333518 -1.9238695577767551 -3.0723931031800671 -3.1216770811706214 -2.0602941925131688 0.61681060270387256 -1.7079896333161246 -1.2229943579045077 -0.77334192287411285 0.83635664410673316 -2.6134342148992191 -1.7111452934623441 0.58273264994588425 -0.33116495399292523 -0.98235940944024569 -1.1501639052346375 -4.708855312620055 -1.510645842141213 -0.2816832319843221 -0.80717349894156853 0.36592120495427294 -0.0016427400942657169 0.3953453294173912 -0.44206101799550312 0.63942593884555221 0.55036536747217979 -2.1496902748318365 -1.3375896334435193 -0.51799015835305673 0.2512823922998994 -0.90083960977332311 -2.3547592004886786 -2.5929790223521172 0.57956464340911407 -0.18558611227439925 -0.26415823193366156 -1.4330054874495328 -1.8096419076945969 -0.96929571111871649 -3.1420302346738094 -0.72470953231856483 2.0739452583227509 -3.3052369035009281 -1.4509962186298313 -2.218444226679249 -3.0869170202127192 -2.0027234160966016 -0.77599911249166176 10.35078207216706 0.19756493752138243 2.9794398013476497 -2.4654976015885124 -1.7949358366179404 -1.3068804740312647 0.28907770316144898 -6.9805444796572891 2.1289798520658563 -0.77894882957280687 -3.8979409362357114 -3.3913228914080427 -3.4174954308550505 0.57290827845874392 -6.0413921563648385 -5.3914767364627485 0.27202749623287764 2.0581447693744703 -1.11852618668582 -3.7883259683974826 -6.7090388313459641 -4.8059079317947813 -1.1946868770402617 -2.0754245065962067 1.0640938261794326 -0.86365086495798538 -2.0628606792712292 -3.8823751422064379 -0.75816249943952441 2.5564748925058298 0.99616988720600141 -2.2070062866156208 0.5599963309348468 2.0712909729583764 1.968216670330031 -4.3160466713059842 2.5342317750743488 -5.0279881045111452 -2.373790215383492 -1.6714366496520947 1.6420075439402142 1.4096056935038199 4.7798086088950305 3.6458387563641295 5.8654154581827589 2.0498604029075538 1.462163344340861 -0.3069193709385597 -0.73968210230064602 1.5198129749296267 1.9097120825643823 3.5320324106493879 3.1270940642369522 0.878368583025254 1.8229852977568306 0.32598721768733985 -1.2800590433963301 -0.19023854147997604 1.575246374876544 3.7887774510746528 2.9005857753037869 -0.59577199661905134 1.3276683166498118 -1.4156530889217123 3.4301820763374669 -2.7148741699830894 1.2492777620284248 -2.4137409924170941 -4.1574497436413385 0.14412831040782398 2.416926608958164 0.48332873673837845 -0.49386106596622259 -2.0650811533531375 3.1333109033073123 -3.2664875001071967 9.7918552122602343 0.96179752653416073 2.666076618775477 3.1693874862437079 2.2728166734052841 -2.9283661702785118 2.8645211783470654 1.6024906717831453 1.4859869795608445 3.1386249934755162 1.6181343393369052 -0.76198960460407705 1.8478537397994241 -3.8714034896466614 -0.018388054878221378 0.85125823441630366 1.9283624224198186 0.79445250808365253 0.69601802038495697 2.8132637365127202 -0.73635902928565777 -0.97446763847963669 3.3041182426889799 2.0298756559207134 4.039674745000962 1.7122015963895723 3.5036583294066794 -1.1396072695747648 5.8342632862706818 1.7290620099559366 -2.100086601167332 1.4782044653027717 3.2844545295182996 2.9671802298012531 0.067530744605204196 1.4815569256513645 0.48846253060245814 1.3103302530544885 0.0866654389174496 0.75139408195053714 -1.0566614722071701 0.8286959672774824 2.6239100275186962 2.5246622025886096 1.9920686968148087 0.86416968291929575 1.8547105548234248 2.3318545722674795 1.967303545344651 0.92377716625415618 1.0443817357936251 1.8159298286297061 1.2853453504204566 2.6089420678962592 3.161945885470657 1.1119423395563557 1.0760501017737953 -0.34730870428232075 0.62699093167351749 0.81302198353509703 3.1285021823961596 3.1875636831399539 2.090713376420017 2.6903740851181923 2.6647070959072274 -0.20829206429013122 0.978248753582312 -1.5165039416097206 1.958524621941983 2.2278828269420599 2.7744505957467354 1.2872350819608678 2.0907933483797283 3.0642988701616436 2.7155921036058128 1.8355915288745621 0.46404365511142581 2.9235086805237716 -0.10574362193272989 1.7298073978382162 4.712500538376144 0.16233537554718022 0.83193549065605255 1.0795806053282941 1.8643086889726546 0.24929162718862197 1.1565194847008322 2.6633390936511416 0.28333693233254609 0.58016474480087465 -1.1970163416678468 0.30991998056324838
 5.6746610425660311 -1.117490105380994 -0.28528125352203659 3.1959294126884794 -0.56499722595841417 -0.080118878667875398 -2.133020986110314 0.29108599795669898 1.9144553529909476 2.2802740130875314 -2.3234616916750932 1.2307610218083427 -0.81039780598378297 -1.2281890403002989 -1.4602998789959261 -0.11200043242230964 3.1041724304150429 1.0634697339613519 -1.8427069680784773 -3.1191609698735512 -0.19225854204305889 -1.5549515004734669 -2.8232100195142666 -2.8951530130176426 -4.5741677154757205 -0.88210704781953475 -3.1259880405211842 -1.3688265063269536 -1.0139704414147523 -3.6795712215640894 -2.6884861982767987 -3.6031365390303947 -1.7982167724784897 1.6694031693815439 -2.5653076850782544 -2.9311821442372961 -2.7051916188884495 -0.43168984155939794 -4.2396832399462561 -1.7132831908028603 0.057912077180816146 -1.8369058637599567 -1.0166707012261691 -4.6646180212323047 -2.3607419234863691 -3.0630822844400307 0.23834939093500965 -0.65056628272845385 -2.8019386698620652 -1.1999581998004096 -1.511915700213561 -2.1739918867057026 -1.2117805369300254 -1.1158040658249289 0.70671266237354913 -3.3313903204749384 -2.208081110909236 5.4499971294544718 -0.84312553920395583 -2.5704310898523755 2.0280774836546707 0.16568552440378759 -1.3254960397501521 -2.0091729584906113 -0.89140342370390646 0.79099106370904981 -2.2528198644231932 -0.70265671128496998 -0.95591729102582657 -0.15175365070095723 -0.043940734649344476 1.2975106343904557 -2.7995904604046613 0.18171656017586263 -1.1384928783491144 -1.3738061736097007 -1.1843041647532242 1.2566985200147811 -1.7388609607599927 -1.3385064540345506 0.85604245610359819 -0.0067077444475496812 -0.9373484678009959 -1.576300424568948 -2.0529240357153098 -0.59834747325759363 0.43031075641552197 -1.2708678322199418 -0.71264670315429457 -2.4326185336204764 -3.5398400343591541 1.2940741099264244 -1.9436624080502922 0.89307041886821026 0.094834848154793677 0.18568391270359469 -1.3384516648064018 4.8970965420429486 -1.6905022318894292 -1.1360049885837258 -1.9734164200869666 -0.54331882640065332 -0.15931091221786808 -1.7243038876366521 -2.003277046335961 -2.0695964107518301 -2.1340873723839868 -2.3681982535360966 -1.5412137598313913 -1.6918829532375277 -2.5472928766901548 0.030644581938525456 -1.534941147921608 -1.2511771984691764 -1.3069024499486059 -2.6153686887391263 0.61818884644036476 -0.22066416847256948 1.4511542305423721 -0.23227034841955618 0.79862800313806859 -1.1008660009970765 -2.4505213449614587 -0.0035755822582522745 -0.094947355503004566 -0.77894377465537068 -0.72542586823161714 0.34270429800855423 -1.4985947257817349 -1.4180922264154772 -3.2014988386847167 -1.3110598074605651 -1.8925053991319332 -0.33790431443810348 0.79117661873233547 4.5487839289272181 -4.0186727448942765 -1.6719539282329348 -2.3040817611538404 -1.2143987563600565 -0.58453605818791732 0.10978672901351474 -0.96524343814317493 1.5120815234880927 2.1391363107633756 3.4399739699689715 -1.9440862629784657 -0.98741782438099568 -2.6897644479138352 -0.63405006553681809 0.22342217831787037 -0.60728215540054453 4.0790060925250726 4.8120311240586187 5.6950017758415452 -2.7199408593232448 0.64726563736739284 -2.8644184169393769 3.8793708077086242 0.48424557506697702 -1.8896500028491148 2.3527586518369832 2.4361773678480465 3.5401989572604635 -0.46263246778361911 -0.49372000780662689 -0.19734454547781027 -0.89479294972202195 1.5749042040592998 2.1834072269013327 1.4997742165714463 1.9668184924153542 2.4768170025815217 4.656965816125398 2.9453708658843212 1.2804473209332987 6.5109758634951564 2.182676113160066 0.45209373950366916 1.2893196986188431 1.8249665120869287 0.28270149170842385 0.27046533535377848 3.9997167321991984 0.16374669928492003 6.0062512266845944 2.9333791094849375 0.36340293751857627 0.092402232910978016 0.26575177294685293 0.067505887884223792 0.55969650452832331 -0.74724566691634065 2.5207145001160329 -3.2043226526252178 1.4069586458221197 0.84557418805991214 2.5554140728832921 0.8333234162273998 4.1833626856438144 1.1370037448332238 1.7926837553156474 3.0109823847912534 1.1508731016375742 0.42234812884475842 2.3235337928358883 -0.94415537036302555 -2.2118611584509837 2.0868912965791435 1.4029848457557814 2.0984581802945499 0.72552601468240652 -0.97224525193099909 0.70056695951246073 -2.4611270794974653 -2.1575532879304027 0.51945472033277007 -0.14958729627472003 0.31799748769820929 4.7736771506220066 1.1410386168511539 2.8514301967823394 -3.0203476761607222 -1.7711421943557071 -2.2384033758031601 1.3721074425496171 1.029771271536378 -0.59746756815516555 1.9077300108608601 -0.13161603308029257 -2.472772581926991 0.043505837700157944 4.9553758204151475 1.1468528340488686 1.7803577718865005 -3.7266983795728201 -5.4610727604911196 -1.3532475423928889 -4.0377167529329059 2.2230984013521766 -3.3548212992244775 3.7153455081322457 3.3848254212749538 -0.68710053813369043 0.90475489273120346 -0.81940030315974965 1.8855626248183501 0.92215547183189495 -3.4433898363574409 -0.28498612924768152 -0.850093766176374 -0.66205442669282311 -1.6778468397832715 0.66194333716254439 -2.6182986003968982 4.0361142509800016 3.6665063691707065 -3.5506632724785856 0.86357808203941411 -0.80525449727027765 -0.01969669251145538 0.47223796082368186 2.3440113610014075 -0.98781315429213579 0.28908030533995194 -2.9298274310056756 -0.12205453110524475 0.087403598786040787 -1.0316784065600433 -0.70523245870059703 0.75548202407722642 -1.3452405972800514 -1.1309969216816163 -1.714068896645633 -2.3060843910977558 0.86510897621336735 0.74403686760082954 -1.0684711919948735 -4.2627820816709967 -2.1390439169537054 1.210356217374513 1.2064452849042562 -0.094021258043551353 -0.44306165569782452 -1.3056445773897505 -1.9417335695993128 0.1649388433336911 -0.26958505626483581 -1.8810914877546732 -0.013994555351752352 -0.44582483296875308 -0.47815133369038137 -0.85768048061544855 -0.46128041223500194 -1.6409596316849007 -2.0989476765271324 0.39081886938201132 -1.7262588673098773 1.1049335851990862 -0.77148988756744685 1.2314837807940922 1.4564549661119748 0.59866084661391217 -1.8227651815654662 -0.54923136016355856 -2.2323890168642069 -0.25302431534970921 1.3058568931814116 -0.59004510232474849 -0.55869878875904611 -0.73267094981038494 0.86129832952167451 2.4587615413131121 0.88465064938898386 -0.8359091956250515 -2.0746249006778545 -1.0063270869448788 1.2341825818342496 -4.4842178272563098 -1.711882251779582




