# Created by Octave 5.2.0, Fri Apr 02 16:06:05 2021 CEST <br1@br1>
# name: ptcls
# type: scalar struct
# ndims: 2
 1 1
# length: 2
# name: x
# type: matrix
# rows: 2
# columns: 320
 146.50514562268393 92.724544937485945 91.700634372032596 76.837947750601771 94.845321603273007 109.00086793300954 66.319543259194731 82.499214305132426 95.079370485799686 109.67571398836698 98.619426475628387 92.741052201416935 107.38177174392214 108.28064443648181 108.11075441841228 109.23695351410448 89.691150197058562 100.70963254949628 94.487426717218952 97.023736989175006 98.297420921503715 146.52430357534695 107.8376841756089 148.1345650571123 142.32662134789962 126.2942367031516 144.42931746658434 142.63721224234718 150.59590809045181 149.75215703167018 141.13027352417768 149.89629119246555 140.48713842516534 119.54073780075986 148.48943407134587 145.0684238227814 146.34847871288736 149.64044099323968 148.31860183017426 150.96250509806532 147.38304521815624 148.31710452863786 141.33913462269552 148.71500510990043 144.20725026655435 150.89924341020944 160.78021048228658 159.72781317024217 145.6185357667826 143.45081033681203 139.32286828693267 147.43760735737695 147.7433201100784 145.61614020303077 160.43317521041507 161.46880944109503 146.69743420564652 154.00782715188311 162.13497952544336 160.29216678369886 159.26408356465896 160.46887836175839 161.17658128279899 159.69746386074124 81.171560662661733 82.243136342433502 81.679459398040407 65.817230026913109 82.737772203812739 81.092231342293829 80.650593633350283 24.575833379374291 84.609119872514242 85.72202200451369 83.350691739071166 82.686886117104478 84.630478959195216 83.513074811366153 83.895875201517399 79.856781576596731 91.007156108189534 89.019895911165875 87.812757782204528 84.511796719997363 85.654460663354186 84.719514537357753 85.492571827185003 83.60346307715686 91.094055250351133 89.880019312204624 88.723060495939805 86.745751543626213 86.65112305552654 85.696561657428688 85.671023970223445 84.593835802103314 107.50910028244198 93.838549035254871 90.085357492969266 87.664965672132311 86.593717990917256 85.631977266509892 86.596261271998912 89.308991609251976 94.556373484911333 94.123335603237578 92.882562941050438 87.503680304966693 88.326666138102141 87.681905915274839 86.834602955121426 90.511429910443965 91.883399619548484 93.763379321585489 96.935351124484185 90.751616213881547 88.621144068736172 91.613828967149104 103.0202163930324 88.219663827050539 91.953501016589584 95.236275267305402 95.010104871972928 92.011219830442684 89.74426725096049 89.739423437674844 91.597695800045898 92.777993079073738 112.57187275478006 95.822485332345693 92.367519307521988 93.746634176104607 90.595567502477991 89.560759558636931 92.806319666040451 67.308609980584578 88.91882329686004 90.235166190171057 93.048846758928235 101.88425266891137 96.426442108702318 91.822666965407677 90.718672621997271 64.364920852034544 130.62613307300239 107.754272367551 72.105655888019356 94.35406840041972 93.3263052339898 97.403749961076642 91.735323568968013 67.332063479568873 123.94431488006053 113.36318788256399 116.31492068670482 89.461287090701134 93.80738971075543 94.287851749615967 104.18366524046256 90.263550349335176 111.27686863803797 112.29512756913543 122.78117184494297 108.80239211708835 102.37209377858932 93.215714255876819 94.815433223583 98.428924388785106 112.50702865305571 110.16595317637174 109.12488857868534 101.57555399457293 88.560318692354699 90.268385313781096 101.72774749526818 97.318911638736509 117.69661959965782 110.81647843457404 104.76227565488684 100.39034198835526 104.15379683958678 107.01721274968607 112.34944949481286 105.87542454459761 112.71247216125035 154.98058498600926 135.30656476381316 99.336597795111373 138.6245523163428 95.87435643233556 94.160891127232802 99.488879026619443 138.37206618377959 137.07216478935851 149.6563888059074 140.168178290138 137.78218556414771 139.12796346390937 130.91869367277022 120.19923588430427 137.28259613603328 140.03247327517974 138.07243335892218 139.93271696321005 138.16100486645081 139.34871249592683 141.68376208666851 143.28287637318616 135.50563358013835 136.5392335529086 136.23307927714089 138.86216824754746 132.17875889170335 134.2159037600685 142.8137030678914 146.81502598297649 136.06633801930053 134.21918585110507 135.24534429311072 133.27532553965003 132.63142910698673 129.64067440710099 146.25397382159443 140.4985184195306 130.00423835789073 134.35532851119902 136.93466424890687 133.28535026918158 133.67629935046256 145.90523474793022 147.05785947922601 144.89196580820041 166.95061857134922 131.52410710781814 135.17746929475075 143.84335602054847 147.47528173559596 156.96351468202045 153.5494850711319 161.52403503520583 141.23631476171479 128.04391506351254 132.2621073303109 157.26861004678778 158.1014079879676 150.38944178609509 159.95643995820032 161.08544267816035 142.53776537876411 134.79143338353873 158.06125346608317 158.94133277658247 160.94902334867314 156.06243902602623 150.74209438229994 116.87816334489341 163.78833027714089 162.81181204746372 126.98224801419775 166.14142450885731 162.09041025613584 158.73761934702893 160.99265566125209 162.63938421683855 159.70324689913787 155.06463409464646 157.87707765150608 160.70429925395732 162.42534699972481 156.82950365296821 161.31658788218411 161.3039055850287 160.05344409307307 163.9884740749925 163.28843226103058 160.65143506512649 162.914945719819 161.86679992576049 162.66085765943512 158.68556040886438 159.47994403187045 167.20806363151047 165.19560307210531 164.29068668322287 163.55210861215636 162.96972513907878 162.01552023638601 163.14341661601844 165.99751920930836 164.64455283178327 164.11411606307917 163.38906535762493 165.27669597535825 164.12428460368932 163.58381143498619 168.79144631206614 166.92131884127033 165.74507801525709 165.20235784486357 164.5548823580495 165.6942119441683 164.65152377378391 168.20368701224476 162.40934800734669 168.82750833341598 167.68899149146188 166.64711678761947 165.98343475096775 168.64207815524176 166.88097807993165 167.48264033561645 160.29019760623061 169.44384289194281 168.76444317672491 167.67201456661203 166.2998343916135 168.10611733469133 168.18107057614495 167.08458523268294 169.1830182470157
 17.581007414509163 69.813217230917175 78.850753882741657 153.53971686619175 61.998263331532783 80.811380498395735 164.75796807877697 103.83837831142394 2.1003815161777335 15.820245435937483 63.354487274356835 78.235095892194494 86.587966106394674 81.633102579013737 79.437198614800693 79.415725797545463 5.5678922281830205 0.4901542276249381 65.207736226723341 62.722206991425693 62.222878176522563 57.947089083763188 80.588487291222776 58.354744757831732 53.165451553125138 60.110029638256492 53.533026959524584 72.51031219982498 57.987039317404857 58.81754564662149 60.274669979825511 59.896651146312138 50.398912207609797 36.400528735874722 56.833070631777176 55.762476146939932 56.776135888020363 57.590263253337127 55.779056472624525 59.484311552714367 56.250251677163142 52.246814085034167 52.605791331677167 59.358564872590144 54.58208400171111 55.195049810662105 87.264607148989953 87.767288342800882 53.383103834680831 52.756277546661316 52.003179829859057 57.371615698533503 53.73832788803751 54.673561576091338 88.607347631022492 88.12714399982444 54.259747911576781 59.749118062670945 84.436585666192016 89.83015916348603 88.715693235999069 85.090197062957898 90.539589430906645 86.672092320447518 79.118440450973154 77.99003338254343 80.202230536720833 77.753251043635018 80.313100482660744 81.182125668835312 80.105937773468085 117.10707569263003 77.517118798570067 76.893812271636349 78.268820273447929 79.037382005530432 79.76963379887944 79.596959756529145 80.59770740919393 80.922342882523921 76.830894184584324 76.760934848790171 77.019497858330183 78.681172645877723 78.211458967337876 81.36695137673189 80.464561880602204 81.698305743084205 75.65481527993623 77.403088934911196 77.930533328183131 77.530407468100563 78.636474798735904 79.331852767516764 81.795521257384877 82.604096330345897 77.65766400610589 79.101255252003099 76.292144831383737 78.084522512789107 79.898618933409878 82.926976009998157 81.005969624682564 81.808811411195748 63.051098212051116 56.948549700737559 77.095825079914164 79.235668896542535 80.065971030751257 81.020058714892414 82.009631931745204 81.367347172592716 63.210698713888952 77.819855697869315 65.22470904455146 77.995060183118454 79.002318257633632 81.097808432789094 95.939702339932282 82.0350725813541 62.122077199044185 59.314127452214919 64.242440902634485 76.388307588740915 78.449413044762537 80.637681106295588 82.259852480511498 80.630839222988044 56.951749140441201 62.7256730498815 64.329470367242322 61.965781784271691 79.067083650637628 79.5045269702875 79.567927716849951 165.13742862073806 38.525794373223768 38.582881616779019 56.636586956471518 62.728775187300542 64.289585792896673 77.510506055821637 80.296271645497725 128.79197816043529 15.110360932813647 8.8967482086768914 48.618518875562543 55.829977522536772 65.019463147555285 63.79371036187743 79.885698980359663 164.00896389937301 8.8553866074669241 1.9388613036078608 8.6836498416631045 39.501629308653399 64.047035817470871 60.956900573896355 14.155697054288057 6.618369540393064 7.2188399754500843 1.6733930663854624 0.71220219002052276 4.3211139562451448 1.6876943750106306 62.997474145262231 3.1436119146077832 1.3868789250252633 8.0286297253706564 5.0465140918587599 5.6786190942584502 2.6002124335915271 6.3780637258795903 4.670498284875479 6.9817510777094283 1.6909096748995314 35.001036928179666 3.9511211322905813 5.2043873302649715 1.8680855390994833 10.60128647168934 4.8024818563285576 0.23558487195365849 5.1666413404276481 42.627184797034161 20.500095779330188 13.624910513750661 2.0408915318148151 4.8084515326459307 2.8746616535544822 1.5418447405779554 0.97991481463332242 12.577930536421304 10.882700109900027 4.8149505276581266 8.7711686696343349 10.171714405542364 9.3057477747174264 6.0152439469221477 41.409796120052235 12.140607066325705 12.951231469454859 11.366776521234158 9.9709261847386514 8.866479276378346 12.025750911248883 51.474800252462778 53.976634134922961 12.416630453219945 12.910029732203457 11.498195654918375 10.390089463931792 5.7987359911189325 9.2111682538681219 51.889441200760437 53.193472121860438 10.321252762359277 13.696932466187295 11.169976834792658 9.6809640522135467 6.8904068964544534 4.6627117650473826 55.568245864317319 51.549308488792363 25.896550033182088 10.477690831766921 9.531346390041012 8.6059734414826394 7.4630951882705538 52.153571968316733 52.125127162037813 52.582705442351447 3.3906935170061647 6.8384782096933074 9.7337423970056687 51.664008328920964 55.177210942531623 82.821938989149771 55.196070005070226 85.29337690321816 29.70829173167154 11.526567629085903 7.9634842994099557 81.762595736762719 83.792717645554987 74.438067896557158 84.179871117815125 84.220479789050344 29.598152697083314 7.9845926900251607 82.673969553997622 81.953502817049852 81.145821365405496 81.860684778762206 61.500811161993532 165.31101885956855 53.204921719757991 53.709056014694013 93.311202353345337 80.16007705355689 81.436270237579237 85.071639595663726 86.243063043809315 87.495891190875582 81.080118572750919 68.443880786669141 77.547690327873127 83.258136890853464 82.468974124486081 83.874128787785864 82.234312749833975 89.255050912975634 82.19437546199579 80.359704703572845 81.425222286505374 80.071508204067626 80.440846434104401 83.357390262705522 85.511121184619384 86.239225673646118 83.142982931973364 79.742113463259699 80.588691366060317 81.470342671027439 82.474438622394572 83.392372809912942 86.61213395979253 86.438845402861702 81.401423880977475 82.458384354023977 83.447882115096732 84.398477398015061 85.336747002467007 85.779609257481866 88.429126006768186 87.643724913506858 80.892318400022788 82.698340326634494 83.659544578901432 84.60325323416285 86.498481938271794 86.758651231188153 86.387477408653339 88.902060545642669 83.670464902772906 82.502139991644356 83.206225833206545 84.490186654976142 80.380709867723695 86.431042560252536 85.532386215755878 100.84963650506546 81.270139769901533 82.541790984159093 83.606525342359902 85.545677874867053 81.308394901111654 84.743531528070989 84.469097980446847 85.504105896003679


# name: v
# type: matrix
# rows: 2
# columns: 320
 4.4388033362693289 -1.5491047806532685 -0.99829395778058816 -2.3617106020879088 -2.4309731966402204 -0.43218020408579771 -2.2540259211842502 -2.1848560259870178 -4.5227094667578083 -0.62397535907694635 0.027547607000043953 -0.49361950283593353 -0.74118715823311598 -0.37747799078827876 -0.17766396801835754 1.5308850268967573 -5.5339809222327956 -0.028716973532793788 -0.72464102604982905 -1.212164941105597 -1.1829516137986416 0.43469183248170645 -2.9369539712427075 1.3070438531290132 2.1850869814896039 0.18963793975630527 1.6322891646328077 1.1313036246855084 0.87854079050465561 1.3601033417429256 0.076597165524798977 0.75461196050669577 0.59095034198794749 0.97573499595478685 2.8722381428755259 -0.61710785999924767 -0.03725638134625571 0.22626970486357034 2.6917476925582067 0.29841475938031542 2.0794050788272047 1.4235526909735834 0.013162328972665765 1.3864686635293642 0.9845060980450433 1.7076155408340796 1.5511071606507765 2.9989102300626187 0.9960261730343215 2.8129533073178203 2.7636799873900473 0.74195261643376864 0.30310747856547288 1.1329209544468724 -0.27992308758362616 2.7540847544306293 0.27160695732465501 2.5807933735430915 1.1205669892458179 2.881210484362533 1.8151776040639516 2.1637715589700082 3.0400385736484026 0.058552856039696996 -0.36780762779494225 -0.61172852680832113 -2.1381041393687106 -2.5555409142093808 0.033925893825784051 -0.71082380801452516 0.076394699598453714 -4.8083481724781443 -2.9142095668760013 -1.7328702374087011 -0.14812094721512911 -4.0393822611101919 -0.27032381907242015 -0.19588732221873445 0.31112753296126178 -1.3140063363076326 0.68777081917040817 0.40707752094645333 -0.55084688959483963 -2.3495657139241084 -3.82642448313121 -0.41832586356969842 -0.11044842132284309 -2.8051467569134423 -4.6496911880633647 -1.3643557293957524 1.7189511125192141 -0.9483679352604687 -1.7794362426253774 -1.2915596744342768 -1.388507485465466 -0.77633209890653809 1.2570754610174439 -2.0549772072600176 -2.3289152389641155 1.3530889125282941 -0.81974227781145703 -1.961329989606317 -3.5753894559524064 -0.57860256080188277 -1.8605263084864876 -2.499343969729992 -2.497146599934601 -2.2968845942240868 -2.8730355459866836 -3.1358030420746372 -2.3959293552395171 -1.2358923317478767 -2.531323475909014 -3.2064566923094087 -2.6307210951767224 -2.2254262254528916 -0.27655037540957261 0.14931591707286229 -0.98235940944024569 -3.7813259378382988 -1.8425585136541065 -1.4505373911801214 -0.53751066295665562 -2.1288641706858034 0.44946915201074966 0.087912096233433878 -2.0499124444383963 -0.87218492650902046 0.63942593884555221 -2.6108110443115042 -4.3810642473651065 -2.596832389130836 -0.98240769349569512 -4.0729332712501982 -3.1417502426950121 -1.7938985938652872 -0.32637353198153174 -1.3978666059801677 0.17692477112070315 -0.94314333146569318 -1.7289650390643827 -1.8037837741949221 -1.1341084254110068 -3.1420302346738094 2.0503194377782759 -0.018888538791593794 -3.3052369035009281 -1.2380326900717027 -0.84589711964621594 -0.27452580259531734 -0.51243962662129605 -4.6559963792796806 9.2208135209521274 0.69259888304723505 2.9290544254613664 -2.7546718425698131 -1.8005699258751184 0.35146806329310443 -0.91553894821569615 -7.4395764304443848 1.0371479389687777 4.5299383133775342 10.259128706175632 1.4776867801723612 -1.7304694250646022 -0.16394905114649472 -4.4490027651883821 -5.0210073625259657 0.7333264607417882 1.2248998651261498 3.1928388457902521 -5.5936774509267719 -4.5104060432659825 -8.1251590985269324 -1.4529014560330804 -3.1516501449579732 -0.33991683337014933 -0.76323842894321114 1.9026921161325969 -3.4137419682120864 -1.2262025064667994 0.75235995796476229 1.0765264497159246 -0.085977153991678879 -5.0913061521010965 1.9063454546835059 -0.989276900869274 -4.6110722962481878 0.29073861035588694 -6.3475987040060105 -5.6340992554316758 -2.1096991774137699 -2.2394030460000645 0.8439791370532812 2.5327848163482951 0.76962624863107965 0.95740971016118315 0.79744085346773386 -0.067402436627520226 2.7900351269563872 -0.9032044071625478 -0.8084245768032704 0.34522909534838275 -2.872797315506451 1.2285359453574802 -0.079127499739539989 -0.1435843286240745 2.0004651449896014 1.2536331371420923 -1.1883677746562593 -1.0334679505814122 1.2543141125674655 1.9295198457900824 2.1387066908434096 -0.25141588233977474 1.367663465226713 0.93380425692541624 1.1417440279502384 2.3369255222460166 -0.7184587307979694 1.5497011862074055 1.594990151471972 -0.26237249093068188 -0.072486440613089967 -0.92266956557525615 2.7349661774697078 1.600389554206989 -2.1397101412419279 -0.74016374990061762 2.747210092873861 1.1223663825383627 0.61046393408423694 2.2728166734052841 1.9924962190902233 -1.2441114681899503 -0.80071615621541359 3.8307471914974802 -0.045493901386941267 1.6039025045154522 -0.87894795409433546 0.030176046636398807 -3.8261168815251629 2.3451648744017413 2.0188931466900963 2.8400149284584053 0.79445250808365253 -0.77023408697047602 -0.28672753547601254 0.96725228535610497 1.4548371709344674 1.1982486860556665 1.3592981110152036 1.5015912395952198 2.1599890511092759 0.65268438241364679 -1.1396072695747648 3.0123344433911736 0.38569136611494859 -2.100086601167332 0.62283665995948534 1.7009143755107234 -0.68377637795300539 1.0895068425440655 2.5757463848055879 0.56835903184974756 0.88167391345715806 0.51532177851477956 2.8057851140453347 4.9183142365291559 2.2379867422977284 0.24405668900609889 0.61314724111505547 1.7836642122861595 0.86966110740006131 4.7930892651288683 4.0696669908948442 0.13309520683581738 2.9478005041372319 1.8928947057618655 1.6350302482446073 3.9804978850971242 1.5410961256513946 0.4468425724152969 2.7921343816022004 1.607128321882906 3.7055357663838868 3.594481010287935 1.0345086970671322 1.1664197565938048 0.74431770575756928 2.8205622159591868 0.82562474632261906 1.8773203524367186 2.7725147281996403 2.2591244763647498 2.4195547797004076 0.88312610269359304 0.1710787030550556 2.6796448127513286 0.34670923066759074 0.9561481679159235 1.9027790959815956 0.47002433662595355 1.3647954599921579 0.41716442909905621 2.719341517378691 0.68497593555521252 -1.2756138996484312 2.670964491962081 0.68670140695459081 0.48816603427532956 1.0795806053282941 0.31095619168636168 2.085822282193766 2.7774192749709732 2.7323852962569708 0.99669690630542696 -0.4966044959178737 1.0461095122524118 0.5308091004038602
 5.5987895625229687 -1.117490105380994 1.8729810427096036 3.1959294126884794 -1.9229172150494154 -2.1854821402497242 2.4811401920361567 0.29108599795669898 -0.87393816594648244 -4.5400459979297505 -2.5074120469518024 -0.31507787321090913 -0.81039780598378297 -1.6580885254082744 -1.6444044403763718 -1.3792084450445738 2.7815824641761595 0.95599901311672775 -2.1206737829227169 -0.94227638927572788 -1.7475998883848578 -1.0958914202109686 0.19710225457400019 -2.9331318096289229 -3.6477235181499088 -1.9360448762617062 -2.3426840659492192 -1.3688265063269536 -2.0754821161849804 -2.309475007429445 -1.8863316855641648 -2.9376831761249549 -4.3346694115561366 -1.3416140519010809 -2.8191554568635002 -2.9501077299618417 -1.5260522059311996 -3.8878721514312122 -0.33800826551718766 -0.0013895143154698496 -2.03736009160844 -2.3778469449811093 -2.2784143936960763 -4.3700473927915393 -2.7736659620990722 -3.0663919311450978 1.845291178459773 -1.4334954566304636 -2.753712798059925 -0.46042606801058117 -2.2449457863342603 -2.4667776997034125 -0.15434913494621097 -1.7751005164220668 0.3117527433510548 -0.33498452723967115 -1.7541388758751169 -2.8624243468958199 0.38761225815000783 0.62041691785392561 -2.388569077748401 -0.20434142255804491 -0.2729573687158528 -1.4000837410090923 -0.097474023935071791 -0.14293125139455884 1.9588975184364295 -0.70265671128496998 -0.980534972927676 -1.2311831833515212 -0.40666708991543082 1.2975106343904557 -2.0620708653333062 0.38135140737058576 0.26782444342680956 -2.0484514657696313 -2.1089679552432297 -1.8990674482446068 -0.58917009345740301 -2.5560891528143204 0.52424570049811869 -0.16414188997418866 2.2105214127367163 -1.2846901797708983 -1.6236642832464132 2.3218067423889304 -0.53447638879941894 -0.87439287102009877 0.25199463373386233 -0.066296358839786892 1.2445969215578683 -0.62810853433590275 -3.072237585193426 -0.98422426446325684 -0.71131012767317403 -0.087927715827103514 -0.37218861820215687 -0.73797709468142048 -2.9612007057557865 -0.55003024795997901 -1.9395318628987728 -0.3736154958533629 0.22419407444070943 -2.7449398834225538 -0.59780655422726436 -1.2248636689628027 0.4196263988738293 -5.1661839654262716 -0.19542630147500048 -0.67816351529613239 -1.9541720573725909 -1.5862553281763545 -2.9863682308994401 -4.1683265787798076 -0.32141042146875043 0.20594121391006179 -2.1750227196432004 1.7521366990196445 1.4511542305423721 1.8890001525205025 -1.7174359414503784 -1.4552774076236092 -2.9829225638183265 -2.5409538379909775 -3.5647741556229278 -2.3720708104960342 -1.2804590150480617 -0.058212586446080641 -1.4985947257817349 -0.57919228705127213 -2.050018430282869 0.6269157023095181 -1.9470649339144956 0.0065488662059564606 -0.85578824730569425 4.5722224428377016 -3.6735062589496796 -1.1556542725510495 -1.486916213996887 -1.5869886814609546 -1.1032445276426257 -0.17024530198335663 -1.5006382487178802 1.5120815234880927 -3.5162276711970275 3.1413217421236785 -1.9440862629784657 -2.6493161133269769 0.58288916984541039 -3.6916462606966345 -0.22020225267769636 5.4574648599993791 5.2419163728481868 1.134647958418882 5.8476518687659436 -3.5814070009497376 -0.8543433789945053 0.18340341804021851 -4.8047683630626112 1.4339510259842458 3.6658168247767833 0.040338967070251495 1.8889400912694194 2.8250205065682641 1.7107009330358456 -2.0030025796880944 1.3348877206086893 0.52793651897330696 3.9811950746475069 3.9874828176242665 3.7645884126076292 -1.0533971875876111 3.1447154097755394 3.3619519242529754 2.9873404674379849 0.16574647201803372 -2.669029280044962 1.18238215809249 -0.1559617353011529 -2.2403765437195906 4.1820589788585281 1.5443283247235144 1.743115561577268 2.2437215855262238 7.5887839945288658 5.9957003488919911 -5.9728183620071906 1.2500219204342318 -5.3422207117402865 -0.22155995028266451 2.1224489961355033 1.2322087615266157 -3.1945138162972802 -6.1217126887780395 -4.4806091023851753 -2.5568014662638494 -3.8592331767347861 -3.0527766880177403 -3.7436768059792569 4.4351460013733561 -3.4053454424209484 -3.4397311365884198 -3.7807538378123624 -3.509925101033196 -5.4093599738660911 -4.7616341368064052 -0.75086064850427348 -2.1415227204394784 -5.6636755487668351 -5.2153498912823011 -6.5777775708817261 -3.9066723950186772 -6.571968204970422 -3.9846156261858185 -3.6599146893838181 -1.6786348251789425 -3.5199164122584712 -3.9322414187363544 -4.0422229245865386 -4.6572214979773836 -6.2379984194118965 -7.052283266285408 -4.4089738376130096 0.022737627487373187 -2.5976670930922872 -5.336794068648917 -4.2639794943375344 -4.242934861354219 -1.7114259738871174 -1.7304136907506755 -3.7908153908098616 -1.7936687889674083 -4.9553758204151475 -2.4049947560088967 -4.0458213411111501 -0.99146438667652215 -4.2428065806377324 -0.92413403493623936 -4.0373863935836658 -0.77984837431286136 -3.536467051161106 3.5500040137714466 -6.3862165071786885 -0.55771500651985639 0.27685873575515768 -0.81940030315974965 0.89769188571648084 -2.9454379122844343 -3.2442281590002318 -4.1324656929999461 0.75664048574619081 0.11789033812468858 -1.1049051861681052 -1.2657531217159601 -1.9933677598222814 4.0361142509800016 -1.7333726705201682 -1.9343232384212539 0.86357808203941411 -2.5234405993761735 -0.44743356936824574 -0.99306273942022949 -3.0159836780816329 -1.7069212679108072 -0.4591324605288577 -1.072369632113483 -1.9795123299974435 0.15861246740591745 -0.84800161857603273 0.39831821065939915 -1.3433251669633595 -1.7511191533544674 2.2960608130220894 -1.0487568529446185 -5.0639190871168172 -0.68407817019141737 0.46026467330997234 -0.022410032952230721 -1.6352396590548148 0.44352097285320952 2.536440155487818 1.6454999392830911 -0.53547341268388959 -1.1756004936095181 -2.9986051506019389 -0.875758966408827 0.66483374008660545 -0.17898181072915154 1.0620677507087455 0.2036271416060893 -0.91396820991745387 -2.0331044751219207 -0.47933984963113935 0.82130808892029805 -1.0648521101564623 0.26927240930744312 1.4717818356437371 -0.85619540859412901 0.82620227738101348 0.84595083327103937 -1.0210068036875004 1.1314465858670715 -1.7744050721559361 -1.707978269686302 0.29048310894273849 -1.4714780201176672 1.6334405567182018 0.079930855783880816 0.033303831633922212 -2.4639728216141412 -0.87626918874870641 0.86129832952167451 0.60979423794571141 -1.4438884212797853 2.4656308076336702 -0.5121728547728126 -2.1350941096237088 -0.29057993766264528 0.46174385532756618 -2.2770698870973085




