# Created by Octave 5.2.0, Fri Apr 02 16:04:08 2021 CEST <br1@br1>
# name: ptcls
# type: scalar struct
# ndims: 2
 1 1
# length: 2
# name: x
# type: matrix
# rows: 2
# columns: 320
 125.82117919207644 107.55438821480899 105.17552396557917 99.274198470436787 110.03706455356337 115.98040298849969 94.411198358715524 103.25534655202151 116.61699179083951 115.60347989959099 109.56755415212477 105.13765195719614 113.70474413353526 113.80642268967948 115.37221339706109 114.82388054864565 117.68908253555782 117.64502720184009 108.72433968587731 107.64834992038791 111.2196139055399 136.29444334301451 113.94368285753602 135.22259265258 132.02602302973585 124.49267627547894 134.85953133755055 131.88982780782925 138.28652333839574 139.3215438905489 135.13093287768086 137.45358281415207 132.4278012093412 122.75202605769825 133.30903152064522 133.08990591979457 134.20807062576654 136.21232243810076 140.16382023367001 140.30850694853822 134.60134161624123 135.66228598826078 133.62810607323536 135.25735408911333 134.1981477819466 139.31139710254672 148.27540747331983 146.29502603264226 136.40004782449557 134.1549497029776 135.41581426025274 135.30806301431537 136.57022754263301 136.6980636837564 147.98924761727258 147.77099842157043 138.62217042451766 136.77924272546818 146.36972628301621 147.16007312534481 145.82294098171624 146.7102598309454 147.24891124671166 146.84902323091345 98.136008080859028 99.295341740244012 97.28828166624892 90.094868711908504 96.275751126866965 94.681529901418671 95.465987164492361 70.255141017920096 100.28214653179752 99.252151478213491 98.222104045153145 97.243473982235528 97.663718271513133 96.516927074201689 96.334792314756456 94.324079224491243 103.19041414010331 100.56980682264744 99.54198735129944 98.55079751493075 98.519973881186829 97.391499790686169 97.179542591139892 96.118832351858231 101.95445389197053 101.73187762690266 100.53625996469282 99.677400053055806 99.549817273316975 98.20977570446415 98.063743676690564 96.886468387253998 106.18509618194129 105.22834280002884 102.78557599572454 100.66489157011844 99.228862454970312 99.296147980192885 100.2457406540186 98.467107688924827 106.68857513549492 108.86065646503621 105.25475265085042 100.6320708192989 101.56954512220392 101.35663152943548 100.84462397558703 101.7706965980107 106.95866295464791 106.42224887465325 113.05788514272044 104.13319926249946 101.62637236857005 103.02908121034342 104.21044098241011 101.85498702036942 107.41277484453134 108.29857244307122 107.93169636755796 104.16542458412096 102.7592665798642 102.72687997861664 103.9629710357829 105.07581326721851 107.49728823904896 107.73655853106494 106.35125563220514 110.8062203588009 103.70413005814689 102.5100692538611 106.1098309832271 93.715923748665858 103.15970956672818 103.26455784242923 106.52504229455623 112.29690086107402 107.80706876856962 105.25817894963616 104.1892259245497 94.214208081429405 112.9775140963618 110.19747165426296 103.9775401287514 106.37016997497773 112.59154574899912 108.8303949384526 104.95843107005273 95.520343108094565 111.84152306052459 110.34203889135522 112.77276451939109 104.26853932614719 111.30573242342916 108.6511045307609 112.88128524850116 116.6215687349254 109.20255316784777 111.06400782426383 112.02503695026246 113.45460253851023 113.87139367026946 107.31554178356319 120.08722170498758 118.76527086946582 109.42078259967103 111.21700958131747 112.76800482383003 113.15881775134066 114.31129498442819 115.62022377115288 114.58561982599043 118.65561941093566 120.566238361788 111.97242231156736 111.77536476551383 113.63008965556342 112.78152912596838 113.89687798781149 115.16533788026763 115.60541310127822 120.08564593783157 136.87030316652624 136.33103544151385 114.69837394274646 129.7746097355629 115.37581703591403 117.12520763798305 116.61437700020333 135.42262936957655 134.51861067572119 132.93580473711228 131.18245310900298 133.39197566276647 130.34042669868023 128.62507800829331 122.56695728297588 132.55191331006509 135.41054007787417 132.14781585032722 131.46456232511122 133.20260935858653 132.12703019809075 133.00892510956712 132.87349832309806 136.28027418022941 135.40591354099809 134.42537841269757 132.16559262776636 130.28843052903662 131.32422746570617 132.99958075205754 136.05607440286192 134.59944480821721 133.879541502308 133.47629284618151 130.6527139059323 127.2934844993803 128.10976154834205 133.80843532535465 135.0550656442843 135.13889700084846 131.47934428303205 132.80431324890253 128.68151864873167 128.15041502046694 135.76243365939024 138.3243844365802 137.44162433600425 145.3588601739971 132.4064805370262 131.5319815329083 137.37508191398095 137.9692475018675 143.93118482478491 137.26824598513377 146.76370045054028 137.75383284287872 129.46936954947088 130.33146348794995 143.9197171280918 145.03881782187088 142.94414367822921 145.64935104970087 145.30462313129527 136.54467814367152 129.30485185329601 144.99355708775946 145.44252834380535 146.18699948629114 145.00859819781303 139.36792729101711 127.70443240586545 147.13454392380564 147.1843532104912 142.77031723356609 147.56176767998929 147.23830654447448 144.64878567563233 147.80841940176794 148.81026485731124 145.71806670771576 146.68873191682866 144.96339466231359 146.46475361406218 146.94190861381662 146.10987589400298 145.89891798393955 149.28201797724654 146.26222473053781 147.66998268852953 147.45646685271012 148.45463552673112 148.21434801870819 146.79584900137951 147.53403374122047 144.27624115696565 144.42510205447306 149.51416665100984 148.5192265216194 149.33736234511957 148.98761979682072 147.74357938403696 147.91237363083044 148.95545289782461 149.73438560802916 149.5009322343443 150.47796984904406 150.16440642230486 149.9576474530337 148.43383447227811 149.70916746834595 150.03286108652262 151.7143787887569 150.69874470999153 151.27217916077106 150.92797025832468 150.39544967939003 149.27087296630094 151.43360043993783 150.20497463055804 152.5637455020894 151.51344647863149 152.06201848851768 151.54026556864781 153.57142024568842 152.47958410131227 151.76891609352526 150.60170705876945 152.93792693719885 152.36710841841938 153.24337002572014 152.95401597061817 154.15078985664405 153.7940202992952 152.81498333443469 150.77243317731615
 47.854404481650221 80.665553775562415 87.654849992028744 123.17838744566683 77.633714510333391 91.560837621419665 125.20761120329158 101.07306133082382 43.527263294186369 58.950682416266453 78.669168557212785 82.225501970412253 93.55589174816906 90.994236275889548 90.553368948532295 91.447332730391295 42.644955881941442 44.025049051125556 80.326649003238046 76.271453960035274 77.374293352411357 80.528125658196572 92.124560512353625 81.757383106429629 76.203278638974624 78.502455962748328 76.207310894404074 85.514164009940899 79.526483667714103 79.694134416011352 80.34390976578436 81.03757839714855 74.398632685019123 66.437874448039324 78.022536873666979 79.287580191216932 78.551005111037696 78.662475417992155 79.022716518940072 80.215860616703722 77.299841268644386 77.240138095986225 74.402870925982469 78.192137537802537 79.746836852242652 78.357078134913266 94.673674448510326 93.127615875517535 75.337648253607853 75.38906299709771 75.077420452841835 79.259736745581236 76.484573213982728 77.629070648692959 95.946549614753536 93.595723762030403 76.385747547425439 79.613982124625707 89.966039757064863 95.165999434026816 94.262246550221448 92.104986307185854 96.893288541222375 94.16660175101461 84.240360072193724 83.620633135221567 84.921282451166846 84.42848980085158 86.455328471404584 86.536088472351992 87.385549460073278 104.78072466592347 84.086410478567487 84.833768688283087 85.425865297812592 86.008612798957273 87.08387525874889 87.549491451836047 88.624804545798085 85.44636113009156 84.273082819361221 85.264116160961891 85.806043661718249 86.477515324322056 87.908152664501131 88.151535207020189 89.375828891709858 89.66213929162511 84.610057806481706 85.695003097807913 86.287163784754242 86.987310826812362 88.17321720324847 89.079588405119111 90.200941056410954 90.53825504099531 82.649873440030333 81.032033235180563 85.320075528880238 87.361132828523125 89.323218804879929 90.611599742265668 89.520654022258412 91.210726146344044 74.988507187759126 75.720577728743237 83.457744691205235 88.449138207343864 88.064931132377623 89.152589088300161 90.651913064453851 91.297938516175634 73.923776872590153 80.96081891127146 79.909054998532014 84.930364984625371 86.793834260285976 90.195106187241194 89.617035452015855 90.176286371357747 72.055921139655865 71.553506288525995 79.389024395768359 83.669867281260821 86.542514544460573 89.119345919029271 88.396647204437457 88.732563126038869 70.877930106129142 74.8457582358173 77.912224741701408 78.685700787013474 85.927931210089397 87.587434345485988 88.287358445486817 124.36623049381816 66.109965761295257 64.56988585951089 70.393836181001319 78.959280863222745 73.018883675374269 84.527097409588563 87.133131209786029 114.42720368728722 50.234002365503251 47.872639620113247 67.023203628863882 71.624788076268686 77.847673597407393 77.863467574411629 85.836641608802651 125.47765770048336 49.508072332559003 49.275713536500533 48.982297362050964 65.894979981118269 76.291355157624039 76.755884396418963 59.800996503384575 42.43958315205883 47.564253120065011 48.467622774114453 48.016542404514865 48.10849863296351 47.039673530552925 77.368772691551527 42.575491557929858 42.231636316327418 48.686900396916222 47.326774445801014 47.142844607887092 46.142089068812652 45.880965049135142 45.252114979180618 42.166495166732574 43.378485685146806 26.489993901858032 46.283124709777063 43.693480804572182 45.040902246744274 44.074828069841132 43.836273142018577 46.537949910698494 44.052577843877707 27.716346913153192 36.459057535142669 48.897496354848819 44.653262681410098 47.566974552350658 42.969631943871462 41.344581311969762 44.659927841318421 49.393405930366256 48.93131921395517 47.321631310406033 47.688707137454244 50.48302170424023 48.507980475901853 42.784739480091289 67.523503313423632 48.57473044632836 48.394720027701176 49.586586947606577 48.790556390779763 51.501860357773715 50.813216048202015 73.42027580784513 76.95116577097167 51.604330058586228 50.622277971265916 50.95579974349446 51.93306842482248 56.457220726924902 54.214353677868473 75.282555927514224 74.098419274849135 53.251987156810237 52.37888823491032 53.667475157296721 57.555788049231552 58.715177467163926 59.538029000398112 72.429969048867861 74.04396586191065 51.858949942853492 55.312431040982403 52.741634646050613 58.263622417003702 57.05247119499861 72.999247766047645 75.109343434567322 75.780044488644734 50.466763810952486 53.815101039928336 52.994605707638371 74.39303070190789 77.750293518648704 87.300817437133659 78.576022319361456 90.960806169078893 61.774653179005014 59.283124917655506 55.394542185831504 85.939901600734501 86.17430622367597 82.20221413574744 89.094651577939416 90.455625447364739 61.948395746282927 57.267592187591916 83.528304609751302 84.920875173589536 85.759441998496854 87.433973435624111 81.870188960463253 126.96793347523707 71.493421373465239 70.263667495930122 84.464580404971159 82.838648214066126 86.612832943816045 88.55900881402944 92.480860818155449 92.899467063933514 81.301734838488841 78.631392291735168 82.147337210717453 84.448367823019254 87.673997756573883 86.972000318147565 88.020267811540819 93.921572789186513 82.182175567545528 84.162793399096401 85.248913682793898 86.34168048584435 87.416485295829602 88.881044540288542 89.959554689550629 90.894136572593894 81.175026228473456 83.540392682026749 85.280458652609141 87.210682760914992 88.297653872779208 88.435583261380103 91.355125781076794 91.688660988335982 84.956682298488417 86.031528644891878 86.72900338188154 87.858720785073857 89.011851088146855 89.209583421231798 90.985737569167881 92.301294035217651 85.156807379889997 85.471922998158803 87.598447402752697 88.608207955181228 90.060430541505269 90.013810607185675 90.50661726700001 93.402480999547862 86.294208048168542 86.323888955354505 88.512151886020177 89.511155759951777 90.497169467591064 90.286877060350321 91.617567912266594 94.354806827255999 85.285417340204788 87.449141934662777 88.111903795576922 89.200999273317535 89.442211799539308 91.898345549221347 91.52976795239465 91.402047567901462


# name: v
# type: matrix
# rows: 2
# columns: 320
 1.3579693284185725 0.010612966651096841 0.85106843576449964 -2.3617106020879088 -1.9165150083978217 0.055507148408540333 -1.6973769125846547 -2.1848560259870178 0.57145059922412433 -0.62397535907694635 0.11902135966492614 -1.1111278902653978 -2.0342299691872539 -1.5454860953927652 -2.0963836312887367 0.46344446450814297 -3.6406712341480305 -1.5257413253895087 -1.5890690904733702 1.0219108696321 -0.015840004232582222 1.586632957193381 -0.40707173851331357 1.7368136489357107 3.5988025518579971 0.18963793975630527 2.2620535479628301 1.1313036246855084 -1.8287173798157406 0.71366771027601572 1.6549435699460811 0.12034247896692014 2.2911250086532196 0.35354936622789784 3.3319891346107187 0.89168890991941319 1.3933374938727188 -0.53961533001434114 2.4649806260872906 3.1698864749984788 1.5610832391630129 3.5226849075621658 -1.5604678337404851 2.9952978404080208 2.2571467633855806 1.9350493496967824 -1.195134202274879 0.41752707840614783 -1.6864727986038905 0.48290759526901189 0.51319187772992125 0.96328698466433071 1.1971909372984917 1.9666570516841879 0.44766575394048908 3.6843159319658008 1.1066102036041405 2.5036830019162997 0.14748932396687864 0.81618917298011984 0.79913446981736636 4.7407128068647371 1.5888822313103215 -0.50067567773804911 -1.9454577654747811 -2.6214913689583228 -2.8999944229258534 -2.5555409142093808 -2.0806991130060575 -0.61989085360536356 1.4923740947332775 -4.8083481724781443 -0.059894815210285203 -1.0254217306398383 -2.6302986611317394 -0.084418181878083795 -1.1063394540092688 -2.747114518315017 -0.88721873239186311 -3.0153498689259917 -2.6157544159083095 -1.2617685925438991 -3.0077368122591444 -1.5792214608745379 -0.56436808503505143 -3.0263068383513629 -1.1409031884549119 -2.4442560502820734 -3.0864226856538703 -1.7101584146978377 -0.73101380246750447 -1.1494634435558657 -1.9537112285639024 -1.8272467725962724 -1.2973319903636082 -2.7465438412495331 -1.3318660685347565 -0.29688400058400349 -0.46487382710141401 1.2641852462047489 -2.1289136068792729 -2.7785915341407237 -0.24365829324871746 -0.726678040019204 -1.6138137820976113 -1.3341083471052653 -1.2648432355933268 -0.013149715762399039 0.9829833793447027 -0.2040948029312985 0.0040024916722662673 -1.7356063478507233 -1.8240938085226928 -1.3480469628893215 -0.78902511486443572 -2.3842204406684759 -0.66461241139757099 -0.49029329823188189 -0.69031504058745241 0.079346868553859265 -0.61491016041445146 -1.2844047090910817 -1.1061657584950459 -1.7297809477234454 0.15127025863350155 -2.5403246907248982 -3.9392979124353786 -0.32199172142603066 0.25868695903684391 -2.6343376254209248 -1.9330214747032581 -2.963474776515282 -0.98212871920494305 -2.294226381606808 -1.3137949143896703 -3.5190240047909684 -1.4493662373906082 -0.7307151616595593 -2.2294404665866221 -2.9337983483563037 -1.7524092831801632 -1.9602958855745922 -2.1514362121595823 -3.1420302346738094 -0.15104767681307399 1.0484058411609645 -4.6686980393356396 -0.93100004914752532 -1.7537885494184386 -1.3616262612793533 -2.7486359681496473 -3.4875199769535841 0.77646441478793848 -1.927018771675082 -1.3199446365403793 -0.93536944564664659 -0.58117914014071126 -1.7830943203700058 -0.91553894821569615 1.617787278687703 -0.85116492808582245 -0.095847285733197257 -0.57411885357998893 0.84962554039903559 -2.7931423502080563 -1.5622293843178314 -2.6587296662448914 -2.473971676291908 -0.29827781312653523 0.61801276394512117 0.53296107037453611 -0.96220057066126186 -2.0920421386034409 -1.8003097720166488 -2.9333331627696442 -2.738471914934983 0.40667149074455949 0.25953377900457042 -2.0784911574813676 0.76066369561481773 -4.4008373787918025 -2.7011529254146924 -2.5336576629292771 0.9986512766377843 -1.138124542729793 1.9063454546835059 0.86380209582721457 -0.084137904310792405 0.83684666520612294 0.63545642018820625 -1.7221302338302542 -1.0030155080018215 0.9396893853123196 0.44874882259264548 0.90661310012353402 1.5432271340302444 1.8688785308176958 -0.45845378132144188 0.9259881844467065 -1.2875491768027452 2.165536310068485 0.059324626848337031 3.0882800837933435 1.3315329456221785 1.8589877270181241 0.50840381648866351 -0.82991336301516183 1.8953734167866392 -0.57538651055610723 -1.8531898979116264 -0.85931302681735422 1.2781350817431456 -0.022545933990095184 -0.0075238471570499323 1.1090145172386459 1.4076290207836357 0.72311120140256369 0.86332800263034315 1.7598291339594381 -1.7010064929655775 0.11821974336595148 -0.51158075341947384 1.680869510970479 -1.4994093400431376 -0.4792352626001895 -0.11718386513538487 -1.1878703082990194 0.64317444342341834 -0.097339988339840991 1.8235907122156534 0.67170776799212906 0.20753963178852008 2.2728166734052841 1.0347688168614753 -1.7030211762941765 1.23873891747117 -0.10694698487924557 3.539393693452396 -1.6378836818123217 0.35692351161057134 1.6074762812508478 -0.30373038448951711 0.72119239909174726 2.0886181987353805 4.0642849446895237 0.27189173236714576 2.5550682807654574 -0.10761010344086872 -0.61004794925834471 0.7248318852672061 1.4601491225248535 2.8138912406830676 -0.18476232516492944 0.4125808579312587 -0.30919010999867291 -1.1396072695747648 1.1118127221910037 2.2862130873151116 0.82069780017727878 2.8602970918117387 4.3063296010916909 -0.98831280737207949 0.32469495347994892 1.7092839482639397 3.2497087308840769 0.88167391345715806 1.7862773328901345 -1.1279526221776244 3.9345305322415332 2.872663849070956 1.9005253458118319 1.1327777837301689 2.5542602286000964 2.1970141762317512 -0.61836189878029602 3.3226458108875936 1.9964491226124101 0.053904599369414191 3.379087256498257 3.477486115159298 1.9979923844249463 1.726765411421008 -0.1453524014781124 3.180593771319026 0.89061558752415149 -0.71205548943513797 0.80757514541766717 2.3498512154473032 1.3105789802180989 0.39169800016807649 1.5939189737915942 1.205798324325047 4.6421782609323481 0.66064752107214808 1.1637742161240714 2.7262223390306279 0.84632762190337141 2.8444435830860497 0.39041121912959292 3.0325640438305888 -0.15362653383300581 0.88274037930032168 0.27306162186947536 2.1223843974389549 2.4693749384216885 -1.0396319317059897 2.5757954252542605 2.5522740520818323 1.9233559640788942 2.8412833596235338 1.5022008829038753 1.2085511638602342 0.65471054558047359 0.78036585729350205 3.3921296164170842 0.22113715986397151 0.58577995667664629 0.18972531986621954 -0.24174425175505923 0.039480069815683583
 -6.3445512990119379 -1.6133480664337052 -2.7598573336164849 3.1959294126884794 -1.2321517136472075 -2.7546788175641717 3.1892543465756598 0.29108599795669898 -6.3355161088372327 -4.5400459979297505 -1.1482494131658665 -2.3184120940191044 -0.95012019635150624 1.9297306523651367 -1.6521724189518205 0.18504353694461548 -6.8044147853735852 -8.769466257725318 -0.67717465127751486 -3.1395336744055817 -3.2645398300484478 -3.0831336702329639 -2.3067633399145615 -3.5108337558075804 -2.913447599232164 -1.9360448762617062 -2.2750302987432898 -1.3688265063269536 -3.5506553914905155 -0.98874526452197087 -2.3927387814435828 -0.92764562244443438 -3.5571072162773159 -2.0018832587780366 -1.0815172030635563 -2.4816502884549143 -3.4093203145649151 -0.79416539496440464 -1.516207559902369 -4.0295005093415757 -0.76091234055049828 -1.4762417597809618 -3.3381767611501978 -0.85216544516251125 1.3521818458607204 -2.1989311074060778 -1.2902232288367321 0.1096885070425845 -0.61347592109845128 -4.0323324732109036 -4.1398805037459843 -4.5157329038962661 -2.8113220135242023 -1.6557175030199813 -0.026254778266675396 0.33247710790065532 -3.636138464244286 -2.8502360325166372 -0.27687546573727007 -2.8125254868016842 1.998006184549046 0.87958915143974281 -0.56524477696496711 1.9453012750511662 -0.06068759537698093 -1.0347154059468375 -0.27978951445008554 -0.70265671128496998 -3.6033367214541761 -0.20412458629868035 -1.3123595946052664 1.2975106343904557 -0.31675134379741265 1.5827284353848885 0.63654541245403407 -0.67102378285929909 -1.7884157062351085 0.61371718446201784 -0.50471997404005631 -1.3053176596964526 -0.5270824548390608 0.18488157384085221 -0.87995093545388881 1.8208118920487983 -1.1835433980567622 -0.69155443437059061 -0.08599211964088771 -2.3690385053922189 -0.58228039119726094 -1.003098847577405 -0.068914278987270261 -3.4000134297482427 -1.2538109565446864 -0.44613001430901883 -1.7815425402865905 -3.558389414145358 -2.5782352490440421 0.95320167294455149 -1.1527224346989979 -1.8988391017975179 0.82479545803267107 -0.89796629476465062 -0.41715587500648693 -0.23213497594068325 -0.93705211973554159 -4.9933470598474887 1.2216277584859987 -3.3074900043828994 1.1250087007011809 -1.0145879130867521 0.87057414380070597 -0.8475977244939662 -0.2745130358795842 1.7571052792239605 -1.8281317393728393 -2.2795891609289365 -1.5163777847925184 0.26271355545267489 1.7628400911947577 -1.089748332999281 -0.024112861241288388 0.34925284482229368 -2.0209824813139732 -0.82915997796843921 0.54015853104782574 -1.0744518173385289 -2.0862449481256298 -3.6701595152851527 -4.7834858261583051 -0.66474370739889488 -0.725677324955178 -2.4017375189263421 0.14639125568065714 0.90577129147438307 0.61775311272631817 4.5916274117765061 -4.3448963639456553 -1.4684581965163261 -0.64082612469344813 -1.7507547455742034 -2.1095003084257824 0.66813265706658276 -1.5565653904905454 1.5120815234880927 -7.4786382271823486 -4.2452922396555044 -1.173336362211725 -1.6993851956352639 0.30850566880901165 -0.18317116663307043 -3.5585923360291769 4.7299457365210325 -6.390863677005763 -5.6907053310890472 -3.47207826321833 -3.3679628727552191 1.1154456195395828 -4.1328573665925541 -4.8047683630626112 -7.7918919347619751 -3.6078609744791832 -5.0540630921534264 -3.2645406833057322 -4.4537500900985503 -5.601372990084557 -1.3100198633879745 -5.678673659982663 -5.455061925372422 -4.7227223572363757 -4.3822636611959398 -4.3799774688088791 -5.5685571875773263 -4.8748205494384464 -7.9943811085127203 -5.6385630931588118 -7.6457167002189879 -7.6345751594693567 -4.9831715049400334 -6.3639159133384808 -6.3438130695093884 -3.6909621560754515 -3.314168605970099 -6.6157147021092619 -4.9730401281301937 -6.9636514497215085 -5.9957003488919911 -3.5425631631564376 -7.3866388421515348 -3.1663463728963217 -4.0449093721112099 -4.2756897600650614 -6.3081431776479491 -2.2230935473147944 -2.2908031266632056 -3.3400234633800956 -3.6029096309859305 -5.1838193666261301 -5.4485540901581402 -6.5093544091306157 -4.7043622329679815 -5.7778809960024473 -4.0579709407610061 -4.8114945917525116 -5.963078867277698 -4.2911568647045337 -4.9140718784029982 -3.2225284954630848 -3.608317533637758 -2.7065136208020806 -3.4883735106460794 -5.1618683679177542 -3.5049561664934119 -4.6892848751208511 -4.888973745512879 1.1561250502930946 -0.84851667616158155 -3.7560586189407399 -5.0438696839856672 -4.3288469789127397 -4.9741400492006713 -6.7208315369748926 -6.3102356188622446 -3.2555819914924315 -1.0563577396163577 -2.3991545212008494 -3.8856781882371108 -5.697328649363147 -4.7117888141125022 -3.0619250236925906 -1.9230839778689304 -1.4076025778198233 -3.2282203013180495 -4.9553758204151475 -6.3606789689610652 -4.8102306773729477 -3.0072192330515781 -3.1653962721709763 0.70668681793678956 -1.6871924960447733 -1.510370185064851 -3.3497139268377318 -6.0850732286186124 -4.6407369318360709 0.18760598605570561 2.6580206384719851 -0.70658498393097147 -1.2390383678580965 -0.74007974617033023 -3.4309812833236335 -5.137883084123029 -0.84003672469869917 -0.80410856313014412 -0.45165045552993488 -0.22367075668243649 -4.3636790639840228 4.0361142509800016 -2.5986586043598594 -1.0690373045815593 0.76853300385894929 -1.2392496251356955 0.54668225557117212 -1.6552497862529258 0.2195619654574883 -0.80784967854906797 -2.2125372785461082 -1.072369632113483 0.74499336815822192 -0.35701518998166931 -0.50793207464098222 1.4049453588675758 -1.7676552041324061 1.2567673493684794 0.15111037952902223 -1.7931168368700638 -1.8400502260832563 0.55617358804925565 0.99166646083585153 -0.43756894421287462 2.2001367175775588 -1.2704474353088659 0.94870171417052374 -1.7326970359413623 -1.5420574949822088 -2.0540656576415453 -0.029257328772853572 0.4319213966952089 0.027634670761583144 -0.77182463558383052 -1.0459150734661415 0.55427485823936762 0.44402441720466035 0.77546610041418385 -0.38746240446371022 -1.3452922036016131 0.89404187263620449 0.73586813884936642 -2.5449684025729042 -0.32610569493623665 -1.6882773642507354 -0.040943695619226339 -0.49417478655714892 0.10552029888046612 -0.56567286567384611 -1.7566484753125973 -0.82335672429721862 -2.178642730205905 -0.096361556578041449 -0.65005360897000886 -0.39892930216850808 -2.1214188111669312 -3.2834918715234309 -1.5429358070685915 -0.24181005054046412 -2.342381835016369 -2.5200278378622176 0.60166235368367749 -1.3060569971203411 0.023839038253444387 -1.7304782324711159 0.44455221902259506




