# Created by Octave 5.2.0, Fri Apr 02 16:07:57 2021 CEST <br1@br1>
# name: ptcls
# type: scalar struct
# ndims: 2
 1 1
# length: 2
# name: x
# type: matrix
# rows: 2
# columns: 320
 188.90438956178758 77.233497130951292 78.202902190881616 53.220841729722807 82.774121466891529 107.22490110297346 32.0488679035087 60.650654045251365 43.518304612575093 115.64053637607365 82.77977281694757 78.398340837320433 99.969900161601771 106.06693487267847 105.22827576971822 109.41899133969569 24.07290037940168 62.361871622492515 79.314785129841766 80.199608586901803 81.352078101863484 154.92773843893764 106.41656078156781 157.19977156525965 153.78343943220446 141.54249764374833 154.01662715197762 153.95024848920815 162.18037112288394 157.12492881823192 150.50220717519358 156.25178591447596 154.33508642512379 142.58020215766612 160.85813556689732 153.87129435731356 156.13559755176507 158.89657637044218 159.17314815059945 155.93879138183632 159.22779500661466 160.19588389330079 153.38648392430898 162.02364531775967 155.23878665935428 167.86201607849242 175.22643380139925 174.67783962873941 157.13827952601648 153.22076068576251 144.93063904060915 158.10865685567265 160.2766009186615 157.05932102462987 176.32843544544392 179.71270982240586 157.99291970237019 163.65759070719702 179.13023020270111 180.82814035226025 175.93335865652591 177.47721503082309 176.98191805572196 175.69774415706505 67.618174864609685 68.561529564829272 67.695428317579939 40.261820884812693 68.927755480247683 68.686671486269901 70.216646864842389 23.5076483454068 69.532965631413958 69.516554327317266 69.583926756713652 68.506270279213638 71.358400351872092 68.415751453526013 69.482407601184846 68.964340534631219 77.512582322971866 75.497252956708834 70.970601387410554 70.486586558119313 70.69075904864728 69.879507488191194 72.29358101712063 70.890888194007687 79.269087769308555 76.52102744231027 75.07765176887861 70.858819718560071 71.760279890145583 71.498951142376029 72.402213178861203 72.130595488389844 104.25718443121276 53.712573480005133 76.664559282550428 72.084746811524965 72.607013347153895 71.067446888016278 73.476798799487938 69.949454830400867 79.846060272715476 82.138845637919331 78.68048684119853 72.870660217868846 73.889167375073939 74.384089334726184 73.288498453423855 75.45684328415021 78.757081680791188 85.971636325590765 80.516570998982331 77.342894329922146 73.889032342457455 76.657747100943965 93.196622298633031 73.805558317910638 64.80735195828035 83.123197611087249 78.209201387386855 78.663217536920811 76.240786245303227 74.653425840254172 75.003317385383127 76.299049685509203 117.81215970506808 78.4377053461467 78.914018019786255 80.942647084921845 77.201799148592173 75.055051724397003 77.366043599440104 40.777228270518613 75.254157617962264 74.143063342586075 82.822986086624852 97.711551895124899 81.067964047045194 78.495352797181297 75.856767976745431 32.944618505303112 122.29618451649355 123.47056750686191 39.053286853014498 80.959900151231821 80.247445722914136 81.736897571693333 77.656263615206427 41.094911602028503 226.58576344670149 128.99538987743281 146.14263734428596 74.428935811868982 79.071883933296306 82.032419755017415 106.69227128247698 25.204423021773575 127.74115640547971 117.43918933611909 100.77046937692333 98.73880816356214 63.803082846079192 80.846546697095675 44.850680935811553 64.327300932353424 121.07848219104825 125.25720750226618 120.97636425682656 66.109346850522144 26.40794403702127 27.006912169631395 89.560742151509231 65.051469300080171 118.81645945168182 102.96521760054871 92.081455568960706 64.524042778368994 94.916240068942059 125.09645469799779 122.77697177964006 86.197705608964341 90.931122758951716 174.52976109779738 144.70080795803764 63.279612533933289 165.98944033240826 43.838862385394812 44.754832856386493 65.368865031384161 144.69337363894934 147.8591337048174 184.19731607061445 174.91199471286063 173.6943200356101 155.64412185196437 124.05306504788278 126.14174361505107 136.79173508062743 137.79020563909867 153.8118023570436 172.65488699931998 165.17698486737106 153.27949313072722 154.62669734777876 156.15084590976286 123.48951956294891 130.81114127871146 158.15765353272658 162.92639491386629 157.07652182405502 117.51095157567235 155.46975689575351 157.72242860894841 162.67738856085268 118.16363388968233 158.25273552002025 123.53185282134353 122.7612634317565 126.41235215551531 158.12252291027951 153.05466085175578 116.58536328136134 122.37409929157297 157.76670288088948 118.60814545896892 223.95984673462061 156.65696940712917 161.6303475118635 155.70197774325098 189.67878530540409 116.25710586642465 159.11055643783479 154.82526277393609 158.76259840529073 172.73714170418745 169.68169344237089 177.37643307639917 147.6201639588983 89.324720687722845 128.96908149897487 174.05228464201454 173.80465158762823 158.33396686695406 174.89039783828471 176.21164261355585 146.63894471774478 124.00286154344235 172.92607833721092 175.13376058254281 174.33611937039902 173.23082722109149 154.86226377043016 105.48209064913337 193.7924253792323 184.80725416509418 105.98138200253635 181.82656456152108 176.39048816585054 174.16329711682241 176.91301679883316 179.33044169437576 166.71551062910822 164.89880827745139 162.72563897234878 177.71555002213046 177.91715861956141 173.46770247569862 174.21822268785144 177.13512443539432 175.30338741567044 180.76912679272525 178.32421983239595 175.48959725184605 177.07147867956382 177.21149774503172 178.78361826704219 172.01937495279796 176.18977504975953 183.97079716387222 182.29647965609001 180.78069362767684 179.74909840979987 180.21106032728557 178.54569451973538 177.99422536884839 183.46538023179096 181.49476560930523 180.91175421484914 179.8606274391995 178.91926481208688 178.2864324783082 179.89307061188231 183.65804173840047 182.62545314251366 181.95344322805795 180.50136098086384 179.42991925397283 178.98515864560346 178.24942737723953 181.98381487901651 180.35436817911335 184.60560400795416 183.33819098302737 181.79801640283074 181.1716554637263 184.48130423937803 180.95122252435351 180.66670712959598 171.08600365952572 183.45340322810625 182.89394124917592 182.2931632644808 179.92591740315879 184.03137095095545 182.56331307399853 181.80965935168095 185.61915831005493
 73.965612785890286 58.638316177110923 70.537987577799115 185.49901099305558 48.085648169110371 66.524732471176137 192.74349443209317 106.74923829100301 8.4169570858180869 18.661169106049936 49.27716580303894 72.923532818829543 78.483988046558693 66.624771365148547 65.80505821939775 78.314194885098289 32.361081704157435 12.52025057193034 48.429604398755153 46.393239361689382 49.169491156640937 33.87600034952073 65.503679791178286 33.925782382383396 31.423863825384739 44.673126885420309 32.577780563358125 58.822047136550445 40.17193643303105 35.030747062919922 39.031140921922109 35.66741946770194 29.417474619604498 31.915677623204068 31.30181184443072 34.320779324938535 33.329212917850448 33.947470130793896 31.521822561886978 34.482740582851854 32.781820830142898 29.237041043902018 30.080655524728634 30.21836420624415 32.876697778652684 24.563771027732635 82.146782739940733 83.045104310560887 32.714083340902867 33.477289597483797 36.818022511346129 33.2484186027418 30.399567362841985 31.50402910060976 81.846759912784378 84.244112836923293 31.082610553483921 58.963764969585903 76.750802329456562 84.125931847044924 83.092644270442634 81.895105099464374 83.007939747108651 80.924228531261946 72.417869912727838 69.311530444386818 73.625289469667891 70.726683930775479 74.043251153185025 72.854383356769688 75.56542425037857 130.08218203653169 69.858666156858192 68.320235587626414 70.95698093930767 70.598763540020173 72.873461190512785 71.706355561327157 72.159327610112129 75.089266047472108 68.778090305499916 68.174342595263582 68.361024483980941 72.102146593069492 70.759498247991289 73.112271948948887 72.36054040819478 73.831153808954511 70.655749053480434 69.110810079806527 69.290751772980911 69.463143895900345 70.370415007030829 71.573520225345391 73.53698343108934 74.590935287846591 66.348422908004707 104.06212021416054 67.870841162764762 69.19933779112948 71.018336409196024 74.904110778160572 71.603206827403369 74.420626072978195 47.362565331778747 38.948278695561747 71.62427240489238 69.968898195675024 70.574137228909748 72.913301078230944 72.733612683547278 72.379975340044467 50.556344494283145 70.559646986336475 48.188513689444946 69.931744323632699 69.462910917183777 72.184492810055019 110.45124464536012 73.860448874137717 58.010389611459182 47.01707328952142 48.638688312906787 68.231977694606428 70.31385772768374 71.640049331398458 73.90903568048877 73.587290450204705 46.053370669710183 47.478126930887541 49.405294408183266 47.140654521003071 71.110369825888398 70.561203464769861 73.367168197052536 196.77733941477231 11.018359493870431 11.313020560708727 38.082316599473572 49.717585620593781 50.647718017561864 69.367902573274819 71.420788218892966 143.91279339530115 30.956531321443887 36.419744965782364 29.177656245782888 38.773558921843915 49.243360095966224 48.056912438545702 72.071554022859814 195.58376631161923 50.67248365492722 41.981767821564524 65.926370104030468 10.17324991957261 46.584301792372941 46.988705123644415 50.925402413308781 32.411136023783655 11.324588239515712 21.388927696977543 8.3999368088897342 40.904428543037795 3.0184082667615386 54.218625456173662 6.6175628977903846 4.2115621515613366 45.696555351354604 33.82053973289986 33.269081003984041 11.742515443863747 32.22793420097122 33.456680092308119 36.479993707795259 3.2591164345001005 40.899679552188665 26.112417970684874 12.93685845353273 5.5152326825369791 8.1365604092027599 12.297164398993635 1.3230152497674348 28.419048971489726 77.685060462262314 75.72074204118077 10.885249150757385 4.1561751169464589 3.1956455994224457 7.3091120674179102 7.9179921572719092 4.7125436768187772 12.095478319808885 21.718732932273564 30.059481569521029 8.8491668483035113 8.1947227200937167 16.34152033497568 12.717593815914093 84.217922326262865 14.681257318385827 14.214093282984853 22.990004519736623 8.6825623021715277 2.3168813455132349 21.959646003926263 30.65224175337919 32.270619428201996 10.560605148060178 8.6961414946642108 12.717489396242751 8.9994987415152341 5.7949880560625431 5.3878313927156585 30.001779328763135 29.979114091799271 7.9583008077467694 4.0893734259976258 6.0039032957992315 31.109752692416556 9.6909282249655977 34.752995625283191 32.243530332343774 32.275144868240723 6.1205105366946828 11.233900774694495 4.9798249125686116 5.2033580220177349 21.574907354526815 30.034565432091625 29.264692026367456 31.090229287471988 46.163064687147418 10.021871847921169 5.3459001256759864 31.822108618063048 30.197496862088705 79.361128215333864 14.820020054192604 79.916662878954341 3.9872731818865206 47.857612778970541 21.595850054179266 79.374805455913418 81.039924597405161 66.244064864952378 80.137567489813435 79.753094301561532 4.5945945244804518 9.5425590135515854 81.840954979907949 79.073434388240429 78.126005083328238 78.244495259898414 35.054654812629671 194.32783863060808 52.917087701053646 29.179509705177225 101.94698317372963 75.028481781571784 77.333521260220039 82.057859499100402 80.945238024354651 83.110748367321662 79.418238676789883 56.591013740795844 59.214489962098554 77.943152019523765 76.834291825332215 82.92235185218837 77.040742711527713 84.559095259837051 77.730436596396274 74.391476993259062 75.827841411517156 76.394503803602504 76.100743129302941 78.874124720781253 78.139117956842497 78.100350667759855 78.41735313589659 78.97562365474667 75.9455909791468 76.121680254692848 75.926702632603565 77.047661404182691 84.141801795771727 80.953809482157382 75.099063635014687 76.871113762820599 77.940968331556135 78.150783789182341 80.180969531551867 79.235058501140514 82.117762648442891 81.210701490083949 77.094629621142815 77.965297187112469 79.05249743164066 79.166940004125536 81.374935385008328 82.907283736110315 82.780278643094533 83.154482855851469 80.439532890755999 77.955972945253549 79.046220617852669 79.917497805425555 77.976014146719564 82.130058677321585 80.966292280452734 109.46261980028788 80.158620139470571 79.043803103973971 79.974263148162521 80.044820710214353 76.957930101865017 81.848647708273873 80.968975555773838 79.95985508265548


# name: v
# type: matrix
# rows: 2
# columns: 320
 4.0452272840958052 -1.5491047806532685 -1.5570163711826426 -2.3617106020879088 -1.566882219506804 -1.5161141957493107 -6.2106094508590788 -2.1848560259870178 -3.5483836598063445 -0.60100659307165627 -4.7329384532969501 -3.0596990660277981 -0.74118715823311598 -0.077725465911432326 0.30306800284508612 0.0054553980679680576 -4.3392458006004144 -4.4819068742017949 -2.0037858144298664 -0.65431369549589891 -4.4372169390334522 0.19533996053172803 1.3297207580374097 1.2534689624983342 0.35776412448893258 0.35029495785484888 1.9768486122208946 1.1313036246855084 1.7875350110661496 -0.082946735684799308 3.0128946453212055 1.377123713838535 0.84962821714083236 5.2435936435317503 1.7868375944422525 0.94784162432503816 1.380487451983385 2.5298081584287129 -0.11362647265813462 0.75131423311912926 2.5498942566153939 -0.80025409472230857 0.4274561120910883 2.5858553306192444 1.090257328026156 1.6961192366017308 0.65433411894959936 1.8925911542590683 2.6606821903207298 2.2376876744944103 0.56229828007824556 -0.42004088958580915 -0.12588160212495872 -0.15967500401217613 1.6407428573841385 2.413843866917964 -1.0719356461795979 -2.2082208508647274 0.37350864669505557 3.30572961298338 3.99512733641052 0.39058386253233457 1.9936973702118346 2.638868627750623 -2.8010038899326068 -3.040421790024844 -1.3722692853232508 -2.5555409142093808 -2.7737545137442665 0.40080150889484012 -2.002371800542452 4.8083481724781443 0.95036341341882979 -0.2110745516441758 -0.60510960142101144 -0.046871134515746475 -2.4714822880669391 -0.6542152952665814 -1.8978417745012719 2.0727089717367515 -0.14045107957884773 -2.8120770610355361 -2.0430328747180346 -2.4582068565587774 -2.2401046194911198 -2.9070527142512068 -2.1280348124912187 -3.3305092657386992 -1.1680144948540754 -1.7506452844790947 -4.6577975647672325 0.1190178774509285 -0.77074612596350101 -1.0668849328490815 -0.91521069478706174 0.52890557976180175 -1.1807201435106611 -6.2008401770682422 -1.8967297690888714 -0.10588673238200332 0.44112575019051059 -1.0191476145366185 0.67023162721790952 -0.90750754235434428 0.01372901914915943 -1.2563595180463674 -2.9538828747525856 -0.37391827697719782 -0.89441594335287056 -1.7620496779276087 -1.7715011968645731 -1.551720692950916 0.78585502942180296 0.83635664410673316 -1.2822460404823595 -1.5605362537590712 0.58774008373462128 -2.0449059543468082 -0.98235940944024569 -1.2513644914337505 -4.708855312620055 -1.1993362867497992 -0.8878125503148272 -0.72137460379434715 -1.6491308431367859 -3.1284400438945199 -2.9987992663143901 -0.72957595369453043 -0.91901916719394472 -3.6547592504879143 -2.8472189985372487 -1.0187979779911811 -2.1787840761336423 -2.6503750545996052 -2.1892104861976467 -0.78987456148997204 -2.9022133854219687 -1.1238188142130479 -0.91933208119739995 -0.26415823193366156 -1.2496222708516302 -3.6492797245999609 -1.2057379078451078 -3.1420302346738094 0.41144894607529664 0.71109349501497576 -3.3052369035009281 -1.3847602894372155 0.49550157835667069 -2.045232134271902 -1.5214690217851581 -1.7034368819801586 10.35078207216706 0.19756493752138243 2.9794398013476497 -0.45287978089649689 0.52206008066608633 -0.96934872287802742 0.28907770316144898 -7.1798556903764039 2.1289798520658563 -0.77894882957280687 -3.8979409362357114 -3.3913228914080427 -3.0479053451975564 1.0137137855549803 -4.4704729894371482 -4.341179795822188 2.0348274944037255 0.9024227534796061 -2.0852349674428252 -3.7883259683974826 -7.1811964758894584 -6.9088245276038096 -1.1946868770402617 -5.3204412361691595 0.85973893404808166 -0.86365086495798538 -2.0628606792712292 -2.7695879967614849 -0.75816249943952441 1.967302669835121 0.99616988720600141 -2.2070062866156208 0.5599963309348468 -0.045431608542142746 3.4935717319067994 -1.9889307098587405 2.6056957077463716 -7.3887807931299827 -4.8633813962364636 -3.2862100532693934 0.11665248236345344 1.4096056935038199 2.7681635524031685 3.8163941950576699 5.6485381904942962 2.0498604029075538 1.74174646437664 -0.3069193709385597 -0.81598623586765784 1.596117108496639 0.35509080403100368 3.5783542396442978 3.0556301315649295 2.4329898615586383 2.1640245762777699 2.4325598558398043 -1.1479028064973034 -0.19023854147997604 1.6670029544563978 3.7341071996515303 2.2405330691014602 -3.1255874925505376 0.067913322450541158 2.6752641997040323 3.3930957481807327 -2.1379644440631647 2.7047011712180624 -2.6039320125415921 -1.9922113700771533 2.6834434120981037 0.65592755145235371 4.0141018668689536 0.92215859003836786 -4.3354868359722598 4.2039948619829275 -2.5646259500632378 9.7918552122602343 -1.3991522207873468 -0.17168302210831551 2.3035041607981737 2.2728166734052841 -3.090973361697769 0.99846651668413267 -0.27920008137174152 2.1254962169396632 0.11547964290808645 1.6181343393369052 1.8767896907428054 -0.74888809101150733 -3.8714034896466614 -0.018388054878221378 3.991264995423689 0.40105654038113092 0.79445250808365253 1.3317187306760578 2.9039287376277163 1.860382801525275 -0.69423570830654113 1.5599528163895191 2.9160494795045215 1.0095022939525775 2.0744376578992183 1.1769634413762158 -1.1396072695747648 5.8342632862706818 3.7407070664477984 -2.100086601167332 -0.70713784803551361 -0.22155781363352767 3.0397918467371197 -0.049556626781736286 1.8837793410710766 0.48846253060245814 2.830174483264996 -1.2480612471042227 1.021002563071675 0.66352150481356054 2.5934371245458805 0.64745177432402523 0.74072500074388514 -0.99644332231246258 3.2419083630377683 -0.73553285069342755 1.8306084626597721 2.4299510768586683 2.1479953296377881 5.5369923971658705 0.89939855429017534 1.7356383882666444 2.5867298382185733 5.0699521743989058 1.7382418406361062 4.7031561288194048 3.2733568849915637 0.57877299927981996 1.9395473541610293 1.0952919618495383 0.66572066626412385 0.48446558409493867 2.2612841143367417 2.7641562816299361 -1.3505600507472131 1.7058633558889618 -1.5345718757355575 1.9732889146625052 -0.95269020338465094 1.7729539208339866 0.61934707436909797 2.0885917651296357 3.1308577127873303 1.3678378250007339 0.65731425936519261 3.0645340594696009 1.3848377933987339 3.7204099566428579 3.1776147966955439 2.7458528159921856 1.0724618882604982 -0.80257041777413762 1.0795806053282941 -0.76257852357927236 1.3457427257645569 -0.7463770886647938 2.7837509924159618 2.5117936544986543 2.1325839678626317 0.94203835017467807 -0.006753348056881962
 5.6746610425660311 -1.117490105380994 -0.88704445749841365 3.1959294126884794 -1.0346307845540634 -2.7259756444061174 -4.6342608888700507 0.29108599795669898 1.2312939320653364 2.2802740130875314 -0.83351258227435909 0.76486921096400362 -0.81039780598378297 0.51354286635175128 -1.0192868372548445 -0.11200043242230964 3.2722495575922861 1.0634697339613519 -1.9579122713643122 -2.6775460775300197 -3.4394551782748843 -3.1326033576428833 -0.73358437250115571 -0.28497557008718188 -3.8252318849226254 -0.88210704781953475 -1.0038367792248226 -1.3688265063269536 -1.0139704414147523 -1.4822149132190103 -2.6884861982767987 -3.3749628254976334 -3.5412195967620761 1.6694031693815439 -3.2428847423841405 -5.3023615171400085 -3.1361209227955529 -3.4845623746316297 -1.2214333871705008 -2.9141012729471192 -2.6056815713580352 -2.7254144667663085 -2.8375156940023447 -0.58043903643488093 -2.7070415623962281 -3.0630822844400307 -0.57743711128508846 -1.4409432525205152 -1.8319346759572579 -2.0995279669550455 -1.511915700213561 -3.1509790191758853 -3.9096282304596031 -3.1193116319740395 0.082500800809614527 -1.5183201054390909 -2.0287412392338782 3.5925731312297895 -0.98850979952154472 -1.5452265862916428 -2.4892236662085354 2.2217838600806448 -0.75878698977465209 -0.091101827137859095 -0.48772511902887444 -0.38139485256231659 -2.8687320924541706 -0.70265671128496998 -0.34712043941285375 -0.48287489762510249 -0.35521021109975487 1.2975106343904557 0.17693008980131636 -0.68674720764129515 0.69434574297223672 -0.59078467218129638 -4.7066526239857085 -2.6501765297415854 1.130997390786229 -0.097125007029241192 -1.4871950534148031 -1.9156914008537802 -1.2825701249400256 1.1467140698897795 -1.909949417244498 -1.7468060312443519 0.60870230075142895 -0.35113650678168057 -1.4031057739915851 -1.0112700929711353 -0.53234766019079793 -1.2991886113309643 -2.3912853988255005 1.6088229932502358 -1.6746004787693909 -2.4568939978992024 -2.9649654944743906 4.8970965420429486 -0.74733248273532926 -2.6649397515434519 -0.62369740552587627 -1.1919470888936132 -0.26990690472022022 2.108056919230259 -2.1721569952978812 -2.7886836224221558 -0.32613036352408237 -2.2520784111261078 -2.0290643850651691 0.10306064286878697 -1.1313501554977146 -1.5139954951333028 -2.1859496574452306 -1.2511771984691764 -1.6761531935326197 0.1935163819019548 -0.42773206173817369 0.099704625231791577 1.4511542305423721 -2.8132112381004202 0.79862800313806859 1.129061306736084 -1.9150483545395263 -0.92809696457729718 -0.074080201487110114 1.4184272493940535 0.088101865694572651 -1.7394932228422004 3.8620357615178804 -1.9855137656218114 -0.88124443095983895 -1.470518710983185 0.23440521221106211 1.0041549340330025 -1.0638916473863251 -1.6954840339823762 -0.62820473672638077 -4.2294471254222685 -1.3412310524013877 -1.2143987563600565 -1.3827485855415858 0.16203951756753182 -0.44210605177514861 1.5120815234880927 2.9202464198540588 3.2193689319130208 -1.9440862629784657 -1.2311813214631113 -1.172504403143888 -2.9841080095932582 -2.572382123445287 -1.6497010960586598 4.0790060925250726 4.8120311240586187 5.6950017758415452 -3.5529156703018026 -1.4975939182661049 -1.1404762615075601 3.8793708077086242 3.3740299069008493 -1.8896500028491148 2.3527586518369832 2.4361773678480465 3.5401989572604635 2.2267484188994859 0.28904425432282665 -0.027576170826168603 0.63210645276221011 4.1491065127601665 2.0159334040142891 4.4371531307750134 1.9668184924153542 3.2455911539851172 0.83033020571069061 2.9453708658843212 -0.98140185812814151 -1.4238569325053376 2.182676113160066 0.45209373950366916 0.29756381030422863 1.8249665120869287 -0.6844330208861128 0.27046533535377848 3.9997167321991984 0.16374669928492003 -0.81582235517278567 1.4569889606914042 1.2201687516199975 0.090552097697751646 1.0345274185118674 -0.18787671140681939 -1.2597445313643825 0.72914448187719116 2.5207145001160329 -2.0605249433272768 1.2834868224738758 0.3719636987255282 2.5554140728832921 0.21731217450471124 4.1833626856438144 1.2953085537589986 1.6343789463898708 1.6311234887672408 1.7479554143201981 0.42419826405798328 3.7033926888598967 -2.2646042832107933 -1.3727561348710726 2.871209202408282 1.4029848457557814 2.0033045347491587 0.69921258436671374 0.71546560697239003 -2.4493312186530178 -4.9310297973281001 -1.3280313772822974 0.64092179619385437 0.196856108974647 -0.67685222115163035 1.8962526492276555 0.49744884816998658 2.398444535825432 -2.1824952166187428 -3.1888094855244824 -0.0058928638562817728 1.4734405274473616 0.45658359314551239 0.50731678768099697 1.9077300108608601 -2.0827974938241209 -2.1750947884174292 -0.53499187789352354 4.9553758204151475 0.65405078510978476 1.6606843002238212 0.51826693333031548 0.15670511393201883 -1.8066448308832586 -4.0377167529329059 -0.009638028393153919 3.889768593688264 3.7153455081322457 3.3848254212749538 -1.0684755447467282 -0.15463440703041606 -0.81940030315974965 0.49166806374912292 0.43688708306765134 2.9086534843264129 1.0150603570959777 -0.2310584351459862 0.54406831362454711 1.4066822823147573 0.65764223517131992 -0.35487806330921129 -4.0361142509800016 3.6665063691707065 -4.6944609817765324 0.86357808203941411 1.5858837111121418 1.5782742217466246 -0.24578971065608782 -2.3664215382782983 1.6741711243467619 0.28908030533995194 -0.39629386386608167 -0.7981641000201577 0.13656005788671344 1.1887180430301341 1.0540266268351068 -3.6470738196371646 2.053594131215978 -0.44422366696784887 0.93670927542112692 0.46468651649372172 0.091670953533060692 1.3374662830700692 -0.30327800479015166 -0.52108315874247069 -2.1903853120143051 0.61359142042418358 -0.33313906149194045 -0.94180099945042195 0.36972784918979207 -0.98594724271354728 0.36373432568264963 -2.6641584677978694 -1.8524727329644775 -1.0298942527342392 -1.0082270781143441 -2.3213737968037522 -1.4041962452626202 1.6582677073120111 -1.1539678599438703 -1.8390519252367858 2.0583880940239663 0.038513878079826092 -1.0820077323538748 -0.28438944936904631 0.52362404926288941 -0.59147461150997049 -0.97620807929670517 1.3831086368148846 -0.66367730756828758 -1.7688083234773189 -0.64848066389083459 -0.58651260789482773 -1.9006514880262944 -2.0406676293408115 -3.0232377425008092 -0.9504480518276841 0.86129832952167451 0.17015027054251014 -1.5962156612118028 -1.9865225099467316 -0.57864633377238972 -0.17125352141672504 2.5734210137046354 -0.32124593150592917 -0.27674931676341546




