# Created by Octave 5.2.0, Fri Apr 02 16:05:51 2021 CEST <br1@br1>
# name: ptcls
# type: scalar struct
# ndims: 2
 1 1
# length: 2
# name: x
# type: matrix
# rows: 2
# columns: 320
 141.61876762532881 94.428560196204756 93.341331058836062 79.435829412898457 96.862843533188951 109.32341799778497 69.290274071522049 84.902555933719583 100.45473198087939 110.36208688335081 98.750865954822302 94.311707040886617 108.19707761797738 109.02006940997353 108.26559931211193 109.8783546986632 96.4489200706536 104.32741822767424 97.526939734228847 98.382466521060877 99.547966882067087 145.46621653966665 108.46856365667031 146.33694336124242 141.58552622125043 126.08563496942108 143.5654108315928 141.39277825519247 148.39925000493614 148.19205742821694 141.0460166420996 148.62645954010378 140.12659358539918 119.24107430788814 147.21320582671083 144.16331544265634 144.79783837820108 147.02681624258764 147.64220620498133 149.0521403614627 146.5651017548949 146.88054821149748 140.60341263533124 147.7007171002775 143.25504607774397 148.93933107499234 158.55046500792247 157.58044518216607 144.77558784923741 142.52449123066586 138.72701339234948 146.14568259226235 145.86337950238749 144.2027448048816 158.46389895320854 159.42215670871684 145.19754626599362 150.97283705436789 160.85553014550075 158.49808075446188 157.40885501359466 159.04718025034617 159.64834455582016 157.89183492147859 82.720633575388035 83.610718226264794 82.905971474197742 68.628325032544154 83.724434372620536 82.257457941206198 81.383362100097727 29.865016369100207 86.075851619186963 87.424073429989733 84.934777033639079 83.872818628278424 86.183322444525999 84.541115303521764 85.147135994981042 81.26930023913259 92.659131563382005 90.699207766185438 89.516516507141418 86.122636537096326 87.07830325566087 86.142037438557978 87.251698363422676 85.125239707458306 92.709000416734924 91.532872668388194 90.380150145763508 88.08401139864273 88.13535706983123 87.076215380584671 87.23516809614442 86.15733272318235 106.26994689569712 95.420711360926248 91.711096964526419 89.150331003547819 88.146241317771171 88.342092298139534 88.236996732724904 90.546873852759077 95.566578314158363 95.460908226833666 94.626065232671962 89.204658142017394 90.15010026041152 89.29823656978661 89.553376205939045 91.740030502205343 93.853150704552974 95.425391195883151 98.371664823954688 92.462445833871826 90.093673859051705 92.618597937918196 104.10081174341633 90.376165103122986 94.498549864817363 96.275270819205872 96.651665156490182 93.677160409461294 91.301630683658999 91.169315896757155 92.630089276048793 94.231751549468683 111.86850422204972 96.43531489159669 94.650586612447654 96.227344557660217 92.203941891259532 91.076068673018241 94.226712772955111 70.093724594241422 91.28620827466024 90.583626776708897 94.469319064933842 102.92171033352396 97.659087796085203 93.496125877598985 92.099087352781126 67.821154110175002 128.3707816914449 107.77392131515307 75.741416481869891 95.536720299315377 96.437129751100883 98.560352473790417 93.221809431759866 71.150531037347022 113.74362933375363 110.95020850011647 113.11201209548067 91.672244704947616 95.407887273471488 95.759405787450419 105.19075808349861 97.394708064930612 110.03260307459715 109.89186144252672 111.46710557683403 108.22733533936081 105.37383618875138 95.273416615680688 99.68361511184392 101.61940544864828 111.18992296188563 108.91260099738635 107.68588228979921 105.94203649644851 95.494254112687202 97.617706255071454 103.53513144686059 102.16384768506859 117.70926293462233 108.12516987377255 105.21958331108698 104.75131632866702 105.50137992176008 105.82044419883836 110.10448696123669 104.61511791193136 116.79841572832134 152.8836049858586 135.81523078078391 102.65920116918488 138.30534373122703 100.50435324923689 100.11903877733461 103.31895650576736 138.73939194505277 136.67253258949842 146.87032550792247 138.79401340149337 137.58642125059296 137.72337803304401 132.01273268311974 118.23231062395735 137.67238767796485 140.26792434102163 137.95213823163425 139.87176641969171 136.57693740086572 138.9627533513669 141.00005355756417 142.47536406688656 134.74867683494907 136.78809034665747 135.79543112188253 138.65401894655088 130.63765505854775 134.40165149083194 141.56739401145805 145.65567081270268 135.7044304875956 134.58912212675705 134.45913736650189 133.13390624236527 131.36912683510053 129.36258462227323 145.30860346596589 139.80799224148015 131.01917488002223 133.64481266354761 136.65739274126071 132.36293460711846 132.37082095631607 144.29461066494503 145.57867291142392 144.32984716128362 164.45052023060319 131.0953867664434 135.28266074934675 143.22762983507994 146.26515131757404 155.16254488212965 151.78519231616744 160.12931113186514 140.75642025866776 130.23905180295372 131.34550700465223 155.52677906710457 156.97247654476033 149.5155440272006 158.70444588536375 159.69710406961323 141.92048871661967 133.56586733205182 156.19218070116432 156.60936456182796 159.08371279701876 154.56350013692401 149.90071469743725 118.13173134142701 161.35264368139829 161.50967025274977 129.2923432754805 164.21545647499261 160.02184608910002 157.68994688051905 159.55797682596736 160.71912129821479 157.41528966757727 154.09479278984651 157.61644303480966 158.2816519391433 160.93707162924284 155.89183147854956 158.96215795500842 159.62229819844694 158.00262260441602 162.4589334331942 161.05959345096295 158.6073437776534 160.09213194457183 159.80810911469379 161.10192055634465 158.23926594346727 157.37159549776115 165.21790242713811 163.84264205507213 161.89402388378716 161.61935907306497 160.49552233995959 160.39501524911657 161.5687622561754 164.82121777046555 162.95239569624917 162.70481732663271 161.9636973775589 163.81662824665847 162.51588155014241 161.87098051740881 166.27398723935809 166.1265254573573 164.21152086641342 163.6776577857861 163.05094228866145 164.32270185323256 162.6893684613452 166.62116048104721 160.73822869429901 167.18522358124366 165.52369294173451 164.85890870003061 164.48313983091992 166.9503338008972 165.50610120365312 166.02526399236854 159.10265894036814 168.08821668977035 166.68273570182478 166.05654681835946 164.93819496683716 167.23258195543769 166.62812777083747 165.56314008852871 167.08420526424916
 11.423812393901143 71.042456346835863 79.556467803649156 150.02419451223673 62.375154074349986 81.692829277403959 160.69055075471894 103.51818371367024 1.8698731050050301 20.814296033660273 65.019272508335703 79.060631485487548 87.479403692976632 83.210552740912263 81.127732542859349 80.537619307978616 2.8828845212122478 0.027214889708841838 66.508688125277061 63.930644080540034 63.562752650594462 60.683623303823005 82.294270003382991 61.591066972429864 56.120060186678295 62.239679002143788 56.062603734476198 74.016021356785771 59.027256041450222 60.722472981259443 62.349634833946304 62.486656520526488 52.963542171971504 38.541189234360758 59.487691227421095 58.34947189691151 59.602896158042654 60.669340299649605 58.042096141506192 61.492167680498788 58.545070208872772 55.807003311495684 55.243478938477026 61.73326959999622 57.679725364643517 57.743261562793684 88.095773137871376 88.620750926097145 56.140440308155945 55.468259853769467 53.810846658750812 59.691335842356793 56.455335656828872 57.058465620900222 89.477005400246782 88.747914586678036 57.393675223002816 62.890026634385727 85.170037360159242 90.663123135907838 90.410329704061809 86.812658013010449 91.001314448614721 87.111355672038385 79.212148724784996 78.426990262895856 80.42986294577085 78.526173426049567 81.141832709626428 81.319241610170167 80.768626052498249 115.67981399480085 79.058714164607125 78.162554533603185 79.005268635704269 79.549721147511107 81.184750044042246 80.369113414431325 81.578563384370355 81.926382752435003 77.463989163839202 77.251836540199406 77.690986151327152 80.123945052703476 79.529053024406252 82.251318081218017 81.865861302064189 82.648172695824826 76.093614229194301 77.983619194431967 78.507047186749176 78.999003393059525 80.009162388981352 80.677761476267477 82.899479675290848 83.353226009051923 78.427051820725779 80.243804021333546 76.59951370889442 78.855205156402661 81.142550627159665 83.403944047074518 82.354007313054439 83.490991997869472 65.312384752908358 59.220243971299205 77.943588763876335 80.509513232762615 81.225276378289706 81.902540225548151 83.063993807383682 82.582862470514783 64.024552979907654 78.923053665255608 67.57311155461926 78.65290046028673 79.595726213248113 81.911893163783503 94.34343268633522 82.428715305077787 63.148183324465442 61.328921844893017 65.945158627463741 77.052300062941896 79.201854897991794 81.659531252882843 83.103618562674356 81.520685486209175 58.600203338800618 64.709052231881785 64.818101866451855 63.659444407083228 79.895866830035175 80.29341223070908 80.28957506886654 160.00245161104917 42.57898722699445 41.800569040516365 58.337139018132774 64.474462736907995 65.449682739620997 78.262451494610133 80.999070650188031 127.12868848459841 18.978211371130492 5.440388655711156 50.757013764838192 57.814716622713703 67.146485732359707 66.059168970851559 80.922313466439263 159.4494479887594 3.0579865181413002 2.3531483418292884 2.2721848869837822 41.482373316840928 66.472664343494316 62.651488143358137 19.440942253657006 4.1235091962754842 3.0566967005642187 1.6867841499407681 1.4100960783164302 0.39992367178439653 0.50456727725436723 64.050499348216178 2.8373853816854804 1.3736443614039366 3.3221338160811449 1.3407374872594586 1.7050516518135228 1.4198939466717766 2.2673082605815318 2.1671054048230549 3.6567136313769772 0.24034318170993299 34.749663055270688 3.2733423762395994 4.3222254771425597 1.6811346176023876 5.9732211005809681 3.357259964434208 0.25207387761757649 3.1611345731725118 34.245352564721472 13.904825395549173 18.237557378542689 1.9549432631799033 10.687171520889322 3.6006483896692187 0.70001221669115576 1.0487718232481438 16.400126973564834 16.634616132486606 9.7436205402817393 12.821454632534193 14.477238367563841 13.308833524113012 4.9698012673439775 39.087726396435833 17.107195504305182 16.948132105719829 15.615621642986998 13.864491418002782 14.063286664708821 15.250703458664287 53.851857002993938 56.864744119174169 16.964624202145764 17.735360459062012 17.195664281457891 14.097242019774908 11.57637107558693 14.044150721478463 54.908951850362975 55.236310812018935 16.073930572410791 18.047027517062197 15.932828658807091 14.194260049423043 12.504005920551462 11.94600908585268 58.532898062809664 54.158183286073104 28.753983835583647 15.131463628196904 15.459191428033384 13.124807780687409 11.997755085341744 53.914779524581462 53.975909048786633 55.092469964715882 8.8416069194628211 14.671630179042632 14.932041017686801 54.619302866264889 57.499028125740089 83.290807089050233 59.63719503801272 86.002300813282076 33.667104227358045 12.843386286862726 13.585839425373173 81.659000755739171 83.854667102433439 75.339408230033683 84.292819088467724 84.993696199874677 33.098104932574309 13.142193560288636 82.84418072349311 81.787823133706709 81.288834911547795 82.413871764426233 62.647121880659718 160.87129318348798 54.904060846139011 56.044382388148584 92.361266463103064 80.531956651965857 82.1100396552376 84.685435956627131 87.718312724422063 88.054064848204149 81.016042048833228 69.623487381992575 79.987069877083755 83.308655772583762 82.908810630752754 84.634829836815683 82.371974506922186 89.830524557727841 81.81086448731125 81.419722947032511 81.725854127105322 80.350200609552758 80.909985077717124 83.144574940378035 86.291051551906108 85.813455847966935 82.720626814946598 81.147322144739462 81.658384151763059 82.490190792416342 83.825289045745379 84.15212916581936 87.017205011972734 87.309015469294309 82.250094557131874 82.407510497210993 83.434397892837254 85.367373808905484 86.238639520911576 86.723235606024403 88.438689789365881 88.143382581966179 82.024697715765299 83.079957933296171 83.932576279308932 85.558326754665885 87.321984340255312 87.803089094350995 86.954070914172377 89.138981614417688 83.872492996893712 83.055877994773738 83.933828945407924 85.064482851759394 80.098136561923397 87.171528463655648 86.014677618344393 99.902208342590995 80.431557913120656 82.984761637946036 83.955682534931967 86.129915275924674 81.955826263211605 84.892155867599598 85.068069823357163 85.928731569401364


# name: v
# type: matrix
# rows: 2
# columns: 320
 4.4631351475886749 -1.5491047806532685 -1.9721100236372748 -2.3617106020879088 -2.0437893907478508 -0.15418278084239348 -3.5718279350151563 -2.1848560259870178 -5.7993582391484635 -0.62397535907694635 -2.1434665465645595 -0.74427620238895831 -0.74118715823311598 -0.0091222130093976603 0.036362215723813859 -0.72696087614666749 -5.8314841359490224 -4.8689114018522055 -1.2098961206686214 -2.7777145141606772 0.012364469054766881 0.015103036924083303 -1.3782080090589772 2.888662299648836 0.69290675942572344 0.18963793975630527 0.11224981324022436 1.1313036246855084 1.4626076584178522 3.9004402756810728 0.076597165524798977 0.39556531062763567 -0.31750586700226407 -1.0738997638331291 0.15788013360949427 0.8340150967040082 0.85753300837366275 1.2366723336437808 0.24666225203952385 1.6961877100282281 -0.49404495743565929 -1.5197198478726646 0.50483133863283514 1.5363275105950265 0.37413826909645065 3.084403492286182 1.5738372782323582 1.8648430671664038 1.0205786298307284 0.98124424794772025 -0.63774183525058536 3.3732900887756347 2.7047595224938914 -1.0779018069814941 0.88696488114763439 1.5032226124510195 2.1940965760651685 4.1561995485841177 2.7729234810901318 1.188486958484134 1.1940571571240759 -0.21845287001443248 2.5469296726185653 0.16637595485383211 -3.3905452528084212 0.25289335876162489 -0.49854158298698248 -2.5555409142093808 -3.2287732227913435 -1.8216929735470455 -1.539957973396036 -4.8083481724781443 -1.5618504880009014 -2.2466003883815349 -2.7383255702635179 -2.4759026870383458 1.2631692988724923 -3.2165188826345048 -2.276575999051881 -0.79901782887130723 -2.7838488847598759 -1.6660938753830303 -1.6861066140203327 -0.41443304733459263 -0.74323453431070086 -1.0957837630334362 -0.45852146417421724 -3.5004520672414605 1.3224547320378315 0.61509011893127274 -2.1295171846987393 -1.1278835758244734 -0.91734892134036006 -0.47539807407130158 -1.5613876167050433 -0.4167446430492055 1.0957960171126855 -1.0334189940152159 -1.7141388340945458 -0.23127468223812875 -1.4998625881303511 -1.3350231158824282 -0.75033399781079546 2.1372915213502766 -1.4888768145465201 -1.8397176287014074 -2.7065970695295625 -1.3682483885528607 -2.9333303379497324 -2.4680617820211412 -1.2101998202354811 -1.2461981821133477 -0.26594489135163468 -2.4948505876470688 -1.5250039741740768 -1.0422067164054605 -1.1283865890127245 -0.92148215758733609 -0.98235940944024569 -2.2961913157192031 -3.7756044622550502 -0.85211515778711966 -0.040883829301568614 0.48592478308625453 -1.3658654480259105 -4.0373931747549587 -1.81199316755566 -1.0408770190965007 0.63942593884555221 0.5646525572225769 -2.3442341926678889 -3.5839820214183482 -1.8333657558145993 -2.9690742671845838 -0.14757621921448263 -2.2465916544202784 -3.5202136431577573 -0.045996400104570886 -0.49511969111028747 -0.94314333146569318 -1.5695851602861866 -2.2922999916951432 -1.4722186024419555 -3.1420302346738094 2.0503194377782759 0.0021358263097632398 -3.3052369035009281 -1.2785490202473901 -0.52864936547638375 -1.0224545429805545 -0.099856551033177421 -2.8855013048937797 9.2825806504236734 0.44110767416123386 3.2097944140343846 -0.91270193726918591 -0.026263219876726272 -2.3606615948576031 -0.91553894821569615 -5.4181606710714636 2.4674174864418821 1.7369090932088029 10.781429465949568 -0.61072139809183079 -5.3089453296568072 -3.3924639495770932 -4.5509151448944589 -1.7876314778141118 2.0701120472569974 0.39904020250407157 2.4304066174077597 -4.7116349767691945 -7.3952246569783817 -7.0058024089090329 -2.8822423803823267 -4.3380041763750992 0.14459845845794778 2.4420581262179639 1.2321809556211321 -2.7936412388138772 -1.2215318793004004 -0.81850891263698 2.5662297662459101 2.4651164832406542 -0.87605151044317986 1.9063454546835059 -0.28357658392599616 -0.54086965996716363 0.27996137708807822 -3.247159720496418 -4.7435427004292148 -4.3929916048233082 -1.9234010704024096 -0.049269770649013209 2.5327848163482951 2.1069712419656814 -1.2082920801851016 -0.86564120089723684 -2.1791776347234002 0.13989995325828122 -0.70316078850690544 -0.049796029653838975 1.2355345915027809 2.7671996021524281 1.8178244026465353 -0.75348275009732113 1.2251966101742404 2.6561028555595345 0.5152989257467373 0.40376848243083546 0.14052250923687792 2.4512850359449856 0.23042800870882568 0.14361254552236685 2.0478660279116934 0.44701993898109432 -0.9224962065625617 0.5499568405128864 0.49689596077545178 1.3425064797425577 -1.0396495474491645 0.26962593098084781 2.6349917488908443 -0.81457634633896614 -0.92266956557525615 0.28426941832506364 2.5322127409415827 0.69918530986493665 -1.9618133356986618 2.65365090860467 1.6632804491021782 0.66839926252296367 2.2728166734052841 -1.4249689331829758 -0.54337117310452376 0.31972039129548435 0.076268035676718818 -0.49837781358198252 1.6039025045154522 2.3302577621556124 -0.093403993050427167 1.8971536175731964 2.2861218931065812 3.6114929064259438 2.2473963627747966 0.79445250808365253 1.7220770380453427 1.1943386842162917 1.0908323250429279 2.0775500269707985 3.1177767665275034 0.015875941260826074 -0.072249704539094031 1.1011073810843486 0.61904038843665132 -1.1396072695747648 2.5084883448510515 0.88953746465506711 -2.100086601167332 1.9646244781145632 2.2317915504824306 3.6244643294326599 1.593980398830714 -0.088120083873844263 4.6597588377986643 0.88167391345715806 -0.26600855720875777 1.3753858591100501 2.0455299953480353 1.2510659334699259 1.4721767850344969 1.1968877383203875 2.3637482591836037 2.3290579441201524 1.4354891754690076 -0.70569580050410374 3.4431813791397738 -0.88020406840829557 2.0437550704717844 1.4854842032890123 4.5921225104446615 0.72644130514153671 1.744914879594478 -0.14786779929411659 0.60895564948934866 1.3798128560081222 2.7477755806327959 2.4988780657848348 0.7083311996977244 1.8860717043496118 -0.1810992957071923 0.41811958322887072 0.78945107962708816 0.27621512425723116 -1.1283174092102672 1.8151994982619157 1.0455193612263247 1.6896397198576822 2.2530051618765685 3.0795426816272964 3.2580816623021445 0.31040249882935922 1.2219620013928472 3.7799528171872052 0.94309683478014872 1.0051445110300781 1.8453196107934677 3.0934218406245293 1.178267075918159 0.99385075049469163 0.2586873085027952 1.0795806053282941 1.3892354667929063 3.1363404989106192 1.0037762134272685 1.4092691192818079 0.84302550197007431 1.0588405383952053 2.6306266209143154 4.2832439093495847
 5.5882195178359559 -1.117490105380994 -0.57733543874038351 3.1959294126884794 1.1463714417360371 -1.3604604023088382 4.2437509148628019 0.29108599795669898 0.52706026886539614 -4.5400459979297505 -0.99398561181724776 1.8206923714273264 -0.81039780598378297 -1.7000075919858302 -1.1284139329495135 -0.0021548628574883655 1.774624227300478 0.87726281223936031 -2.3217098307618969 -2.5758097521602759 -0.057881586153840384 -0.60650443754187888 -2.0812492893346231 -0.67241896649775301 -3.2264225953995549 -1.9360448762617062 -3.9440689840143364 -1.3688265063269536 -0.16352808513892203 -3.7890817081696957 -1.8863316855641648 -0.25814249409659668 -2.975397607429862 -1.8933382981660065 -3.4390654672255216 -2.9022185503137776 -3.2599974124999549 -5.8939863453665708 -2.2498567854920664 1.3051603917892221 -2.9098777248788683 -1.4911778508393545 -1.3446745525498858 -2.4067133843238464 -1.6225791431179113 -1.4495252570741246 -1.2393085519438709 -0.12675421153880437 -4.2303384329781188 -1.4004375917321079 -1.2228012789418763 -0.48555001603192988 -4.2714858692646418 -2.5075102353267265 -0.053312729368243078 0.098279785588452545 -4.5001591913587653 -2.6540461980519963 -1.7101921247353558 -0.96675342844555223 -2.1444967658970571 -2.2819600208642981 0.024562991231736955 -0.66743959392078711 0.24434851894508883 -1.5430254210462231 0.22230361987517708 -0.70265671128496998 -2.9356560240054774 0.74952444227052761 -0.59435692705318399 1.2975106343904557 -1.4660657393594816 -0.35867805167699301 -1.9331409112316089 -0.16696852558035652 -1.1806598353399969 -0.61920667883432468 -1.1697180547087147 -0.44648706687468648 -1.6781820279385646 0.049064363414356882 -0.23476525030384307 -0.92422512667186585 -1.1521460958320859 -1.6029646486167706 1.8771747547657966 -0.74031757916984542 -2.6371901479147084 -1.1453401947581758 0.099724821709665831 0.66709093256857854 1.9566676557862843 0.11126287554338511 -2.92037590219058 -1.2893375980185608 -0.76998383527079506 1.018471433737886 -2.0846162337983647 -2.3627864021194194 -3.100411368098253 -1.2979240462772106 -2.541059214319521 0.65829601047909148 -2.7391510152406133 -2.444554675609659 -2.6190441702235554 -1.9297757944771714 1.1862181826043923 0.060033083397367203 -2.1583782527498783 -0.45738549517972377 -3.3922207129356643 -3.5197305652636159 -1.2779369815839736 -1.5160568999073463 1.2866889554280967 -2.5016627872537862 1.4511542305423721 -1.4666672555512599 0.18096397534048331 -1.7838185493870793 -1.485038491616679 1.2139049119201861 -1.6106989713693027 -2.6087060447285428 -2.6266229942505626 1.6830723569988661 -1.4985947257817349 -4.8271906005870084 -0.91918322111754835 -0.97909274129250545 1.4146772062287694 0.28470067267983523 -2.012760845340571 4.5176180621764184 -2.3379658312673617 -4.0803785192032187 -1.1315393549573538 -1.5869886814609546 0.5748068684449682 -1.5291808474367745 -0.036702342779197331 1.5120815234880927 -3.5162276711970275 3.1651076673516489 -1.9440862629784657 -1.9187228414497792 -1.3299961032887255 0.0063165383222472393 0.013653113353663641 3.7494585178340141 4.9533757220521313 0.87534657510188163 6.2956028368238641 -1.9922231819798835 -1.7544420675795733 -2.5887146875614615 -4.8047683630626112 2.179258886520155 -3.9624941294806164 5.5094379719853794 -2.5849162200496751 2.5412951184409347 0.94842991303071766 -0.93890561126263672 0.55632131150354824 1.9212563291888407 4.6175736845368665 3.182184186429629 4.099567432122007 0.29132568809635206 3.5133558057895042 3.245403061221952 3.4571670268225883 -0.18666106699825186 7.1381773144135154 0.80202291478644039 0.23469643760020165 2.2003600359383526 4.4779724312391327 3.6122886767338702 -1.4915395803138651 1.2917184197818377 7.5813548412886531 5.9957003488919911 -5.3661327010723392 -1.5370366289408626 -5.3842528616091334 0.18202453854542114 -0.83934171786051182 -2.0414401922818426 -2.2598720776894519 -4.8890968261118335 -4.4806091023851753 -4.4850186198320596 -4.9932625077464774 -3.6648241169706948 5.4234164077172782 -4.8129071935799788 -1.7263586448722683 -4.0062218197521169 -2.9252032076842474 -4.2957485213203306 -5.4655167723608331 -4.1460648977417041 -4.6536960765165603 -2.1810357199878405 -3.0898820847936106 -3.2490597734418811 -3.157655506573978 -3.72395078623848 -4.9600171455647164 -3.5482640538480887 -1.9906595996241547 0.23472602247715185 -8.3935541567781566 -4.9696655642925824 -2.1497346052150301 -4.0549614718034181 -5.8297578076246221 -7.5770197445657761 -2.3699480481408384 -3.5122216054888722 -2.5976670930922872 -4.5830583592925436 -4.952467580766176 -5.3175785243665299 -4.0797561123670611 -2.4148767498362003 -3.1061077198528051 -3.2243809307895615 -4.9553758204151475 -7.082564568777002 -3.8665851529744764 -1.2368951334897755 -0.36946235701093671 -0.063745639660794912 -4.0373863935836658 -1.0938900172203985 -3.3086142371863945 -5.5133116615260427 -6.4397695345180406 0.55567905532756912 -2.2843419948910477 -0.81940030315974965 -1.2296847064418692 1.4518517179668866 -3.4720809729749393 -3.7537337954011964 -1.0979943909343659 0.46914372596921916 0.77746702561547654 -0.7360506757021289 -2.3376697909924853 4.0361142509800016 -0.79672470612807189 -2.8709712028133541 0.86357808203941411 1.2969329373365408 -0.80104005159299996 0.084390520777337011 0.56261872458499651 -1.3837780771172932 -2.0262773803343421 -1.072369632113483 1.8533337873872395 -0.31041755971581408 -2.6753295408732707 -0.55899836587340279 0.4952178720417808 -2.021302418898288 0.92023295505253322 1.0678311568869292 -0.1427319277130214 -0.87939058716860041 -1.3242907473533323 -0.015981521022075451 -0.65447439669102114 2.4967390566039596 1.3492295501592682 -1.1940872734918124 0.52314885482852536 0.3364864547442748 -1.8672775325101185 -1.5611153549722294 -0.10160055819811717 -1.574209195629672 -2.8276649585673983 -2.5236502248580779 -1.3818876837956875 -0.66773646808705356 -1.4949021475648101 0.60135138445882752 -0.12293934966619799 -1.534047080696425 0.94545663611828923 -1.9361939635390208 -0.56006304550261987 -1.3153164160266524 0.72100294600740522 -1.3028331942008591 -0.79425484683611025 -1.0433722699212482 -1.0090501981986288 -0.93130514520099528 1.3595847163517323 -0.21365224355981316 -0.46134512273494444 2.6573536994540845 -2.9325878325075951 0.86129832952167451 0.83709927481950541 0.77840420539159749 -2.5236214027012904 -0.90051294168309781 -1.9002671864073379 0.67462378921999167 -0.43986904098233187 2.470610082413434




