# Created by Octave 5.2.0, Fri Apr 02 16:03:12 2021 CEST <br1@br1>
# name: ptcls
# type: scalar struct
# ndims: 2
 1 1
# length: 2
# name: x
# type: matrix
# rows: 2
# columns: 320
 120.35414803892346 113.29625541315029 111.08430846977254 110.01998170993672 116.10968997948703 118.37812186082657 108.53320966864982 113.19644147026838 121.43147223851003 118.02266253640957 117.50653000179952 112.78240699307283 117.45351089662314 118.49161438315474 119.14949165065835 120.10316890991797 122.92806645261003 120.79007825995686 116.28637874522747 115.31770644873725 116.59803332026077 129.52073913633095 119.37263910144451 130.84793238071967 126.70498110451517 123.62982364959362 128.60734081799814 127.02394032224707 128.47855741534892 132.2103777157904 129.77913145754158 132.08209941702424 126.93324590044814 124.30236929838237 128.08210327882568 128.73883619096881 129.1289940708626 133.26780935848259 131.30023720929248 130.09288240372513 128.66701966794869 129.40145237734899 129.79397296446149 129.83665976715866 130.28550556103482 131.9036775806949 136.95080185268179 134.82214252277407 131.13192017560905 129.83532966401856 130.58599093479626 130.99841753930858 132.60243395663207 131.81994998204985 136.03536230137729 140.04475975360936 133.62089873055285 132.67642337879269 139.64644297443664 135.86142795415222 138.09157148687106 137.82347222842998 138.92159639981398 139.23070499462349 105.01972325602689 105.63305069483074 104.7535726653531 101.88900446950001 103.08134397232816 102.15231146724868 101.85274362797239 92.133125202692241 106.5518488902508 105.63797257207686 104.62890695973871 103.70640251796725 103.89337774646008 102.92023308577028 102.76074306949484 101.68528915781283 108.36857115157973 106.60516318599828 105.59406413220019 104.76619345373294 104.90141622651565 103.88084526104988 103.69735710007681 102.68223622804071 107.81907593834192 107.68561274009248 106.64289007676719 105.73903462124572 105.91542472415514 104.71831119635861 104.48125648610345 103.47046714385128 109.62895732984707 111.64097961067117 108.87215001824794 106.73675907598104 106.83826918265656 105.77326433411436 106.78654133221606 104.51108510025885 111.35749679065707 112.20072902221524 110.56496701820065 107.69689263700126 108.82960495911171 107.86199353716428 108.20682737216464 107.37123276850407 112.71948519474689 111.95487846577913 113.04462479274426 110.10839586204079 108.58167816422764 108.98000040758082 109.45169606587358 108.61928693672249 113.01780222757104 113.87787153455302 113.15076235667942 111.12329725677748 109.69473249515688 110.09043577427272 110.12096116885358 110.3135009058069 111.39692159327616 112.51805793901234 113.18478036188056 114.01265544103425 110.62642481412189 109.96173249522728 111.08180388351259 106.72365247643874 110.19381990175434 112.16340690530896 113.42493372208459 113.86117315698434 116.11703256280359 111.6667859912785 111.3271439700553 109.21448638423084 115.23573744782551 114.27041103180953 111.61190048309038 114.17124419671649 115.35372201849952 112.53313875765244 112.16396325321718 107.28940240454781 115.29979136164363 114.29541586751481 116.44846834975031 112.58119144977606 114.5007881219352 115.57841918191349 117.46599689769856 121.98651077450674 114.56809854677981 115.12724156953716 116.18283446820361 116.88173886931537 117.96647284234884 114.06548845626473 122.44318626129983 121.98020341964974 115.02061211921985 115.61003320297065 116.75771611436608 117.50074925954296 118.64366418453685 119.65786523974283 121.65832114501887 120.88594971165935 122.57651773842512 116.10309948561427 117.31074107372277 117.94504313262715 118.56293449103744 120.8372729594671 120.77476077655125 120.17191074913072 121.40347794772677 128.19643134772122 129.16951950589672 119.23641123194071 126.22930079621399 121.62618720120039 122.66243177434674 121.88061109642619 130.1513035580922 129.1069846045873 129.06197270655659 127.33313693736326 128.9542742673124 126.6020762236907 126.67241475532659 125.27335287775431 128.5144742649903 130.3077817536936 128.93552178490589 127.92118321196276 129.71250945135395 128.32956484275184 127.71630753373097 127.80928605055418 131.14456448545593 129.52719225775246 130.16111988275489 130.10126065411279 129.07040903519442 129.02348697973633 128.84098430623467 131.8056928998067 131.45995066688994 130.7432543960077 132.10776722830224 131.03715995981815 130.32879925232805 131.74624052235291 130.9164306389539 130.850548457164 130.02707779847151 133.45521068163666 131.97086385943007 131.40184672410373 132.51191668562274 131.99455028494688 134.3577194246802 132.83266999872447 135.01754431000214 132.87552905581492 131.8269809718507 133.22442570009125 134.36361895942929 137.41875662107347 134.38972722423577 140.59190241610636 134.39557364471023 133.94538225152058 132.24004328939594 136.80448128509087 138.53452613706469 136.32346970597965 138.59270397710179 140.42414790829125 134.87780902723719 133.63097616327246 137.94071924703613 138.50292693221073 139.73582745027974 138.4698002884636 137.3344488855877 132.88964548242407 138.90339737980966 139.9544823212342 138.41399149666492 139.11257976980758 140.70735273966568 138.30940715844946 140.76063183017607 141.90940378577838 140.21543155258189 140.51341142170122 139.21888570597386 139.85553575207678 140.70797389550822 139.76869636090993 139.61091572884737 141.8890408910539 140.13806926611983 141.16632728957325 140.85508703754482 141.70689433286938 141.76171807875622 140.63779833756826 141.55121417281299 139.43402774904436 139.48701510406298 142.26771931901817 141.9508851139687 142.89741832108163 142.74420904263846 141.67858866299781 142.44796954166762 141.71601377225031 143.03929146803128 142.85614509045126 144.07587343215204 143.81463914672858 143.71306865026449 142.58675843491901 143.48946570108632 143.30339665851517 145.50489594188289 143.93019687470351 144.88699978154008 144.81234432185732 144.61515232427584 143.6440145106763 144.96004852686005 144.51332221322272 146.14666301203434 144.99460266270063 145.81812964297418 145.62185222403664 146.75031708242005 145.9357700607697 145.56886022818048 145.47881248729416 146.51073474291724 145.92386117680562 146.87282550463826 146.94401199334305 147.85446290352846 147.36386940349783 146.80486417024289 146.50688806067507
 76.958061022078667 88.012712552617856 92.91267886327492 108.63690861793086 90.408893948788446 96.519844564723229 106.3763098555756 99.748620040115341 73.612476597469154 79.897206305122623 88.702435893307324 89.189824108779987 95.816134610143379 95.289561608631431 97.290615057188433 96.537426078407563 72.368319964316399 75.732030066593282 88.384090692845774 82.255668204206984 89.429103075058919 92.143827191611692 94.030416572460624 92.192367751125531 83.8269630054196 87.311460149743155 86.331790439115736 91.846606732954555 91.598147853600807 90.83917972339394 90.842163632268708 91.971301984534236 85.067274197040391 81.795454702364523 88.879817457374145 90.51920182093005 89.242061893197416 89.234940306210405 93.224431352425412 93.26870609523472 85.271821214893009 87.510228284120885 86.363944345538613 88.458885858273291 89.660156249043695 89.557787814825389 96.609886780080188 97.247290821328775 86.790951883627102 85.312086713302222 87.747004838349454 88.770198038124292 86.800854581744801 87.646045739566802 97.549616951060713 96.94074894028347 87.422426198500062 88.336022226429662 92.003675952240641 96.449976892025433 96.523202786767882 94.977976141764259 97.182734447644989 96.19364240962895 85.080208414272761 86.347847212272953 86.979991823797434 87.910316135920255 89.205370820224019 89.815496224656016 91.02565857265202 98.877051279448224 86.902131157227316 87.562272797520706 88.027037436428458 88.427805776455941 90.059239116423754 90.747324761125242 91.799750924528567 92.174309339370907 86.941046122024702 88.253378085455736 88.648385760082022 89.40245533045676 90.642971137449805 91.316702035110865 92.485679461652893 92.926954476551387 87.899413371173623 89.113735614336179 89.351736310631964 90.003736269670839 91.13908465302103 92.056140768398933 93.345164926763246 93.717974872347199 86.830417992100834 85.641725248588457 88.354234586077368 90.497765938545029 91.6505605554038 92.184751530714465 92.792704074764515 94.576832060668067 81.570318419476976 83.093314545485896 85.960152834116897 90.943542443975574 91.11861348155054 91.955761781624901 93.061187830376525 93.687797082111715 80.830854384334117 84.204521779001013 85.191240907512096 87.994913007702067 89.738111305193797 92.238466636731289 93.295282239505624 94.046620165669196 79.447300576942396 80.249916839984039 84.123678368079283 87.425067140678749 89.045054089966428 91.35407640007945 92.383260626477565 93.923426481225661 79.275952088022208 81.89654109528523 82.724874717882955 84.686639178283485 89.463386785649675 90.164844207932035 90.506697551046486 107.62622623914521 76.148593893628131 78.522934619848726 78.445083276601309 85.815720055219458 83.181332557408282 89.151620316104641 91.651308541189266 105.10331924113792 72.313850659738875 70.476718660821462 76.437101884632426 79.175015681003345 85.284191757563505 86.415896446779897 90.10897533620691 106.56861171547381 71.05324200004199 71.742215882374339 71.619377674348314 77.560277789208456 81.173095544652355 84.24722101551653 81.374010922268866 76.30835930160849 68.909436194659506 69.841823227595839 69.648210519929151 70.553774437964165 70.591653537476233 83.486606964165617 73.547132670388294 74.72182348104846 67.727949819113377 68.759908019310473 68.585452316382529 69.581765372903845 69.388519306367002 69.363920695953709 69.789846936123581 74.668395207739763 60.43994758876098 67.763056092661813 67.571831794981236 68.518082876297015 67.544426606384832 68.97418478479635 71.583395426898392 70.542391397172182 60.1883242980688 63.739494122600497 66.518804370026999 68.306678529653169 69.399219615563766 70.860338464233294 71.375477383314021 72.340676974906344 66.147374626799333 67.635950186248849 68.724271417780514 69.623866170725705 72.465121815665796 70.555097024528138 71.988337550095821 82.68496475687445 69.711104208481132 67.19409827300511 71.278923397001762 72.029305907549514 73.39926258912206 73.414438150177716 83.394995008384413 84.497190459177915 70.8661514038766 70.238301847880535 72.33631201345851 74.678349732960925 74.293156436800288 76.160179149570155 84.087615920679397 85.911327723645698 72.006604726859095 73.533318134494962 72.996773027042892 76.145566396817557 77.000265281846254 78.300707350760263 84.083588076650003 85.141652614705563 71.311194109071309 75.877862235005651 74.007925517247699 77.332280251916998 77.29048484075841 84.769750918129191 86.063353385371045 85.637508652543318 73.013723793842999 74.646498162301285 75.16274917695209 84.650811337633186 84.96260272065561 88.644541669286809 89.147264904014051 92.981224056948278 76.487990827543584 78.521781452530817 76.138843806498642 86.223934990622766 88.443983372865844 89.260780185101822 91.868245985214116 95.832871568514491 78.037259557749962 77.303261090079999 86.378711035394105 87.290680040099716 88.414007784251638 89.570589264051875 89.752103385465986 108.60361363328037 79.351023769181324 79.094081485897505 84.072801379665322 86.212759126958545 88.975696736568011 90.636337984594178 93.998692964722579 94.794140324947861 83.080210585573894 84.539018785365101 84.948574717676777 87.3808997671984 90.2591834942113 89.54017634710722 90.732298747977453 96.105092519009887 85.684254553716983 86.667190168818308 87.89883235738391 88.546208500571154 89.692089709291281 91.486013195434097 92.051337354743922 93.339631542015425 83.875898989687343 86.161181150934141 87.481352711510326 89.180211592334743 90.281319069528664 90.837269122815854 92.811661300529138 93.511937260428269 87.041819072278273 88.112353493666291 88.666619861249401 89.694278671097749 90.771942027769597 91.538554282974459 93.327076689070125 94.782840480732588 86.681745045248832 87.551356195841763 89.340092082082691 90.446752808822922 91.535022463693167 92.127373025629083 92.762404592236592 93.903993049502859 87.524298017697902 87.980373744802364 89.927893249623423 91.191695665325611 91.484891326753498 92.245471128960233 93.738513725045067 94.845293290690208 86.440335171470366 88.740394591404851 89.126204884214047 90.380101168901319 91.122594088568235 92.38550936889709 93.475442614644507 94.512158804132554


# name: v
# type: matrix
# rows: 2
# columns: 320
 0.02970403639860246 -2.1194057635353176 -1.9510537683722933 -2.3617106020879088 -0.34712608248435106 -0.087206127289761737 -0.83193149031805791 -2.1848560259870178 0.070364573582667012 -0.84826818994645603 0.33063674570629492 -0.12923988776543693 -0.43788462885625795 -0.28967662724849363 -1.1078050163051871 -1.3237925098819523 -3.1572668849894532 -1.9668911871937103 -3.1449665706562562 -1.8879380004720034 -2.5778820941731917 -1.0464066581115801 -2.3178549118837108 1.1801880123579473 -0.19603368798983931 0.18963793975630527 1.0913548405076217 0.1401058323956087 2.0952029183595817 3.8390471724447655 1.8260593346762415 2.8611740149970428 1.37924339341296 0.038777069814091278 0.84772021844127621 3.8617871504130798 -1.5261204018327297 2.9421051439882246 3.4038516046380813 0.82355380494306385 1.4678848303625895 -0.24398920770803859 2.9627053962191789 -1.3200495203502542 1.5074930849401649 1.354861147447902 4.7679578858814669 3.6093745373255892 1.8885509319474796 0.51462650564417622 2.1266827580566301 2.5223489941795316 1.51033921869807 1.2982582909392457 1.3978288833735113 2.9838327797478761 0.75820320562676768 -0.12200166095043161 2.8607139914977688 0.51557966432590052 3.0393382687557189 2.2198369386818255 3.4824334484429382 2.9903511528745494 -3.854017187568048 -2.7352751832856081 0.32835363012895025 -3.2207587040109105 -0.24475647254656888 -3.4974027808163228 -1.1887262317160161 -4.8083481724781443 -2.7418011149175614 -2.4203486873489104 0.25189193888756134 -2.106802910508375 -0.93410747409359518 -0.82745468395362842 -4.6442331893158668 -0.81654174861595541 -0.52382934998530817 0.94276049001896145 -1.4580081762859591 -0.18178375575884645 -3.4095547170259768 -0.074102557266367192 0.67092973004292344 -1.6552923995060493 -2.8378532412681725 -1.3854258835392745 -2.4971105705913264 -3.3522703323219827 -3.3126658133446716 0.023725373666244783 -1.9154883549669122 -0.45348706872382211 0.48236997229670903 0.15248300270969389 -0.6395435812933139 -1.4699364623807591 -0.21989066583553823 -0.99949121471734093 -1.9911279962407655 -1.2712368646789891 -1.6147582227119948 1.4106971002706497 1.2813206444826453 -3.3271535942044554 -0.91706641712659598 -0.81937974976055161 -1.934652658011651 -2.1324366735664464 0.82387981053187065 -0.080198997581444886 -0.52376161104368668 -0.75219999092698298 -1.3856123659425186 -1.3712666445719373 -1.5484468006744154 0.25682408466605006 -1.5042735181528146 -0.85779644968556779 -1.2526815448081963 -3.7262759207420122 -1.5263199540671442 -0.97822819726400212 -2.9344120222243961 -1.7379692771914887 -1.4589036417338641 -0.9512107533504337 -2.066883986412102 -0.43467328896574975 -1.4314363778021555 -1.8059503218391457 1.6462522229398535 -4.6229315644569926 -0.82478352140378519 -2.3959374535716043 -0.47568511507470213 -0.80673047345622884 -2.1597256821057043 -2.1223445149041802 -2.4954754704083433 -3.5054583129855597 -1.2528405707085619 2.7726545483355802 -2.2107226296245588 -2.77063590814593 -1.1454486679624487 -2.9324321580530794 -1.2570289642435675 -2.8856297612424138 -1.0865305597441333 0.30942843006545473 0.56158186875614591 -0.87624262949650533 -3.4853215646821618 -1.8002549200778415 -0.66311429210622785 1.4517292177889327 -2.3286367066388776 -0.81575612577129564 -1.4962825711369592 0.92043674950624144 -1.4329940669625052 0.9033413129797272 0.7299122127778539 -1.7111804954294065 -3.0448838038902575 -2.1026355479219734 -3.2674649646764689 0.040694922831422189 -2.1987546235625999 -1.4543136823844964 1.3294569793725122 1.825260715046692 -1.7554669816307047 -1.0467861650517916 -1.1434217795859671 -1.1343014458939407 -2.6284166582177151 -2.6591515541371868 -2.4432276564837987 -0.72374288282645272 1.0240139296454729 1.9063454546835059 0.4409544797196393 -2.5341912923450782 -0.52668318392668279 -1.6502431064756151 0.16825976101543205 -0.26204422258839555 1.3995893649947284 3.9965318378017902 0.71772992010861658 1.0366632576975086 2.4869041786128339 1.7903630313111343 -1.3532544866408815 -1.0877886779249839 -0.85645502180986421 1.2994184178976784 -0.061398059735338184 0.0020322910795483999 0.28576236128396271 -1.4389218489295612 1.6494049290726744 -2.1469942840038505 1.8518584374235396 0.75279623384209071 -0.43705992429782259 0.20150915158096588 1.1119861511437201 0.47731795909404429 1.1061588060147576 -0.58549533271369425 0.42703660828709339 1.0406858218824115 1.9609796169268676 -1.8262733284169772 -0.56714024406293284 1.093514864228462 -1.1511088543987913 2.0576979944329614 0.60956985119664631 -2.9154517551057433 0.36281082955615795 2.0008677555875281 0.44150576413921777 1.5896303239012117 0.47724257500039152 1.0173497743235878 2.2728166734052841 2.1018843304956283 -0.27704931136000105 1.1288681921783594 2.1002049332528414 2.540587585805834 0.21705469400088945 0.51146247805457667 -0.70803030946466217 -1.8124613939088623 1.7614979360149636 3.855900321394806 2.5867478648024211 3.3933650205598695 4.1236828118228495 0.48749683553442402 -0.74183843349292578 0.20274408788198028 4.1413915879891858 1.6420723089857985 0.031916416695930358 3.0899686189411644 1.0818616823085778 -1.1396072695747648 0.54640944353023957 2.8516163659758811 -3.309220068464672 1.3859512447239954 1.6911605177061388 1.6310164769159594 1.4019764801394365 0.41240459672109331 2.4571715993510259 1.4045726137309105 2.463132002484004 0.54372119288369658 -0.74240857795063586 0.29550276088845023 2.0482339219721317 -0.33596974208924446 1.2244461857647997 2.9786521523808682 1.3639568522329901 3.6673450702819497 -0.57872023754616553 -0.51268299460729538 -0.8948031133329073 1.6529648661363483 -0.54533246504830635 1.2446821208560526 2.5278033507798425 1.6988924214699168 1.5066589927183385 0.44044637481989718 0.42087279876317008 2.742847039669476 -1.1474218184556058 1.1079135772461211 2.3429383766884304 0.53911140238926092 1.9772733117439112 -0.66381602002345363 1.4756094156030519 0.90678049185189546 1.2693634318925884 1.6513731668757961 1.440692821090013 -0.10729959635427916 1.1494638703416664 0.162917308969876 0.89531642234347786 2.3037117464624015 3.2235995337131613 2.0569129104863011 2.5411292475442941 2.5260424270368449 3.5706117012398728 0.089969740729450895 -0.68713656300958692 0.30664033289777282 -0.079173956353927127 0.16890386082498923 1.7889461011607566 1.6554033281133349 -0.31077286289127409 3.3070538534571963 -0.70732847930662757 1.8268645476281344
 -4.5516543278318213 -2.201990188345146 -1.8844597202126221 3.1959294126884794 -2.3970969519030927 -0.34685349725982478 3.1156694253051564 0.29108599795669898 -6.6614763961772612 -3.5923904252268128 -0.90747258886902982 -2.6146691850460861 -0.32138058542834957 -0.54949691375691467 -3.0741282983244465 -0.73255025038570665 -7.8309308358187737 -5.5828536516974072 -0.15712033116487151 -3.5908139624268149 -4.2329746907234753 -1.0968362590350402 -0.52455103831706584 -2.7372138342149617 -2.0509491740975521 -1.9360448762617062 -2.1745903277271976 -1.3170662734054517 -2.1679417802084049 -2.7403964135039502 -3.7634338854262546 -2.8368617598378707 -1.2418121871595789 -4.0723293926630308 -1.525762099413295 -1.9635383952771936 -2.3258399021236458 -4.1430020610149452 -1.7542169547921223 -3.3394295868521642 -4.9536014036067479 -1.9492349758085727 -4.0549884120780586 0.38836860549533481 -3.6855609917670504 -0.17972302143455726 -1.2705101275040653 0.23276490010188802 -1.6663000953256264 -2.8234314945665662 -3.4646497803628433 -2.2943306314969107 -2.6721431149037125 -1.4606829736994309 -1.7043896546669799 -1.5243740701060973 -0.65039646703896192 -3.2042336860500349 0.39049685644077564 -0.39311266810971962 -0.11087425302990564 2.0237044201828143 1.0694353990804086 -1.2709080055415336 -0.62624749024787907 -0.55141330048145254 -2.2460395350435247 -1.7419203561462924 -0.3774539667998526 -3.8826397328776281 -1.8871588075083527 1.2975106343904557 -3.1333522620115604 0.039167443333079199 1.1732308073458797 -0.96263081102613812 0.024410417666861133 -1.5879725483237552 -1.9350788206974001 -2.8255635058967465 1.4317078123810905 -2.0853100350960609 0.32383702977850948 -0.76295990974233774 1.1774051026915029 -0.3921435664258654 0.92499571461365582 -0.48466945467555361 -1.9803529705203742 0.81512800519099671 -1.4488387496786022 -0.14616742415926379 -0.075620020276272154 -0.10892850358723227 -1.3436364814599606 -0.024706523391563821 -1.6704219321935529 -0.083856626393692388 1.2806599482700083 -1.9519927666440187 1.234442612855726 1.1377010777065171 -1.2179871329485294 0.10351366094728262 -2.9621159884644874 -0.59852262258197653 0.22014804004702213 -0.16248097137468315 1.1543342918263013 0.12066112218259475 0.81028486495688479 0.67149297230615057 -0.15215701370359375 -0.56029168012690356 -1.6316644886929048 1.4834690296603936 0.96965319427637386 -2.7294797213833166 -0.67617542271073905 -1.4854562694115194 -0.17034947424887409 -2.9723529912133513 -2.8800221435813511 0.88506746940552661 0.062624715378120782 -0.86058941633432251 -0.61483826148883702 -1.9444523924277832 0.47876670848187547 -1.8584466909476702 -3.5367326570888489 -2.2657013214368633 0.74296696867272694 0.45272292795355734 -1.4665976347473211 4.5808324623809993 -1.9485987211645093 -2.9623063170008597 -1.0786777294334817 -3.2957747812290314 -2.1195080060941418 -1.6588824602359042 -0.89208430870383637 2.6984824229088331 -5.8463442024685701 -4.4098341335962488 -4.072004028984507 -2.7735384848087343 -2.0500020841900986 -1.7041910976648913 -3.377195440692299 3.6279247077662715 -4.9199102934033059 -6.4825169738952066 -3.3135932065636187 -3.1469990294513344 1.5262563579751711 -3.1697619909229511 -5.773854855267297 -8.2486471249184934 -5.7435829429003942 -4.9881468650906911 -5.8659451440296513 -4.8753575504481557 -6.2897380060905475 -0.26672091330510106 -7.1450656830324384 -7.0635453245048314 -3.2574750438643267 -5.2349306871281405 -4.4310095412037906 -2.879409510923709 -5.3444189395870021 -5.0039731727515671 -4.3678953328675414 -7.5587794100105024 -6.927155639928646 -3.337115202805268 -6.4327894668130243 -4.059383935765811 -5.1374990026460674 -5.9264191485534674 -7.5945079353120128 -6.9059434664686927 -7.6710709692622361 -5.9957003488919911 -6.034706587222697 -5.322244883356567 -6.267750653391519 -6.304827689437678 -4.6003345666845021 -6.427811298886664 -3.8470150384401061 -4.0219566820423767 -4.6825759197495955 -4.7835177345998803 -5.3856157695073188 -6.4929631210586045 -5.6521412416443466 -2.7258739264017415 -4.4934857160914401 -4.5638640718279104 -4.8905818206877054 -3.0610843527416183 -2.9567559893293751 -8.8159878785909047 -3.6415901258296453 -0.015062754685868034 -3.0390021117863113 -8.7735783789826183 -4.0808791313285102 -4.4090867478564624 -4.6321935470925713 -4.812608867841905 -3.1780393087931933 -2.2620046739898521 -4.3128723861719127 -4.0547849270381899 -3.2963056617520836 -5.4662870084993704 -5.1455732025037246 -2.7351480154260441 -3.2083310812207486 -3.7153937670670913 -3.3470689123268254 -0.89730781223387945 -1.8494671196178789 -4.8702326928172504 -4.978583769912146 -1.7994998170142877 -1.0508636116691614 -2.7249074659210568 -4.9553758204151475 -3.2748025084286176 -2.9663606935432085 -1.9091596050772086 -3.458838961238448 -0.82279289455938043 0.2839589863780852 -1.2644667524330948 -3.0311450295716762 -4.5279687210124768 -6.4071889653101026 0.19345336520099332 0.36706202434839741 0.25736067537586932 -1.703746722196215 -1.1109473568047481 -3.878718179369598 -3.5310804129135329 -0.40109041677860507 -3.6042038617404155 0.75537731779250605 -0.51554555833264948 0.96373251629426859 4.0361142509800016 -2.2753477714496024 -1.3923481374918156 -0.4869663070369587 -1.2186588883658598 1.8708273500167714 0.95744138044435523 -0.68881020512139912 -1.5619644970144617 -0.58151181295393684 1.673947217275269 -3.0133097581746191 -2.7229895518437464 -4.3022039248620469 -3.6377071893187702 -1.0889360329381246 0.2895380405574427 -0.48722113108045412 -0.098965653592238828 -2.0811778660531703 0.32035935291581807 -1.3713507695081699 -0.68145835175219627 0.02313178507988467 -0.71893295140040425 -1.7241681806683764 -1.8282263683536939 -0.51982306533678513 -1.7922369869412982 1.1513861526535667 1.4790939822685238 0.13490158360815063 -0.42683927891629458 -2.4162174672658372 0.41758282224858095 -0.87163123487664862 0.57056565439710094 1.6994622536773669 -1.3379646724296328 -0.39134442879191184 -0.43368009949459874 -0.88905726954142184 -0.24643351136561203 -1.3315888059662409 2.8999250030992072 -1.6657099680083041 1.2225128596396415 0.93377542704587879 -3.6851685398341951 0.43638941719343327 1.0311114545724525 1.3553506841052516 2.1027126600905004 -1.6290221985333813 0.4280516350882736 -0.2833826021267718 -0.34942532250718855 -1.2691536965207451 -0.54769874938818952 0.55927362815587589 -2.4579006876095644 0.098204496084646375 -0.12203894515472308 -1.986201860360586 -0.034140581971166088




