# Created by Octave 5.2.0, Fri Apr 02 16:03:07 2021 CEST <br1@br1>
# name: ptcls
# type: scalar struct
# ndims: 2
 1 1
# length: 2
# name: x
# type: matrix
# rows: 2
# columns: 320
 120.75675113617375 113.76544352133067 111.84214644080856 110.96466595077187 116.53028663954646 118.85744224352145 109.36664851956881 114.07038388066371 121.2422748087079 118.30723523325005 117.98414893466881 114.12748794797642 117.86858365715247 118.84463770488915 119.30889156318305 120.15027347797407 123.51740039445518 121.62561742604602 116.80850696214972 115.86574473310344 117.47342471105271 129.08457889095524 120.14440608449127 130.0911012363029 126.53986610821448 123.55396847369161 128.14574236995327 126.84372380347351 128.08981444181168 130.63409248887695 129.02412509266466 131.41237331228868 126.47519816533784 124.41762264867015 128.37594060761006 127.38400164656045 128.68404596494651 132.32042019913675 130.76876800287573 129.540014053297 128.34914569757919 128.93674919509346 129.34247718169209 129.47223181486103 129.88864601620907 131.82498895408625 136.34279038582903 133.77445052247938 130.40801337963239 129.5224132468386 130.03880890338661 130.49891184791719 132.07260985222078 131.20548087355991 134.89165285511334 138.79475403126301 133.34144125804511 132.63028522917637 139.33167826074816 135.09391367120489 136.91725958163389 137.02495513236025 137.65384621764892 138.24340218369022 106.64548191477898 106.41822967512877 105.06259390289217 103.16747486440488 103.04496621651988 102.00226905187805 102.25244250103687 94.056464471683199 107.57750847649019 106.26876672862994 105.30414393349888 104.33166096510853 104.3053310438615 103.27511755160901 103.25178199018282 102.21202275658418 108.41966242175519 107.25069610084545 106.24162114293289 105.33938604125547 105.24379412269768 104.23180631508957 104.4648936368806 103.28671371223352 108.4894169392816 108.4588264437475 107.33473681186493 106.3271148482886 106.40443195328426 105.45834242855159 105.35306352458807 104.3284772808202 109.70936799956867 111.6759415928031 109.42363087702685 107.14001325947085 107.54254333236597 106.84908799971821 107.93973415152729 105.23612502052076 111.81109648706155 112.15296688964936 110.5839177701897 108.228041884512 109.59126310763466 108.80143221497343 108.87246340405612 107.98516795691238 112.98975105072925 112.49881367518354 113.02143316171943 110.6525562662077 109.06499711889101 109.71722363375923 109.92001820435203 109.02576212103094 113.55674300217264 114.1728949884202 113.62395060920822 112.10673087589393 109.90335142048777 110.55340863931367 110.77095572413886 110.91419687619857 111.70298845906278 112.9008273125197 113.33518562939599 114.03970987061884 111.35002941283091 110.22256615732741 111.11827986336947 108.40586731639813 110.8928106837906 112.83265110269191 114.31477338614718 114.46670279750259 116.78682457674061 112.46226154569713 111.82446980498905 110.53543186439519 115.37604037967422 114.25793363892534 111.78131422930326 114.52083282904722 115.30572315303002 113.25707581454292 112.3239562836163 108.19118368510622 115.40017890284589 114.1734787406146 116.3967764104608 113.35066406894563 115.71881106713118 115.81544630570781 117.69500307789077 121.39338310957513 115.2496322208262 115.77041135119336 116.89469903608672 117.48543760069339 118.46659064399498 114.86704085942409 122.40821388459824 121.7720219655864 115.62575445457071 116.34119728589121 117.4617614628847 117.98170778143445 119.07381979820816 120.18803602541846 121.44005684646478 120.78044499109266 122.72879321971374 116.82262680262497 117.98788615870761 118.63902810357258 119.24084752477508 121.24381839911246 121.35154910595834 120.95667814755787 121.54378368723228 127.43389316584825 128.60206036841498 119.79633080302918 125.91712258869659 121.99214784752824 122.9300618108058 122.32858556486759 129.6744385113781 128.23611440205835 128.89338410925379 127.34158984312774 128.39514641650021 126.24989362205011 126.62081865392736 125.761571777016 128.35968777132422 129.35713581004123 128.98425073734018 127.4666386325687 129.46355530219785 128.47730322971998 127.67047259990113 127.44492785599309 130.64263768975584 129.31666204183068 129.80310448430058 130.44090577590239 129.3017561973405 128.96630976182303 128.73039847122203 131.43522590609317 131.06831190723275 130.64629257758418 131.55739288970827 130.92403855587597 130.11845680792575 131.69177798235387 130.59229077013376 130.72285241374408 130.05053528717997 133.84716921914699 131.62650196006098 131.36952927773706 132.71575969032364 131.8597305234639 134.08027227468239 132.50752277434054 134.08779859282927 132.73419517197726 131.79302432553257 132.76539956681594 133.70734285733667 136.83520546905845 133.71423020244967 140.26041644535306 134.30247799380979 134.09830346923837 132.48388712135406 135.89108328843884 137.88661441186181 135.81328288848255 137.43751087837549 139.71470304389996 134.84747107199203 133.7144130322404 137.00979873085271 137.92227767527149 138.8885627239944 137.93964052710265 136.81320428455459 133.34548839025334 138.3286063939085 139.17006298333297 137.58104179870253 138.38138321925567 140.05250266268843 138.03094083204863 140.16060714829058 141.21633937994577 139.62282758579266 140.98924869082785 138.8051784554377 139.0504494635031 140.11658109223043 139.02506719121249 139.23650842909535 141.77523686224697 139.5503120549966 140.12175775597177 140.24849019859369 141.19388015707239 141.22447903041228 140.26951134774589 141.3258182849321 139.4394428089231 139.55557365339573 141.19306440532634 141.16981298975779 142.30038013075404 142.39385561625855 141.29094549572721 142.3612011565146 141.07019363708505 142.17166659338221 142.18083634461445 143.29130588335408 143.23414448012616 143.42797854772743 142.43225121002729 143.41111939985601 142.6539432536502 144.17431854688274 143.18663057417774 144.22056215255182 144.29980442491168 144.46642745851761 143.48940809878312 144.53695305641875 143.71092530751477 145.39015569199017 144.47955836120553 145.30696964938869 145.23225674610975 146.00378566155393 145.41169256143826 145.64499544623945 144.8069057508693 146.48974823074903 145.51741356597321 146.45403656265231 146.18771414873575 147.036160286849 146.47375005152213 146.67670792527483 146.07313072449995
 78.843475316709444 89.164486219595929 93.305648765415242 107.35853685285517 91.131198210488208 96.773210959858048 104.91251436347628 99.632185640932178 75.811360435952253 81.491625991492768 89.665332850406685 90.328003894190374 96.168063621445555 95.637346156645464 97.793821602567604 96.902783669421055 75.643794645017735 78.24774180014667 88.595872014427158 83.755377496033447 90.609986359742607 92.931010479411128 94.428356715005862 93.063275958571225 84.45542681567197 88.085878100248195 87.740421523731357 92.18961574413413 92.436500161819239 91.997459232949069 91.741753591157917 92.957772285150654 85.986218150906566 83.577070720565757 89.452501512169945 91.204828870441375 90.657470201238013 90.788246565847771 93.824916687551763 94.205449142550378 86.170342588976354 88.601258472335218 87.590319018816004 89.565008041626996 90.774674573004035 89.779583149274146 97.16027540610736 97.502978992612313 87.596321630854774 86.418407249607668 88.621213397713916 89.869207595262054 87.889826445639173 88.770496614423053 97.696622372956099 97.228446250778063 88.035595224479565 89.01115493035455 92.222172307256926 96.569428885557912 96.218979614222022 94.499632301923171 97.216219047959683 96.242290619978462 85.668817467126104 86.801235000561547 86.705237683407461 88.757125976670011 89.851664933520723 90.538016037828257 91.535553728620741 98.358047025692159 87.242549696295413 87.871263293065752 88.388534593754557 89.307915657774132 90.37187715607665 90.938430740887682 92.051210709521385 92.628050426574504 86.51634850603979 88.313601445389651 88.897589661930738 89.597744732070652 91.006214711115319 91.519724930935112 92.668848516320381 93.31071722590427 87.756408668451115 89.214307866126532 89.375377437892283 90.088579231604228 91.481264955973501 92.05093653783355 93.423382803096729 93.806479159691605 87.067352004167617 85.824914235620867 88.231957755644856 90.629931589780114 91.601814284163495 92.565220130306059 92.658261467526529 94.594388408693092 82.468582352828903 83.704464911297222 86.162912529793743 90.685324066727802 91.099429428877002 91.828492564025922 93.106491552392598 93.761345936559593 81.063768213491201 84.811127584964268 85.834329723439907 88.05875902362358 90.027638509945575 92.377255564602521 93.496380251068828 94.21693072752656 80.06275717753401 81.566746017834646 84.647022198347798 86.775786770744958 89.133989096438938 91.752205837945311 92.869078074966779 93.947703874993493 79.605811252128476 82.341610143263878 83.556295680897904 85.717228675610116 89.659632953063536 90.311841553593851 90.866250801328349 106.07306193272214 77.068277922578645 79.334321481401403 79.124578761749973 86.953582120138137 84.233518281463645 89.940859311479713 92.125852352958887 104.21021398309318 73.80856396097856 72.841831872284487 77.759436839689243 80.568083621358056 86.153388367687839 86.87003806161357 91.007676253490615 104.86951316469643 72.712079940171037 73.945456689528584 73.191919426447555 78.320213187429886 80.829669208152552 85.161333629052095 83.607274813228912 79.730927294055107 70.673924585431621 71.711494391996325 71.452290776506032 72.535362261828354 72.804889745305758 84.404820657037732 76.282861421533497 77.144155091349234 69.672610012721449 70.554335700406241 70.554828081006747 71.564057258184306 71.728531598112696 71.912212596516596 71.978809142069863 76.833941514423614 63.104532778907299 69.519819240089831 69.585462852815112 70.603335828746864 69.770010946487417 70.780722925986325 74.382276080753854 73.12536810473658 63.363029751598859 66.137774262157734 68.356181437514209 70.759801478705626 71.963830384649398 73.306367560783002 74.079324017680335 75.129223667190118 68.108955972427296 69.536729272624882 70.399335944120722 72.178159849299149 74.64456929213577 72.921923224943313 74.123263668098247 83.771292397488295 71.641776502825707 69.124324794891166 73.305519840667984 73.230192361084306 75.465781655197503 75.754304076160054 84.20980218084577 85.464026032729763 72.181602916150553 72.194855537655627 74.248216623706952 76.624374495628672 76.572862518559177 77.783145664592922 85.213727789408566 86.998319706850268 73.329349048562804 75.303139529434247 74.542204389418089 77.605264231002792 78.543329798617961 79.85701506607451 84.933068078266629 86.285446300195218 73.050725288651364 76.411670203144496 75.740236475660907 78.821946878514666 79.453423744894437 85.895679262415598 87.146164999766981 86.747694345076681 75.039832758312315 76.507964790967279 77.066397228258339 85.347788401757114 85.943612870683395 88.909800347401287 88.982133277828012 92.683875545089677 77.799154596681362 79.988138522433601 78.314150604496817 86.328264561697381 88.520047701245332 89.243669474053917 92.167932067690572 96.565462597440956 78.896315631717073 78.832000087134034 86.860141330823353 87.446619798128452 89.063409498972391 89.69030354688843 90.037179899709457 106.98916793288858 80.307787698994375 79.60439591966103 84.434126798565529 86.366679331551197 89.442936562929262 90.833684474007569 94.568213080015553 94.679318128317504 83.300759173515047 85.2028393045331 85.275582295224297 87.369427499103466 90.52128238997534 90.079147078842439 91.128297482417224 95.855763567759396 86.218620448022946 87.057674999852608 88.171385200745334 88.996966658750523 90.143887010283379 91.606191919504084 92.483324931473916 93.815662579038985 84.322569988599426 86.32221265440981 87.388062841615294 89.309853303020404 90.656433530516153 91.289031757471435 93.086477265336342 93.548704147084905 86.886230031586479 87.95869085845446 88.649389076065475 89.938351116001883 91.049306088484641 91.90519329149933 93.437753683912945 94.257515285734726 87.088886472407694 87.553864972950464 89.280454773365292 90.439153012255531 91.71071671381425 92.305883092007676 93.407032609996136 94.55192215961101 87.400320556365173 88.230611180366353 89.781602264074976 90.926490596596608 91.62795582462735 92.689252208959715 93.74462232888375 94.48856120772723 86.889029682493586 88.592529195797951 89.229081785294284 90.336960269761747 91.50821677509397 92.802683326454968 93.851316747118503 94.761614542976844


# name: v
# type: matrix
# rows: 2
# columns: 320
 -1.6646209631253779 -0.71819810398406725 -0.94005101369348376 -2.3617106020879088 -1.0669320740851114 -1.9771949170145031 -0.22515828080036174 -2.1848560259870178 -0.29386124903353206 -0.65160113012679566 -0.72248255001227757 -2.5750246282268274 -1.5348960975578647 -2.3495804434233665 0.70984508867109608 1.2087532176229516 -0.23973344480125836 -2.6898865523864663 -1.6137300406227688 -0.53165921919938852 -2.3361933368873484 2.1585102224972035 -1.6211466697636754 2.0635903204578114 -1.2117728580979161 0.18963793975630527 1.8301785780595221 3.5318820925328098 1.6759321098176194 1.4569563356812021 -1.6950861997241506 2.1933055768815244 -0.1371731482088073 -0.90766308280690478 0.85392450019859656 2.7129549043321357 1.4098952602663386 2.6539816706378425 2.3149048002744994 -0.46066870140176497 -0.19900507421615243 3.6950863738632238 0.88207056942510975 -1.1840433030399171 1.6912813444814152 -1.5909132758827933 1.5876144408659658 3.9739265879004071 1.8303460023689924 0.97171953659790744 2.6189384275520231 -0.46260008794649016 -0.3490649333807645 0.22586997099843081 1.1691535323353388 2.6016284680616906 0.75279549289217795 0.98496767812866526 2.8700991145319352 0.46633990882147341 3.6160388597733477 1.8240289366606741 3.8205284365816268 1.9844079070636764 -3.7277409523173701 -2.9754498592396303 0.46276211324635314 -1.1268322902034023 -1.9185797802514253 0.19497731502443075 -1.5348394146847848 -4.8083481724781443 -1.6955544071546149 0.57161663401936436 -2.0397701300670938 -1.6124082217390465 -1.4194507491638859 -1.919032799819141 -1.1708545974359366 -0.92543873129810006 -1.8057701902274694 -0.9410983313613005 -2.24146259201805 -0.3664494759312813 -0.9954261890764865 0.27372644295548276 -1.1610062605228122 -4.1998897541451274 -1.7493774553936661 0.40226141036566143 -1.2891082356872217 -2.9025000786968334 -2.9272556894753916 0.22786569769594434 -2.0627404375254725 -3.9798009346392256 -0.21921274205061242 1.1100008068331004 -0.56460931117912305 -3.0701809552873751 1.0720751170442342 -2.0565061186157241 -2.2718494300220367 -2.6165041010292742 -2.1333348832819978 -0.74078181101174734 -2.5153390233086639 -1.508876353156652 -3.8939976010215092 1.4048503402566508 -2.7563404631618642 -1.3435231655108948 -0.91284808284512475 -3.6982213472054681 1.4078380420175238 0.018577486619203852 -1.5019161491251316 -1.1916852538850613 -3.2348254484606431 -0.24471533045945471 0.33381996366828354 -0.069061771840323943 -1.027564670043472 -0.62701521226566492 -1.2022042891740856 -3.5954191638031676 -1.6587836246942695 -1.5380778316841703 -0.68796362404538625 -0.23611289514931155 -0.90467289897361447 -0.062644790735425726 -0.85243875149103143 -1.5005718026246959 -2.1167076789128552 -4.1501840455271406 -2.9568004502493572 -1.5453308355347974 -2.9876676413327274 -1.0561493534914785 1.072193047490984 -2.4503874629365221 -0.40222554584052927 -3.9613523672215867 1.049500136065127 -1.612517699928534 0.87915118337977582 -1.3910174707146341 1.0868307410427906 -3.8934711384670511 -1.0573564870415826 -3.5092564354539357 0.9975334375330962 0.16346659265202348 -2.1436500625826569 -2.4591814419627744 -2.6952852140562729 1.0626619902526648 -2.4682251495309977 2.5036227723924673 1.2068577829797251 -1.5215863471714199 -2.5563747222405264 -0.28156812325801528 -2.273690476336014 -3.6964665279695668 0.2334027815734934 0.15051584991970571 -3.448387505371723 -1.7126047926782888 -2.0063062190587879 -1.3485741887271911 -2.6799764268997119 2.9533415589210903 -0.31328063420748459 -0.10552403116327122 -1.4246853653939331 -1.8534515664426743 -2.6743618852208266 -0.096990810884180975 -2.0126127908531264 -0.19451605337805972 -2.863681220669132 -0.023029519171404639 0.69323231340870217 1.9063454546835059 2.3949680391123001 -2.6586392484813492 1.4317028733721719 -2.2828206542506879 -2.3558690451468216 1.3174007822926939 1.121038983215157 -0.33660328563585329 0.55617856840703517 -2.2422111354904715 0.064277522296813244 3.9740980939428385 0.31077794514871965 -0.26553877919601565 1.7156577441034 4.051594693786905 -1.306730062385143 -0.29400999460423843 2.2424122331160419 0.20832918715371945 0.63340924415934419 0.11063368863702477 1.5187848235263246 -0.78566902520633819 2.1206301021469072 1.5814411756801101 -2.1761409858632836 -0.057506342510531695 2.1146428396696084 3.5004939041059968 -0.49801528004594953 -1.8125864477799367 -0.0033965531766756776 -0.24663043321678307 -0.52822629474891003 -0.38534928917885591 2.2676117337111754 3.0385241065030533 2.0381712521753403 0.51453522053325307 1.7200756149378753 0.73083524242177389 -0.23064158104221358 0.80688084458527043 -0.29546529286793327 -0.73269666732408234 2.4960474671270951 -1.9691971486592328 -1.637626183334107 0.39669317811654936 1.3267120147379019 1.291775643153261 2.0396994186547057 -0.410469780259685 -0.1140883198962922 0.23526732365598624 -1.0531810272070159 0.32150582610103046 1.2959697195612301 1.3340579882233747 1.6862324704494296 2.7925806798384372 2.2020468767217958 1.0542523194420599 1.4373252982271962 2.7405041871059188 0.027716500331324667 0.97822762126354357 -0.33144466524420318 -1.1396072695747648 2.1068961331640241 1.2911296763420932 2.7198585656396514 2.8396149465976142 4.1435817996129689 -0.094691330049438652 -0.28205239074078664 3.1913720033976345 1.5666631429773135 0.90471582551510643 1.7239881325780202 1.6940355865271248 0.29450674961905571 3.6625786448682009 -0.069347951457920096 0.74947525296920303 1.3345650742450708 2.3663234690756103 1.2893504911305111 0.5471708034114694 3.1999958957385077 -0.047173418683468957 -0.9396053006198718 -0.63832672498704135 -1.017904531659491 1.6772482255869159 0.37617291675700343 1.9072975955458866 0.95437737669147538 1.0139218905653002 1.5549648256269022 1.4943464282696546 1.2382101539911248 2.3839639189409514 -0.31296689162599389 1.3410456659454173 1.8593756278126792 -0.10790966794412302 1.8749654631727299 1.9428614584982649 4.7137810041226906 3.0007166611849474 3.2603094639288099 3.1819477187667702 3.874022368580599 0.26424641681871963 1.9334788023310756 2.887984844598809 1.5483374327822104 2.5685749567299707 0.09330231082729995 1.808738383703995 1.6256854681299442 1.9338883562908247 -2.4081599877258655 -0.11666701419762093 1.1588261091331997 0.43953288263364393 2.1796402882308801 -0.19277112469858348 1.3619460637632701 0.68971651309458781 0.62578867382351144 1.2804326272626161
 -5.6453204888632458 -3.7634678452724066 0.90087902526555463 3.1959294126884794 -1.5069393295434039 -0.87061555960336012 2.8400650445450637 0.29108599795669898 -3.3681470042146455 -4.1715022100750296 -2.4509285410328734 -2.3396759715955984 -2.4104528739924773 -0.74672049648773664 0.45595431594342783 -0.65707161400319647 -8.0732711224616605 -7.7655104579568039 -1.2850747119702766 -4.8023421982659764 -2.4517219801139167 -0.74640038797863784 -1.3200543553289648 -4.8282104979779721 -2.4699325845228359 -1.9360448762617062 -2.4433661426929429 -0.76294389150788111 -3.1560942356706612 0.011786912313204875 -3.4284634538035501 -0.20015884957643745 -1.2607174274219508 -4.4923960819225783 0.05675623051353465 -0.47984850964814679 -2.7265439121569068 -2.3782204210324638 -2.7346300288565071 -3.9428480236711199 -3.1509456599876589 -0.72632811525689345 -5.0668253548245676 -1.8544511100867553 -2.7087266406600827 -3.5707056935183967 -0.78210397921159946 -0.61226242663551944 -3.7253977274937764 -2.8372848837605531 -0.74404334797573046 -3.441162396032984 -4.2506120848159421 -1.1838992577516345 -0.22435253195898464 -0.54114250152727228 1.247650139856151 -4.6265516169060934 -1.3554704383050469 -0.9227980090608775 1.5806374506189866 0.60982749794312019 0.43682885140922811 -1.0229053863068618 -1.3009726353746642 1.3766501537303113 -0.43844937420075786 -1.4542005049278786 0.60737832731565367 -1.6785211338535619 0.28040111098664866 1.2975106343904557 -1.5570497120164632 -0.43029030382717026 -1.2742172229629156 -1.4462541982790331 -3.3081260514949515 -2.2516264198454889 -1.1474539404788091 -0.12708782574417277 2.876241444335526 -0.17124629441107672 0.047970821522705515 -1.9414108860682198 -1.2398185974672049 0.98089212844028217 -0.45702274737403459 -0.19164862570881552 1.0960591886009943 1.016925493287026 -2.4715772067143464 -1.6935864693634057 -0.40770153401418485 0.2154915157134917 -1.9018888534431166 1.4725532550304248 0.3661174194621663 -0.8816565539325304 -0.66590806185007045 -1.7515079342125452 1.2090477421078958 -1.2812033036057993 -1.1988755904136437 0.90365166560550803 -2.0120828838495086 -2.6044964462132678 0.40141643578156705 0.86910531568069038 0.068764242425572747 -1.9079492051869464 2.5445130953796791 -0.59504161333042593 -4.2411890469760092 -2.1154669115367897 -0.7684308246340108 -0.22915696280713954 0.69901792995823864 -0.39318714477253275 -1.8617835427061571 -1.3724144467589479 -1.6032081050103739 -2.7547479424720525 -1.2060522867319754 2.8811715692667352 -2.5214500339414472 -1.14110574705685 1.3820528371949035 0.75525186513988674 -1.0979362700974731 -1.1566736616336568 -1.8874066220786307 -2.1855570722047197 -1.7681302181598577 -1.4697778989222758 -1.7071426330881156 5.4029632591167491 -3.003167742736395 -0.8257460873980339 -1.2263338795059116 -2.5400714143280871 -5.2169068828167688 -0.13599060330682422 -2.6083186590459286 2.8417939968069974 -3.5139481537939314 -5.1161405314647004 -2.6500467901426612 -3.2613019290941923 -1.5970886430759195 -1.4786575727133318 -3.9899887122515332 2.9380867178924559 -2.0417105894937988 -6.8270053033022444 -4.1861389844020307 -2.0046592787376438 -0.0096436610481011511 -1.6405110433787473 -3.9536171675313101 -7.3015864476228414 -4.111871074302103 -3.824145403612063 -4.4527460506672956 -5.3712316364209567 -7.0050344347377518 -0.45609061887849034 -8.0034571209558116 -5.1625360220303298 -6.0271052477043563 -3.968850783803989 -4.8970399724741664 -5.7299533482184462 -5.3984057554146201 -4.4010154194273436 -5.8726732414162583 -4.9121360329255435 -6.4048168175991353 -5.0306196332493496 -6.0106869573380175 -5.4608489623705507 -6.8140341826356323 -6.9116015510667319 -5.6573153208616258 -5.7789783625015732 -8.1934097915917494 -5.9957003488919911 -6.0451046540236897 -4.7855124536446985 -5.667675638554174 -5.8057364086799828 -7.1414091507818629 -7.5721872867167601 -6.2401403271150748 -3.4572736585136017 -3.7445740995239856 -4.1018843180510585 -5.8064152605339405 -6.1054252481674185 -6.2194720925550842 -2.3153301053803617 -4.5710513655343696 -4.9589044620668403 -4.2242287590784864 -5.4810519714469876 -3.9822715471226702 -5.5470701030401868 -3.5613283658901214 -2.6766080417757294 -3.7587624344936472 -4.7430692476083847 -4.2378288745169268 -4.7999773505196535 -7.1708871979223083 -2.52146640365673 -1.8770304777507465 -3.3142557584775294 -2.6229726266622313 -5.158893374375574 -5.9022693757405049 -4.0016648125045169 -4.8206947675843566 -2.588570619874667 -1.7040116985731919 -1.0990523850802008 -5.2381739794619211 -1.9259793748631096 -4.1040162991817892 -2.9725997848059613 -3.6179888496650965 -1.5978181566838168 -3.5489169901806572 -3.4980388182339395 -5.6016546736217743 -4.588232198151883 -6.0922020105707935 -2.7900761279133439 -1.6911601979761786 0.048946307008162389 -1.0395294893260441 -2.0229954891616213 -2.0797776230459437 -4.5947780210485831 -5.8234656887305745 -1.0621780828691358 -0.21365356650836476 -0.82589359643546501 -0.69696747657587632 -1.5044462235755407 -0.37440340363427521 -3.7307507031086904 -1.4906643707213396 0.18903387480870842 0.42127184071676194 1.0060402558651296 -2.4053330863879481 4.0361142509800016 -3.078247365287619 -0.58944854365380062 0.076149585532050812 -0.3751429827803508 1.3595418917976698 1.3123154459628437 0.32167742637246927 -1.847917670188215 0.05254438038048484 2.5249800386970978 -1.1768753796090896 -0.44573946796433972 -0.44231087834456639 -2.0007244908326887 0.28338450257451842 2.0083019045948398 -1.1591752860805813 -2.6191378717887894 -2.2967478680120843 0.10082579403769229 -1.4931048989862061 -0.63991590787882369 -1.4658812963380554 -2.1532779889477154 -1.3050954167443272 -4.7710519616727867 -0.1287902693680289 0.64763613109862372 -1.0902709438490548 -0.1934556159126074 -3.0225431632738613 2.3969578480278559 -0.8538301172591316 -0.20015348125468957 -0.00049574176404151848 -1.6626810105961702 0.6933178212564628 -2.4081736312406186 0.22792169708574814 3.4755392150172262 -1.1569839982288914 -1.086987346912472 1.3562094545883261 -2.1695404586107085 0.069242702687254465 -0.0021636359550306159 -3.5184738947709295 0.069769944951999938 0.91008170038653524 1.2116793645176116 0.057901595866041586 -1.62760988280787 0.2577636372695214 0.77637567010921615 -3.4472944805823826 1.7455845465884432 -1.1909498240572998 0.33410183406342192 1.6351536804924756 -1.2666094287603114 -1.7496728776087889 -0.9741326215692192 -0.95772078125491855 -0.376056768882644




