# Created by Octave 5.2.0, Fri Apr 02 16:03:16 2021 CEST <br1@br1>
# name: ptcls
# type: scalar struct
# ndims: 2
 1 1
# length: 2
# name: x
# type: matrix
# rows: 2
# columns: 320
 120.4728024446741 112.64229922706575 111.00207721637204 109.42955405941474 115.95067336616377 118.25295537007914 108.14392519745488 112.6502274637713 121.52619031347106 117.85819560860544 117.39897906888035 112.68652000666752 117.27003043277307 118.38151612778802 119.04844408613792 119.91581466130617 122.87265394961199 120.53583373075541 115.45308347044335 114.74362730065519 116.26306164088547 129.63824486241549 118.68873116917457 131.36115921362804 126.94865837907945 123.67723313453237 129.31141961803135 127.19979048280146 128.66490107704939 133.01331760986804 130.58658316534715 132.43162193792745 126.68692844601746 124.43851804187683 127.9777303715547 129.47182362031657 129.23467702756517 133.69426707831093 131.81271071852586 130.64253918432874 128.92058760643627 129.73450129295782 130.33441974414418 129.8836554855163 130.60926296482324 132.18869592924537 137.67723352267541 135.55641864566428 131.3331035203415 130.11779616335525 130.72807475581249 131.56824741304922 132.63192748864239 131.81564845972724 136.90457736808119 140.75262139389741 133.67239141644444 132.69877485282316 140.33535833030481 136.11133418769282 138.88234246835074 138.38999777773873 139.79362169999376 139.89293951926075 104.19289208430379 105.14142205965317 104.18975906331593 101.14121809161495 102.63198789462723 101.4836049580947 101.43797048280365 90.931038159572893 106.26541305517071 105.17951820158576 104.34300904388144 103.19310244339782 103.6022506534093 102.66397293348425 102.13653305112942 101.11117955279342 108.76367933887016 106.39844276601521 105.37531364143402 104.3062042267526 104.4773957899003 103.50709300127419 103.47801917019275 102.25858002432595 107.40486302688805 107.52498899089289 106.41536073059936 105.1458443019901 105.43460922216488 104.46583925838586 104.41978733465251 103.26015037329103 109.56102454435236 111.57340984314638 108.49794661084584 106.23786804139688 106.50402575692081 105.63723641518733 106.85680469417157 104.04850468739269 111.14300087596114 111.99143149993385 110.86121090396304 107.30649694068279 108.39555923449169 107.50535541544487 107.86017338532942 107.11428290043247 112.73906432504837 111.7059893817824 112.76476486274352 109.54096335970048 108.02245018403032 108.59773297134211 108.91288668670951 108.29451312397339 112.67154086987192 113.88007934233958 113.09200777233885 110.43401870100217 108.98589435956279 109.54193765464902 109.68242229049969 110.09965649801221 111.29586717972124 112.1111424746541 113.26143188008008 113.88876969721852 110.29371887854374 109.4040156597205 111.01699996268104 105.77448006967015 109.95333139774966 111.6432048553326 112.85343795963311 113.95447260803613 115.35127786720727 111.54505990803716 110.75209346664124 108.24693969600339 115.28885632974283 114.03948757434954 111.1794828070378 113.59224857858868 114.88614892732414 112.38477120156629 111.92623405056013 106.6339181884881 115.58469061069722 114.26364652845106 116.27952996278357 112.35569158346588 113.53720546311062 114.94277049786899 117.2464810608403 122.06600751805954 113.99274835081093 114.93246109670741 116.07834630574196 116.78215087399172 117.97774442810896 114.17432405429687 122.63901009121605 121.89153954138001 114.5364798750003 115.29361641793388 116.41386555887482 117.13513711492855 118.1960698434608 119.29758753939278 121.67743710747195 120.70104887578847 122.49128847324563 115.53748388444941 116.84813182192869 117.44535124582859 117.93696390571142 120.46290299676835 120.16387546337465 120.3861243763171 121.3058439499099 128.67301771139182 129.47900217117294 118.57547903907697 126.39267724347054 121.17699644532904 122.4067601078858 121.28806084444786 130.47073871250589 129.56800991851165 129.08321319929763 127.51379533512845 129.36423372767541 126.74823730140388 126.70554652604666 124.89666448426915 128.57376615086758 130.95835544873231 128.94535606036445 127.87260867723627 129.65287832116005 128.66209365854408 127.89841838691677 128.04607365177259 131.25331662699728 129.80703904910396 130.41526398505482 130.33009822836152 129.00806690172678 129.39877778549885 129.00919178208213 132.10503417497193 131.60346370039827 131.13000323609492 132.27774421101984 130.91280939120688 130.09452000343668 132.25697069454611 130.66777796056803 131.24877961465617 130.11441482830017 133.31571409719277 132.10980039834757 131.2156593334289 132.46678675594373 132.47134729816676 134.2299628393958 133.31582068848346 135.58574847835351 132.91896960636123 131.6126995493504 133.5718360152178 134.60508968323776 138.11726058208131 134.78040521706401 141.11235669583183 134.7477416325502 133.37213572790154 132.1129016500324 137.50976890613634 139.15314219076373 137.02537331280647 139.20248137495113 140.80843926907889 134.63120143792639 133.59894716523061 138.40023459367237 139.23778179736524 140.14170999273207 139.06093828970495 137.6787567265182 132.60474366503078 139.28376003259123 140.42362612082914 138.01647115731811 139.5506645770221 141.22763348167993 138.60846316406403 141.0089994788442 141.91594753738471 140.69444247087083 140.80491009538574 139.63482092931301 140.4580312071661 141.03575056160517 140.0929673711149 139.82415970062857 141.73024451019049 140.73016302443872 141.49472149405881 141.27862979789603 142.37845635086788 142.11707250379999 140.70903220595466 141.8220705290334 140.11611665798671 139.52165492890001 142.28231503640257 142.31722063091209 143.22730992228983 142.91941580247084 141.93412449776662 142.71067778930674 142.12143052455184 143.25149690869711 143.36508533953409 144.13493301765794 144.11278368451141 143.84863041056605 142.8542630057984 143.47794381649703 143.42525851876673 145.48918422124225 144.36773243679275 145.17133513549507 145.02855807391776 144.82747107090177 143.83011073215056 145.06881613808221 144.69617076191963 146.47817006559822 145.22607851234631 146.19000725077558 145.9074216260727 147.02212327484827 146.10142154131961 145.9333369878434 145.53120061292796 146.69262478160485 146.11590329894671 147.36496516897097 147.30997675150118 148.25212440766057 147.87459337921746 147.24777610496128 146.68548524668401
 75.508366348259798 87.37861435573366 92.630102530981844 109.43589097110316 89.967825171813388 96.206983378006981 107.026422380518 99.821391539604818 71.891734840870583 78.937280490411425 88.456285258666014 88.580879903951299 95.472331439955468 95.07875183306308 97.11103511288195 96.138638764334573 70.69984723000654 74.43044237416008 87.709168762738656 81.505191035307945 88.867578276117257 91.793466644824193 94.089017817444557 91.436637223430964 83.526295246288356 86.827448930677505 85.656568525336255 91.486817771743702 91.19666301367792 90.144931512289844 90.118291909156895 91.23624422181048 84.84017195448628 80.875178143267036 88.35525534744643 90.004936557280956 88.760142720256397 88.477099176405645 92.434491828945397 92.535237880062581 84.536703589594808 86.795905655849964 85.890500196229667 87.951429384665872 88.886375929818243 89.262552372891776 96.400489126275218 97.171753905321879 86.163583560456757 84.314153345565387 87.148187710080649 88.203181920392538 86.38102481376194 87.087189611796518 97.227096428166462 96.548925284250529 86.941762107472869 87.749660315670951 92.136815771781414 96.20430155667205 96.709373783015181 95.591847591791449 97.211762992094393 95.882894019387251 85.192510988685726 85.732607901255108 86.93747141759998 87.556025322232557 89.236679735828957 89.41444002036225 90.577950282810207 99.201428938045765 86.629146929131323 87.325830224843102 87.977396021384976 88.046835399671266 90.014426539117707 90.558921167452169 91.493747758515184 91.65969221539433 87.347903673938831 88.084440880755281 88.634876494326861 89.051744179614204 90.742863332048472 91.210231283994361 92.358449864842328 92.583288076509788 87.758212212352745 88.817769430468701 89.207538052948195 89.867513087101869 91.16199526706842 91.883364068542519 93.056101892888279 93.372635165986807 86.632704970128444 84.988373936776597 88.327286633537597 90.419724806313141 91.489055809445134 92.268461654238365 92.668318492959813 94.116935203011721 80.800037354683582 82.719464184857969 86.309668764629933 90.610704482285925 90.906266216367399 91.821167696334541 93.138824191032313 93.974788147768109 80.660225337997829 83.867172683087148 84.901215754448529 88.184071299639712 89.820627437023035 92.02636888788733 93.161609324892297 94.186225811337636 79.201570809694189 79.838180381763578 83.458064754928699 87.433300383230602 89.213518834582146 91.325604796868944 92.36284691292505 93.287283463431606 79.276542686729712 81.644297977636725 82.405704949959059 84.082550375720132 89.461072401863476 90.207009675583464 90.442611906212278 108.46624595702161 75.699664675315532 78.212113721063503 77.961592197702643 85.357063880661286 82.404664311000346 88.272673370383444 91.525953730899474 105.96833697703002 70.939121294912781 69.131359582226196 75.479451028296594 78.700025911875798 84.759209307265579 86.179075957654277 89.44888797818875 107.71918899135319 69.583786469025583 70.4371434065378 70.550439950090606 76.76746938973649 81.317042662566777 83.694160444587851 79.997100181505246 74.020870972544998 67.937076808599201 68.466990041933585 68.524971895234572 69.541947126361634 69.385374153603266 82.948201520513408 71.84798757765023 73.04306271541617 66.725525612328497 67.507029060837993 67.378526800345853 68.358775018475811 68.194835718141789 68.121154585352656 68.426621919835299 72.949819173384228 58.812089563340216 66.389494330711571 66.284259106356544 67.293149627248923 66.221773894829468 67.736693287651022 70.012968577723001 68.761073513081342 58.166625671191809 62.24056903537754 65.437135225042454 67.153514976724338 68.142240601227442 69.513838481509907 69.691371727086334 70.597377980203888 65.000919967092344 66.526588259628525 67.521160572176967 68.072774539226344 71.208866977923748 69.193106563296993 70.397102763635033 81.923055232703831 68.632085789372539 65.987724233606514 70.066239089329855 70.384404543111685 72.335479671168272 72.092482537893986 82.670891603722481 83.896408811069975 70.155049748763247 68.590795191501854 71.607603862455093 73.171558684669961 73.275905897410496 74.989029092025433 83.286477766836811 85.359908312868399 71.200898402616971 72.432639557670299 72.05169376621555 74.867736437001611 75.846507741532747 77.372835776492636 83.352325143781442 84.324872489750419 70.197786309976692 75.295234351641525 73.05609052543079 76.116470411487995 76.304587002277401 84.260625663317583 85.569771540619499 85.18015154514903 71.774879838739125 74.169886350818146 73.968060180630459 84.107909831084527 84.37630020971055 88.848574576343992 89.174848168482399 92.970474697359208 75.781301395551836 77.534743536095348 74.966939011817828 86.320530817158556 88.281377930632246 89.161346645180302 91.476353624854326 95.299229718948013 76.891612313224229 76.348653106690321 85.545804282253926 87.212534586781089 87.797376071095897 89.36783207015992 89.97266790111874 109.61264219602525 78.754249038031261 78.773932239812197 84.065246216121736 86.117508741859041 88.524595845443912 90.416158254274038 94.054684715509268 94.640959149484132 83.152968140291705 84.458835628073359 84.885017364776402 86.698776731805282 90.088866728670041 89.405924196848588 90.435429541303975 95.989185084394762 85.661857342491075 86.371905300854849 87.46199209474527 88.636962005607671 89.636261667461881 91.082317948325766 91.794636281726639 93.213453017094494 83.358997247604989 85.695971586911639 87.396647696872563 89.282435566239755 90.338133618953137 90.772440571681841 92.478134340878455 93.382567662474557 86.760508827492458 87.928371173995203 88.783750190006998 89.903737119151543 90.912103111074771 91.453275490295496 93.278784672101551 94.318074620746742 86.947353719699834 87.158956146489032 89.255403122077297 90.396191057673605 91.448146204292954 92.229897684677653 92.809092871646172 93.953056183530137 87.686457364091979 87.969457781818846 89.988994837872127 91.103465798971442 91.498024948949748 92.166144188287049 93.532619011082488 94.574020463408772 86.39009034361645 88.755221082053225 89.184029892658018 90.401629367673493 91.140803559920627 92.199796991063408 93.131208135735378 94.238036596545371


# name: v
# type: matrix
# rows: 2
# columns: 320
 0.62026707604157738 -3.2615400676797663 1.5578716597219706 -2.3617106020879088 -0.58065511735100905 -0.95296511436452425 -2.3171607220061796 -2.1848560259870178 1.1741638207497767 0.57063783983204053 -0.18468491829573111 0.088521068703042688 0.37790323490353483 -1.1843506084416977 0.20924462126949639 -1.1533451811124469 -1.1835894087736987 -0.17445925542003449 -2.6811923755803289 -4.0750131618881031 -2.2928055903804361 2.0045093186647622 -2.8607067737197283 2.7860164774216778 0.55519144235665063 0.18963793975630527 0.54361446847675721 1.2220441455694995 -1.1188048776985353 2.3568760605606203 2.4185267957684737 0.32534841927190572 -0.46799577107003315 -0.047398564623935199 0.52791514140473139 4.3348718019921462 0.91293379923200269 1.7278237342540648 1.3995292019286252 2.9550670873996814 3.3819714650838946 1.946549543985973 3.0754000649131288 0.07109231614362517 1.300408368107572 0.77778362099955123 1.0698184437013702 2.9782880618171697 1.6433258822142087 0.58844776050387326 0.11779450931797467 1.7286500103098221 -0.64917260034607649 1.7867085617151792 3.8272342706613425 4.0385399825437949 -0.19200473355681058 0.17056939345161495 3.2155793104702797 2.2844545990070917 2.657540948703438 2.9331741478462425 3.2059191127803595 1.1541688871837394 -3.492246999105002 -1.3235301869582736 -2.8859109639936555 -2.8272018362387303 -1.9567645379509804 -1.1758118195702725 -2.2121150277625468 -4.8083481724781443 -1.7073012006523434 -1.7250793499993675 -0.88318382079108226 -2.7016705144737263 -0.35506473566347624 -1.8560847486954382 -1.2972847540942223 -4.0455624814008377 2.5586803139210681 -1.0650394779924157 -1.7576948570694588 -1.3230546049212091 -1.43081933019948 -2.3464081568556416 0.60306419536326705 -1.5104969017884116 -1.0704122813173749 -2.513627036806799 -1.2798508127081698 -1.6780412231908448 -0.71050672568400475 -0.40945169899011807 -1.4409601391878277 -2.1292706060015845 -2.6207595439107267 0.45019562798098905 -1.4582703584975774 -3.4708492566482976 -1.6129506598675039 -0.23022304226201845 -2.4103766467416499 -0.67700234010937421 -0.16747756395560878 -0.34179311589401162 1.8473952530469464 -2.3625017433768205 -1.2910651069192285 1.9690798291606326 0.33146624016589399 0.81542114137595245 -1.70556284621043 -1.3279818808206345 0.68754455712680029 -1.3598901502687968 -2.4737771666195143 -0.86101933280350484 -3.3804369849006024 -2.5930933044018238 -1.8013895410875633 0.17290790926157429 -2.9905800072052124 -0.91357569186729159 -2.5374576339897876 -3.3357470753118368 -2.3959932375115205 0.42088140421804243 1.0527531487427049 -0.046309314692011549 -5.2689767903279146 -1.2040933420218223 -2.7443983111127426 0.040928508554376568 -1.1401120002859217 -2.9207989887976229 -2.5022028063802737 -2.4016017293562508 -1.8977929703621683 -0.70653873626385788 -3.6899927752160941 -0.71499129036976872 -2.7804487036047729 -3.7885279610378806 -1.6820830792263448 -2.6994695055863787 0.040721052264064091 -2.2465592798051697 -0.64396191700638628 -0.18289822927915428 -2.7436649076460928 -2.8194634571613388 1.2281198713080654 0.81469748982991752 0.90089598052057696 -1.3732079673909845 -2.761823335000777 -0.26932175225202981 -2.1101521471246794 -0.25515440096009495 -0.40743960750133928 -2.3786486788766807 0.26177427259750574 0.21839100227289832 -2.1603660118570942 2.850518230294989 0.9190741700528573 -3.1659062491240877 -1.5505316693262816 -2.8582971976233429 -0.52533784037549802 -2.7032552265750924 -1.4136512749408756 -0.40789081426426321 -1.5754954211671235 0.53988707861646945 -0.48306388428102037 -2.5681086213941788 -0.16587402767944434 -3.7392187525223011 -1.5482612555065112 -1.1122964474582275 -1.6839293952600667 2.078498516157909 -0.24838916770421171 1.9063454546835059 2.6896213200316099 -0.67694387833255598 0.11178749872048842 -1.8029165780833891 -1.5804081897803115 -2.0687110296714311 0.31077583269066417 1.363566709561588 -1.2784596404487063 1.8543157694122596 2.2961126274901913 0.68160507899143497 1.6446615220011864 -0.88660124595090961 0.79068954703420546 2.7804161993857526 1.268943545030834 -0.91289162266446333 -0.32346996546050133 2.7378168755936798 -0.99939011526989363 1.5876359400164979 -0.24794010482651216 1.3712750024479123 -1.5367506889376836 0.94936166624376339 0.66927922295693465 2.7666569168668582 0.9141403594213986 1.8596728057589633 0.4227089075751817 1.4930052122669999 1.5346959227212236 0.61221697741543302 -2.5883023252119912 3.0865525471433628 -1.511832572420428 2.7020707037995879 -0.98420243594746448 -0.93547590232122757 1.6261681314240175 -1.1428602044505709 -2.3990854494563205 0.10602412931707461 1.091249206282527 -0.085755107490577243 2.2728166734052841 -2.1649460187069054 -0.90972663301452361 0.84447768709038029 1.7108181687578243 1.3795072472155676 0.7913121853675581 0.9652616569192336 2.1248271959101617 -2.1030543337103014 0.81791766617389161 2.5776405183743978 3.7962814704823349 -0.09309770701269475 1.8198431545705862 0.66431705838860389 0.85477066375547184 -3.0000859950514358 0.65156396826586105 3.3001318853553725 0.47848072091491262 4.4440981557922559 -1.2298754917991794 -1.1396072695747648 2.8698107104153383 0.52821509909078534 -0.41776659405550298 1.8659034367808727 2.1782416717796731 0.72414649937498365 1.1294159427475172 -0.21243904240853637 0.68645674874365026 1.2824758872029416 1.0442704634899509 0.067579636390351805 2.3749301744456761 4.4586536019897309 2.9444370737578951 1.6920783432997 3.2272725807612264 3.2168910497482943 3.3823184417505274 1.4004005495630429 2.7269003265872755 1.8471977727517597 -0.11417255419670327 1.9124634751930445 1.1680950171738758 0.62427363969408212 3.1451909251015771 0.77382264850743254 0.88691203144448838 0.89821150582144182 2.3917535341789411 2.8673652260827955 1.1707239521005375 0.67199319689590675 1.1792233895077397 0.63615469720569717 1.4238085216236196 2.5034725334359971 -0.058764804116956421 0.38305688920867614 1.1366557213871507 1.698422353803978 -0.24363065724527871 0.72118172470179776 -0.40810389866630925 0.51091087608688712 -1.7615208528394501 -0.33655248976163499 -0.79016472321335274 1.0506282505808806 0.98297926002325775 2.7952459940419803 -1.0052103761903459 1.0590715944249243 1.2176746844715727 1.4474299425825192 -0.54403497170938853 -0.205260470041564 2.0353826968178605 -0.067928846587876887 1.072883777762035 2.7960137545148522 2.8118236710551163 1.8971871655569459
 -5.703708508490223 -3.376292730098243 -0.93517466068955923 3.1959294126884794 -1.9714581956181352 -1.8202772474428757 4.330893815707058 0.29108599795669898 -6.5531525195355247 -6.2030292567422034 -1.323719560057304 -2.5965863734256369 -1.7666464449810764 -0.48198521348795853 -0.10332347037239031 -1.6624884710287251 -7.6412674697433483 -6.4643882674618478 -2.1791433975599608 -3.3137959969727935 -2.2203434094250687 -1.3293151747810692 0.28576026384071629 -5.0665666325174872 -1.429547371140748 -1.9360448762617062 -4.7151325398727995 -1.5511048683032842 -0.63699900075072091 -2.2816239471168571 -1.7065410421359566 -3.2368551142093653 -2.3963187636087584 -4.8836237263470856 -1.777102450119497 -3.1039286215346524 -2.3409213610167869 -2.7593159759001664 -3.4969830638714288 -1.9065128633333661 -1.0516867531019325 -0.90566714401897075 -2.817869257030797 -3.0468500583151927 -4.8187288494456801 -2.3918587416686998 1.2154548061233983 -0.22938888897467938 -4.0538015147615161 -3.8600635899254421 -3.4795647206062736 -1.6210609873242119 -0.97354995408889944 -0.95989307115793243 -2.7335455272683431 -2.3965030044137272 -3.281544302775961 -0.96533822846521045 1.9293491204827202 -0.45080150770183675 3.5176046824484453 -0.43843666447785912 -1.5457674736762841 -0.32197925487515477 0.7910903531421184 -1.0132682278840746 -2.2734483001738162 -1.1388655509164045 -1.5719772807460104 0.1290011224883999 -1.1845776786584354 1.2975106343904557 -0.037889815951931263 -0.84364818046200318 0.80974051759784127 -0.40506060435581348 -0.81189034053836229 0.69140920488867064 -2.25088232810258 -2.0039260171427107 2.6372265129817651 -0.31809075339712384 0.14636334401492396 -0.88478485002131768 -2.6612142008590625 -1.0900206988827073 -3.2265167878027725 -0.10891234699204304 -0.85757132443004225 -2.1608058444076401 1.0268087836203736 -0.92414602314562599 -0.025053540853607691 1.1022915660255044 -2.4077304767766869 -2.213125107857719 -1.4502929292416864 -2.0524993066313573 -4.3757004769640595 -1.2926026081843405 0.90251550160363658 -0.041215890467385233 -1.4627368256027216 -1.7704060499785992 -3.1716972889148232 -1.3879718054368726 1.9660757112529033 -1.6559816992727114 -1.7044979940659328 -1.0335818098545351 0.75701082883752502 0.62115294761546302 -0.11110418041211248 -3.967170359677056 0.1250339577979957 -1.9945071077885039 0.7428695509091906 1.5434286929724887 -0.3872459137639741 -0.43151198837427807 -1.3096749767917737 -1.9242599535265019 -2.2253689567768484 1.3884554602327228 1.4138469918669079 -0.72328400220590494 -0.17616434059905473 1.625957895576466 -0.71150941865524941 -1.3508006810339908 -1.4186833255250841 -2.1434026507178099 0.28105210473061171 1.000812381903843 -0.47533059973115643 2.3245729613008312 -1.7032025909857789 -0.033281532466301902 -1.095716135771007 -1.8528399402311888 -1.9296936320990936 -3.2058025245476647 -1.0543592595046787 1.9515721916391671 -4.7189746554431871 -4.7915951348863146 -3.6821828485170731 -1.5817258966761483 -1.5191566205931368 -1.3525214886562877 -2.3777538193842109 5.415870049714206 -8.5244600164425766 -5.2608174134081347 -4.5233924460277359 -2.1998001118243509 -2.0380337737708962 -0.31917408071807585 -3.141785104250153 -7.7154463067897634 -2.621333782562504 -3.4482183823030619 -5.0204884957991469 -5.4102076597452973 -3.2467003398329606 -3.0208914623035072 -8.8613861817618176 -7.4618913795553947 -3.5373255970414914 -5.2938841820931488 -3.7139962264742525 -4.0901711917997803 -6.5455402550784996 -5.2597873334546543 -4.1359321330511536 -6.5009079057732722 -6.6999497285630456 -6.3317415302058873 -5.6952394347121507 -3.7997642988523248 -4.4092128128337666 -4.2899602591809192 -5.4524606902039032 -6.4692364807990987 -7.8982768806278321 -5.9957003488919911 -3.1301538084405895 -6.9156103041307304 -4.8992909177606698 -6.7668631799540231 -5.6888420950880096 -7.0820060270178278 -4.3121812933103998 -5.8298859728875998 -4.7355655321083487 -6.0690747186378005 -4.2980371252984204 -4.2274986224817139 -7.4105315132563137 -1.8226217653989265 -4.6448008422976512 -5.1263235041683641 -5.3136509694762033 -8.2096007389556576 -5.2043848352310942 -3.2381273067288303 -2.7775952258852667 -2.6652355567113575 -2.0744984139166807 -4.5258866970926643 -3.3519968428499132 -6.1179360814090682 -4.9898766384912907 -4.42418624415932 -1.4154220444586243 -2.1258884770315123 -5.4292821267934448 -5.689302023256408 -3.6611650927741666 -5.6865079962339156 -4.0161798169364724 -5.1951163476562838 -1.849629837236259 -2.7551381627542262 -3.1070699950587364 -6.2738765687855347 -2.7148630907547622 -2.5492318300173564 -2.0012917090806144 -1.3330602273941801 -2.0747562023262063 -2.6510862396157604 -4.9553758204151475 -0.88441891410908102 -4.9928243390750229 -2.1283188474218488 -0.45512162586360599 0.17174179923012173 -0.4240029088753865 -1.1061778703934859 -2.070356130063046 -4.3963772090473743 -5.9743254795218368 0.29374473987953426 -0.80749485640110175 -1.4619401346961816 0.1722883399206587 -5.1137830949551004 -3.1831809441950094 -4.3093891479446516 -3.7552724851303325 -1.7315373477599949 -2.3757360785098043 1.2260961768734002 0.45139304154782811 4.0361142509800016 -2.4805566621590498 -1.1871392467823663 0.25089358653684485 -0.33155838848037139 0.051434935275624538 -1.4795645111188813 -0.38227295014765145 0.31970807809391677 1.621841112097129 -1.1207980529455122 1.3983911499613866 -0.4269390052293785 -1.0977684812816852 -1.3312560791867878 -2.2142321675092274 0.56842296485883526 -3.5969620289434907 -3.1517980996687842 -0.0085334369409186261 -0.59864911673979593 -1.7867707231803691 -1.4256792621490919 -0.93253892718201892 1.5515947282214855 -1.2147786975454256 -1.5830904061546509 -1.1451097864705171 -1.6148987693397228 -0.1675869986211985 -1.4524021269693814 -1.5526002004519051 2.7815161999904707 0.22839101223200134 0.50909014650904183 0.715500882839056 -1.8419427019418722 0.021239131165103897 0.68537258249286415 0.93289210552790602 -3.0258389377546404 1.3507048537365725 -2.1995969898987218 -0.50362113528765207 -0.56439051273253238 -1.485478234262229 0.68866530845361595 -2.384276762103811 1.2897856082787624 -0.19433039498454649 2.4423454456342251 -1.205897465385017 -3.6824678758440421 -0.39263520443444277 2.289040609794434 -2.4884897364100986 -0.039739423319884948 1.4967998601882309 0.087869274154197249 1.3114840175537343 -0.31602427344925321 1.5240396889026873 -0.56016548608972361 0.4063634637630017 -0.30524938483203257




