# Created by Octave 5.2.0, Fri Apr 02 16:07:15 2021 CEST <br1@br1>
# name: ptcls
# type: scalar struct
# ndims: 2
 1 1
# length: 2
# name: x
# type: matrix
# rows: 2
# columns: 320
 171.9144349685759 83.739737209695846 83.378580517956109 63.140026258491972 86.968405864776301 105.90235468429837 49.218845418306174 69.827049354400145 66.517032255879869 114.97829823045851 89.679897349649096 84.249046380672496 103.08288622617633 107.37897187175042 106.66193950465227 109.39607866781215 52.99787368052057 81.185880494138871 85.61827252475193 86.70960701492541 88.539989444770271 152.48599884983076 106.44805094618344 154.05459018428675 148.62794396360843 136.34477140138029 150.55445608886825 149.19877326552654 155.80554559217774 154.71038432980654 141.57453708422574 153.19325979172601 149.2682156678558 125.08025943595004 154.08200219766144 151.4159518177886 151.85136411407333 155.14457538155156 155.43592128813503 153.69446019870168 153.31866143918691 156.1119963943957 148.3106676760332 154.39059884020793 150.84238933584615 160.73831528476765 170.01261081276866 168.20578969156878 152.30611469184223 150.14388311201071 142.56898626427852 152.91182969093578 155.80805611381831 151.50249600439193 170.299676408247 171.71429837426311 153.86927522128883 169.06471407968658 171.90324511200865 173.34550167546951 169.00682988695513 170.78160551523879 170.69121006546322 169.02599117710739 73.801174499642769 74.899780288998343 74.483165184227786 50.995092724494867 75.557598014865533 74.83353569355593 73.528040327360429 3.3125860209987552 76.304846899125664 75.157856306433274 75.982584306245556 74.121495816078834 77.184957046588693 75.556690646329955 76.166432833044951 75.054763883049603 82.869626940682608 80.713692691030502 78.054775780957243 76.832608310615541 77.091792336088275 76.795657757366854 78.466739514012289 76.264270087172747 83.488328566429857 81.782436668598393 79.247058354033328 77.749048240552909 78.288053938340923 77.88366963321694 78.09127912257874 78.147925899938514 107.59797833727961 79.756102223688387 82.210903733819592 78.920690447842162 79.090056732431961 79.161856777417853 79.787724246145089 78.85644696721269 86.280113713816661 87.44278175162718 84.417102493879966 79.375325218369085 80.183279539900511 80.335084221315981 79.188837716124283 81.603392671077557 83.611600291279572 85.299440794850725 86.58227442922562 82.576416009837445 80.420457966240122 82.838149590421594 97.322531818280765 79.674161515876506 82.436663629447651 88.462439745967302 84.894300854621761 84.746254317162496 81.396879281334336 80.930710757908173 80.834196576690942 82.320410073413541 116.28054320008548 84.991000629446262 84.419331048161439 85.988120090374167 82.383561869281834 81.258750489723582 84.24182876334045 50.423884120019395 80.349794968120207 81.486572698781501 87.0149544352834 98.821016469248434 87.752382233940139 83.644168038796579 82.044318410673654 46.141145490930313 129.68853732501145 117.94940802445689 52.935281847716539 86.417893621325149 85.094336923682704 88.077172892209845 83.177891262777067 50.83474599391328 183.11247874359236 126.237722360009 133.62899017863674 80.801219423747881 86.059467037803415 86.951585093640972 105.4774890252603 53.350543531427618 118.7994410268045 120.71077442031893 117.1442869363883 112.982364307479 79.958400602351986 83.655927507073173 64.478511973997428 78.872127323326538 117.08253638200785 120.44615628378854 122.99048616418484 80.832839890600383 52.197708353544975 51.70436851910933 94.578427035074839 78.518817739672471 116.04672326842127 106.59255123336946 100.74547042189991 79.287084538318496 98.100522566590556 114.99912333143685 118.59059262610428 95.467132012752884 88.579138169024446 166.25146364655677 136.77136639537969 79.63109211393926 154.20691530250446 65.640105704067295 65.465309978385193 78.442198707513484 137.14216614226328 141.93878979209831 168.44983029316839 156.66376602567811 155.43823398031432 147.54861303595212 120.50118578800968 127.4308049729963 135.6901244345064 135.93297397958685 147.49765781504141 154.36394097243749 153.19539831570324 147.88369887725344 149.1999904594721 151.19682316086232 131.61750378468614 130.98267009927898 149.00806542624372 147.26256427698249 148.07789171108351 126.34116933846451 148.22160857874937 155.09751607190194 148.13112381026968 126.75780146035305 148.7638471098619 128.39304841600355 131.13280086466813 119.8008219125166 152.69524519721963 149.07775335185576 124.06379963565414 132.59112438872725 147.0291673905073 125.91215001797354 182.83405484311965 153.08073817917031 154.12037181635665 150.43967520291261 180.13295527710105 126.04409861175279 147.6254026797468 149.34069908323403 154.71026223778901 165.29840514675558 162.88552921714944 170.52275021850659 145.00261561803993 105.58527124817587 129.04631132946039 166.43852101365502 167.32874756874915 154.99726633299329 168.35611487747198 169.52465420516165 144.58821527444465 133.47832234504943 166.0352636196728 167.60323376777893 167.13013398742302 165.98105223895058 152.23123866238805 110.26844118135259 173.74735684139426 172.56133517834584 114.80174572743414 174.72654909968978 169.94752717796425 168.31043621909348 169.65933250288992 172.78914183673189 164.81162945320651 160.1783427926826 160.86594396690126 169.83202887962986 170.88927472855258 166.33636520301829 167.87135721233889 171.55839071406751 168.86826069231125 173.50224006827057 171.22866488523513 169.17504979531697 170.18775882972872 170.55047257064749 171.47812865615745 167.42094150903412 168.89215041019713 177.61535398033308 174.43440073484376 173.552956519215 172.47977867683824 173.10258513833844 171.47764505458466 171.61013228123403 175.57506450516357 174.22443245127693 173.95415655112052 172.77609751680461 173.30432618542724 172.50681125253328 174.10065078362109 177.95223379202062 175.33819485722728 175.01430453761378 174.84053614222276 173.56139232126256 173.59703941799256 172.37649642285876 176.3724702237364 172.64439116713521 178.66019930690939 176.33785456158725 176.02456500327077 175.45562302869263 179.06885835879228 175.27511176651214 174.69398069346613 166.55176511714177 177.66687261766563 177.26712203360773 176.55607061938366 174.39315481463723 177.41190367814275 177.08539062453059 175.69784264808567 178.53129418862721
 50.132036407114562 63.331774619709549 74.140519965996347 172.07610745977277 53.341986282420983 71.140867971938775 189.37636463270661 105.5266770995798 5.3165597305216785 11.099474862398187 52.871412534717336 75.135907252864911 81.887658831689805 71.242053876139281 73.199515746872365 78.784596701277167 22.403558413723768 8.0536776892920514 56.982738169483419 54.429867347551394 53.326443689957173 43.726744317628857 72.095934316716409 43.439866664922953 41.293539419634101 49.366813237393735 40.923674156673542 64.57111846312263 44.257321679995236 44.39379775556494 49.333946203552237 45.510336650752087 39.075804523284198 28.527348181845269 42.283457006978516 43.83748314705548 42.769282248668098 43.420719995852437 42.394283347875465 44.364429454541771 41.453167434892904 40.376350774040752 39.634180642225338 45.403432785596927 42.933433519626519 37.428716622381053 83.817950879837952 84.078894822694537 41.565866098474736 42.028651148415662 43.168068452241783 42.484412514658075 41.392116214389155 40.407401845058274 84.815141170334428 85.37890169971304 40.513579928644816 43.050196617348902 79.782976120166509 86.825324395621934 84.778473981412191 83.0141848831597 85.891833140345028 83.402545895889077 75.782938584176961 73.6771765294245 76.722228204461928 73.677842118176486 76.48228784672709 75.541703392449548 77.119241169438808 124.63263737209299 72.270751128545413 72.669600126208763 73.379198044251567 74.652945151461012 75.601838298907637 74.450130633055764 75.422170362057713 77.792899983520812 71.993826063343349 72.03663052817403 71.28928538465324 74.478216535731718 73.324813025714008 76.649891675320916 75.507366977430692 77.673543417359056 70.90451176061616 71.935466134480691 71.403955343630116 72.437845130478379 73.490088464846622 74.605178342769477 76.57907933871563 77.707840146422356 72.235424668834597 83.494314737576772 70.898139725537717 72.467122384126398 74.52287730416765 78.310706806539486 75.413974867400071 79.635311303507962 57.839606887223404 47.170238259546991 73.925702665785863 73.44479556397431 74.30343756582667 76.457000295839521 76.445882204664557 76.576027899309778 56.151022977608832 75.275565269864757 56.354121554090291 73.143043724500117 73.17528842663009 76.388709548072313 104.35639687708043 77.400165726710028 55.128953765142391 52.265303573524562 55.838979656864794 72.51752144798462 73.030772857271501 75.497526366439331 77.59855012663968 77.44146960764634 48.25989973090973 54.626443861036535 56.831792769835417 52.795432686037131 74.321313258863782 74.306760379449045 76.142262053488381 189.06312797066499 22.209613714444952 22.298406601895014 46.03106670951766 54.818060397307562 55.429024338280286 72.937400998715077 75.362359934737711 137.56205099665749 17.198592077175487 23.688348239406821 37.342818550290943 45.119452432218566 58.030787330254149 54.370834859369715 75.304285773010534 188.02766746577993 33.540658066323687 19.896676007525791 42.007362645497636 23.320993294103697 55.393771845636984 52.215175666591485 34.628030144015874 21.337613248163546 19.261118251481314 11.507341359262352 1.8301691129234672 26.035592922543515 3.9423729583685767 55.068148995521881 5.359722868078185 3.9077799661790329 28.676996829393659 22.207134516646473 23.9567026464997 2.9971831224695711 20.27107882490472 21.411338072834848 24.109436071080538 2.8476399017753193 28.046110577503772 16.945178295413115 11.038064747617748 1.8345029237293966 0.47170105843759669 9.9971576619475506 0.18889986443010354 11.620238696252953 76.99732432526072 55.294767012031926 6.5275585714204407 2.8774894068706205 1.9348126230655838 6.0600623336574824 4.9137317089952193 0.97909544025964179 7.6206664812929121 11.131732031785829 32.842684266073427 3.3607009547166555 3.9128649534051294 5.8043882363136419 8.862617162441671 66.647799046562128 7.5722146660886915 8.6691903937215375 10.698815031968476 4.1233081050132139 1.4510357307474282 11.845867545660424 37.86016591620173 41.818692188524047 5.7940199350789445 3.5735830716284336 7.4415920075677926 6.9164384047425314 3.7267194300908995 7.6499122179203081 38.455896172197647 39.98337048017455 1.4330066357626019 5.5753012351198574 2.4519386562050611 17.229722683135723 4.8007875871332697 23.372466301135912 40.544765645075799 42.331377595578914 10.914423600490217 4.9706441361442684 4.0109241556005335 4.9382269308049915 13.562441308911945 39.548220590964654 39.551814317909333 39.85952840779067 25.350486241402333 6.4605182976322162 2.5265342212945643 40.425851668124338 41.225893676845608 81.063086305631927 31.778430416510581 81.786269366386946 9.3743868552141976 32.257176521733932 7.3795832848245198 80.725430214661557 81.909286438105127 69.685546138226385 81.247599109979831 81.152354821143973 10.596505660144757 6.0858950067738968 81.895191500493823 80.473348232119591 79.464507197311576 79.709254508451622 46.060973751590659 188.7204815152661 42.583705922498083 43.057635540093607 98.319955229168229 76.948814744009482 78.866662109335138 82.407191642463275 82.582259341966932 84.416496581666721 78.367667777011178 62.224136920415944 66.066518813881501 79.894515933046378 79.481112353499483 83.375176221983438 78.404763074145492 86.453602901892722 79.225014050552247 77.442548705633612 78.381781679428144 78.013680027650111 77.801180540215327 80.707030414614977 81.304689922311809 83.038284147807488 80.309311090404208 80.260943514726577 78.084398522811995 78.613383136875854 78.61832406417885 79.672570443760165 84.019386521021616 82.373539375455394 77.992977805378118 79.450254152837587 80.462537246261618 80.687371076877412 82.403932977921386 81.772792897803726 84.40887584233306 83.966100068438763 79.092784929528634 80.226832194239847 81.30148957699663 81.393631579458983 83.413415960654248 83.34299005658616 84.070091401906993 85.935276351447698 81.993813760219069 79.582895674897998 81.258887833433803 82.170366293121319 77.547218617046283 84.432667019901402 83.480497039915917 105.84516681629447 82.313748359675444 81.297639208283741 82.130227059056423 82.291093573742103 79.109268018817332 83.222271636293428 83.176330656984319 83.02790356892929


# name: v
# type: matrix
# rows: 2
# columns: 320
 4.0452272840958052 -1.5491047806532685 -0.87282968262830773 -2.3617106020879088 -2.1652141226735782 1.3504268714600731 -3.218066034440358 -2.1848560259870178 -3.0317384068725928 1.7817263726500372 -2.7051017955642664 -1.4587338643250225 -0.74118715823311598 -0.71197598090054193 -1.1571666245878067 0.0054553980679680576 -6.0520905843090151 -4.4819068742017949 -2.6376148487844739 -1.3896664993751946 -1.2472249734099854 4.357943270181158 0.79300385256446482 1.6186546742045005 2.7898484453157821 3.2865924376512514 1.2358408096149769 1.1313036246855084 -0.48488544989531562 -1.40299601501202 0.076597165524798977 1.4578580020062315 -1.3392574732704536 0.95492287514684171 2.1811276062079199 -0.45527669680662464 3.3769846976419231 0.62098428049078258 -0.24673322391695945 0.81130118960442132 0.15451513294539795 1.4952010694068527 3.1212814211750168 0.88616761471047101 -1.5236038990514316 1.6961192366017308 2.7157530663302452 -1.2106010575159711 0.91249733038127734 2.2700788959435183 0.56229828007824556 3.4513708374038936 2.9020554262669491 -0.13074311177166739 2.3656289469432825 0.3044026353316942 1.326533955433749 2.7951920726202948 2.6905930728935514 1.2099585399851216 2.9185185334133301 0.20742955034869581 0.76165179856751586 2.0042742034841705 -0.51294008096796129 -3.8781114271998738 -2.0653479850226661 -2.5555409142093808 0.022192689044013503 -2.9830808331713192 -0.21241553453813836 4.8083481724781443 -0.01936859162506863 -1.3080830363541254 -2.4069602987492118 1.2912328724574327 -1.7730917160942652 -2.243366861910256 -1.1347654111731758 2.9871098978877666 0.2753381289497403 0.61832850880244261 -2.6423365922397584 -0.7426145615542572 -1.8096792299876159 -0.36380311881625088 -3.8849662794695687 -1.8435980460437291 -2.1007732231683063 -2.3402175680733555 -3.4742007840900637 -2.5202490879258264 -1.947982296431594 -0.6184206491080938 -2.8617462148883295 -1.0229426026099102 -1.4160591628250916 -6.2008401770682422 -0.92966357259021626 -2.6498033676289756 -1.0122350604215047 -2.291106421711123 -0.63014718340944742 -2.4223409909428426 -2.4601534285539022 -1.2785842712680635 -0.1488398872400378 -1.6742279025105715 -2.9351245682792504 -0.77739865042853484 -0.12181960765421117 -1.2175024111069972 -1.5779717539165079 -1.9279145831920952 -3.4225835180550335 -0.25122868766309242 0.46726300447896751 -2.9613118048660518 -0.98235940944024569 -0.31169088091886643 -1.1764837867913962 -1.1831697699252524 -2.5838119047811468 -1.3726469163589645 -0.1189843891252767 -2.3950486340420158 -1.5798132368105422 -1.814322743666225 0.63942593884555221 -3.1649078596237237 -1.0983597873429893 -1.6871288445823103 -1.7729993313649017 -1.8320651248654618 -2.2202582448783565 -3.3967662547715332 -1.6358001210810513 0.096158154093544446 -1.039754485699333 -0.26415823193366156 1.7445583573818195 -1.557984671412646 -2.8785865022124608 -3.1420302346738094 -0.62417776518288504 1.0139842679582036 -3.3052369035009281 -1.2421131317135927 -0.65901022602730452 -0.69361491049906887 -1.8041664381207443 -2.0890886051173276 10.35078207216706 1.7670819465546246 2.9794398013476497 -2.9392700135439984 -0.30259911621156294 -1.62844617936145 0.29399295249151203 -4.4037732054874965 2.1289798520658563 -0.77894882957280687 -3.935480431637961 -3.3913228914080427 -3.0787928614403719 -0.38900220570188854 -5.0869924055275861 -2.0252662608488685 0.079806370711480071 -0.029410190317537714 2.1595107491211532 -5.4477312684563044 -7.6713855701621831 -7.4818731345114822 -1.1946868770402617 -5.3087296916384705 1.2563149517008363 -0.86365086495798538 -2.0628606792712292 -2.5589685182183297 -0.75816249943952441 2.5903627913802385 1.0337093826082502 -2.2070062866156208 0.5599963309348468 2.0712909729583764 4.6620025517290049 -0.8052593596317309 2.123741387345548 -5.5974597704826392 -6.5548282557270916 -5.3178331452419316 0.36450189782766934 1.4096056935038199 4.1268127163193284 3.8244170424597774 4.891221265027009 0.75185013107880794 -0.954457520255243 -0.3069193709385597 0.37581101879662432 -1.0119603814540765 2.1869606599635958 4.3796741901056357 3.4855585795696253 0.60112000562604129 2.2569126208089316 0.45514722072098451 -3.8686791043779811 0.28408948991674687 3.2942300730861707 4.128085941678715 1.4809010194791199 -2.6685073730108755 -0.77678473004194581 1.1786111543088782 4.9050418843981589 -0.62447956296873786 1.326136649585681 -2.5142727595527843 -1.2607101231793472 2.7327610840090779 -1.079453619011892 3.093254954760869 -1.4805455437975275 -1.7742181648093491 1.5519681153382108 -3.9828018390512105 9.7918552122602343 -0.018478444292538365 0.30098800874646137 2.9532645392980252 2.2728166734052841 -1.2430265841257344 3.5535481095379358 0.64362247058753663 0.35845934395462797 1.2116955947351382 1.6181343393369052 2.5757441208875145 0.98461833215307359 -3.8763187389767224 -0.018388054878221378 4.5133441163879544 -0.49806058067503101 0.79445250808365253 2.3573693400784497 1.4832585281605026 0.12687637836069279 -2.047778217900484 0.70593504938137797 2.6744444543972108 3.1687749893324715 -0.040277289048906234 0.98489766967297543 -1.1396072695747648 2.0603489357290248 1.3376768737771074 -2.100086601167332 0.48152950870826777 -1.2954627838693455 0.27168904062298349 2.7241217755924865 4.0339769453119576 -0.097398677912318252 0.88167391345715806 0.51532177851477956 -0.14830102104590406 1.3576411814297453 1.918336025402499 1.3236476555978227 2.4460543112704802 2.1425697337292409 0.93622400522316973 2.3352229351326526 1.4425065939368498 1.1800587148729678 0.70373609971670847 1.2800408520551898 -0.1096956173831917 3.3078125756175756 -0.0087800929509854811 1.2555767726233527 3.8352706979658655 2.0775485514650502 1.9402472129024848 2.4629200630373989 0.83827819225278999 2.2417746850676807 1.2445000208596426 2.8523702241977484 2.2616505732535459 3.8532611582915854 0.10277343286265608 0.67975933525460808 5.4078053250013207 2.5154223559084112 2.3451437212680757 -1.4102043940572162 2.4187650709038406 1.4812641474287569 0.097735277042759028 1.4060072846300671 0.43223195626191485 0.7902826587442997 1.0425525807854275 0.61070252741559039 2.6168074112700968 1.4933087433664396 2.3064689333666966 1.3370294797212126 1.0795806053282941 2.6783595846945105 2.757415073559716 0.46448029584656919 -1.0679717233135202 1.4999661138888136 2.9073140304872886 -0.83924954600602952 3.4722362016939479
 5.6746610425660311 -1.117490105380994 -0.41437401363814269 3.1959294126884794 -1.0719228740362303 -2.6240202794806597 4.9150848112063885 0.29108599795669898 -1.7880531484524855 0.7755088370345542 -0.26423219629046829 0.49255446351708898 -0.81039780598378297 -0.89048732377019768 -1.5702938963073685 -0.11200043242230964 1.1986296698542864 1.0634697339613519 -2.0783966413041663 -2.4409597422420082 -1.5443074490930153 -2.242583312473001 -0.14084438959828927 -4.0427661354416946 -2.5817659472939147 -1.6842615605321667 -2.6284213220483998 -1.3688265063269536 -2.7045320508676367 -3.4902637862315657 -1.8863316855641648 -3.6230765307550197 -1.0584269078319344 -1.3575735504779309 -1.4051434600854225 -2.28447564288911 -4.7347366961678237 -1.1708076738801108 -0.9551542304127828 -1.2955521279393949 -2.3073793567172216 -3.1657928858470723 0.73261498516141632 1.0447646419599022 -2.0684940483169711 -3.0630822844400307 1.388779601957278 1.0565073034696313 -3.1151325891369734 -2.0588107087436551 -1.511915700213561 -5.018798791224202 -2.8432467138948048 -2.9081869823499988 -2.872066494595753 -0.36121884336451737 -2.1479019257638559 -2.9485163453822358 1.3916092156396114 -0.22770124966192307 -1.0214212714231632 0.30554616299808462 -2.6111415902848738 -1.2524641124300739 -2.498108983792743 -3.3724669310048441 -1.6737951858532261 -0.70265671128496998 -1.2378949795420757 1.5512803803270174 -0.58234445447153838 1.2975106343904557 0.31282789557707846 -0.48189947470425254 -0.76749521881646321 -2.6280878332008064 -0.30803181264519253 -2.0731151362828384 -0.34113858207157161 0.33459143776200367 -1.5230935573634419 -1.1898959541530858 -1.5577205633427735 0.0025476828907595069 0.81813856040246191 -1.0310529423297075 0.055032778216226583 0.31050476757342749 -0.21062744316734316 -0.03449997154928873 0.3940143763286818 -1.0888705254083253 -0.97155706664660735 -0.45327164724632907 -1.3140862077947457 0.14022219287920779 -1.7046235931282647 4.8970965420429486 -1.6094650890854385 -0.65966590165257011 -2.8729890900299897 -0.21886608173708588 -1.697363406388172 -0.71446423517931934 -3.628907056563289 -2.2462338466832286 0.82631058860607631 -4.1097587777904208 -0.54603396002584159 -2.7935827123007626 -0.71510090500573054 -0.89531804028960527 -3.0304804403497836 -1.7501295318995271 -3.0530845386050793 2.0575561937682498 0.30071598025128266 -1.5259948523843094 1.4511542305423721 2.1796030640606578 0.28958916272825003 0.80766323677287299 -1.2324903755765408 -3.2958936767879972 1.6090619940833155 0.20975092474389162 -3.602009650457934 -0.77299148988129751 -1.4985947257817349 -1.5129376807306836 -1.5535320800105417 -1.7380057481715852 -2.4315502805160198 -1.7190201413691746 -1.9377039432652232 3.6112896200109574 -3.5544820340011456 -1.0997550473179787 -1.346170736728235 -1.2143987563600565 -1.9753913270949601 0.53225969487080804 0.58042204413049447 1.5120815234880927 1.8654324565247031 2.2234873518479903 -1.9440862629784657 -1.768691412875208 0.5016692353156641 -2.8147182613590851 0.3905425653269724 3.9844530636558906 4.0790060925250726 6.0696738027171175 5.6950017758415452 -3.7563304511313236 -2.1878472932974695 0.099469734331071522 3.9252308601515944 3.120868703035462 -1.8896500028491148 2.3527586518369832 -2.4044147435540286 3.5401989572604635 1.0268244512203895 0.23848271934386897 0.87619739784787165 0.11639280717544617 6.4301547760117828 3.0517736562590598 2.6939712065157497 1.7152323053475964 2.6906045791823354 3.7120978721168489 2.9453708658843212 -1.2000642901140537 1.6557252915426657 2.182676113160066 0.45209373950366916 3.2218002475848033 1.8249665120869287 1.0589958489901599 0.23870271105976104 3.9997167321991984 0.16374669928492003 6.0062512266845944 0.36009574463816935 -2.1245535978069747 -0.17278179162646426 1.4831476856177179 1.4790765333311029 1.3466276131015471 0.62028309766144074 2.5207145001160329 8.9777298278450584 0.68412576000986869 2.6536980662817253 1.9023860470843161 1.5617942349986416 4.1833626856438144 2.4989174389998814 1.6365246614179745 3.6790021894267797 0.24342823464873273 0.50968602796147633 1.655513988200364 -2.7535385738496374 -1.3252781031826728 0.65645994321880741 0.25883095677990697 0.94121604827861716 0.96713564195411073 2.6015632267383202 0.1119540019548797 -3.9463712000323126 -2.8567457567368093 -0.97247637629074168 1.5201488151378253 0.98998624137022151 5.0473810048606635 0.90691327198405514 3.7746874368022598 -1.1794748832760347 -4.2703758700974541 -2.4251076161160574 1.4716559202120385 -0.3731532736872456 -0.32446291097023311 1.9077300108608601 -2.6219496086704259 -0.49885388720439922 -0.86971411697163892 4.9553758204151475 -0.020570736678127498 1.9980767119355047 -2.2839725573000336 -0.70210106467193212 0.56502926309505763 -4.0377167529329059 1.4115849834100649 -3.9192212265261217 3.6694854556892755 3.3848254212749538 0.60389779918002695 0.63323851105141482 -0.81940030315974965 -0.92246632568477605 0.056586314133516391 -2.8789899090557878 2.4241759802932137 0.31336377990299835 0.53289717553363558 -1.4322640814145182 -1.7643874669379176 -2.9147653303863179 4.0361142509800016 -1.3372646746867682 -2.3304312342546774 0.86357808203941411 -2.2624537351692333 -0.67830972711077819 -3.2891994730635723 -2.1799669812746774 1.1774363605670213 -0.30957481034088491 -1.072369632113483 -1.9795123299974435 -0.44353438458009264 -0.20787174330070776 1.1930785355643621 -0.74059867250191869 0.26475268791948448 -1.4657112169603648 -0.81878048332183451 1.1000216313025044 0.076256466278856794 -2.3022447974360958 -0.099070688263830059 -2.1660576662503535 0.37842957870253624 -0.36890696027252845 0.038829001104949232 -0.54074759228030167 -1.3081076879611166 -1.2821854071049223 -0.44921514255714601 0.27246901532976664 -1.4695792741495426 0.38150632878195606 -0.90380119561461958 -1.4400969940851622 -2.177064953939376 -2.6496924540430133 -2.4379491342181057 0.97470701478695032 -0.12657154180488603 0.37193148248824737 -2.7024776976547384 -0.87606092905880395 0.058467489318282939 0.21321617524465131 0.50358305601119202 2.0841950108308196 0.26421861204598712 -1.3627194287705808 1.4927103205417906 -0.27376168325905964 0.32503666271766207 0.084739140817377698 0.58050274192968276 -2.1287562519721317 0.86129832952167451 0.29133135084079159 -0.13413234751134848 1.5513490624165032 -2.6088362782866379 0.086739137421012774 -2.2205520819041924 -0.37619664721659712 -0.97578434192016261




