# Created by Octave 5.2.0, Fri Apr 02 16:02:56 2021 CEST <br1@br1>
# name: ptcls
# type: scalar struct
# ndims: 2
 1 1
# length: 2
# name: x
# type: matrix
# rows: 2
# columns: 320
 121.58412265422008 114.69599535476958 113.06241329469309 113.09020712960628 117.8336595100369 119.38885980425533 112.45881782235304 116.0367543040532 121.88513894177675 118.89741438972992 118.04408204662411 115.94697395812108 118.63241670799296 120.20001619072997 119.56795924529769 121.12277510156648 123.88203817829358 122.55839378924712 118.93314227471774 118.2867859782048 118.90475736902012 127.24829181966707 121.2700055206878 128.20873309439577 126.46665164855963 123.3832943279121 126.87918627744253 124.68887943892827 126.23623443693901 130.00618023282766 128.34477919728619 129.23283779031473 126.74421270249587 125.41120913644454 127.02795019234121 125.9941525563151 127.28133048789471 131.02505234165167 130.34277211659844 129.26708544536356 127.76763337887323 127.81130790586144 128.3178353662779 128.08463802125797 128.78134166222296 130.70488586312939 133.8403455608578 132.3344248541668 130.528955676805 129.15501345427987 128.84548980895889 129.41685380440757 131.05204961023065 129.83616614326399 133.45506333643579 135.95419558277752 132.07442595216688 132.44534607318158 137.50915596922354 133.73794713447822 134.76903522074167 135.29255889364362 134.85552073993586 135.79063036891699 108.18914189640068 106.99994395713385 106.18481802622965 103.99934484969492 104.58722211082481 103.74827386799443 104.10880977917304 98.383977826912854 107.99052649988067 107.10528395167036 106.18425195312774 105.11615939895663 105.67849224212533 104.75614973623694 105.09659754377866 104.11286092377219 109.60937559457558 108.18061363889417 107.31623875511723 106.49062581496023 106.79909417814279 105.81419631328531 106.20292015646029 105.19464371629671 108.98653199103384 109.39126740911783 108.72180858211911 107.69254113585103 107.82773873732242 106.9347628363281 107.26372973786508 106.51179798650233 110.10963172520624 112.04132639754698 110.51242316094742 108.96299923833064 108.82899357508475 108.06001848819703 108.872572807707 107.72037829622975 112.13965497784302 112.09063240805305 111.93678287516592 110.06239782019082 110.92888364819318 109.77788243840054 110.04890751659676 109.40941543099011 113.64367687604381 113.20240747673591 112.885691621671 111.25681493732831 111.00763877079099 110.89411745510542 111.0598561327708 110.43349402588395 114.32453235536873 114.85382834686067 113.94660159878141 113.11085035522818 111.79758156332309 111.90065682148295 111.99154085454593 112.10763907473586 113.28388148425805 114.26009944225029 115.29955217261413 114.02329215699881 112.95600950426903 112.4831188614944 112.56641406091019 111.42847301581074 112.43900600337734 113.9868467354212 115.32584587621024 115.24378327781046 117.32946478440607 113.5900738475725 112.95657585571058 113.36418511092833 116.16993164007251 115.01588101191672 113.35586636796455 115.36035892562634 115.96559177812321 114.11328810264239 113.7057004579132 109.90900981552386 115.42662582884279 115.29633133381948 117.21325951018582 115.35967254519669 116.4884279601156 117.06784563918323 119.47888302456799 120.53783686667919 116.52581449535954 116.470740761803 117.86021806635223 118.19168611858518 119.33915797585018 116.40196312451374 121.53822707733515 121.4512137540667 117.39538916636886 117.49507009086403 118.63929348452943 118.96886833445532 120.09326408692968 121.05308240274151 122.54210914975916 120.82894505206461 122.73669588278408 118.37533102064089 119.53129639113992 119.86609727505791 121.38744873499436 122.00980845357071 122.54321354411329 121.80612503852161 122.19418877094866 125.79651567964036 127.0738644077297 121.07280535958252 125.49280794256178 123.09794454699032 123.6394014858802 123.00674031054047 128.06121915806207 126.93477349842939 127.95631170157192 126.52784443028449 127.77091309081099 125.7809060685494 126.66836326510736 126.00120397696122 129.01090444121746 128.14381238047301 127.59965927935392 126.77474880073446 128.83803441882401 128.16450845818383 127.94026211525467 127.30952155832512 129.96559790185893 129.01097105007221 128.7400942290395 130.34073773183755 129.7452726070145 128.71396161430189 128.57754658696038 130.21599964792878 130.97373553563327 130.05367653311538 131.23586502081761 130.7686878168318 129.54418760422072 131.62727515274452 128.93232551438797 129.78284303909578 130.06121170180393 132.57622242609082 131.95762556338985 131.17699213973145 132.60396356242947 130.82554920110314 132.99604497051246 131.33286266709257 132.73718811089839 133.71070616129907 131.73710418437634 131.85240536246783 132.10258237937191 135.68353695270605 133.55326876088589 138.7658721342556 133.93159547302196 134.7499344489047 132.49894831763407 134.61235051342399 136.40346235880534 134.68629528321489 136.61858842912136 137.05113742693939 134.47484794317668 133.60448531142652 135.6726529083092 136.20887397434936 137.66176082707523 136.7791407504063 136.11315275071564 134.37113493286918 137.32450730617992 137.15911880342301 136.36833379355957 136.70692262212484 138.74950913524756 137.17756720505955 139.3057259046937 140.48117293103891 138.61383257509485 139.14792415022663 137.75890834031608 137.3543259609707 138.98315635484531 137.84321210205351 137.97190132234311 141.63253816449836 139.02607039076241 138.73353157517192 138.43445736978344 140.03835196008902 140.17894943622403 139.26084306521869 140.03699365148273 138.78417875679907 140.2564587886242 139.915834128358 139.39528548793743 140.95054931471458 141.19600271045667 140.45231795653433 141.04662523002909 139.92466662344859 140.98288090359381 140.54501072589721 141.64483459221316 142.03538426172733 142.3692795903352 141.67117949315514 142.00784183157114 141.19813916857191 142.40897251747452 141.61077539811407 142.69250905225147 143.23164252647609 143.49360842387853 142.80240709999396 143.11340002426772 142.26560142613206 143.51567347427971 142.77756362716164 143.87842281089476 144.39155272848836 144.64013540155233 143.76173099741186 144.23580919714965 143.57645418922758 144.65749676947786 144.00805843240875 144.7889508836881 145.67129622604139 145.81786518990711 144.93349221621801 146.0161847827604 145.16139543423924
 84.327930823329595 92.305354377562622 94.021163693306519 104.48218581479398 92.569474216004537 97.379774735777758 101.29005546786885 99.370208242770062 80.952729982608233 85.479447308471052 91.330165742089392 92.701676251130408 96.610899692503722 96.689482222670335 98.484590840148371 97.369893900532901 81.88467089718398 83.057673992102437 90.105775516044588 86.804049916975387 92.889725740465835 94.459710798138119 96.163005858435298 95.562550352716102 86.880031183325542 89.828318488884534 89.714991223403928 92.729088482098774 93.728563334276828 92.738035555958248 93.685310697123413 94.597118942160975 88.551135794969866 87.994472690882745 92.090527307571861 92.556630742796358 93.392501412968315 93.255948552591249 96.042314854231151 96.300937358112435 88.701532936499291 90.599184906399032 89.667565254939348 91.734024393774405 92.702133524447291 91.865838800414792 96.912926264770874 98.223713075011844 89.852739051978631 88.979890147924721 90.706106266723069 91.812776319452908 90.819399376748436 90.883049588851208 98.04892937164972 97.788379360764921 90.107171574991682 91.266861561507653 93.446318837877072 95.839743497676523 96.323091341292766 94.992232661786431 97.477104257112245 96.683391001526886 86.164876954485109 86.672739562757826 87.445831211069205 89.606081236259783 90.511946271579589 91.263799271242164 92.510452068142939 97.190287454741011 87.289362813370687 88.113266253445275 88.891053759949997 89.396690807579546 90.878357878406419 91.624500194343454 92.853713305101536 93.727184259005242 87.059084690957647 88.600983009529259 89.206911432753557 89.936635046550336 90.93984280687117 92.056354940733385 93.118988385005252 93.978339871996496 87.888378341869569 88.996202739067897 89.729214924288158 90.210091945612149 91.452741734433758 92.011938334691493 93.449130156810597 94.242232682028686 87.984806378593134 86.064481898759325 89.428028835225959 90.78638095142432 91.855850208317875 92.752019032905238 93.553806489874376 94.759672715409991 83.002859835366436 84.727104068557011 87.227820734223101 91.27764415076355 91.856412161572308 92.545261945154138 93.705680136287953 94.809322484926597 83.565823257188441 85.523905807105692 86.685860094221667 88.13288331129435 90.37771540374311 93.042485957169433 94.234010310451779 95.221471404162756 82.192510192574431 83.432599653811081 86.460231460661618 88.067295416028216 89.09937800897174 92.463166904971374 93.655244188858902 94.950284317530034 82.277829109064385 84.433294987945814 85.296486224622171 87.524791329628201 89.352804547619883 90.351587130054838 91.641182225410134 102.29695532181279 79.044163876322926 80.774330769187941 81.295745783401571 88.522768030308058 87.69752700135173 90.253503412347541 92.761543545950772 101.99902614942981 77.097728790721632 77.097764153894559 79.847772422749571 82.382051565909251 87.127189570301852 88.994255876920832 91.90362360564977 101.85866295499224 75.992631009556504 78.135127791239199 77.028041365428535 80.239648826988883 81.764219009611736 86.609274238250521 87.492796039920762 84.034501569103298 74.594733572991515 75.678439901086406 76.093658472629528 77.480191954638926 77.736293075246493 85.668644585427117 82.061688740724421 83.240405246043665 73.678801480341505 75.0789627451896 75.398823107945958 76.596367789279185 76.845961128823191 77.650651943587775 78.0687351527625 80.974807309086074 69.183455653867512 74.365428199122377 74.597024909068878 75.760727683070812 75.320805286898093 76.988689482967246 80.035960639641544 78.896683522311292 70.42251082491039 71.660860784170637 73.145197873975121 76.419840422026738 77.202352816189546 78.964964493114351 80.074621594945668 81.024545359976912 72.69371422799675 74.246537286122035 75.256934713095404 77.207244098571891 79.418908379104124 78.836041198631179 79.532997849415153 85.840519421545537 75.512146603588334 73.846198259202566 77.708443709945627 78.509786027892517 79.339416947431459 80.369324515188623 86.590327088606998 87.636331161628647 76.082922708571616 76.706800208365124 78.055570329555096 79.864031395064202 80.75892151109619 81.266043304702151 87.945331400813714 88.773622275786906 76.668494367950473 78.427774892836993 78.845048328178223 80.969978175444837 81.922588054924404 83.266335525284106 86.947601217762852 87.79491270377008 77.287025526235951 77.872305230556037 79.984184274166182 82.312445791625834 83.689894589513415 87.657844581164355 89.300859163154726 89.066158044787997 78.965867995304606 79.515416118941829 81.39362801583141 87.085134769766171 88.447480545471109 90.087523737422075 90.643184644733012 93.11270077501807 80.595327228804436 82.765609865449818 82.527270156787637 87.047006914176151 89.201372895222491 91.209125470198956 92.531328797630451 97.102071575942958 81.599631931819516 82.478809389028072 87.141633664211383 88.102524957811639 89.504849294643577 90.293223357381905 91.178286550280745 103.35666510700703 82.230137840313347 81.045628778233805 85.399859543564659 87.001935837885824 89.789300671314294 91.386725847222337 95.360890442079665 95.174519409558272 83.770931757784538 84.792277380389507 86.383974265575006 88.45388731458732 91.003988195369644 90.605770828828142 92.398615533546916 95.37982629051217 85.956811987096984 87.1006204301586 88.60737288508605 89.488544323764003 90.865010174129068 92.058426423535423 92.893017813109466 94.369155823317215 85.763443191855984 86.834013789964416 88.027195344195462 90.079497658817999 91.177113966070166 91.989407928147784 93.170718373423668 94.042842791484546 87.176196766465083 88.217336236311866 89.229432164824956 90.297284654372348 91.447065162615658 92.234462966162326 93.506969571044209 94.305760981935748 87.126776587830236 88.081434858946125 89.44458682265433 90.406488774549842 91.751548547751256 92.635618643727938 93.888213095456976 94.506717550191141 87.259041359069442 88.132568388705394 89.405651769737531 91.079738290397927 92.087503305404255 93.033771036348966 94.040586943201504 94.999739502343388 87.427122121625658 88.330639330939931 89.89912192741123 91.45366019753952 92.483112837595854 93.12705332124662 94.127258194670404 94.873705893094609


# name: v
# type: matrix
# rows: 2
# columns: 320
 0.65148524916475226 -0.51722795535081856 -0.36483076093350375 -2.3619822746590731 -1.2817185334241399 0.072231461259300536 -3.8293381871053094 -2.1848560259870178 1.6215474102158258 -0.56497593557399317 -0.77065157807847973 -1.0782981734549755 -0.73646780953300939 -0.18189395227340566 -1.0329015366254761 -3.3737654018762835 -1.0948077993866061 0.93017997850537226 -1.9876290615570626 -0.3438869168039218 -0.95942462669046891 2.0225294771956523 -0.31142258241648724 1.9283013942128133 0.29293299359594194 0.18963793975630527 2.519377291800601 1.8866771327137239 2.4846194113569053 -1.485672398623916 3.4372651217231982 2.2141752272421722 -0.5160886203140489 -1.9177666070196706 2.2899597128680291 0.33625782248072666 0.2607450918743891 1.2026455564290124 0.82828038842273166 -0.33189270635341328 -0.62246872396825559 2.8453865401559799 0.465004025820834 3.1102272644999207 1.4141278706495324 3.1074541644716986 2.1570549540667887 1.636430034465771 1.0161842169281901 3.4559731003306355 -0.39090343476240763 2.1337678681524213 1.006106178652779 0.47083035112608645 0.30116591531633968 2.4510168164493074 -0.6055494453913024 0.92969391948870483 0.24640260021540666 -0.53461325288259154 2.9795358442187041 2.5138238164746896 4.4868490855017322 3.2846167191401254 0.016494498421136587 -2.8246190277208232 -1.5103172872046446 -0.58081470317679129 -2.9995719777689271 -2.5076834215186152 -1.4670988494274764 -4.8083481724781443 -0.030140109347026545 -1.6138812638140994 -1.1992006826057855 -2.6163334927072079 -0.85550770664489473 -2.8162549797867813 -2.1299716497040158 -1.9852490845579591 1.3283764793496355 -0.070397583811958583 -1.0586423192306753 -0.2451286037588514 0.10928664662619812 -2.7202837755090759 -3.1084820721453705 -1.3173156774704335 -1.2691161544986638 1.435407399170239 -0.42894600109524422 -1.8076866763258976 -2.2544439450552596 -2.5601758521945199 -3.9501027889385663 -1.298664380964285 -5.2308192543959473 -0.72918667005090065 -2.6253404766863198 -0.38375388178979941 -3.1217558946777366 -2.2582574170948808 0.065574840728391592 -1.3353504849081865 -0.64168206786348003 0.10392211956716836 -1.1064147288009132 -1.6538551401794093 -0.96533734837660257 -2.2897504298050948 -3.2947753847393999 -1.1491478988192818 1.0847753946532963 0.23565769901744876 -0.16195265463474462 0.85491888861322041 0.844757753619233 0.65281345444202465 -0.20911593424549388 -1.6232115833746525 -0.35689569874460003 -0.80590399348843877 -0.6305104681278132 -2.3143402413306737 -3.9574234444270613 -0.42165510681516954 -3.9093701671706436 -0.73740271774922617 -0.72133288794433603 -3.1747470923559082 -3.3429234301323625 -1.1878029585602841 -1.0569480263872693 -2.3722397260828685 -1.101295898819868 -3.9520370747412574 -2.4459636016685011 -2.1438124435400203 -1.9665409555226363 -2.4359542068426423 -0.31325601706428163 -3.7841229700301255 -1.8136397713924874 -1.7194201661815034 -2.2523206968244787 -2.4505340493583825 -2.5953035825591946 -0.7510056822386012 -1.9377017579302602 -0.60588385457558558 -1.5808806241101114 -2.344884028403782 -0.11716121851617253 -2.3384946204062529 -1.1664389450290915 -1.3717779746720149 1.5622058479796157 -1.7201322680368296 -1.7600572134674703 -2.523445491075575 -2.9897964905252055 -2.1139625315657882 -0.50156844940553702 -0.97924236202948445 0.50808710708673943 -1.3488245391238272 4.1697572015671973 -1.1064207825652277 -1.8258183317247632 -3.5913858986071467 -1.2619738669472316 -0.70890185675217721 -0.94447568107885305 0.89571703309710016 -0.15051133942421446 -2.9443629436322207 0.13239748835988704 -0.55576637149568842 0.05594336940451481 -1.5835351700392895 -2.4029730959478277 -0.72075267514951669 -1.5897732413972763 -1.642908416516772 -0.86385054034511743 1.6429060629713066 2.2340242746861887 -1.974026758154203 0.96316985299972946 0.93711112559020504 -0.04319882414700954 -1.2591705844198542 0.69974963923966105 2.2182950811200466 0.015199690497595723 -0.97113844696666607 1.3392424087012111 -0.10030058750485689 1.0292804408876577 -0.64746912501828158 0.96599347483744724 0.72455108116236322 1.2792349380652752 -0.65849803800693762 -1.6792438976732915 0.84160661354374888 -1.8430922542645491 2.1881797322174812 1.2710271239128841 -0.45860351093478091 0.74610948637832752 1.4341254195634487 -1.1162498525667688 2.4709775057035084 2.4180111114533878 -0.53892536421676174 0.031580823410279416 0.37466908388871473 0.55134472970373427 -0.87598410535391402 -0.92954087307328792 0.96451278249982464 2.1936306097287286 -0.62853040627163326 0.7627951827862095 4.1894916191392291 -0.12101710361293795 -0.22309071219793761 1.7791993503957959 -1.0254884572087175 1.1600722338265335 -0.50227291283318287 0.57644131753263339 -0.47777233350677178 0.14936622494617341 0.35911852741873396 3.4982091680678313 -0.49352318769806602 -0.36413964335746873 2.9196534836990971 0.014820457839661865 -0.38854803127243365 -2.5890062669949296 -0.6457165987088318 2.8656223665330476 0.57568157029400113 -0.0045586452417033657 4.4576897870359202 0.74917001272573092 1.1824604654364745 1.8295097219570458 2.7075107766649942 2.909835021560788 0.8324211809343266 1.0593785261694906 -1.1396072695747648 0.96927612966962662 2.2090063188347959 0.17763366168648259 1.7419886600500689 3.4586945556986404 3.0733913956313015 1.9747745257820639 5.1864985529706056 -0.034794373153517313 3.1086377831351704 -0.74271293279777117 1.6354038377316551 1.1302842179568096 2.0946324243688847 1.8227490917947566 0.81297419566035933 -0.578519040330433 0.63967311499476864 2.6814172434005776 5.2474089707442468 3.2583156216687303 0.14736897192471077 4.465960453133528 0.8621796747148549 1.3848105229516559 -0.18671865822682859 2.0699602617873771 1.2267597825215437 -0.59621217102030466 0.96413173677630515 2.4498616436519285 -1.4606757119828133 1.1971657962216888 1.1135499216505773 -0.19475406406449114 -0.7034470934281124 2.3848849346852901 -0.36205883337214428 2.7395389986920566 1.5971211768498714 2.3557686022690261 2.4285252099872441 2.6964848858911843 0.49864970569065031 0.43763233841144922 3.3387739967945511 4.2297354385099961 1.051156271158491 2.3311889689598728 1.3366296077553992 -0.17542152028938005 0.19580504701490611 1.6141938761377375 1.893788580048795 -0.85977710608831337 -2.1241898111576747 0.013849965456235867 1.113771277860325 2.2790297923087102 1.9784337408846429 1.4715830475133165 1.2730545459565663 1.4283542242461251 1.4138918454881264
 -5.71350885842139 -3.5345050432270328 -1.0844894219520298 3.1983591780213771 -0.85856240421395902 -1.1124747735223077 2.8374712301532097 0.29108599795669898 -6.1667471166998027 -5.2059738922668668 -2.8431506405838864 -2.3370728216121028 0.71003765334626912 -0.021648630777555238 -0.83253590546640566 -0.58083627535352367 -6.9426132943204824 -6.4506896120626953 -1.8505191549911102 -3.2637915112261564 -2.0984907917581412 -3.7025717374816738 -3.7115026516987815 -2.2162516015437097 -4.1413508498193972 -1.9360448762617062 -2.4659229100905091 -1.3648685464537857 -1.7897885359290899 -2.6101000244493959 -2.3303811502753988 -2.191776737070434 -4.2083499949884953 -5.2663383671115094 -0.70373830664751302 -1.3111118290467196 -2.2554314849714046 -4.9977917021328544 -1.3345727322565935 -4.8361974333261983 -3.3959485055143968 -1.4360592095115123 -3.0136746129605312 -2.5674743565138178 0.56289110330736969 -3.5218348890975841 0.62421312161524312 -0.85132022230402571 -4.1409790110978939 -3.43776981219612 -1.8325975720539112 -1.7012136188346769 -5.2058306217654993 -0.29594676533975184 -0.055549830483479348 1.0592581639520702 -0.64529211212570248 -2.2052909972841022 -1.2093572184544494 1.7416954959909166 -2.1751580999168074 -2.6106966637458267 1.3658816406998169 -1.64098478053168 0.97515030512517098 -1.7699562231525323 -0.6728501574307254 -2.1838388433372069 -0.27509024178152153 -0.13015668297512284 -1.429728107538262 1.2975106343904557 0.51459696370418861 -1.9399186177003047 -2.1080956478707975 -0.48732516177089014 -0.81833791441271053 -1.2146697753734572 -1.0492592350338679 -1.5640868470558977 1.0946965383689431 0.62977203850932606 -2.99440161203901 -3.1164680824479571 0.99011490735562124 0.74188950127822972 0.2219206773137648 1.0950106246192173 -1.73030335224111 1.0845584709738467 -2.0512482585988838 2.166068904538446 -1.3269573133498851 2.2755961214091873 -0.58463029350230811 -2.2525425511130592 0.0096276014637090707 -2.7067207229170673 -3.3471479745086032 -1.1543265881303164 2.3149444239757577 0.27102302423769264 -2.1130691385815266 0.4517876591539865 0.15890967523042784 0.51896178069096033 -0.086586445952560986 0.40401574127471118 0.57923807338467714 0.79039047390038086 0.12537474368055124 2.3162411296457956 -1.7964363930183735 -1.8350864688391058 0.21194706179779998 -2.385471066392296 0.13200237150852442 -0.97296796302931976 -2.0047013277978984 -0.90540221800242082 -1.8651984672140227 -3.9106897266604479 -1.0207281077149557 -1.5779387623972763 -0.70763856866158126 -1.1634285931403103 -0.20442944641259236 -0.14747483048261723 -2.5495439644215114 -4.0392219149038304 -2.7120482632147276 -4.6033291582603502 -0.040919028252783748 -0.39884736183797398 -0.1007736383480254 4.7014200411769727 -2.9123226558732487 -3.3596589930947576 -2.137391749985611 -0.207060311089484 -1.8894734460258242 -0.2136276143220105 -0.27693414639748254 3.1684120101524669 -4.8671262170662519 -3.0791462614579506 -2.3730811958744846 -0.17362908545228981 0.22160938193091279 -3.947574794098534 0.25974310706604647 3.313175971545709 -3.8425280271493829 -1.9521001860124423 -4.0479712472913283 -1.9799186643419204 -1.9373524043580834 -2.8502948497559828 -3.6339078515235883 -2.6234613600925796 -4.1210112424435996 -6.8630180865735504 -6.2622779656211893 -7.0319343804455743 -5.4255797281668103 -2.8269806842245377 -6.4038108128619591 -4.8921641706590977 -5.599660409856984 -6.0755314095006074 -4.4161626027640182 -5.9234211256443032 -4.2810419169123035 -4.9075213015879893 -7.122589761688543 -4.4454394839329945 -6.9879485875283169 -4.95127764332093 -4.2011001946038196 -6.1806389051215502 -7.9454637361625657 -7.4048510898211415 -6.1323757185059371 -6.9705253725368612 -7.6102780216625856 -6.3739353066062172 -6.9675959920833064 -8.5201722514828901 -7.1874079155765056 -6.0793097624323362 -6.0590804269779657 -6.3940325896709416 -3.1201324452259707 -5.1783644929222588 -7.3769667095555036 -6.7560111324819356 -3.2390342141315749 -5.8790346994333369 -8.7648416488435057 -2.5323806650056531 -5.643515678631271 -5.2546806686663992 -4.2204312845347447 -4.140433530687341 -4.2903337681319442 -5.2949494409062234 -3.3285978217715115 0.57010181663892912 -3.375136779028451 -2.2176054506079899 -5.8500471328350283 -2.9968560956082362 -4.2274462733038316 -4.2592775802668186 -1.8424756884120712 -0.6584877886652668 -5.7922756842328686 -5.2114343115789721 -4.610337994032891 -3.393678992864007 -1.68179924865498 -5.0650253810412291 -2.8768474538078945 -0.96039695937259484 -4.6903371375476475 -3.5213040730262062 -4.1009611602399634 -5.7653447007416103 -2.5369733389464408 -1.2146205880073289 -1.9784143834270489 -1.755322425279733 -2.9004951844021201 -1.3954580653329289 -3.7541480843943247 -3.1335807190354474 -0.94556038704967449 -1.1236499898256713 -2.50480926664078 -0.15512641646447548 -4.2873741137368748 -4.3059263126542699 -2.1160367081989335 -1.664056091884546 -2.2247216793764828 -0.75181679333474982 -0.59859726377060207 -0.19054438564839632 -2.9371435993410153 -4.5866243556493931 1.1138965365256259 -3.0712234072587279 -0.8143937496570145 -0.17994656218207267 -2.2523293988926314 4.0361142509800016 -0.92072903790458638 -3.0443127276573203 -2.5097609140405441 -1.3795913145061658 -0.53321564513266007 -0.25495461826615673 -0.68761711208021725 -1.4434435924368536 -2.2760652404530695 -1.6527909449878657 -2.7390430004862614 0.56293858282315845 0.79236794703449875 -2.254407518963883 -3.683784599737598 0.2656273459276291 2.0130238912528564 0.65738879121521965 -0.79707056951398958 0.47030256648682423 -2.6088364698325455 1.0499168443337299 -0.6847421033446992 -0.51003155565097646 -0.62794873661330353 -0.99188736393096255 0.59631517674005241 -1.5438637790185425 0.15224878649739521 -0.77226606159550792 2.1392383396036081 -1.2703733100355712 0.26465845248342873 -1.5455896959266358 1.5210860214133408 -1.0255894116315547 -2.1784437469408973 -2.2764238642126831 -1.2296700904043569 1.6447966591455898 -1.2659155216715716 0.66179735461596656 0.71961538769623268 -0.18440944575961751 -0.86888628943239854 2.1066868080474261 -0.74994179923191595 0.94238791471001193 0.26165959986918619 0.61154541087861058 2.5764193511910407 -0.55060288613808039 -1.3050098395674348 -2.0231472142633824 -1.6139478755694046 1.5274805183948907 0.49282453763222916 0.74075041326251623 0.099589327174348125 0.047661366183814211 -2.3206759573968196 0.23358467736671626 1.714103332826437 -0.91622089171916676




