# Created by Octave 5.2.0, Fri Apr 02 16:03:48 2021 CEST <br1@br1>
# name: ptcls
# type: scalar struct
# ndims: 2
 1 1
# length: 2
# name: x
# type: matrix
# rows: 2
# columns: 320
 123.58052980018581 109.24467365670898 107.4609330136294 103.17102096388182 112.97876617351635 116.43793251559164 99.322669664449037 106.86035899490224 119.13684287486687 116.63303924206674 112.09578383724238 108.22222003375764 115.27063038661049 116.12721772958227 117.24777232954327 116.45887521674874 121.09995315453892 118.97904843425397 110.53767982556811 110.23797366983966 111.85649808269467 134.57188959189975 115.26988114229903 133.42820793873258 129.99925394953544 124.17977367488317 132.7552628696123 130.02317682709719 135.94322549885433 136.79093061836531 133.21461834404539 135.64296807996399 130.42895403029587 123.01883108425301 130.59344686218719 131.40009456824274 131.53006430584287 135.20755585941049 137.81368760359598 136.92283470673067 131.64555895028903 133.6229523564254 133.14819571137105 132.80976887107809 132.09027030894075 136.6580924136972 144.7515032814417 142.8663173896152 134.18923928540997 132.02634870330627 133.55810045125438 133.91412686650045 134.50052027502065 134.61811542991913 145.46485818992457 145.46742076918275 135.90540172010293 134.75789316362471 143.79902783103793 144.2442141972698 143.61269401483989 143.65896585336984 144.34037027966698 144.12105568557496 100.56684843978623 101.64984296337434 98.90975862148278 94.311511220355072 98.572933358115719 97.584263778628767 97.537054175754349 78.188915502507797 102.37913880526992 101.23884074144237 99.871380453010644 99.67315876095418 99.536585608772043 98.390488403539607 98.680278179766788 96.716560886775596 105.03943998087279 102.96278991650949 101.8606414474263 100.74234043272881 100.91364447806521 99.689377965580093 99.702998831175407 98.508225071950832 103.96334100237202 104.01038432722041 102.78208547565183 101.61621987582312 101.77657944128462 100.62751257747608 100.5344742242893 99.474391698217374 107.23310640143404 108.61044192013097 104.92577328061046 102.44054908228945 101.52490181262705 101.7549430842214 102.61336137196227 100.53888988706679 109.36229631632807 108.51577800200602 107.91371625107926 102.90756230248088 104.48720708927407 103.7386993159314 102.98261213788953 104.1079608743875 110.41318479496383 108.58610687565699 113.71270569269872 105.87039578080687 103.52317531594419 105.02821075515314 105.7991542863099 103.96637003667094 108.41487887272675 109.69710008961815 109.41934135853595 106.93168124050723 104.75539123200033 105.80943199979723 106.22716871398487 108.14099303416945 109.9767349992908 109.70903288955117 109.02412475399433 112.90102356783929 105.83574743967581 105.90533346077392 108.4686324329773 98.3442665686064 107.96697688759402 105.50852510019304 108.55865926598548 114.28555157418263 111.49164222156746 107.97933597790102 107.02925862255296 99.398557968640091 113.04136745944555 110.87688320960558 107.46885410422202 108.96768226813313 113.37347672677589 110.49921028209047 106.82340871275024 100.34199845806363 112.10527559824506 111.07130495679452 113.58185344783938 106.56983643070055 111.90616684617052 111.55999888853825 114.39192451305523 120.01810451065577 111.10338942595617 111.93297993408152 113.02132024060028 114.11723037841929 115.80283806225218 109.54115453314526 122.17461097519291 121.670247220322 109.7572973297748 112.34123101632005 113.62401104314337 114.79900888753957 115.87780769266588 116.90044262584334 117.63241251307053 120.156310183823 120.35105412834133 112.86254890581448 114.04741344941368 115.13183542895015 113.68161113333612 116.8565842119674 116.99151380115602 117.81216443352247 121.50772770705362 133.72483316630024 133.83394891045165 115.95332526801936 129.70181523796001 118.56846922174492 120.17532979140759 117.888917965036 133.26552291865175 132.75954533423641 131.64005855241089 130.48055056117315 131.33264795849348 129.42091513271183 127.09719750395789 123.84125194386957 131.25597147070803 134.31875150317737 130.51837902918285 130.16537311502375 131.82737367703891 130.72062734662117 130.59550980565149 131.0988177131249 134.10863405255827 132.46743835231177 132.41242187517784 131.29419241619294 129.55468335307953 130.60894435893678 131.38276435014475 135.04706998697071 134.45516153664153 132.94658876863582 133.5078514648244 129.98072169784822 128.39025941759186 129.53415359991408 132.68504554043326 133.99456517300413 133.12573933090215 132.11207781855268 132.4341442746894 129.24187296335401 129.85613088456023 136.36173233748394 136.56443771990172 135.41947101524508 141.60871266287805 132.8570655558145 131.82020669641625 136.22032446537222 136.84676988204359 141.44536939158579 136.36408134775007 144.70945910822385 136.81091301450687 130.65839127631725 131.12580256398371 142.32764487026139 142.92200927921931 140.72216860806583 143.04972387039192 143.59577916258854 135.84184122425626 130.49276138165038 142.62471275498984 143.31009362570927 144.03009784797567 142.39635064290485 139.75321812979348 129.5847844006619 144.9400763372077 143.77207821140399 141.59848058875463 143.30406300380349 144.70068558565572 142.17702105939654 145.44144544194788 146.03583909440653 144.06335165626959 145.2042472572403 143.32273974264496 144.35817029691884 144.29045157776821 143.45927398897243 143.19373302492923 146.6770058522475 144.12165411704635 145.52131209113045 145.17465164527442 145.97436686910712 145.65964611374005 144.04914161220566 144.8912637082382 142.01936196121028 142.09492730434573 146.65303984828225 146.45061343781688 146.82629101826601 146.26977228524396 145.26535080871562 145.87274349211347 146.47616249472856 147.52200714880388 147.06692401947561 147.89629883359009 147.41016136055461 147.12217887387865 145.97453313917001 148.00891601267446 147.24499350864616 149.85421339169574 148.35168327448068 148.56329862337586 148.31478339723256 148.07023897217042 146.89933945233307 148.91690634576685 148.0326764807966 150.04018091341254 148.89037962100397 149.44410109686444 149.19608504153192 151.14987451667093 149.98588886149795 149.57479399291725 147.9886052130793 151.00522853433404 149.68476871876086 150.52939049246675 150.26500255255939 151.32663064328761 152.24764237203675 150.70276394534881 148.52603155262415
 58.322914125019054 82.943262713512823 90.245294836412398 117.90510391472961 82.745617829762537 94.255782905570314 118.14317132625061 100.59276943419327 53.283081638044614 66.441758312850226 83.656010057419493 83.231269378088385 94.301474694051251 91.453470065243494 93.519514221278158 92.766780066819848 53.179106484111735 54.460359442905542 82.551483457718007 78.571298480055432 81.664690932992855 85.354065314709345 93.094990846521924 84.863196363741807 79.296693331267207 81.696930008581617 80.454373458484142 87.772727745382085 85.659038657824325 84.148785849950855 83.431683366337282 84.271593694527837 78.263562748749905 73.012307158708253 82.623811625521697 83.817131521026965 81.572862733507321 82.355291666039818 83.740854635397241 85.237317637805404 80.511544971038276 80.978511330865558 78.496458854230326 81.624894551323194 82.461806303035289 83.064007714347767 95.15497095640653 94.127867352073309 78.669655667118818 78.719599116649889 79.625866929487373 82.547493642492086 80.313829852280875 81.410975707873234 96.572752728752846 94.291468214327296 81.030381061189473 83.412845229131605 90.721876613208892 96.227211338111289 95.31603459391242 93.11074851456641 98.239590637047996 94.082002499198012 84.959742335959177 84.772157483369369 85.099774851519911 85.587873374473403 87.344847679675595 87.913031196721818 89.392772611857581 102.6398321191797 85.579428318779222 85.814980454668401 85.836454589561555 86.961470753884157 88.099104701267166 88.601517902160111 89.731255740660401 86.846938730044656 85.626841132958162 86.510341478254418 86.700226737592516 87.070406887851604 88.692005917137863 89.252557171802209 90.373723630141711 90.869296931080427 86.18360442619958 87.295142161457889 87.528482922292312 87.79106424132479 89.370988506219192 89.861046841524015 91.298891713441421 91.472508820736692 83.490862257702503 81.964474523189509 86.768798051360278 88.550995474484026 90.651591399316814 91.730326665332669 90.824230439369231 92.423992310776157 76.418357893092818 77.369307669474424 84.330119878671027 89.647128232263441 89.521413536466468 90.392309654460618 91.912865458697155 92.431907508354897 76.475395337297257 80.142433182816148 81.514473456818195 86.316795209315657 88.539418543129742 90.475034374496104 91.680590754517652 91.402272878312431 75.649805356963427 73.585516703291688 80.909864073430526 85.743042341054007 88.104566325115201 89.543894629665658 90.552295403692995 91.12254536073327 75.090663960659469 77.633818381266735 78.427897896968176 80.779516295465399 87.417279365953974 88.476311232909055 90.021149602423108 117.51726621859623 70.335163869542981 70.846029822744057 73.45577094621585 80.070538221053368 76.560864298064246 86.795482512667689 89.235741813504049 111.93226917352966 58.446384131996219 56.274176437476704 69.152189472985157 74.427914073516419 79.336258192102704 81.174434581509715 87.068358192076005 118.74819648620542 57.636939910581589 57.315953100320357 57.280595609828019 70.349830827973904 77.783807015620269 80.259805539313376 67.728864302437103 53.845164742450009 55.174684159587009 56.445260277159456 56.20034966144717 56.255155100006711 55.9827961334111 79.412847247897702 53.178550986643991 54.10151746220474 55.30781875504799 55.285024897090409 55.206206436101183 55.019281956722686 54.706557012265129 54.000284429535782 51.741151899929278 55.658052436377616 39.034405781904354 54.074346941758911 54.182729831864506 53.880947904936775 53.024626918047773 52.606677768602708 55.125473514566465 53.279245943673381 39.259008938271791 46.351963110814189 55.34461857870928 53.292339751055991 54.566307558335076 52.366841746671859 52.65296776664789 54.608096986708098 54.18508090625317 55.314943188335079 55.564663351640405 55.491492630726945 58.543885274577093 55.718814157586451 53.525174255157708 72.014375664135798 56.573799584267299 54.366645857336678 57.671902236917369 56.592892581869634 59.811379211647306 59.695404557086135 77.223209709165005 79.202573997230772 57.977137520912748 56.457631984704229 58.737768700006718 60.73802040781711 61.916043342158211 62.162692583112971 77.856521797315736 77.804361304397986 59.245472037182203 59.766441291886295 61.139972950267122 63.189553077057226 67.00585965886421 66.83931438265661 77.520534793478291 77.543364284567076 57.623378055961233 62.826619372908709 60.860002838420364 65.803347340671209 64.810755912674622 77.032930171231342 79.257072842446121 78.902227525821772 58.643133914638057 62.04619582492051 61.852098120221051 78.118423364482823 80.63272915231758 88.44858394754695 81.999873574142526 91.50175281140244 67.041548510628758 67.292574272881481 63.265834038495306 84.833084631590609 86.702113736334795 85.830308258087982 89.902038471439894 91.715203697318884 67.869647511425299 65.946160763755628 83.661821265058478 85.708932187568266 86.588185338644834 87.766152724262128 86.499075662522984 120.30834496112091 73.78180110481874 74.026986014330049 84.128080734247959 84.516396567624483 87.34802329120302 89.234519350106666 92.309007138665748 93.257274992217049 81.932927442161287 80.437603984962962 82.736443587381473 85.29657714390973 88.393163473785009 87.798526218513814 88.840303524702819 94.306991933014828 83.638790860533817 85.050346012675149 86.332519653774767 87.085226648359551 88.036344446829816 89.556611368500867 90.421227646408724 91.109842626710218 82.374798342737705 84.729470021256063 85.792851684214966 87.734664737643115 88.95616171222629 89.223812791999578 91.165609967716819 92.143264753499224 85.458591345127857 86.704950374543969 87.66112670691993 88.684687902233534 89.676411044838503 90.053712640399553 91.987739365853656 93.164700445120502 86.092477997150311 86.344726668726864 88.447396887331209 89.445462785263672 90.501118797663935 90.896224981693877 91.393470403039061 94.649001661557875 87.211570996775833 87.491227026728609 89.256082845012799 90.40029284780988 91.15163230914257 91.142805430563314 92.487703602875044 95.907731492072003 86.769442510172169 88.254514347131135 88.939675121497004 90.053722948240605 89.682323727981895 90.157761332845539 92.149650202591374 93.193652185088553


# name: v
# type: matrix
# rows: 2
# columns: 320
 1.3579693284185725 -1.3658853442093695 -1.6772982957250087 -2.3617106020879088 -2.7647554039270164 1.683194753302655 -2.1505600969648979 -2.1848560259870178 -2.4221121376866961 -0.62397535907694635 -2.5319988947088472 -1.0110770552163784 -1.9888435925584906 -1.0722458173559959 -1.2630530038364554 -2.9303061558835353 -2.439749637730463 -1.5052030760982846 -1.9150384244759915 -0.46769110511493378 -1.3339529067127385 1.94958812396103 0.0070339948664380966 0.51316471424082644 3.2258612647239953 0.18963793975630527 2.4129001687527585 1.1313036246855084 2.2589019225060727 3.276186502276174 0.79715003689962705 0.73784525798105782 1.3519548239813886 -1.4033636965523162 1.5184502611402027 -0.069666823151827234 -0.19988645625584422 -2.2368857771475543 1.5353915909717246 1.6021219639249487 -0.12139011788841303 4.2307512575564328 0.33363865684959371 2.0424605125090323 -0.84592972838845937 1.8753119571864378 2.2808509898978628 2.9638654288053856 0.558082456384972 -0.2046623666531539 0.57299054823068196 2.2405192050674705 1.255590191053797 0.40616747555569255 1.9521176844089263 1.1483492269021887 0.86019427191800435 0.2614641778215529 2.1199008662806462 1.5366918477402343 3.1737603708485711 2.6198562177858102 1.5249812893505152 1.2190735243856496 -2.647525963328305 -1.1934032385420226 -2.8958587014373824 -2.5555409142093808 -2.753148466316059 -0.87634178080255687 -0.48187338073961983 -4.8083481724781443 1.0764975578782199 -0.82807236266422191 -1.6363238250895891 1.2342071205555762 -1.9280336092475261 0.16216491592707091 -1.1374638763319214 -0.64047370380997337 -2.2807288636834295 -1.9426913865939794 -0.81221018409308865 -2.7932999464387041 -0.92347721387149384 -3.1641553172521206 -1.6483541035126634 -0.22510147023600866 -2.2719518602578268 -0.93233553356768517 -1.1719059656585875 -3.2567307062142894 -0.42413342710856711 -1.8772561580222742 -3.460879458066445 0.44231194009255503 0.58051780404968401 -0.22822155468766916 -0.70755440966838823 -0.64422728892264369 0.26383498074904627 -1.6293989492874115 -1.1033139429345162 -0.19603822687681716 -1.000025177459174 0.93084534540846697 -2.7443800909691309 -2.6517991967349883 -1.1397287834967491 -1.4739756159592683 -2.7741839091756662 0.59710078732270622 0.41203559426047592 -1.570217750984843 0.97820861787538305 -2.3814974975447303 -1.7502115029579588 -1.7291941312405459 -1.3711559178400323 -1.8082251081351208 -2.1164614383047664 -1.2784857812577957 -2.3107937697798215 -1.4984265455446522 -0.9338923660982954 -3.5159610000934953 -2.2715970008119419 0.23987882725686976 -0.61900801621641477 0.16508322087887461 -1.4301079089724922 0.52169060725306959 -1.8945462593967466 -2.2644198021846496 -0.88467812892729725 -3.0380813635660902 -2.0935562364197384 -1.7758401680349838 -2.1061886151970866 -0.19716918596457275 -3.9729649338846738 -1.4442765494201253 -1.1040864933955388 -3.1420302346738094 -2.1334056465662474 -0.68902835902284276 -2.1958980230706651 -0.32221367660909722 -0.77001082863312154 -2.1198113958948457 -2.8138917443912921 -3.5152794337982072 -0.20360377632540957 0.17499089377941188 -1.5586648844038193 -1.7188544565070634 -0.38339429195554292 -2.9238047125003002 -0.91553894821569615 -2.9206515171033685 -3.5316798801205844 -0.51047781499860156 1.2448299988315052 -1.3718126372135417 -0.9276813171201892 -2.2507783988711987 -3.1775210490585808 0.50161128182156811 -0.10916202075573513 -1.0969345052699879 -1.220770069136907 -1.0456183486811466 -1.9298766761430761 -0.52093958026941112 -3.096787804979972 0.59524703197951689 -1.5726961840594094 -1.4583387448846863 -1.35426989397187 0.08346454250528762 -0.48835846011271189 -0.36927680921700812 0.50859032496122158 0.38453014070694036 0.84124313207417833 1.9063454546835059 2.7052998716668997 0.30137197832735663 -1.1659396380714375 -0.58816397980617152 0.072257188712491788 -1.8872486225056584 2.101457140221854 0.52116497992758815 0.36529648878714327 -1.6863444752434538 1.4851545716751742 2.5890845961091644 0.9259881844467065 0.46936388597747025 0.47154653477338593 -0.36992435650142735 -2.1680771790499054 2.0342419432725705 0.11493924466827599 0.36197130711071257 0.8731499337418831 -0.087155760519715131 4.1784289290617185 4.6533873340519696 0.9921796024115076 0.16096642414915008 -0.74103325047210222 0.92945085516944337 1.3174902121855558 3.7077045469271863 0.93598048278357437 2.6464913812509452 1.1624520283537865 -0.6814380411688985 -0.30504087628326632 -1.4738313535857683 1.9961289739654045 2.4110230772561043 0.45073978000079096 0.14385063158444683 0.25305948087114927 -0.6605064628364532 -0.33339790534535491 0.54256098508097594 2.055160654163207 -1.6531783312568318 2.2728166734052841 -0.8686107729424547 -0.8086098639502276 0.91882379528006419 1.9938479346209206 1.0220095374180618 -0.01000941294955102 2.4670373154241014 0.051407953645087018 -1.7773977183523131 -0.26749893560659732 4.9043940289704473 0.75804702777591859 -2.1692725696196029 0.45644957142170628 2.6922570077306731 0.94602037834741692 -1.5404120562942709 0.99864893337119953 4.8534709888215986 0.039035540825221371 -0.30235375077408533 1.3544103399927223 -1.1396072695747648 0.87549515626786689 2.5225306532382481 -0.77413369330059634 -0.39783255311871957 2.0866589027881157 1.5229239300790569 -0.1840813870818635 -1.0853140278745228 0.58866466678807516 1.0825545873558644 1.1715554182584798 -0.0075301083577902286 -0.77515914808062658 1.0440248915003716 2.2566382544464973 0.23295732684050965 0.03577353762909135 0.750780404808018 2.343084032083639 2.127728987846965 -0.11142280141572167 -0.48863668369070157 -0.27860617119035591 2.3705612552842408 2.971002028739139 2.2644543398602872 2.73450588623477 0.061671352151864381 -0.1477899030420968 2.6760892674474404 1.446045539013018 1.3722407082347834 2.4834178524332464 3.1504723785236535 1.5904120295185966 3.8557986671532438 2.9305329431125449 2.4528327162114865 0.18095266385614775 1.6483672345743381 1.1892954543596495 0.29270216945931576 1.1083626050999409 1.7256068769001736 2.3698177400556197 1.2781183924503499 2.3146833869948029 3.2569162753563643 0.85045318022151473 0.12433385670229052 -0.70400510567604901 1.8865409599849263 0.039553984324906699 2.9132684230244243 1.0916745235885299 1.153684793967561 3.7726370561600229 4.2844828766860887 0.048617310481185047 1.5202873457638799 3.0850405840760109 1.6572144149345067 1.0025128751672556 2.9216247436527705
 -6.3445512990119379 -3.098961462886404 0.426692182373278 3.1959294126884794 -2.3281716709216393 -0.093135632712163699 5.2438466755296735 0.29108599795669898 -3.3899536287555194 -4.5400459979297505 -3.7244493354168871 -0.82213102160104667 -0.3277719067916553 -2.3103749516454086 -1.7288121819925606 -0.35411256985316847 -7.5476233528285075 -7.2115240896034338 -2.1559246412869206 -1.2855599513776736 -4.4095886042798229 -2.5650605350764444 -0.73475334047734597 -3.4644562946454878 -0.67914136047544194 -1.9360448762617062 -1.9963549540468675 -1.3688265063269536 -1.622901643866778 -4.0554174520886201 -1.7305063120975761 -4.9640001855618898 -0.15457226655527678 -3.6041588069914203 -2.5109836998637354 -1.1202952206948409 -2.0758143182652784 1.3375296244245614 -3.0156113907799096 -2.0698552970405522 -3.01709511348905 -2.3120282076720349 -2.5079992167082548 -1.7156443565315866 -2.4792822880882937 -3.4720750909099345 -0.60930187857210749 -1.2094955217270387 -2.5811392895946912 -1.1899437174336471 -0.97308539063684962 -2.025065274008127 -2.6567708624334223 -2.9852849410119418 -0.97636470166610045 -1.0193023939547474 -2.8878584270736392 -1.2424906431574423 2.6524007029631944 0.85045472629179752 -2.5621681528533555 -0.06937226265476959 -1.220951992581488 -0.66142317768348458 0.25014071909139629 -4.758792637983368 0.69347915495909629 -0.70265671128496998 0.74475859973083469 -1.7324481433586523 -0.26406943014947815 1.2975106343904557 -1.6689425338269939 -1.8630980556770735 0.20684417268405197 -1.3005540656238321 -1.7620806274791503 -2.904092478489424 -1.485829907810517 -1.9424955908360575 -1.649388811124054 -0.55982734419217572 0.098366129916673373 1.9083933450259973 0.15032703221600113 0.68964066176061267 0.60777958235171026 -0.60117397027589436 -2.3234240570416329 -1.0680322172723453 1.2379002631858027 -1.6887036436851623 0.53179487483332877 -2.792370404363353 -0.11824095215171733 -0.1035237165954349 0.26603052016950141 -0.97389945433246505 0.20379446502282389 -1.9802063119626212 -0.84218214141924908 -0.84678367023311962 -0.61437422415508014 -0.43368927435298843 -1.807259511907374 0.48607862740699836 -0.10155559367607306 -0.50931646031247202 0.50454092499335668 -2.5312312312647061 -0.049321882199284114 0.44265987596706968 -2.7973890163370765 -0.31133043004645677 -1.2592663222942913 0.77919701153599941 -1.7555625110386854 -1.8943353699793906 0.55408101916653441 0.32475631495035562 -0.12667587724888929 -1.8519770759527465 -1.2703513687425083 -1.988848776570878 -0.082848829650195535 -1.8227723006703647 1.0760777449847674 -2.3169805189971324 -3.3415572387086385 -0.76290707207773534 -0.6801476138646052 -0.56631291280138796 -1.0468992691712269 -1.3179576593136606 0.72031822267936318 3.7824209193755687 -1.4684387854278786 -4.8594805716713392 -2.3586005721690122 -1.2288618399038238 -1.0468264283750632 0.19510874163289391 -2.4181580792864921 1.5120815234880927 -4.3878870142526516 -5.9681987930781393 -1.0347986323173537 -2.6144918736438689 -1.5847388922213219 -0.13626857238151777 -0.045772561246279458 3.4845598999679526 -5.6658587845447155 -4.8947210011982314 -4.991487506961132 -2.9919358060123642 -2.769733509559944 -1.621477489310525 -4.8047683630626112 -8.8673345746788943 -5.8441736881561743 -5.5427162551019915 -3.4739116270140697 -2.928615948168408 -2.5819490851707481 -0.26382069922826845 -6.7862815308004611 -6.9884230066360669 -2.8047709309144242 -4.5571878605331646 -6.2138988737304164 -4.6554443418752687 -6.451559912719266 -5.2142989794963324 -6.8530436105435477 -8.3050486147318168 -8.2130283641783137 -4.8196893462987349 -5.3765095722822807 -6.1422903616083397 -3.2573843482971898 -4.2766203955537616 -4.2233369985486835 -8.2057396489891268 -6.3851982450125577 -5.9957003488919911 -5.5234432356925964 -7.2770064001749164 -5.344664619207415 -5.9434519046173833 -6.1595027936362046 -5.7939148170218262 -2.026918276236227 -5.8957422714215237 -6.0999171838845498 -3.0420314466160558 -4.2732481986559678 -5.8884764929239939 -6.5093544091306157 -3.1020866847545996 -3.7058332492310169 -2.7879610751200365 -6.0894443367707893 -4.2093643804125449 -6.5165330046141534 -5.6583493472112689 -3.960127954508827 -2.3687249604950775 -2.897763114158634 -2.7337823331483566 -7.2048216279800084 -5.4371957112621372 -4.0093778752512348 -3.8821793724586646 -0.71445354530434568 -1.9098237224831844 -5.2311070065503937 -2.9530113675715288 -3.8959867450095809 -1.709537267854693 -3.1067670945454768 -3.186950773527367 -3.1824502840987408 -2.641179344390832 -3.8637040890355983 -4.4655876845171356 -4.6984134671848397 -4.4714612077085265 -4.2717674287754184 -2.714620573876342 -3.8177566603789566 -3.3137655760593061 -4.9553758204151475 -5.4581741713410112 -5.2833730886573962 -3.7076291385222304 -2.7867622848782978 -2.5053621343141828 -1.4040778861129117 -0.36484348024913282 -2.7586241217892908 -4.8414440602901205 -5.1973476330843624 1.7045223515508419 0.064539287229065684 -2.2539423424584863 1.4569244622360582 -1.7897113262425839 -4.0220710883720852 -5.1165175230596436 1.3862834297289901 -1.0522073279624737 -1.0180992801387552 -0.25764921316872025 -3.1411455782002711 4.0361142509800016 -1.0101133287862714 -2.6575825801551476 -0.11512852149389383 1.6916847253730922 1.4004491504558232 1.4679337068428342 -1.8715377651836862 -1.3815484824205992 -1.28211556887482 -1.3251244573966092 -0.30126846888623499 1.2633086481765428 0.20781874284839255 -1.6823630593601466 -1.2272255511328627 -0.55253508173296917 -2.756026221915612 -1.3449366776631426 -1.3513653364396396 -1.627441408656521 -1.0217993353361208 1.8757960336196819 -2.3726024148079494 -1.0880967614663175 -2.0567747954170779 -1.2685440806315202 -1.1082852726306043 -3.1058264314979374 -2.3066754923767738 -1.7150215835821119 0.31843157538970368 0.17702783245952652 2.0976252005367622 -1.4415542788730431 0.64030666033275141 0.21260438925648104 -0.50745917642499971 1.4930699982104521 -0.031587749053703505 -1.5356560173193585 1.2601731664934093 -2.6943280603841449 0.60095430923993165 2.7624442928363218 -0.40214512715233791 1.3128579250822623 -1.8828504897331482 0.46486373053905505 0.61139213315897722 -0.49722431554790059 -0.047972658107437421 2.1966960287161026 -0.72057584326444901 1.3116886151006921 0.13972498547802245 -0.96198263999929801 -0.86178231244343595 -1.121020899028508 -1.5033499235673284 0.42567574394792262 -2.8546952664623855 -0.89973170625866561 0.11614760259593189 -1.3936363868483592




