# Created by Octave 5.2.0, Fri Apr 02 16:04:50 2021 CEST <br1@br1>
# name: ptcls
# type: scalar struct
# ndims: 2
 1 1
# length: 2
# name: x
# type: matrix
# rows: 2
# columns: 320
 130.64197030796788 101.94171838237406 99.479830282718396 90.890125833024754 104.00584441878129 111.51591192308788 83.52599065842324 95.499107659762956 109.74928825033153 113.38836737487044 103.65062273171421 100.47229809564743 111.80140969781827 111.74752358783408 110.7690292749634 110.08790130640912 109.04748648462795 110.98475948850691 104.94746736166348 104.57803907281172 105.15791814926612 138.5460949784563 111.94422696021323 139.16423824348837 139.61701999181673 125.16589096160925 139.40244999472594 135.9059556754649 141.00820373824916 142.54655523572657 138.12709448786975 142.13999703054898 136.45066037927646 120.74109784958421 140.54076250315617 138.0795235586053 139.20455910534852 139.91067265370967 141.83116465841141 143.75025488206785 139.53774702482809 141.61552184112335 135.88300858450978 140.44146709877396 137.51175411583799 143.30731988474241 152.80142470773629 151.21036382167108 139.97442551601011 138.59410949081084 137.78420355532367 139.25934840587558 142.42528619181721 140.55437455406675 151.68630884340317 153.90335750963038 141.10609301439086 141.77447669611249 153.22277542479353 150.65364675807405 150.47209876064269 152.31696401273342 151.69852027782383 151.95891500903559 90.103222603942072 92.375139324962646 91.338767788397135 81.022698466462856 90.439554688369768 90.274832865042086 88.214839433850486 53.185505005622147 95.281803067580469 94.492783697801173 92.475996653326533 91.351702149669222 92.879877232343247 91.790501128565367 91.741827540800358 89.302984190595566 98.27953095769837 96.393734154457491 95.548506497324368 93.684456144524091 93.929252180285502 92.983897957228308 93.501023567648929 92.260900556281598 96.585811396153602 97.377948119604412 96.578859426895349 94.853184046761086 94.873570139542764 94.08552832829244 94.03116926875947 92.877051052754339 102.25729969772303 101.82928320671607 97.33646475912154 95.901295567937268 95.096095812428175 95.101094496997007 96.298256077319152 95.123570886161431 100.93621896262385 103.61253167841438 100.42147061161805 95.879491682064582 97.064967614626369 96.235114115416209 97.485170964336589 98.37022641199998 100.77449786855369 101.57506846897654 106.50144715944491 98.484935589442742 96.818390177395216 99.381503255976284 108.57283410665002 97.303904642953526 103.95480135422292 104.46338729769795 102.42000870997545 99.38079729721612 97.546919530130012 98.274564020198142 99.971245356043468 100.30330658166655 108.76728841864778 102.95116210216004 101.45732302396839 104.97056990768324 98.435523105418852 97.901677655924473 100.68638468957747 84.084876335751304 97.734436690010099 98.966163193416421 101.23596394235445 107.21617525960295 101.929324123784 99.527907847133505 99.188992996097184 83.060000748339746 118.42673241821416 109.2922640820123 91.771815463847247 102.75613598074135 107.41458252043527 102.37512086271816 99.535278954894821 85.137679046432666 110.5112813909995 110.01157129909603 112.3233048973251 98.56420297846806 106.17204795978878 103.96745441132308 109.63112198233937 107.81339134691378 108.94391003726849 111.22178052358956 111.70922960872433 111.98388491724357 111.71062141480601 103.05434774334636 110.30616450445295 111.64596776066745 109.35609788736558 110.70878224284012 110.80013375501478 110.29638449591926 112.50920883809015 112.01492302872656 107.74417693872623 111.14046061483927 118.47027520435513 109.8230092953588 108.47236721172779 110.76660467883758 109.2439844827438 109.55266350006261 112.76598585756877 110.19745283602417 119.58495076071709 143.63782953064884 138.30947844334963 108.91055330386462 133.85810633766536 108.82143748421989 110.31752410698178 111.27778769062969 138.42767143141839 136.36993912054652 135.96327873228739 134.93200263967194 135.317194684648 133.57758102358832 131.9123360630756 121.26218616354912 136.33605667425871 137.33229061546143 135.45949190081552 134.93842940025544 134.23341926657281 134.32208071758734 136.7795291687795 139.12770787371005 135.65444233783265 137.38692533836328 135.60299012979115 134.67922839094311 129.95148528196836 131.09883121283545 137.50267804967865 140.50012364902116 134.53838812784971 135.79626582642561 133.60804120045373 130.89594229427357 128.29075328822523 127.23826706310302 138.52798960523677 136.82518258272052 135.49425308827327 132.61219978596623 134.3231075618834 129.17953115927861 128.79211609163332 137.98912742346553 139.87848075859648 140.44176009323536 153.42735936458658 132.50963326020039 133.40563776381998 139.183181203667 140.75939754245292 148.92322625182865 141.71445584606531 152.73302672867516 139.17743401714176 127.99743556901254 131.37459482499398 148.99541526448539 150.12636743789463 145.66244936298401 151.18573296076144 152.05628505879409 138.66194754798204 129.34685355796518 150.0887761288017 148.79112584569324 151.28124487376212 149.83338014659677 143.12636439156563 123.65882659887063 153.64578227663219 152.7361064814113 139.47776329113628 155.42649640979445 151.7134743240909 149.91494094749541 153.01114685477165 154.21192097372543 153.25758320134969 149.81867430959215 150.96727750334898 151.78154565457604 152.80163370554016 150.90322809522371 150.51249817156582 153.02836747960987 152.75841501027318 153.75795117690066 152.0017462912528 152.85617667595437 153.09091943363143 152.42226611643233 153.88160442321282 151.05049238192254 149.79979929812299 156.61822657819388 154.39968718433315 153.82125924487201 154.07605074933539 153.58229071115062 153.64266597178539 154.69556918200226 155.85273133231698 154.78582568880782 155.33976635657501 154.62091190907611 155.54946709770155 154.31962204230371 155.84831073444715 155.50894424652043 156.95216754454623 154.87320770615011 156.42363176857612 155.63476404001867 156.32053674135565 155.01398014169698 157.04354885483497 155.12893191489968 158.47643855586384 156.2270482563672 157.32123303641049 156.51167548271602 160.139340717755 157.52958913450814 158.60287767112305 153.86669300452002 157.72989157725166 157.49342105496535 158.46525227501957 157.68373524900292 159.25142804816218 159.6350608834905 158.9173533499723 158.59139634626908
 25.331247370158952 76.462283357931895 82.781806922591301 134.52393686070778 71.630803252760643 87.065665257775677 140.47413521186624 102.10641662357439 23.261159448216944 42.833519123618153 72.574279247135706 82.323873949560806 91.328746412105147 89.242783607906972 87.955605710274114 86.824179409743934 21.409758799301777 23.238711260825195 73.247321023536927 68.17119464179649 69.6259496768334 73.508518422071617 88.124114411120559 74.401089051445069 68.916367620236429 71.629496652016101 66.080174959421626 80.654829912476529 70.088652100990558 70.128503140976662 74.619346865270941 72.495597463246767 64.008126712602945 54.483168985019006 71.062461302531048 71.653729650643243 71.538054842904316 73.619255883178653 69.276542777972011 70.478456279463174 70.082976406184201 68.074248885965631 65.738179262364383 72.614095949668283 72.721732962092148 69.405465228881113 92.047503100431015 92.037890074672674 66.993263595176089 66.703838605060739 65.671932016215038 72.653054477677799 67.212331048433413 67.924568495279942 93.049545586475134 92.419933825685931 66.931775249594281 71.21681785657826 87.790997191699532 93.529599409865497 94.598745982416574 90.107366305241086 94.344401528750424 91.218764922562443 80.991446284190843 81.964678601648473 81.390511667272747 81.934058475786443 83.275775130434667 82.250730040975029 82.806662891325601 109.38688741800856 81.904824792807773 82.606309532804019 83.196958568692907 82.658850825755721 84.374715310310748 84.203023190442778 85.332454073611558 83.126737256308374 80.883180848713366 82.351410447899042 83.063772932013336 83.399240209524578 84.548698102762032 85.595462935394821 86.747625961767966 86.408200514501019 80.637433580886309 82.700801557280911 83.504064509405609 83.892800662386421 84.947480192927813 85.681691066037175 87.686481797133268 87.633089540328314 80.455018797341864 82.339599992330733 81.598851615521284 84.31018244033946 86.235030171697176 87.292933545825903 87.790314662171028 88.475368194231507 71.495595643501545 67.774834373392039 80.957973325759795 85.460727030800498 86.018032453625921 86.762478541637648 88.320576157535498 87.414969128434706 70.328800441576902 81.321633061012236 73.961729828626261 82.128156372910425 84.897483303280296 87.055711474028698 87.457664269076844 87.102678437093203 69.045393032308965 67.044645241121003 73.084253033513406 80.609796229482427 83.855830528670282 86.276731147549995 85.691835153986062 84.665565527307407 65.868387758841635 69.677270587468698 72.366951082204451 72.130434756676436 83.28999472958921 85.311329125468021 83.430616731737388 139.52381490866699 55.344361118958339 55.127215909419583 67.696980674217215 72.186966811197067 70.82113531248406 81.731881761134204 84.837712846664459 119.79509309567469 36.03191557643698 28.727754154039875 60.185832140280823 68.50349260292603 74.804115484191215 71.868761246573712 83.8732787796949 139.46698688385962 30.601098980056555 29.520812580828274 29.864672759335264 56.181605088358587 74.950451168501658 70.153433013849323 42.744068814511614 21.751463810545292 29.840208786186963 29.567058354739885 28.043861558972893 27.008843623123667 25.83003265985694 70.868540305140016 20.427051234354078 22.348916951630997 30.872166817549729 28.547668495358142 27.437937724798761 26.380202268159316 24.907189487710795 23.498975678108213 22.983561012389114 21.138882758388373 1.5389821174641989 27.844482562842671 25.955239095698875 25.337683415942351 26.791683721325079 25.340959082596338 26.344614947050008 24.254121497198042 0.84365423491942781 15.174321296576672 37.277333921883098 24.037010005701656 31.278558716046291 22.499449849020692 22.27845397583728 24.428075329338956 36.136097184641955 36.027615052369363 32.166605991909506 31.689931518610472 35.666976317607109 32.431189955296396 19.676531327677008 55.671037280745608 34.971067549973633 35.506426454670546 33.858548845351294 32.748578151779036 35.793511379150559 33.752955249248096 66.378843203732913 67.947159855541955 38.99675113240847 36.755052740099813 36.731169691849395 34.78611604210807 37.933099293199476 37.254220951701946 67.164868459665016 65.941362097764028 38.243145964831015 37.971807378235212 37.74065597281065 38.855475691001523 38.835214537256554 39.279374940198331 69.666021406339084 65.040788880799255 41.349802556164917 38.366561110325961 36.925595740156851 39.918573850791844 37.694585066622722 64.39193025900029 63.770209211260735 64.830690833943763 32.87517964847747 37.259619139741595 36.460859402418848 64.870752632832463 68.93827898847492 84.724593699791058 73.59150974120179 88.993909719544732 50.274496948398856 40.306982895414116 40.02977143252663 82.747023460798246 84.251526054652231 79.313499700362001 87.225630493496794 88.102250171171704 49.377083980816131 38.858243977377086 83.200223206081375 81.618321086430313 84.467240207337468 85.421067850511847 71.540958911532371 141.29613906622365 63.949612880185761 64.787155512467621 88.17291276521668 82.221259277013317 86.253540484265415 87.279340433795596 90.976314090913434 91.226012451667032 81.576027634967559 74.82448009773681 82.450926984475444 83.324001313238242 85.993601167331761 85.410326618596926 86.448861025371031 93.14860263539812 82.580315371954484 82.920029095383413 85.187962569534719 83.75265309750678 84.933895063459531 87.056997103188266 88.77242796503019 88.486607761110506 82.044512913976789 82.464882748717628 81.978703416470509 83.987762778842381 85.432569516894858 86.840014627451652 90.052515703155706 90.206658400582711 83.472294065384517 83.211645799589562 85.312098289508725 86.466300801176843 88.056238226292493 87.549371645454329 90.026847790352534 91.193462160923275 83.593668896082491 84.335958024493905 85.630171555311321 86.395030990718894 89.056544809285782 89.055755564467304 90.02674690146398 92.164048588595875 84.212530683403571 84.503173321384025 86.405464368744049 87.314932564036596 87.207863147836932 88.958650256827298 88.99293370604012 95.724911444408121 82.905822273394961 85.119981335776615 85.637066452737642 87.519746131421201 86.385135330917365 88.526561152252995 87.639435102629179 90.331088282434649


# name: v
# type: matrix
# rows: 2
# columns: 320
 1.3579693284185725 -1.5491047806532685 -3.2117545951214912 -2.3617106020879088 -0.5608744109273176 0.25155657685054406 -3.6137333378123127 -2.1848560259870178 -4.1310963765212616 -0.62397535907694635 -0.36797912576451225 -1.5835482180433913 -0.76402622209632221 0.17940124585925862 -1.8984940275746265 -2.5907704036049282 -2.0465116537939827 -2.9273094387062883 -2.1646221257872749 -2.2433026557946421 1.30905126024129 0.43940352172045843 -0.95292235858016749 1.9945381965862365 3.5519346190257024 0.18963793975630527 1.7485010161238828 1.1313036246855084 1.4125197280585331 2.6378595117673749 1.2325855844628077 0.01107143228511061 2.8712845403971139 0.47825939209407603 1.7201932507551974 -0.57171498694288847 1.8613059538702719 1.2283625982762427 1.2710208848687332 -0.98039600668096705 2.9871493639113775 2.5508841407598686 -0.13617389526743284 1.8692212306285494 3.0267317905360001 0.15696860749940056 -0.96647366278052982 3.2123332349970783 -0.82015605809689196 1.9197391541014643 -1.212818887437267 2.109685704541608 3.9327951029261667 2.6933604787562384 1.0339387189875613 -0.80808935502233481 1.9120298793841781 -0.13614797503938228 1.7028968710076784 0.46068100712821952 1.343378474694453 2.732494585891216 0.70496972818900128 2.115555200817453 -2.7223504771700022 -1.3088411951721515 -1.328918919135939 -2.5555409142093808 -0.44531155526816468 -3.068248973582274 -1.4207135549178749 -4.8083481724781443 -0.18144059370469864 -2.1042106237669711 -0.85787126711423667 -2.2836943899886322 -2.8712978931815925 -3.5622758343638936 -0.81672037615522408 0.24522955797987564 -0.24331903324911514 -0.96767305198733045 -0.33296246153795306 -2.2696821020333178 -1.041315603325613 -1.2859973525485104 -0.52355232444646482 -0.43585090960885547 1.1615377857967766 -5.2145814550540717 0.92660727618162542 -0.84268598753584589 -1.7074607515039972 -1.3082913179625719 -0.53907318088935707 -2.6067593352476761 0.7280272375628718 -4.2049581860736405 -1.8342822328997936 -0.37008440390167546 -1.391367967873862 -1.2375010232914541 -0.69002664282598147 -1.5604681876638484 -0.29743040665404136 -3.9200377246488007 0.20001837854047649 -1.6895753836372129 -1.8041583142292177 -2.5103444158361916 -1.7451204614688813 -2.514997955021224 -1.6909887673820205 -1.7415802328766132 -2.3241340061545945 1.0464910054354433 -3.6956159818950902 -0.36526027670174538 1.819596958139253 -1.0983716690489198 -2.2811319733788054 -0.53025942508714796 -0.90133976396279591 0.77336954269760205 -2.2125998821188153 -3.53477906332814 -0.72083403274999902 -0.036417729552087039 0.63942593884555221 -2.1293338890410913 -2.6765015003760659 0.88084768114009537 -1.0969066017273852 -2.0842505639948143 0.070888798666223662 -2.3632696168293381 -0.24066226587963147 -1.0666322349440407 -2.4590067204143815 -0.44696725661017134 -1.0375086288046464 -1.1708047981198637 -0.67934201843327124 -3.1420302346738094 2.0503194377782759 1.5676777714648538 -3.3052369035009281 -1.7826138144853996 -1.9515032954732141 -3.241668927292042 -1.8412670913287887 -2.7269179396875725 -1.0100675983829497 0.86224901830763223 -0.4947633048123985 -3.1716174797078445 -3.3493143775139669 -0.20031839616501995 -0.91553894821569615 -2.2406799319592601 0.4774772363927306 -2.56807938145475 -1.1577155418468008 -0.57045120080918565 1.7866429420872103 -0.56416414360931211 -5.3749491735210109 -2.4079345652381465 0.47277544000690686 1.4712089057882651 -2.6470424696971548 -1.9706378172291532 -0.85310937068770198 -0.73530742393398751 0.11878860976567723 -2.0279613400166157 -1.2107965657541286 -0.60180938137505857 -1.0924342629174664 -0.28401145167132164 -0.71055720311770887 -1.2975494402576371 0.71792825472483002 -0.89722188534484837 0.47934351376889295 1.9063454546835059 -1.0269465738727801 -2.0399600021314739 2.2825567584868161 -2.5364865566440042 -2.0339987714016896 0.44213405959778007 -0.41546705494582448 1.537369412926255 2.9850684746595437 0.27119919110462221 -0.86258953272757932 0.27443102250704382 0.9259881844467065 -1.4122592026689216 1.2088195923088361 2.6704654606627667 -2.3667044523730421 1.2824286050583704 0.95033510536072408 0.18143827476304802 -0.3618861170380484 1.0616802476579144 -0.93205177541206718 0.49076709512118943 1.585298073538977 1.678584759175245 -0.36650035852179857 -0.14839717246878639 1.1502315593602297 1.1785584883843041 0.28630278567313822 2.3982291738926182 -1.4660210526303699 0.5531567668898788 -0.73817238357042769 -0.87098293951434924 -1.5082601772390507 -1.0214407949714348 -0.92477755015520635 -0.829808723686836 2.6826872851755175 1.3038620423972023 1.3662682154851811 0.92715031560608252 1.3950068550319341 -1.8799964728024361 2.2728166734052841 0.043418941513444977 -1.6687015851273945 1.1113183762513643 -0.51712000052780993 0.75082339681932486 3.5141411664768794 0.9010165265491169 0.33547498697271122 0.40353120885304467 -0.26648722573421729 1.0865509288391295 1.4564617363490591 0.79445250808365253 1.1699142150250286 1.6159647334778493 0.66195334501979552 0.8564708573845482 -0.87607435920581744 -1.1480116283860644 1.9375193231803627 0.12935237859615589 -0.074221388981013478 -1.1396072695747648 2.626734390082142 0.77129141942397805 -2.100086601167332 1.6948590800462111 2.3311526288357212 3.7264309522167052 1.3403932679341335 -0.76257882796464116 1.4071677529256972 0.88167391345715806 0.44088895569776565 0.74038990434031871 1.0536530306920462 0.13662533470572516 0.75995115725883544 2.7901636580141225 3.5848328698764473 -0.99645526244596361 3.7851021822034894 1.5571463044831175 3.8672159204940235 2.4232755155603209 1.111716837195535 2.9800356881629275 1.7594310047156934 3.4260426965908994 0.31348293024583895 1.3581143476892445 1.2844146675590558 0.34569427315792134 2.612486516293878 1.7659392133303493 4.012005222783765 1.6309682596195636 2.4170214355239206 1.5741875159259824 0.70187779248007265 2.4967625963445883 1.0837677794011351 2.0659244773030196 2.698401652305404 0.93441955772424867 0.63109771147097926 2.2972975791961341 1.8105194038837982 0.77606532876609824 2.7105610347453482 0.70854945868672337 1.5435620818384244 2.415254930794962 1.2548138555471284 1.8179787027921728 0.070395475850907663 2.6157501477426255 1.8426831854412311 1.0795806053282941 0.47846423323514342 3.3877068101722663 3.1067939013266233 -0.76193483263607087 1.7888360528984755 1.2800373638707956 3.5952421206874225 2.8927076922430914
 -6.3445512990119379 -1.117490105380994 0.59570802562275904 3.1959294126884794 -3.1033687366801699 -1.1638390779137744 5.0908013149756952 0.29108599795669898 -3.6743949323571568 -4.5400459979297505 -2.570317918128846 -1.9519473112105092 -0.5145750804905691 -0.31031749123649244 -2.081239779113282 0.39832509808104732 -3.7162688122111747 -5.0675204036778041 -0.8827089943248384 -1.4951673692653471 -1.1870615732719125 -3.1798566541547686 -1.8109845863040532 -3.1937508319366716 -2.2380844355607428 -1.9360448762617062 -1.1570817763723282 -1.3688265063269536 -1.9435851335358389 -2.6742478158326515 -3.5312839683097739 -2.5444270764549923 -1.5611406456781516 -3.3877438643596696 -1.3304778028611155 -3.5342503146370094 -3.350979893191421 -3.0443088047957922 1.067409339988814 -3.8540703776330352 -1.3677347283918275 -4.9564098762028017 -0.75212291621542549 -1.5463206902208444 -3.1209146551728129 -3.462961662598095 -0.59205221934592467 0.69399861211438085 0.62005446520604146 -3.2036853918279649 -2.5960612969907588 -2.8555154881095302 -3.1752690664457774 -0.8393713524105012 -2.3049998622646202 -1.1213008564391482 -1.1447675303284552 -1.4685255932687111 -0.11159922604952921 0.21199596348346894 -0.39508149199097786 -0.96911017733460914 0.62332915507253739 -0.80091985425353873 -0.6849308246771687 0.44361719111426717 -0.10458321269004095 -0.70265671128496998 0.19749903628288351 -0.11463487277849588 -2.143251723387904 1.2975106343904557 -1.1059026104679353 -3.2207195472716905 -3.0269623990008436 -1.3809761788041728 -1.9809629713594998 0.96865287949297274 -0.77553090376834832 0.57572130895972584 -1.5340870086456542 -0.9179155390677165 -0.82472811922251843 -0.37928354333240932 -0.15162707466981148 0.97979801128392274 0.32253434315131985 -2.4518366092776778 -1.0625757459938034 0.58399487528298599 -1.4028923764920487 0.50719694180394814 -0.17545996869732522 -0.98919070516316443 -1.2103637136142309 1.788473664646834 1.2879810041118218 -0.18232936335094319 -0.079625123174056539 -0.95153183127508489 -1.1579061630738081 -0.34025532179419293 1.3459627345626242 -0.21430134986171825 -2.7467817952017843 -2.8986741993859204 -0.95864237170005662 0.2580512173448179 -2.8165157341139269 -2.7218831710310289 -0.22179508197937864 -2.2561723647415977 -0.1463129838939313 0.34504726443462996 -1.8221219525702661 2.3715292823104153 0.63687306486613138 -0.80031695488898691 -0.14889873790059041 -3.3638310741989259 -1.2061298956920654 2.1745214983904102 -2.7770318753262675 -1.4828114693053724 -3.8409605145121226 -3.4076652834643157 -3.6541342295431352 -1.3174976009790358 -1.4985947257817349 -3.5147653501425382 -0.42200071945919559 -1.431966970930574 -0.93331120205221374 -0.27506496002230818 -1.5562021889279962 3.4455187200105715 -3.7454394792603116 -1.0785181680989053 -0.19814107761114785 -1.8824895432637905 -0.88682676837545238 -2.2759881928608108 -0.63352155290896406 1.5120815234880927 -3.5162276711970275 -6.7365656180021585 -1.9440862629784657 -3.4742442378183229 -0.45589224401232226 -0.55007082474764946 0.37525788495401358 3.974507459886937 -5.3131619988503465 -3.467744076583942 -7.0909136938798047 -3.586609885091232 -1.5080852284670971 -0.20196313295862747 -4.8047683630626112 -6.0951718222492755 -5.2578699031480731 -6.1687380583135614 -4.7007226868405665 -7.6920636240976661 -6.2746601008350718 -1.9508224008431119 -6.1781889695287955 -3.7244795148012129 -5.9325926039633075 -6.3387084633400939 -5.8615313052252001 -5.2111287616781388 -6.256861011997179 -5.8217760667479617 -5.5970491753683937 -4.5073392050425047 -7.4771125845505493 -6.3384552410085027 -4.9438061032771552 -6.7727231633577363 -6.8940227954737221 -5.4075324069679072 -4.8548600878786905 -8.1050898313903428 -7.1211140246403062 -5.9957003488919911 -4.3911913080373246 -3.4683323558233736 -3.6689455851528883 -6.2842041255569665 -6.1555897791324492 -4.1750652287184913 -2.671361166585581 -4.3028801510122197 -5.6972600868231682 -2.8573571611183177 -2.4995956473293002 -4.094051933422687 -6.5093544091306157 -3.3185016273863313 -4.5372637172673524 -4.151403551925644 -4.2982767065449323 -4.8760205091223821 -5.1588078665932713 -7.1452666588297191 -1.9608400663151038 -1.8122839448568708 -3.3290285679156861 -3.2143967634844279 -2.7352461986111649 -4.5040933368945177 -4.6260909509042358 -5.5382347259255127 -5.3911992434956346 -1.2163893249837794 -5.306313052739692 -4.022985200809357 -2.1202415765348257 -6.8682774497260706 -6.2713072525002014 -7.0819533555261938 -1.0970765335465604 -1.3481483217501764 -2.5578009591137776 -4.5054444569758267 -6.0947731505123928 -5.3429728618771444 -5.7768211512609877 -3.1091035675208567 -3.3700085668524942 -1.7626225157560504 -4.9553758204151475 -4.9745867175615732 -3.9342462207747531 -5.6472040113942903 -1.8853964841148456 -1.6603647106172521 -0.75892974164163762 -0.5006188184629069 -3.2055151622810212 -4.709804605468995 -3.9262306507212776 -1.5216236737717188 -1.3098576834415432 -0.81940030315974965 3.3934503283451107 0.14421633187481808 -3.5751800478803295 -3.1876665053668902 -0.73268271987038003 0.63131102463093358 1.1430382290420908 -1.0474061318898722 -2.3594072660968721 4.0361142509800016 -1.8523159851907605 -1.8153799237506667 0.86357808203941411 -2.4800793170735247 0.10329183157281202 0.96132680340573651 -2.2896207267773181 -0.57571424127132376 -0.36044469889341124 -1.072369632113483 -0.82857763348627544 0.20240514130958151 2.3473823406764538 -2.8867210340803484 -2.1787408452411805 -0.60579217164028176 1.6814613540068393 0.30432735312134296 -1.3025365640753925 -0.18812329181725918 -0.63371826778500218 -1.1990657558814111 1.0135501359163004 0.30751708627899166 -1.6235092945809726 -1.3789282275976784 -1.1336370269225353 -1.4692541022991916 -1.2483362553255815 2.6311432533839301 -3.0093305014310117 0.1876709559040165 -0.50904515453437005 -1.3668100218635062 -0.6527032783308 -2.0939271622848774 -1.1680786434476642 -0.71457282473569061 -0.62488476967647588 -0.92085536335495677 1.6694052486215065 -2.2670922611134103 -0.95432060768172688 1.667325884091567 1.7269439581870998 0.69018744177747182 -2.3091871754097624 -1.7217125774223969 -2.8109326334579676 -0.9713474581289534 -1.3570101532082954 1.3588812555333141 0.59075998508286787 0.66911688563242255 -2.0512754903527153 0.86129832952167451 0.93713073830397409 0.5564270051671707 -0.37692058539424017 2.4325445547841804 -1.9294208119989369 -1.0302110445008716 -1.1456741251469871 -1.6410765309851481




