# Created by Octave 5.2.0, Fri Apr 02 16:05:38 2021 CEST <br1@br1>
# name: ptcls
# type: scalar struct
# ndims: 2
 1 1
# length: 2
# name: x
# type: matrix
# rows: 2
# columns: 320
 137.15563247773741 95.977664976858222 94.764199776932131 81.797540014986353 98.876396990033783 109.94400711941682 72.738415350323535 87.087411959707907 103.89819900452881 110.98606224242702 100.1154805547197 95.61900999894273 108.93826477620942 109.65958644810775 108.9987422706961 109.64478299751613 102.38253121320075 105.11414247968705 98.761519557842078 99.576117129350806 100.60230302793892 143.73540523808501 108.94099790280075 143.64385344431687 140.56412870483976 125.89599702966606 142.57124042325958 140.26147463050637 146.2531493367226 146.84814453708586 140.96941947657407 148.45499841747755 138.80375535310992 118.93982490400188 146.15894581985586 143.03670328930528 143.87403878178571 144.96872456672102 146.97276049964998 147.23124949603886 145.31996434599571 145.90852724207059 140.56754466584798 146.33728550955749 142.7290654908717 147.65163097820434 157.27394076155883 156.21470221514457 143.59204493438608 141.53306914629675 139.51166472747769 144.84993721710177 145.25378027859145 142.85050715629512 157.73397789799239 158.34547243605411 144.25557960382909 148.00408874827028 159.37820058154054 156.99802504415848 155.6401103818354 157.69028200127093 158.1263805645479 156.99907172070368 85.14417699338982 86.24368043279145 84.399937344682726 71.183865946754196 85.443503806305671 84.370617233838672 83.164950683558814 34.673364541578707 87.502993293469643 87.38631942368535 86.461005423046856 85.387893330481404 87.701480708862277 86.605037263427036 85.35611497077339 82.996332307258371 93.647620906309953 91.740170005704854 90.65689851738766 87.271336159064731 88.418981099032024 87.807360130363875 88.704887353704464 86.671243172728154 93.724046117347342 92.665663689683655 91.456984983232942 89.499142898258512 89.483261150215924 88.494223447562518 88.766907905805198 87.810455421653884 105.17415087858309 96.876729568969878 92.789369205634685 90.461384074594449 89.647696246595928 90.021616776976842 89.718703552546032 91.336990593625956 97.289325779598016 96.540475056866327 95.568478778217369 90.514659224347994 91.756650643765838 90.636975496540174 90.793438692979279 92.928120852714713 95.375652898239778 96.714071530748328 99.505232199621503 93.697508176658729 91.530152287419796 93.982316409527584 105.08317115285627 91.824714890594549 96.429521796669036 97.133174434218091 98.262252387937096 94.741515699026905 92.622902886848749 92.84499658820242 93.763372807205783 95.539443554307027 111.22907828320396 97.488709455978736 96.434635055380937 98.638803610810498 93.624357562762441 92.677503015658189 95.909988073914832 72.744675013265223 93.151682985142855 92.83994970212656 95.478417064028989 103.86485366498995 98.62163919194748 94.605711787086491 93.796242027753237 70.963184344848145 126.32046225366537 107.91903043896771 79.046653385370377 97.107382488424776 97.719756970176974 99.430612496484557 94.614565638713898 73.755360233850823 111.08033096738974 108.99804995764192 110.56515113273178 92.029359049578872 97.327075313947844 97.85171448774588 106.1062970317132 101.46543827966548 109.77997947992095 109.90197308505 109.42018126141332 107.8182576218049 107.35148597897381 97.587196773432552 102.17599270675119 103.83919920837315 110.1779324786789 108.48208580356034 108.14786570228144 107.12154647512087 102.25689489770257 103.60121694564261 103.68425547792586 104.66288508282204 117.85771624652888 107.09743338706015 104.80555869817275 106.70788765835218 106.31302222460425 105.95370860523953 108.81335348213109 104.94535881517314 117.38141546840011 150.97725953117617 136.3631567413799 104.39030920379692 138.01528859331384 102.84399535793555 103.25429580956286 105.55295660869997 138.43961277586942 136.64343455184729 144.33754069157254 138.05939471711957 136.17401651501206 136.45204367618689 134.19191031784402 119.46755983841845 137.96933948174694 138.96218176174372 137.14725625547163 139.57547930729822 135.45464112771461 138.06580378672217 140.35330065463009 141.73271284492256 134.54569478838212 137.07153634131805 135.95377220864489 137.14305544792762 130.40607859290577 134.1875937503637 141.39083148638676 144.69835897963503 135.59959903249703 134.98532943791938 134.72900956083498 133.070273338693 130.17584816772865 129.20742340374147 144.37277094651182 139.39008034685853 131.94184444559633 133.70645651249706 136.337773931687 131.09691230015426 131.13974725519282 142.67397044130527 143.86442837962207 143.39123235904262 162.1777035571977 132.89836732301134 135.23355317062072 142.41178097373998 145.3248327415007 154.27096372222186 150.13097506018406 158.40806715671891 140.38165943586597 130.14170021782343 131.15512807652098 153.10154438660811 155.29492744801027 148.72109151911471 156.99900524061545 158.38459176468714 141.29782120742897 132.24301763662834 154.33461304057786 154.61068664872633 157.27672473916223 153.35633430941454 148.34695003500997 119.27133861100302 159.19149538137762 160.27279274326452 131.39242987664664 162.66571565787257 158.29249338178886 156.185893787336 158.07683528301092 159.05418192533264 156.63657305234074 153.213118876392 156.4651695617876 156.14707052710654 159.33538948458767 155.07554155253467 157.21007792712732 158.79467273922347 156.23613732291585 160.4525799277107 159.6581139470326 157.32141450216869 158.32991444756715 158.38211464038142 159.80964540406782 157.1748099491744 155.30414841323321 163.17547491523496 161.85306193893939 160.75178272139715 160.51269443263774 159.40824513366488 158.9283967290136 160.09892800674763 162.83016659318574 161.51613008524035 161.57439150981284 160.5709547157638 162.10123734694426 160.77188619249978 160.39874512758098 164.67984688884053 163.8951460179868 161.91448201551066 162.73232117710938 161.65801358588379 162.39819921260352 161.16287756129742 165.47890375757206 159.4138411116046 165.48561198513889 162.99074568019637 163.7313465496822 162.84275380305971 165.76032327375495 164.44225185185672 164.56957429290128 158.02307833503863 166.005336069826 164.17611494073395 164.87729015508577 163.33703960782196 164.91674565372082 165.04813587922655 163.92379504181568 165.62877102856854
 5.8355928760652178 72.159946452216488 80.023834399624093 146.82826509955035 63.970328299474325 82.998346045586942 156.61249975183259 103.22709771571233 3.7628600756518895 25.354342031590082 66.679647957332577 79.397761373354854 88.28980149896023 84.668678714299546 82.415707623278323 81.435889502859567 1.878048509069566 1.7286955420757317 68.512070846651454 64.831741159790468 64.112145831809272 62.767275660999708 83.616668065949014 63.846587302339231 59.021935640630929 64.175723878405094 58.32145951462023 75.384847863113762 60.620554960680828 63.109409880268636 64.235966519510484 63.082014884962909 56.052706271731502 41.678365874927238 61.919771434406698 60.739442754176288 61.71014635711407 63.30995561043062 59.28628781634535 61.72447261705031 61.221638014539522 58.040689103674246 57.626807398972787 64.056354866783224 61.81342865745443 60.288320212953344 89.384643679825714 89.158445922308914 58.747832236539914 58.023608835205003 54.582574338980194 62.243632216271941 59.046629503161498 59.536126506779581 90.448941067657813 89.396694178919262 59.625918529979955 65.460859484850047 85.99336114584996 91.336466890368371 91.212004973162038 87.377378552133209 91.575365899376322 88.235345707281979 79.204147034433504 79.105796119874086 80.925008433537471 79.228830137335521 81.375497676573019 82.047548739433807 80.830294248042208 114.38230336041069 79.529402803004899 78.429559235700907 80.12031169991468 80.291899480457616 82.170408941044712 81.937578141021433 82.622056803074656 82.00476566831864 78.474864932198855 78.49587048900824 78.788167083461943 80.917574922950323 80.159857450958683 83.26280053420794 82.52476139715867 83.871874482557345 77.420807585702732 79.24891184980406 79.576907067544269 79.598160551206732 80.722722690716196 81.330277966237574 83.876473261743286 84.464363271092381 79.197035655997894 81.370083484306249 77.932633627668977 80.005933430729357 81.757367581077688 84.450426015119717 82.974662451367664 84.658396142066806 66.877886905609998 60.827347462816931 78.364745395278533 81.136397814380871 81.937055215580671 82.321302123726255 83.657336156731787 83.677624688079746 65.930023721953035 79.669583233585982 69.470479342529657 79.546605172921247 80.920630875305292 83.069641044445419 92.892278455792436 83.091468374425276 64.776263394937075 62.280686683750531 67.490309798142164 77.647071357981915 80.295387614487979 82.669588256101093 84.418544310054614 81.641172766527788 60.098798064581906 65.80173290524155 66.095712893973172 65.389283031357735 80.789267526552422 81.489529329544297 80.57685855829115 155.26977420721434 44.246261786137936 45.371375752754275 60.288783913790454 66.061451418369316 66.468370473022617 78.97443247232556 81.921746226147292 125.61660696110899 22.494439042327706 7.0878988280454509 52.701100027816054 59.907656328002226 69.173320097120111 67.540220929306145 81.092691712645177 155.74934890060774 6.2119542047353953 7.1730436010911056 5.0247606044274535 44.654859577909995 68.065913746178168 63.557454380338825 24.245710616719812 3.9794271196690154 8.0082051544512858 5.9035032803901526 4.976911152922157 3.7465845881438908 2.6427926078842079 64.621567428209559 3.1564175762346083 1.7284046992673863 7.0389354649551876 6.1593175896401098 4.8983327143147593 4.6721578490026392 0.50278606125322878 0.53302501079302012 4.792283778539109 0.21130168717954678 27.667868408940528 6.2554634875122277 4.9166720722004502 3.6645726449951295 5.5027318540513583 4.4730457238320991 3.866650765217873 3.6736625898492155 26.607615055349445 7.9091250466573397 23.027164767738039 2.6364481060857279 16.273011619015652 4.0872603667086551 2.9193772690907061 2.6784721875484334 19.471514050811297 20.92596624081196 14.224229642666842 17.411829566723956 18.71536974146564 17.148711486341718 0.45361514037328166 42.656795247615342 20.517449982471948 20.335087703634805 19.22290321355867 17.711624317853619 17.660402398203729 18.483406859612899 56.553101211799529 59.108084595174176 21.207326480230247 22.177373389494935 21.926276421507257 18.015824355437704 16.320892988288584 19.142648384434825 56.876002246972796 57.884478960047204 20.787744777727962 22.226536657052112 20.150045133700427 18.637047837695068 17.831714949971786 18.314181482807374 60.763963316867333 57.129405314650377 31.351650928675973 20.497299329853877 19.877896875772979 18.301907298038003 17.188351674569635 56.151150623640227 56.52923275432601 57.518168427386605 13.796982739877963 19.70626658670632 19.154226498737902 57.198252269089828 60.190616301145035 83.881288206248726 63.689961253483368 86.529186776738769 37.241731810198623 18.997921155927131 19.413359035746272 81.931369097328329 83.383296304880844 76.158808533194161 85.169103692111861 85.315338844782872 36.304172559895086 17.736850582757569 82.817410066529746 81.275834103885089 82.524182546828328 83.23413513044288 64.253053673487258 156.83517893250564 57.121031082092884 57.495108061136136 91.497688381064634 80.15980368657587 83.246723274479123 83.895737832781307 88.356603220953403 88.601975381181305 79.388252336863019 70.695857014104789 80.616458575907515 82.886803515639286 83.699146975406038 84.580410276060775 83.89023572348961 90.666935781849503 81.675673767043506 81.763029808174849 82.554966461482479 81.339985291596378 82.09520418291585 84.27778865822664 86.92721842081545 86.307315965476946 82.193521044638715 81.143949446999756 81.010128088917313 82.936917701369936 84.162262125141581 84.781111809104715 87.543561755781809 88.107220128295168 82.238411282053889 82.178364344936767 84.268628734171855 85.221621821424606 86.507672184867005 86.372662425943645 89.159225039625426 89.319781583477265 82.570515295086835 83.12812541572174 84.424217245685327 85.475831486659629 87.563606872910015 87.765176992448417 88.550922896037903 89.777172786679998 83.743877700422487 83.30276905138885 84.740872957212815 85.576240865382317 81.374793224436459 88.276811643852795 87.16998689604246 99.040910013068753 80.261922964668571 83.572057030280135 84.7972134222412 86.805291080234767 82.772629326823278 85.952215096085226 85.829822199215798 87.366081746162678


# name: v
# type: matrix
# rows: 2
# columns: 320
 4.4631351475886749 -1.5491047806532685 -1.3746665905921258 -2.3617106020879088 -1.5765454680786981 -1.7641860323912784 -1.7700378966295929 -2.1848560259870178 -3.4893597515703463 -0.62397535907694635 1.427410187368261 -1.3781265472442017 -0.74118715823311598 -1.004014992935814 1.3330728971966705 -0.97040014825389809 -1.2657335662302165 0.33561361569476328 -2.4786093215971241 -1.6832002453535717 -2.6038627727522554 2.091545266095749 0.17341661305069719 0.84789368431250645 0.19146836295267006 0.18963793975630527 0.21001495483592952 1.1313036246855084 1.9172534023555461 0.19478275407449555 0.076597165524798977 -0.45331260427642606 2.4181512959313602 -0.14551636753977076 2.1400801228883513 3.276908897238914 1.2105744093492146 3.154391294976822 1.7626806335437721 1.4634690160945749 1.7293820074813298 -1.5409653782104256 2.5913167673887547 2.5011096777224191 -2.1068923064372274 0.95792040314441496 -0.18152041563700791 2.3699559931889147 2.3823370594975901 1.0291836786043136 -1.1419084268788002 0.22002046208781245 1.6351216623074167 0.49743743856579425 1.5253583832873334 -0.20917413786097863 -0.95203397758139174 3.173338027996115 0.92018530258029341 2.488993141311783 0.7693827786237597 1.1189227307603651 0.82528676654696553 1.2754285024741037 0.98503262617950393 -3.8447395757039624 0.14524689213039635 -2.5555409142093808 -1.8034441569127082 1.5297469839575935 -1.5064294202543873 -4.8083481724781443 -2.6801280918569628 -2.0868949457128623 -2.50627653466917 -0.30893583472433556 0.38083674236042442 -3.6152620090789216 -2.9697516623368769 -0.92862562450523101 -0.98051867678162474 0.35287850452579422 0.089967032419302553 -0.77125845041917818 0.0096632669770193996 -1.7711680611569025 -1.4812847338174409 -1.5758761453389782 -1.3055493808124237 0.82245408880421056 -1.1071163428987987 -2.2506974163048405 -4.1948472448321974 -0.15814844837621966 0.55118649853108359 -2.4860762836761547 1.0957960171126855 0.79807152470269183 -3.2790102537144055 -0.037327251465922112 -3.85264340892657 0.3264030368470659 -1.6136559023773072 -2.5068584126036839 -2.6755836921223271 -0.77312879235079845 -1.6646522091765839 -2.6548391878825979 -2.0147042698916691 -0.7332574391304375 -3.269406484338313 -1.9227657048747164 -2.4081357607789564 -0.021843020471037165 -0.38326350247095886 -1.1019960886238216 -2.8768884089996307 -0.82703400086997891 -0.98235940944024569 -2.4827374026972082 -0.70867006482327954 -1.3498732586056323 -3.0493090321068856 -2.6209603790468021 -1.3253238600011619 -1.8075869525366048 -3.3081103905796794 -2.3510798678676168 0.63942593884555221 -3.1802447232674487 1.3609668592337811 -1.3023499206381126 -0.13047350808443187 -0.29665680746429701 -1.3189430665723252 -3.8636604967375296 -0.95557162823051112 -2.1377733653134312 -1.3377737020434639 -0.94314333146569318 -0.41232793076151869 0.53046702851780358 -2.1325381221812005 -3.1420302346738094 2.0503194377782759 -1.783556813274765 -3.3052369035009281 -1.6946734786600033 -1.6688252544877855 -0.39352196992368865 -2.1457845320358238 -3.0702225009620854 0.42606002626564743 -1.6812963454653573 -2.2633211182110653 -1.3855669869875722 -2.9380520434790709 -1.5910026444602208 -0.91553894821569615 0.44715013277507082 -1.1767906668823866 -0.97727140678085045 -0.25838517440273601 -1.268297617655612 -2.4766426542303606 -2.5673825303204469 -0.7068063012042114 -0.46777980327888474 1.7586507843695143 0.6829576006882071 0.21951925083844709 -2.3026201450947701 -2.9772880028440047 -3.6287710076738162 -1.9964847270304877 -2.3304757543849224 0.51217150821031743 -0.38224653767672601 0.31547694182261604 -1.2935932973246633 0.40293572032711944 -3.2559657871832264 -0.92406162764007571 -0.32469251680467659 -1.2436245601955509 1.9063454546835059 -2.1091099806456692 -1.608271651037704 0.86758785272063677 0.66199358033237443 -0.45116647406075394 -2.7002422105071284 -1.6196503552761992 -1.431147893699418 2.5327848163482951 0.53921875380261175 -1.5267540828281287 0.89053326936803789 -2.1791776347234002 -0.78848344303507278 2.1086144605767623 0.92650733028105736 0.31759672725126431 -1.1886184078136335 1.159895685329223 0.6172609119885879 3.1260774241591167 0.33138410455260742 -0.047314921971804202 -2.4931288186561944 0.61221063569920109 2.6135756157687311 0.089854370745875378 0.80881735966458501 -0.79716816988326478 2.0636004851212033 0.17172168485268602 0.0033905802900199289 -0.30449343086793901 2.0964929475737946 0.65485186217214508 0.18817500088501371 1.3853001729429812 0.29657237776759532 -0.92266956557525615 0.6839265956784536 3.2456597563573575 2.478455461666313 0.021116022669208336 3.1400783637446197 -0.3624160404236173 0.080022512606300861 2.2728166734052841 -2.8067128751904331 0.8385396440338535 0.96896853038377506 0.98045840518353633 0.48921815147815456 2.0534630574808288 2.8773126854750579 0.64150758894316939 2.2797377246720609 1.3931010421305139 2.127770516777066 0.028935113970297022 0.79445250808365253 0.59921095567954674 -0.10665802496765056 0.35592074304933491 0.71905494219573962 4.3871852073383693 1.9890384982039537 1.9259166893409942 2.0381499461505634 1.51269356376451 -1.1396072695747648 3.0054650435276726 0.39256076597844619 -2.100086601167332 0.54625682552698873 0.31629615428860047 0.88450314453922585 2.8094912800720691 1.7881984352408198 -1.2339097819721487 0.88167391345715806 0.95028015721930736 1.7942539573703695 1.7951990319247999 3.4969598047332449 -0.42485376380090911 -0.58563434149595228 1.0066077957668704 1.8739455954536177 1.8839445623713535 0.69071436903638772 3.5657415263823427 -0.16302086591837628 2.570439609213353 -0.18186566262518084 1.210167592785387 1.0703145448601692 3.5023864070408841 1.5207328552325545 2.7998295432996252 1.1089578174309311 0.20267652097450167 4.4094262616302622 0.62582153011812669 3.417383916737196 2.0897868430270807 2.4367137797688017 1.2305902560280304 1.5782871055930625 2.2786411868636396 2.5348106384254243 3.1999660135219998 2.3890627722275908 1.8279926518711824 0.28628081137271394 1.6755594556700961 1.4060410088218769 0.5909948372351741 0.49578018015497438 1.8771160378032739 4.8970187335836544 0.87250162717141022 -1.021786729534861 0.81052485858799661 0.72331156127416441 2.6555322194633675 1.0795806053282941 3.320188196116344 1.6970993923112674 1.7379410431772211 1.8826964877152501 3.2253470049942075 2.6157295840288892 -0.37401963215365913 1.8206416496567808
 5.5882195178359559 -1.117490105380994 -3.073591911695571 3.1959294126884794 -1.3466217865078716 -1.5823031951146032 3.4402363091243977 0.29108599795669898 -5.8694334578037619 -4.5400459979297505 -2.7863805297232345 -0.56640542269571759 -0.81039780598378297 -0.73068865959247897 -1.8603168095458196 -0.58629549927118185 -3.8600447879775146 -5.172143849605682 -3.3123573212737916 -0.27427324121281971 -0.68674317075508173 -2.5847968696403267 -1.5126819159122074 -1.5487132407319792 -2.9813509153111912 -1.9360448762617062 -1.3057248519037459 -1.3688265063269536 -1.3818841116375156 -2.1304342435793293 -1.8863316855641648 -1.3645318681148562 -0.31095861076411063 -4.9189377427633261 -4.5550948408285175 -4.3761295454811258 -0.99891515212476212 -0.82684676096677401 -2.4602973580872836 -0.41439678331969043 -1.5681220352596215 -1.6083067407782365 -4.2086373618362733 -2.3930238518612685 -3.2267398691833979 -2.4356163374406727 -2.898931625185531 -1.2737268768654098 -4.7552145661541694 -3.6823003682281401 -2.7977249132313733 -3.9139904778697994 -2.9358949076629779 -2.9007567914932895 -2.3759458551368398 -0.055051438518080087 -3.6867484328960725 -1.4406793899047294 -0.00072200217270521061 0.067511058239923816 -0.5058862079875226 -0.027343896519011465 1.0749152853824095 -1.4026029454363247 0.76479229944504301 -0.17712205468702791 0.0071774331758712138 -0.70265671128496998 0.72351637338136998 1.1778896529535599 -0.92458045549093892 1.2975106343904557 0.68240217632969336 -1.4076321390607562 -1.4153667076500436 -1.6650803984664073 -2.3743949894612539 -1.441607111909635 -2.6853070422865022 -0.21101155056940243 -0.31948515449976678 -1.9759770964055994 -1.0434027215448793 0.48777041528064985 -1.7689539609608003 -1.3712982793033879 -1.3410224377222097 -0.79938037732284029 -0.9919525391171794 -4.6499005342121178 1.6972181758173275 -0.1168306528557962 0.5514423979031301 -0.43928333846866147 -1.414987265566835 -0.14445850656216694 -0.76998383527079506 -2.3188837854596458 -0.049144724205669447 0.016604244367600274 -1.8889791077786589 -0.29664409931268965 0.92824207069887588 -1.8891954623640705 -0.91725117873358808 -3.0156261524955861 1.3655585412688851 -0.37480164004899996 -0.95907656180033318 -2.0564208676597757 -1.27903389053179 -1.8163687337113135 -1.2438421221595615 0.015029780711288469 -1.8808482505591471 -1.507680169371701 -1.5253677780479651 0.40781774868672793 1.4511542305423721 -2.2009441179195299 1.1258008628666469 0.72283747144122412 -1.3557586139955176 -0.87077028200965401 -0.60999820267120952 -1.6488311452373086 -0.86871908974273315 -0.90329541926187995 -1.4985947257817349 -1.3902230575250154 -5.7122687961079777 -3.4539234676375088 -1.5826554054389752 -0.53714328513301257 0.25395054050385196 3.5153382323764983 -0.49033833041242664 -3.1795017566076247 -1.8371677029574849 -1.5869886814609546 0.24566483161244726 -0.13741067987776437 -1.4994752951046701 1.5120815234880927 -3.5162276711970275 -6.2003326978412296 -1.9440862629784657 -1.2339103112244667 -1.4131791331641117 -0.58416338377775168 1.3817170468248317 5.5552529533723236 -6.8545965209251847 -4.9139265013825355 -5.3686817387275738 -4.7407274454304149 -2.2285723695753656 0.42681636658392763 -4.8047683630626112 -4.8881760306611977 -6.2203943677847748 -7.497161389418717 -5.8974540533014501 -7.8498378866918772 -5.3207137616362372 -1.3994445556381501 -5.0554833031818163 -4.7156904831013318 -7.8156956254091545 -4.9856408539246502 -4.7075490624179714 -5.0386201000374413 -3.1683612233908272 -7.8916054680687644 -6.8867168991460126 -3.728957015838084 8.3498937601002954 -5.7281531113698092 -5.5505831086731412 -5.6034554979522149 -8.0243947177757136 -6.7155982155435749 -6.731409751655459 -3.1151015570200777 6.3696383956018776 5.9957003488919911 -4.2153250470553525 -5.0567114912854372 -4.1877523986633021 -3.1259494099958349 -4.0119658096957673 -6.5145921780838218 -3.1900498800278601 -5.7289244630783083 -4.4806091023851753 -3.0318345921389493 -5.2671317702796694 -3.0901105405321325 -5.4234164077172782 -1.787307748982653 -4.4844721014326216 -2.7352234325861495 -3.0668481438701187 -3.5399741624974967 -4.0337007790314159 -5.7693701340805248 -1.5957606186244364 -1.8967507725535417 -6.7184425882333931 -5.0993150703582932 -5.1958519465981539 -4.1412232371002853 -3.5137261866922391 -4.7717300641123401 -0.83950381589568746 -1.5394035030444164 -4.631041322458449 -1.6118900818872259 -3.0218842308783866 -3.380236265292027 -6.4232807499255946 -6.2842529754852876 -4.1248843923111611 -2.1067847276855423 -2.5976670930922872 -6.9024879136562323 -4.5649927824929408 -7.780689415788232 -6.7148062640012256 -2.7952300427819563 0.34668623012064875 -2.0123595764645135 -4.9553758204151475 -4.1677579530240507 -4.2259512924747771 -1.0275751372567037 -3.947042019497919 -1.2131838693996619 -4.1017781728434768 1.1174762791268769 -3.8003722160441851 -5.4726302440569601 -3.6131868132734031 -0.64453988466177581 0.30099831265323107 -0.81940030315974965 0.74507042960909753 -1.6033376897398601 -2.9803229941171563 -3.3238267224295019 -1.1206085397876766 2.0045511297420164 0.01045560192888113 -1.0204833575761247 -1.3378021315740332 4.0361142509800016 -2.0849284754702357 -1.5827674334711852 0.86357808203941411 1.4852439708226652 -2.3992869569091453 -0.6935740540658285 -1.9308374010605744 0.37865943131940022 1.6131707582518373 -1.072369632113483 1.3728724780291341 -0.32112770535616558 0.67143049222111162 -0.38038645983943359 -1.6358364397677048 1.370276097644757 -1.7698884746537569 -0.04862894017774011 0.052591495158052295 2.5839739320167601 -1.8231159713974217 -1.1752808599579887 0.67296627109228269 0.98931712730781884 0.93626060490216401 -1.1385102527021067 0.70458674097570839 -1.2797717709923215 -0.88645594335337852 -1.0236681741591698 -2.8343672084509453 -1.8014296514455708 -1.6393710752839665 -0.44221323137277935 -0.65632212117621591 0.26156257624657742 0.49058459864368814 0.52168261609143829 -2.6456966475439394 -0.34990387038240478 -0.38102007650452197 0.27215577412869063 0.79911588634014274 -0.82184772762124414 -0.15558455253799833 -1.4167915749480056 -0.63573735678970467 -1.8505444695692197 -1.9361786594651793 0.039711035815852461 -1.8890659313388536 -1.8716494270707649 -1.0550037713818492 -0.86376556243884994 -1.0787455740669363 0.86129832952167451 -1.7053602458605861 1.3627307027623454 -0.12302112679922642 0.37868399212548604 0.70760163019795552 -1.147795929745588 -0.39032074554527607 -2.8423533756780137




