# Created by Octave 5.2.0, Fri Apr 02 16:05:29 2021 CEST <br1@br1>
# name: ptcls
# type: scalar struct
# ndims: 2
 1 1
# length: 2
# name: x
# type: matrix
# rows: 2
# columns: 320
 134.91957369249531 97.062038323315647 95.443473482254291 83.450737436447881 100.06245855784313 109.88215050406822 74.638070473039846 88.616811177899734 104.3048555758366 111.42284499378037 100.40437073250722 96.355283401903804 109.45709578697185 110.5755504603313 108.92854572343441 110.16779722674259 103.71461872420133 106.10585849947377 99.836673604053729 100.77810465126069 101.59674073470346 143.183391855309 109.19655098829467 142.08166780605114 140.78220166762065 125.76325047183755 142.05051024510539 139.4695620932261 145.77642828054113 146.17934881828853 141.04586419085527 148.48050770889998 138.56909231311795 118.93665101624909 145.15975513673635 142.05815890103372 143.14620387529851 144.02611532134904 144.96283594572424 146.10673782360095 144.24373779538476 146.37080949866382 139.86573653465152 145.13041335318869 142.1549742074551 146.86402145924501 156.2997422871139 155.52725022804734 142.89998404100365 141.04448551363427 140.18689060435619 144.17126601243413 144.08163797726888 142.45137054867817 156.60031263819388 157.49203301541758 143.71161749053931 146.3300540504496 158.78266472210771 155.76622453915451 154.76872975694829 157.02495483227221 156.93755689796893 156.18618407532369 85.167267481384229 87.21786294109549 85.516687128812023 72.972744586701225 86.326087078112522 84.997281275877299 84.325432528665431 38.039208262313878 88.988780995487005 88.672372178317644 87.786119409342447 86.641742350233073 88.189702627009368 87.434338834670768 87.223061874641175 83.83352102221113 94.308959630911033 92.367940523806453 91.573514055673883 88.58096692859425 89.697661964560012 88.534202793890785 89.726908833222566 87.662565068570942 94.552985264149655 93.397592109717152 92.57184849432025 90.5109182478067 90.683047283458933 89.258055150450346 90.09135963580492 88.814510804186568 104.40709366660327 97.584655908030754 93.103412503062629 91.575398600353495 90.62460553793197 91.110533815310134 90.917311570666072 92.193155842471796 98.226829876001418 97.529832777697735 96.300897838586735 91.584720969625309 92.646072112941056 91.690243877185154 92.049698907863686 94.117324908770726 96.612378092311204 98.04908316440995 100.23889451920193 94.431980590539126 92.484524298446388 95.05463733400174 105.77082273946422 92.956986958805118 97.846856313103373 98.674365153654875 99.531959162541867 95.730187237501852 93.506127305035548 93.883142022026732 95.152680614616273 96.558144611867476 110.78148012601193 98.003634243765802 97.639737301892552 99.74779166533412 94.527119335692731 93.656217677611082 96.676723081393192 74.800127502917036 93.304928076161445 94.412764305028531 96.39899547081329 104.52505399701614 99.23987261943256 95.374420611764975 94.717741689671229 73.162605509119345 124.88523864721969 108.29441461088346 81.360319217820717 97.730562026880591 99.024065449833884 100.59362992190918 95.599473687242195 75.89299724751325 111.73465513422846 109.50350125219587 110.93544849833545 93.438537742030562 98.586333300013152 98.78066694982283 106.74717429546341 102.24812050225684 109.94091764662298 110.26450199486787 109.84388785074384 108.37656504353862 108.29657913234534 98.860212940551662 103.04129290442376 104.80300966121435 110.66546425888613 109.03200735493695 108.52917303865391 107.55463623934951 104.74830103596486 105.77164301329513 104.18859261258967 105.96044261691047 117.85662365846829 107.71058603239177 105.17317350786017 107.30053456894827 106.81164927431952 106.27778435098287 109.41694115163099 106.0737993868742 117.89452519285034 149.64281771289848 137.27341757269542 105.16906313252721 137.20242635339943 103.25142044026808 104.14449009270083 107.05311070403951 138.48695892688318 136.94492917381501 142.56459132012759 137.30729299245448 136.14399162721017 136.11836168537806 134.8291988440796 120.12453359357352 137.67219309595401 138.69424861622366 137.34606886704904 139.4873042891717 135.61058349242322 137.81791404527394 139.61909479330623 141.83950422097169 134.68068458924569 137.70020985858696 136.48819874082309 136.72140197078096 130.70384586058864 133.52562537138695 140.6110980990459 143.79241868543789 135.83846536325501 135.31957023021363 134.0603335555011 132.0400898251155 129.39892780682993 128.48908743104204 143.35217193205813 138.25763811012749 132.5877131414982 133.44250792212395 135.12458476634004 130.40131275411008 130.27464261136933 141.16161929396966 142.45258694400388 142.71988066315993 160.58673188581386 132.82564617052782 134.68008340638252 141.67037479517154 144.58402052758746 152.72141276071221 147.53182884154629 157.85104362517154 140.16289767571573 129.55967434825462 130.6729856921487 152.04089892913566 153.76117876236356 148.16497476345458 156.7106030975765 157.7170080940474 140.81838313518432 131.33667494396403 152.9340297190156 153.50741270072973 156.04827590000085 151.838456571488 147.44554641881106 120.06906369970622 157.99520838167558 159.09046167631226 132.86249049746294 161.81679655144751 157.27584392696642 155.94138643298712 157.27525118906851 158.35032670641672 156.86694367037995 152.59594713697385 155.71474787039736 155.0236987152521 158.36000587498376 154.79384747679771 156.12686018540106 157.72044176225737 155.50207580621111 158.90332282866166 158.17263980090655 156.572408613421 157.34833458774708 157.417704172745 158.95219949680239 156.72785949343807 154.06023860554171 162.07557735041078 161.00978465086027 159.09256307510191 159.39247627520746 158.53014116689337 158.13732233744221 159.17939325465736 161.0703381459715 159.90302350985306 160.41611632055131 159.67005974367606 161.08108260608654 159.91355564907525 160.4663560905845 163.13315433525867 162.05022213423857 160.12325711709852 161.63841535300125 160.8269039413982 161.39002684315727 160.26526014583663 164.09203923194633 158.72271407608298 163.42728648787426 161.15071531510407 162.7092056378772 161.87901162198247 164.16496840444455 162.87852846132475 163.1808390753103 157.26737191130798 163.68252398102581 162.35544458282314 163.84458791129427 162.16718060138672 163.06659329964242 164.16214572677907 163.11425371232144 164.31635776405491
 5.345910778271282 72.942189525982926 80.651114984308165 144.59111451066988 64.818396118931801 83.801209714478048 153.65708449577343 103.0233375171418 7.3938475386282461 28.532374230140949 67.622385343485405 79.969692214861567 88.857079963148749 85.037844551591704 83.353830822272329 82.661149081441849 4.825551922304621 5.81758403806427 69.623181533824365 65.543651131486456 64.90966495863151 64.923787916018028 84.671856037794925 65.386332763943443 60.642072804447459 65.530955291788914 59.665849711048423 76.343026417543356 62.16164808852794 64.558126174529306 65.511391507377695 65.027611277750069 57.330651626676378 44.540300325414876 63.852745975001525 63.153511081260596 63.496309658554544 65.519447465545881 60.812387210229453 63.364518550653145 63.186655006386601 59.914676512659469 59.236544234336463 64.909239543341386 64.269879036207428 62.327911430859402 89.782970608063607 90.771340440147554 60.53334853133137 59.576627942238325 57.011775206803726 64.421545766762506 60.235905085690312 61.678624145394522 91.173502841185993 90.162733034532366 61.301737555495833 65.696469283395487 86.067521521422179 91.867327367135431 91.537315013153247 87.780040953616151 92.201613017230699 88.642484001350212 79.989395708533365 79.434689772526852 80.955431704651389 79.720689835235689 81.709838988086148 82.068118464028927 81.077289542106143 113.47404591633757 80.407699333976566 79.228214309097439 80.382472208992709 80.485235008761038 82.448074108713769 81.427365471463261 83.111955892777488 82.009551619248853 78.870636812463516 79.045851072677905 79.839751612940745 81.392579550157748 81.20674159406903 83.496873020449726 83.679297948348037 84.21574792443451 77.54557815073268 79.360678984096751 80.332088601932227 80.361293433499554 81.661925509861135 82.428999747586886 84.692391364167648 84.542423659958899 79.736024340688374 81.743615952027767 78.161626885017213 81.0288952869833 82.895219992947119 85.151544904257051 84.068892573894857 85.808444323383725 67.79316449635148 62.717526406220514 78.806130679744541 82.208825038584962 82.672288394689787 83.353147393103768 84.56968188477839 84.174505924308392 66.526755107784524 80.792165781578731 70.821721212807248 80.302374912106615 81.609631620126365 83.427708502706963 91.876470494412487 83.889866705850451 64.982060206097501 62.945796792928675 68.486339734033663 77.880409516828422 80.836023312840013 83.057613998001457 84.585748718839781 82.115095771529781 61.147814372628808 66.62174158205427 68.673597075328416 66.213970886335588 81.341841608578292 81.961990117533745 80.983311667400287 152.4324361218805 46.260088084536271 46.494516291620776 60.997767602776513 67.172343495392241 67.264883968413017 79.367307321574373 82.389477126438862 124.55814989466639 24.955798412165755 10.976628443744502 54.061960411900557 61.592090882374904 70.337529402358726 68.698175455761273 81.671185501950163 152.78452299558955 11.33379558250563 11.407734430724453 9.6376186545716518 47.405290013360499 69.057935863359077 64.352704351612971 27.609048470863776 7.3431918164921006 12.429090276464548 10.597006791514939 9.3668687494606058 7.9355047306881188 6.8740759330352432 65.553912347143623 6.0326244149695629 5.3218984594387537 11.640277360876969 10.056094306670499 9.0748908867630469 8.6790137940348249 4.2380490960095454 4.7397268813363267 8.5817976714544528 3.6457170261731453 22.570954068008898 9.995112078434051 8.3595193063904869 7.440565112654614 9.4145187718134764 8.4898718396307267 8.2374791931194142 7.3427307898143495 21.40085688728956 3.7121348024329341 25.860028965003384 6.5765989707344605 18.592724307263332 7.1672094344105952 6.1983779445033411 6.3810248685244657 22.033396810782111 23.995758514373069 17.360656014336413 19.776019147967521 22.390739957810112 19.429568719787994 0.82793506108415349 44.489232641349886 23.198117492653687 23.436702187044983 22.183139962875995 20.353177862671924 21.351703524916992 21.118107492748646 57.967310888425352 60.718376233929312 24.20307433600447 24.873715950618966 25.053688974692133 21.228201240014172 19.769406923092273 21.988162200798538 58.416223521726799 59.167538537566955 24.199970213291394 25.117146732154062 23.216315401207844 22.016951582157688 21.807716070286055 22.515820016303177 62.263124782386839 58.67099957982839 33.170017893840281 24.102663866690396 23.186286512630701 22.078077246243836 20.93417802891015 57.170517375128682 57.819854590551678 58.795000419108945 17.265745814168653 22.902780474084437 22.125435957648801 58.564038618894571 61.943460782255151 84.182037472014656 66.089479390302046 86.888720667145407 39.697190834073517 22.941318931699708 23.067358119993521 82.334021959646449 83.735114684293322 76.732388745406496 85.529843095637474 85.68449710386038 38.595200183133215 21.198625216124853 82.975898262650645 81.792464201213434 82.520667160430193 83.351655421246917 64.975468360499377 154.00989895681801 58.847921371920208 58.335604907567792 90.893183723637733 80.6632924073228 83.221199459451313 84.77075020369513 88.963053280085745 89.347875149335181 79.756600210497979 71.446515756583338 79.884694383880941 83.267245298625838 83.849119028220002 84.288237626635322 83.653469832370931 91.305773373233777 81.140690454314409 81.693326081358819 82.473631122057199 80.937742433141864 81.828027973775207 84.567312837810107 87.221365986479512 86.632634726253883 82.656971407870998 82.099957916868973 81.499888127781702 83.014163864629936 84.140898477454172 84.973403081514391 88.155742949694172 88.487674507642851 82.583110217441188 82.04332248615431 84.513755042129063 85.427928822867798 86.769209929763647 86.456908129035398 88.477554846610431 89.622274737455214 83.195911320447578 83.319014535345119 84.941567685056398 85.634781319257172 87.879099820586447 87.498190053207153 88.97005339677635 90.398151976961685 84.115163132087318 83.750532057406886 85.302317056092903 86.009424260071015 82.941727706238481 88.542259787144729 87.462116342883647 98.438001182403184 81.950468093566045 84.183081959148396 85.196131738394342 87.153548257122537 82.996676439731033 86.761573455805674 86.394100532431622 87.824456509144611


# name: v
# type: matrix
# rows: 2
# columns: 320
 1.3579693284185725 -1.5491047806532685 -2.7675309747971344 -2.3617106020879088 -0.96068525984666808 0.21305508677408927 -1.8621680710739499 -2.1848560259870178 -2.0893665538978774 -0.62397535907694635 -3.3086616358159708 -0.95262485047369294 -0.74118715823311598 -0.78845962537598457 -1.1389859763267294 0.20991195566395268 -1.1120202395306666 -0.83589153485570677 0.020946979191126862 -1.8126790654312526 -0.30869410281994508 2.5645533757774839 -0.7276331040689501 -1.3942402543326786 0.89350326622020315 0.18963793975630527 -0.4599313883832909 1.1313036246855084 0.0023907729181419646 1.3320960394288497 3.6839948900516588 1.5550455535361376 0.10831779705489547 -1.6159842866771625 1.0710385602931898 3.2550642164946244 0.93678686163440228 1.1393801779865174 1.5359774369425336 0.6805695729067508 5.7130618967527855 -0.098506476858344655 1.0308645710099089 -0.24261909238069376 -0.55560357120190462 1.3137128369265056 3.0201867408205434 0.79653871224344597 1.9869965507034606 4.3865300748613443 0.54467576928494899 3.4545413371107037 2.505894929296653 -1.0339019648175392 -0.89852758071652417 1.1845655181972881 -0.86590861607403069 -0.16033903245874689 2.4139176107596039 2.4149904144038037 1.9428401782590285 0.92767956181728961 3.008374852508203 1.7646487723700637 0.97182615151717422 1.0969668643879575 -4.2220065192144105 -2.5555409142093808 -2.4236294112815151 -2.3440985192061383 -2.019875030656562 -4.8083481724781443 -3.7941946035784451 -0.89537293157806541 -1.442965825815798 -2.9795646979980535 -0.67518771142075229 -1.5062269480592878 -2.2306382651449281 -1.4073946250796379 -0.97370120434060692 -1.7855475031562211 -2.4234198845374126 -1.1319682211341393 -0.45748651490009251 -1.1820791489927556 -0.043773903104353744 -0.29856993177616525 1.0654448111133679 -1.5367455534520311 -2.9791146418291978 0.5426364751128141 -2.2903541464296775 -0.55917615037963686 -3.4352023423512148 -0.58118699281477781 1.0957960171126855 -2.0578787805481848 0.8728570023292429 -4.0131293327833397 0.15773773843246339 -1.9991376877027527 -4.2644003745934826 -1.1939926953383033 0.16546980648808035 -1.2476386251571912 -1.4080721116981056 -1.0978227623262879 0.11853703887698494 -1.3175534727409401 -2.729365434740759 -1.405808747058015 -2.9245438013998908 -2.0185134528447994 -2.4259176549179369 -1.6780111124069101 -2.1849415444028879 -3.2459176439634123 -0.98235940944024569 0.10876504200909352 -1.1184253412928966 -2.1389713931528824 -0.65832387756087474 -1.5761469347103427 -1.6433055129240115 -0.562526701604114 0.10679756544584514 1.105591014650781 0.63942593884555221 0.6132667463524617 -2.8078949625595868 -0.73054716198844893 -1.0947656158268362 0.3938160593478337 -1.5721504318395481 -4.053474112090786 -1.4206159207967755 -0.47056759442340484 -1.5189124205815525 -0.94314333146569318 -2.6297839292346952 -2.18334738675133 -1.2724206463276504 -3.1420302346738094 2.0503194377782759 2.3628783998134355 -3.3052369035009281 -1.3298916786230726 -1.1966109965585734 -0.97714906705283888 -1.5430752110562862 -2.788278711164482 -2.1149536845910228 -1.0903433105370282 -0.36575121368432467 -2.5877284653113386 -2.2042875819422325 -1.0090985410377229 -0.91553894821569615 -0.41375753477567312 1.4631965526436952 0.32034944800186876 -0.49094544797360223 -1.8576576844708472 -1.0622852778201386 -3.4789254975376336 -2.7822568214429624 -4.1657287825552078 -2.6883387912905947 -1.1726494955953122 -2.6360325242859073 0.54485907098683872 -1.9157494117036962 -3.3302753806677718 -1.4328579433123412 -1.449799242698508 -0.013702237787549964 -0.08980285241708362 -1.0469953404657555 -3.3248250182480228 -0.42962991533352568 0.5642234983169494 -0.81708961342797848 -1.8761035222133808 -0.71775081419768405 1.9063454546835059 -0.077359226669815789 0.4291742738077694 -0.48162056490138372 -0.96330843606849537 0.34722703897129797 -1.2182560140144172 0.10899560721025614 0.30875353489317525 2.5327848163482951 1.5168939525302647 1.9256236480916393 1.4216624385889136 0.9259881844467065 0.6819844761023176 -0.72907530318456937 0.9830440600534035 2.0854514592530591 1.0580328988139083 0.59947607798439617 -0.89290469193800903 1.3064548224335484 0.29558202201214995 -0.33047570419333677 -2.0149292947636726 -0.95677485260337281 -0.71001016606212908 -0.57042266617449977 0.81935013705935222 -0.084744075571840854 2.0937796563255282 2.4337003311471688 -2.1102816185374889 0.50277842653017235 1.8938765020901822 -0.34860837330579741 1.4253157766500613 -1.1300655998764813 1.0300521785610908 -0.92266956557525615 -0.81527173381166707 1.2479346988482536 1.9407829595947466 0.62673330789684778 1.0461531120576426 0.92732392295182597 0.55449044052711205 2.2728166734052841 -0.35050383618741143 0.15033341945157702 0.81234678036661845 0.50423318437000764 -0.51723644472804697 4.3071062772993081 1.6132268498039224 0.68940939089512265 -0.67519396961954714 -0.29138251480437816 -0.079103063944227003 1.6611770405078594 0.79445250808365253 0.3293303752098482 1.9461861382828267 0.30801894109738348 3.105040751494005 1.5069787605474649 3.5280227169808667 1.9470181991191833 0.59954369109266414 -0.2897582731543743 -1.1396072695747648 2.2364070039823973 1.1616188055237198 -2.100086601167332 -0.33748395210354715 1.9422710086838397 3.7020692411503417 0.54312832003764389 5.0663288519632736 1.8287445517537222 0.88167391345715806 -0.74574727835116028 3.6194427636773243 1.0920248867205882 -0.69623506789766909 3.3352045832986326 -0.8030796128468749 4.5913432700474743 0.789384573178742 1.1623703642740786 1.8925422178660156 0.96746205790213968 -0.73226722223403995 2.5815749879998027 1.8293470279025441 1.9259269465890803 0.81862713601210735 1.7562788247486776 3.2899642422206616 2.3601701490488058 1.7757346390046878 0.078076515153858467 -1.0451870895455837 3.3046185128029721 1.5820062670995754 3.10507751134827 1.9819775922710425 1.4141499784113729 2.0492946981193048 1.1151915489088171 2.0023599301028838 1.7562480111748209 -0.8450289906915105 0.37561121622822791 3.0036940178387224 -0.53642463632283843 -0.35424687940407762 3.8167949695145151 -0.70120444780052593 3.900217720803278 0.66461248625261538 2.7986938773272887 -0.070773254897921134 2.555446495925715 2.7732048686913173 3.7858040816521878 1.0795806053282941 4.6360210470771692 1.0739558267066258 1.8589970725619864 0.11233834298672167 1.1441680901021256 0.31769095490998273 0.11297140469763202 0.83864888874671162
 -6.3445512990119379 -1.117490105380994 1.4530830010936475 3.1959294126884794 -1.8634648288819844 -2.2769781451988833 3.8557004946503199 0.29108599795669898 -5.1280230267340201 -4.5400459979297505 0.11309962406750873 -2.0889364231820804 -0.81039780598378297 -1.248461923503791 -1.7940996133811482 -0.54307615573162349 -3.9777168945635268 -8.247510956414283 -1.0902942045542345 -3.0034455726162288 -1.4659786163796411 -1.3593917466471255 -0.40967024162084603 -0.28941867039607094 -4.2664117987828893 -1.9360448762617062 -0.55440627562713196 -1.3688265063269536 -2.6573167966123461 -0.67885286759257157 -1.952169552533312 -4.4723228201589871 -3.2570963123610666 -4.2641624901493085 -0.28537849889077355 -5.1423365986087743 -2.9550660741689003 -3.8024989891705121 -3.098171683557811 -1.7970409884368577 -1.0017476623875818 -2.8794044193457626 -3.9967980327510766 -1.2566579649864016 -3.2454080350684285 -2.9601703150188312 -0.44419369730880665 -1.4729547672775136 -3.9134415925864467 0.16501408880645557 -4.0957876963643018 -2.8853057858795705 -2.6878553858402765 -3.9147012975629663 1.7978330095423043 -1.5177547089507641 -3.5537972975530003 -2.9745821156877104 0.4035471510218186 -1.3495256060810985 -1.9197448673887172 3.0611252224808565 -0.38882814910482039 -0.3117855153791021 0.93979309198588035 -0.15507862788382734 -2.4145769164052799 -0.70265671128496998 -0.14277272292079701 1.1027125810722618 -0.080835384466997798 1.2975106343904557 0.54049684740017723 -1.8321602194484294 1.0979295061122347 -2.7325052537156544 -1.5953599234385449 -0.75783898572532915 -1.0753891908226261 0.36922434800894766 -0.68612222661380484 -0.89485122228313763 0.024131669844517194 -0.46861940965575388 -1.9433290621465533 -1.4336257456632773 -2.4241164493527565 0.92800070296572523 -1.8053921955843704 -0.02772879321281925 -1.9893215464069411 0.47755592862860224 -1.1796960951628988 -1.6726186781235717 -1.5326136612781283 1.2897752975352794 -0.76998383527079506 -0.081755250896106829 0.49476375142219775 -3.3794579782551546 -0.84332005606786065 -1.9770587635360348 0.61417696481412942 -3.3116165944874405 -2.5328536993194919 -4.2251105580307868 -2.3697042339460137 -5.673811091311693 1.2141120515246386 -1.6208136830969864 -3.0673120888187921 -3.1597019337411942 -0.99580944948337691 -1.2219804881824061 0.094291447970116848 0.82672432054898071 -0.31656250043741441 -1.9602892734906234 1.4511542305423721 -1.0918615845652508 -0.54921685611785054 -2.3718436570938453 -2.0599403073084623 0.23279959700591707 1.4049793640072226 -1.9880051867349788 1.1081754652150519 -0.87646133498196732 -1.4985947257817349 1.2836314175945165 -0.8546826387806532 -1.4575332114587778 -0.21821345669912354 0.40977132298473951 -0.28866437014373003 3.3614182689799725 -3.7193859399160623 -0.91837426398064748 -1.4370276201290078 -1.5869886814609546 -0.46328943374043052 -0.39207511034835379 -1.1902100261791202 1.5120815234880927 -3.5162276711970275 -6.8795050109606226 -1.9440862629784657 -1.126657376813617 -1.1165567856364602 -0.92570473277807108 0.75541443338754855 5.293708731242929 -6.4675993061251758 -5.2733727082555308 -6.4191591076857524 -3.7728073285537582 -3.618507376902742 -1.9019145715827275 -4.8047683630626112 -4.4825638918340669 -7.9584332746987929 -5.86774099837998 -5.212376138192532 -6.6981714781928048 -7.220274108865997 -1.9826266045435428 -3.9014261064187181 -7.6216528846409606 -5.865557816779039 -4.8557965131529501 -6.4094058219252448 -3.4148878873200226 -3.24933640162911 -7.6423702685402537 -3.2057154266067567 -1.9559615228220002 8.6075551969493524 -4.2916351541532274 -6.1723343760510376 -5.9617326754909712 -4.3763452020029501 -6.8016360811903827 -7.2811297901081735 -5.4577672418751435 6.1119769587528117 5.9957003488919911 -4.8041261431616942 -6.8936432181658587 -4.4338081768159503 -3.774178971433134 -4.0571152971730795 -7.063056368942588 -4.2532985528367098 -2.8555768094329617 -4.4806091023851753 -2.3020667050073316 -6.4020135355083871 -4.9719631881278845 6.5093544091306157 -2.4420830015966803 -3.5489425833303767 -3.6639612170470195 -6.9861534546737172 -4.1383096019334618 -5.1507022441324342 -0.74349997441521531 -0.66314178437206339 -0.33689131125689326 -3.7654625500578289 -4.5321706778466382 -2.2240182131671888 -5.4391633394255612 -6.4080210321772171 -1.4476606078277294 -3.2175897278255192 -2.4074264588849683 -4.0716859693668841 -3.5589774028879932 -4.9608165737870804 -5.22112423211638 -5.4947085791253585 -5.7978771947544825 -1.8545603126689352 -1.1851089075760413 -2.5976670930922872 -6.1931264935355754 -2.6660057437338631 -3.1472429958606254 -3.7303633161140324 -2.366536858776918 -1.8816490373158095 -0.35024638556146931 -4.9553758204151475 -5.2726726005677502 -6.9304733580056892 -0.53582073501785654 -4.5782851887109244 -0.14876134859187842 -2.1741825146707079 0.03803847017866132 -4.0797846137707223 -6.4150174652657865 -5.8902605843881952 0.9582197840832849 -1.8718731783020919 -0.81940030315974965 -2.9582869228155628 -1.440712853627379 -2.7009105963906195 -6.4786504490578931 -0.50660614818502014 -0.83346578571041496 -0.50547887611921161 0.40724454605372729 -0.33838915385897672 4.0361142509800016 -2.7793116424296156 -0.88838426651180147 0.86357808203941411 -0.11218465215998269 1.0947321293058603 -0.60157318311194308 1.5995735085902942 -4.282822249826979 1.1172866521137756 -1.072369632113483 0.52043323299109356 -0.8259339155732619 -2.7209307969963077 2.1495859190814626 2.1036809323931229 -1.0367350415520424 0.15658375532865199 -0.86475442388264256 -0.22185845288253553 0.99222092812719798 -1.1055813157465635 -1.4797957958079808 -3.0998476792988146 -1.4375079558769994 -1.9136002070854692 -1.8627976833098294 2.1828728509313966 2.8447863050184701 1.066671646175398 -1.5630491740475259 -0.57858610867304072 0.27177486627928005 -1.8850476318764646 -1.1580638352596129 -2.7888282989438369 -1.2294734976798909 0.57557274610587172 0.9041156214254229 -1.9081387347002239 0.044749133996780745 0.90391203453405933 -1.8281315846771993 1.165141224801959 -3.3774103661112891 2.8005529246450291 -0.38568863439456164 0.58863375091059245 -2.3513837495389502 0.055825208930022296 0.56558029492675121 -0.18214377075155741 0.79587557190484182 -3.9297435417062592 -1.5866247255156125 1.0084327633031211 0.86129832952167451 -3.398275299240165 -1.7076010673784459 -0.40411010195216956 1.2181363959540275 -0.97700098011297298 -0.47912028138447738 -1.5546442714410831 -1.0804443454166324




