# Created by Octave 5.2.0, Fri Apr 02 16:03:16 2021 CEST <br1@br1>
# name: ptcls
# type: scalar struct
# ndims: 2
 1 1
# length: 2
# name: x
# type: matrix
# rows: 2
# columns: 320
 120.50365380451612 112.46797725057202 111.06024875593818 109.31146852931035 115.92352381866026 118.20662819012048 108.023672364864 112.54098466247189 121.5737694192422 117.87957687790025 117.37445853726503 112.6686011336125 117.30219060214252 118.30595328773528 119.05775334019442 119.84343198848802 122.81187567949978 120.53469356852099 115.32555615555999 114.52155602721764 116.15529213480731 129.74402372285772 118.56332344750491 131.44147052491851 126.99487178123472 123.68671503152012 129.33357750022273 127.26969956452957 128.61484647022638 133.11431130796467 130.72595718470455 132.49281760473735 126.66983751469313 124.44042906234503 128.01880769617696 129.67179112312058 129.2557101384559 133.77481272882648 131.88279445961876 130.79189448865611 129.09776328905991 129.75753678789084 130.42795299998801 129.9329068097455 130.66465666759126 132.22887663152031 137.77686179994453 135.71605705887154 131.48414338751681 130.12329640582419 130.80002282640768 131.65738008374464 132.62600375338604 131.87769275152294 137.03606636145759 140.91921159019827 133.64282613869955 132.73137983173808 140.48134910226239 136.24271515584707 138.94440151258772 138.55233801310334 140.02493598892394 139.92910728618162 104.01442453138684 105.08224424549189 104.0335835261581 101.00123336439097 102.54639293064675 101.43685443630487 101.34922606718517 90.690620750949023 106.16375905714969 105.14512214989132 104.28435668769376 103.07316310849382 103.57805535572716 102.5531978125555 102.07075042662414 100.89432920536063 108.88719931710583 106.31224628559856 105.28853477841022 104.23642138541911 104.38946411473719 103.41402618727557 103.46985508263775 102.206119552079 107.38767240236858 107.37980863195813 106.34420940479558 105.08662304248944 105.38771737288342 104.49613053053952 104.33251827572404 103.14366670803807 109.4960701544433 111.61354890750519 108.30926806132136 106.06248560296999 106.42788941563879 105.62105469174453 106.72549921125132 104.02026764977528 111.15272802979042 111.99633416583478 110.94841203547665 107.16339069760554 108.34100772669755 107.59961600725305 107.77610853508426 107.14909552861185 112.58991605028307 111.65541195072569 112.80139602852211 109.52550293341294 107.93308674187331 108.57026157313867 108.84782736612728 108.1751200259047 112.5373460512306 113.86814851416928 112.88552733934682 110.38772771255168 108.87921230374819 109.36609611936009 109.58318586826354 110.12789954203896 111.35986995753237 112.12184026281582 112.98698843040188 113.87746892423198 110.1510774414544 109.39970323049295 110.95164565690418 105.62262413585553 109.84212034521924 111.55082757070895 112.70387435413002 113.8953468692692 115.16192264251654 111.5215604129948 110.58764183671683 108.05833477067421 115.20495676656336 113.90526540947572 111.16945400848877 113.54870515365614 114.84507069276374 112.37151468503838 111.78078282035852 106.50233432377264 115.64228063281936 114.29960567326904 116.32724892175679 112.28883801981269 113.46495513079319 114.9518857972779 117.14812407618091 122.06255846536457 113.95452911326005 114.86419627467468 116.01634550179844 116.78166895871081 117.85625538344027 114.2817716647868 122.68244745941661 121.72898447900289 114.3987155486146 115.19922788486963 116.28343084237471 117.05675977876028 118.12627410926375 119.29325764686385 121.57731415161146 120.72752569347824 122.45649035689807 115.45643985396768 116.80084474924651 117.37712931308023 117.87388816896588 120.40510420635071 120.10101346794785 120.4342121339651 121.3040694136582 128.76833498412594 129.58069169060909 118.54418812555953 126.40631867660993 121.14858033060936 122.29304433634655 121.18916253435815 130.51673641826955 129.64522223888386 129.01959138745252 127.60981675854666 129.45436827146025 126.79384582768358 126.78578370777953 124.84805347327223 128.62189415628899 131.08811997728711 129.01260976591732 127.8350007869838 129.70579376386564 128.66355371660953 127.8522362685769 128.10945952865754 131.2156281235018 129.85172544607431 130.42718791728601 130.38801135010235 129.05373602928492 129.5246658715709 129.05414187271816 132.21191317052438 131.61388985314531 131.24022626358774 132.35307283295811 130.93997689746556 130.0066601456839 132.34062979427537 130.60945395057078 131.38641452020812 130.06332577572715 133.25544693183826 132.21093617347216 131.16646076100639 132.34895440555795 132.47485979771287 134.3480332100082 133.22481633180416 135.69938931202378 132.84128192875099 131.54003512388635 133.60215167404064 134.69480823286281 138.18635311573684 134.80785741419783 141.2477638236897 134.83788808319815 133.33899113303713 132.09782031250725 137.65082582326676 139.31601278106481 137.00477112120257 139.31087091477005 140.86466222468627 134.65089815687463 133.46538685502148 138.44460787517374 139.3726611811052 140.24905842914526 139.24037423330077 137.61345185145112 132.54776330155212 139.41596023584808 140.46132720804761 138.00257802143733 139.61911272835141 141.32951979062051 138.70695769536022 141.04444322013194 141.92146926316695 140.71872348686102 140.85181893440932 139.70014293963885 140.48954928839987 141.15890165260492 140.3783161618818 139.93962216967213 141.83458812784693 140.84727009973452 141.60908712453505 141.38767277161782 142.43519974563768 142.19955830387781 140.81557244113711 141.79315114932714 140.16404281655812 139.5907589415157 142.38750325055346 142.49553003277967 143.22572499918221 143.01381700578588 141.96565191391903 142.79596802166989 142.26434297402452 143.33407080497491 143.40010575017084 144.23945666578939 144.13416935053093 143.91724459085538 142.98776614003495 143.48802225434571 143.44118766684514 145.57002633332567 144.44228217298985 145.14628621118146 145.10613151473314 144.82911577667352 143.87364910560927 144.97873271816616 144.64345830435627 146.41715159885391 145.26770975909247 146.23379035734717 146.04485643820533 146.97985383092433 146.14532779386843 145.96317089386173 145.6471988536189 146.6493595547928 146.13663760303885 147.44387246603176 147.29832260521567 148.28617301098771 147.99700771386017 147.3661977981817 146.79530585343662
 75.234522291253128 87.219139350569208 92.577930845274707 109.59568744173762 89.862903468295812 96.130864082921178 107.25522957023566 99.835945839502713 71.561313328195382 78.639251663640408 88.395167497582264 88.441687707005229 95.391138994117753 95.107720025935322 97.083302691460545 96.06492716845203 70.336863729920424 74.08549769949019 87.608991688072649 81.33995156784809 88.749061587251603 91.726314019230742 94.041357353626125 91.189325654394281 83.460590834590462 86.730646686864375 85.438585543847836 91.407653853592322 91.166434570896172 90.030502998997747 90.026305421709068 91.064335950013486 84.705161915893612 80.641696666618074 88.270332293210771 89.836244994673564 88.689476335323747 88.335463739889832 92.253204970999704 92.41916511749973 84.454024834055232 86.714953136312971 85.737104891105673 87.766906959760433 88.646134131088658 89.135746108830332 96.427611627371292 97.163664912919486 85.987390036334901 84.158581917410984 86.992183858854773 88.123991459835835 86.302557323206969 87.070092065391577 97.118714279541095 96.441745763269154 86.778979603663615 87.711426126720511 92.194709983350805 96.190287007524191 96.829966758274765 95.582674535338043 97.141720327462394 95.882554615766807 85.233648330593368 85.700271718586961 86.806610424153575 87.501127508681336 89.170139284721373 89.427107497467205 90.52117834367381 99.266304469765274 86.642129128796682 87.278454934905014 88.006115763217167 88.039467444707867 89.960127562946909 90.495247242691349 91.43276282169343 91.563267727961474 87.310744331625088 88.083338126449902 88.640583578303321 89.068336925848755 90.626466133296148 91.171045881457928 92.196112713994054 92.576714790200512 87.667226171673803 88.765370869712683 89.261486171223112 89.798751486431939 91.181472575233528 91.894216546302857 92.935113538391121 93.274957087088552 86.523702726654349 84.888550666025978 88.268554465730801 90.326159028385305 91.52997824641966 92.266398334997177 92.597108680307926 94.028096086830473 80.643156208282988 82.67250142628167 86.419077084735576 90.586590677848022 90.837620106228613 91.744637771703708 93.136147924414047 93.998863540852525 80.59306880328117 83.674865618834517 84.907833150914826 88.125428883894799 89.814160685311592 92.104337213464618 93.153563490194713 94.15799302785085 79.148436512519169 79.739258394867392 83.356264268664134 87.489025451654967 89.287313495158699 91.276708330910424 92.349859427652021 93.397345410973443 79.25986925846631 81.557331146012274 82.281712690577749 84.020787114355258 89.47878454471325 90.256488018854185 90.397799227804995 108.5868249639483 75.611751015467377 78.198604176401602 77.881188048015943 85.248434526185306 82.32566109512959 88.116646306410217 91.485803402988751 106.05545485455256 70.701278990664818 68.900533306323524 75.30018082344597 78.644152007336402 84.713030588920844 86.103180824592783 89.31561070312253 107.98383036810439 69.181508275706662 70.153265429514022 70.30298511462162 76.672859158385279 81.270589574078883 83.645571681101245 79.827888290226653 73.718834549560782 67.778231785073302 68.358931007386943 68.259242328477839 69.247580127776786 69.197957250826221 82.784740412745109 71.406162592729004 72.576529156477875 66.545809832596305 67.239278176613766 67.202592168936377 68.160308187764443 67.874491041867941 67.850441220530797 68.232173887300362 72.624250464976086 58.471098665552383 66.081173674197387 66.027410412400144 67.073919442987759 66.007428395090699 67.428582443152735 69.729016368048661 68.496110932174773 57.777705238520099 61.940784017932948 65.249990901129109 66.828276046643353 67.897616991531024 69.206123477961683 69.389508830461409 70.262898666682148 64.766063573074931 66.285056171761752 67.304974934476903 67.784700662282532 70.973152344983873 68.979428921711516 70.022640941737833 81.821224434765512 68.390155477649358 65.737252533537045 69.806949691262048 69.968774413005434 72.13246119560344 71.902552248125218 82.56432717942171 83.748938775819838 70.017016977585797 68.360386586900916 71.375262232485269 72.900070501682862 73.011253232854529 74.732797143385355 83.228760189344797 85.238590862111735 70.981979392242252 72.141544462780573 71.816857658130047 74.612285866949293 75.669532198831888 77.164977928588399 83.237957347747496 84.193683115178032 70.05962123198627 74.995862433356152 72.925567781956019 75.9718652580938 76.11887322449823 84.20663539513707 85.484481777830297 85.028974270223571 71.52711104771835 74.053527783477051 73.763476325354929 83.992924301552733 84.374379062367922 88.868294090689645 89.146246162627037 92.897341924807066 75.672044447332155 77.301950558279131 74.739346447634574 86.325712398440317 88.275773047701932 89.054213577280763 91.463480714062541 95.051022376553632 76.738763895811644 76.151883046648948 85.362535035605362 87.085777941106315 87.711765201806998 89.442630618007627 89.994350808856041 109.81444790857422 78.629577798110091 78.715218684286285 84.085499620910198 86.052610464187424 88.563934099084705 90.369373566296957 94.020128534852915 94.672383422941905 83.251099842947468 84.399875105645449 84.968130219000827 86.696786041367389 89.985114341943927 89.29572743554283 90.34492819613024 95.979828201603738 85.453236819652062 86.324464869054268 87.434969380019169 88.490529592592196 89.594565182079734 91.067253231569666 91.80561759564074 93.320644924981806 83.306211770893427 85.557628124841543 87.35774886316662 89.227627211002883 90.329999950682009 90.67309416876391 92.47254666013832 93.53966796321393 86.769222705448058 87.959039932993207 88.74789612256258 89.804202125926906 90.935260976834257 91.407460286612633 93.221727852109026 94.286995484985198 86.997183357469794 87.068757241572399 89.255281184974294 90.352593365931526 91.432220638951748 92.229250720675935 92.686060333499469 93.975122072960374 87.664982013735667 88.124627128866095 89.903037656134202 90.93711985050065 91.477332194904719 92.292011302538938 93.375663927057559 94.579000155984815 86.485936948464186 88.760604780051267 89.262876745296509 90.385878645286667 91.190164595896164 92.191651788879213 93.155455652882054 94.233892579541291


# name: v
# type: matrix
# rows: 2
# columns: 320
 0.62443799417203771 -3.7066038199372402 0.69695142765271512 -2.3617106020879088 -0.5099660393392571 -0.93447466303507953 -2.4667493790289154 -2.1848560259870178 0.61935250691610688 0.29910370567863004 -0.79898066283092406 -0.85812123947713947 0.41797100480412663 -1.1391837922282171 0.15844165689278217 -1.7442364233279195 -1.1435715859706004 0.12145208508637657 -2.4198978168065599 -4.3633281229097527 -2.0104934826307632 2.1762503833216167 -2.3227376045710573 0.24774923999790471 1.274598074756687 0.18963793975630527 0.92019906045476074 1.602875804555252 -0.88293107279186733 1.6761411923098646 3.402608241952163 2.3558575232215042 -0.21429376365507649 0.13687560236522989 1.1168285041734192 3.4469693224553652 0.30626320346720282 1.4815878429070077 1.4813844709871833 2.8685459590195435 2.9971877473724118 -0.75034770632184067 0.69670058548955194 1.5452054970839384 0.88084865293926051 0.851560175543145 3.9465162019938091 3.4016624221257317 3.8224222079794092 -0.2669311375504565 2.5316310336829897 1.816527186478937 0.35157047916349649 0.40465317285875563 0.51654902919198631 1.8085820767103595 -0.90735707612973182 1.3321757344677818 2.2175987819338139 2.9944297688509747 0.36468677939472416 3.4398472993949079 5.454260398242103 0.59446372087572519 -3.4892173594573412 -1.204601814067721 -2.9561760992020396 -2.7730461085994054 -1.4361590978929684 -0.70863145819778972 -1.3511251413851335 -4.8083481724781443 -2.3544585700055096 -0.22359155924542518 -1.3265906812081703 -2.0781984623092775 -1.1700554620280201 -2.1647186432404304 -1.9084742783493314 -4.1532252645516081 0.69411109259208037 -1.9981387911893984 -1.6585339533745709 -1.4728475345463736 -1.5392659612830371 -1.4263179276065099 -1.2311243669588923 -0.61083455764518113 -0.12401643755601285 -3.5198489751800484 -1.5906677495615764 -0.68545474639468118 -1.6079379694185283 1.8190265119958715 -2.0781892479919675 -2.2583815683619171 0.73971443876594634 1.1684463486192904 -4.3303940273582215 -3.288115404740382 -0.9485571344958792 -0.56998433234697332 -2.4845050344675701 -0.5837458913636433 0.58435385700784293 0.35396514806949186 1.6700029910845025 -3.3014564515869202 -0.99659647161556608 0.690715654850386 -3.4324339923780185 -0.12850757519170083 -3.662123046569004 -0.78185039495207653 0.73993650125470745 0.43099451766430108 -1.4634019806825003 -0.28684384106992011 0.53513694463478156 -1.5663736053848225 -3.2215493424417918 -0.59884083658289766 -4.5600084941267678 -0.68668856471298734 -1.8455782520343869 -3.5591137596515794 -0.78942621629914211 0.4659471803070242 1.4979137974861629 0.32717179733100082 -5.2738456882955589 0.060829439955018633 -2.8221236117291069 -0.34486142157894201 -1.5140034214314253 -3.39039453060012 -1.9699533242535054 -1.2668788925744612 -3.6950849302229432 -1.6739975709557169 -3.0471769385335286 -0.23439246579439421 -3.7579406347800552 -3.7789708178004777 -1.0684665135907729 -2.7186294361164767 -0.42016138517543561 -0.27667299156702807 -0.94126930645060602 -0.37093727195355963 -3.0239613186708336 -2.2098364015735079 0.59169294793951244 0.28791891267370573 0.73689463083936013 -1.299830202769668 -0.98503287359394087 0.52180037682314606 -1.8386180129712695 -0.15913523306913019 -1.1177459953977344 -0.089515104772720747 -2.5604808033227755 -0.49520636365574111 -2.4482312702629629 0.43736353413781082 0.77226979219091763 -1.8414330565542256 -3.7311706826110345 -1.1005772110329315 -3.7734691776780371 -0.0098446311423889266 -1.2706660989335039 0.090662214046160511 -2.259595247047637 -0.58751132832568354 -0.90811841092032208 -1.1058709659615904 -1.815466371679102 0.20704850303440855 -1.0706600824177805 -1.2606635866598273 -0.7665866372333574 -0.90278061655250108 0.17666535893509028 1.9063454546835059 1.1668905128160534 -0.43291431998069879 0.55351444231792557 1.2593800056435318 -3.0352949195303967 -1.8780968921816035 1.7475051132693731 1.6799594329395473 -1.2086780036227578 1.9212254632105368 0.76712288290916797 1.1326648569792654 1.1186469855445893 -1.0708754129400746 1.1217772913443593 2.3849652568678605 1.091986084194664 -0.087864066940937263 1.30706306076335 -1.8268446557099505 -0.85697552282120015 0.95207272405051568 -1.4767988807798309 0.4131433504006099 2.5638523200836665 1.8098449632917466 1.0899381388193607 2.1361822537720707 1.1207011277050505 2.106549990690429 0.23769834096215331 2.7274850022030583 1.3265243942872269 0.15580822936839084 -0.75927367048754624 -1.0557597489086175 -0.56026159294449485 2.4734223878098685 -0.69910657693839628 -1.1056010853692015 2.4000044290975331 -0.86825829736112081 -2.4026941413894236 0.31887288422361321 2.4587080814462374 -1.8222486444995962 2.2728166734052841 -0.14225451319109306 -1.5856756787694621 0.57533095287749481 1.6173912411590814 1.5198764166840735 0.31353334152139511 4.2468864824538954 1.5687916614050534 2.1385750327607589 -2.5379271294616061 3.0718275487555289 2.6979297524922599 -0.39343417960514848 2.4949781853688004 1.2751166742343574 -0.094489577317244611 -2.3774462347246286 1.1102629148014644 2.0084202723802469 3.6874667077463488 3.3490943813617706 -1.0777834032689642 -1.1396072695747648 1.9779701293949725 1.4200556801111499 -0.13372375531999209 0.9668683001209617 1.7952742994383377 2.4807136554112454 0.50546969699740618 0.4582119154415118 0.35595746194113009 0.60922344700970044 1.5785330555906403 1.5359684663058151 2.4468580732610441 5.8690081226763331 1.8856351211661051 3.1917499926907644 1.7663678078880485 1.2635808170605507 1.4309920082437726 0.74878096979174491 0.80036643633697613 2.4524476438056459 -0.72611579765009315 0.77778708556482101 1.5334056073365065 3.1131771614910941 2.7152652527911352 -0.27802249932600531 2.65800365636251 0.647973741188272 0.34845316423977091 2.8400747394387169 2.730593267861575 1.0195383113674517 2.0383269826443402 0.47808991951999497 1.3923434776070565 2.1165283195768629 0.7784977587226799 0.25719919345833792 1.8431436175251497 1.3042746502716576 -0.040588657230868436 1.8782294984190435 0.98572784048803841 1.4599225712908541 -1.7964977119895347 -1.3693253984827463 -1.4733016724696653 0.4913357333350854 0.85123156656853993 2.4654101173680329 -0.38939824603949769 0.7239248971978488 0.35122484892526651 2.7605580052044236 -1.1986980518410431 1.0412614176704669 1.1295537936793703 -0.41967057286876219 0.43894308241396779 1.8201157594873629 1.9637072335431447 2.051014828263086
 -5.4673118224615678 -2.8775470381633643 -1.1283594854073034 3.1959294126884794 -2.216012960696617 -0.56577499011120036 4.4870026327105537 0.29108599795669898 -7.3077775637000668 -5.7472734569096762 -1.12553293829659 -2.9547051299010043 -1.3587762272988697 0.33992416495706579 -1.0136868440107398 -1.2798918343173018 -6.9915754596942259 -7.1197649348950387 -1.8288005992688907 -3.0817525593501003 -2.5243180643983707 -1.3779780241333177 -1.6707548526912637 -4.7218751168872704 -1.2032443431803435 -1.9360448762617062 -2.9755907480090631 -1.6197341123924569 -0.51414231333404226 -2.3031232904193608 -1.8763117530576521 -3.6490010794647065 -3.0102283399578162 -4.4045717503745889 -1.6180887615145947 -3.7238116465534512 -0.97614845090458813 -2.8909315249563972 -3.9026163714350277 -2.7038117550503782 -3.2949950384218316 -2.7099110953061767 -3.0944493994386559 -3.5521035701040518 -4.7318120120954834 -2.6614832836557056 -1.1360728036350294 -0.077695702269170691 -2.42976816748777 -2.0036212683810328 -2.9130167840225032 -1.380686669877824 -2.2493295501286714 -0.38404252452394605 -0.73252129783829911 -1.6040814293529815 -3.1916714846201613 -0.44301104788438928 0.072468185022228432 -0.13061185453655944 1.6085836663789217 0.2201307392360505 -1.5516012556222343 0.26404095480181256 0.95148476455200615 -0.3561858585049224 -2.4729200149142079 -1.0602851365574848 -1.1081902340794632 0.24658900165530301 -0.91389388149461148 1.2975106343904557 0.55703174036494174 -1.0007799205187389 -0.35570012132345891 0.12335518815669427 -1.4495997490586239 -3.4209691721434199 0.20238683733303273 -1.9609837756413615 -1.9264622896052583 0.23012784185073351 0.090686745626018431 1.550583372327436 -1.3723270473448406 -1.3677778521461597 -2.0754464354096607 -0.27986071210176955 -2.5386745863942086 0.052225626746837409 0.92197593795528188 -1.9127681363147868 0.5800932829701565 -1.1948718242091356 -1.9056855703946385 -2.0298770447638557 -3.9106505624419987 -2.0317928180890439 0.75388742945118081 -2.1147654442885147 0.46280127234873403 0.11718016840394258 -1.4711299089843293 -1.9413072894724259 -3.1375862605323008 -0.95602720839867972 2.4192479056773815 0.54121343815427325 -0.94446261842925694 -2.0765805789421639 -1.2165414243797075 0.47917489455061002 -2.3821327117465114 -3.3305155805867219 0.15453081371932598 0.46400891840853487 -0.96790276381516416 1.3994420241774295 0.34292743541768722 -0.48568438685311727 -1.0425283122035085 -1.9984185501136102 -1.3146805325815207 0.66441894600351492 0.96180531795581925 -0.11471740087941057 0.087702234984393182 1.9959252173727275 0.24576654426153 -1.7261515958683082 -3.4361326159680909 -0.89549833569827186 0.29052594844794133 0.24991208138093721 -1.2462585484060891 2.6675818005658241 -1.8133671287988915 -0.66916285439261114 -1.7457449916509684 -2.4433473016638945 -1.8793930871141962 -3.0740866952361725 -0.56443017837482001 1.8664858242672147 -4.6837038474015307 -4.3255868216083462 -3.4893399976440596 -0.84998544407866972 -0.39835286786962387 -1.7915726988948695 -2.9779370448754254 5.0018387608176713 -6.415388560332115 -6.2800489888239479 -5.3050971330283492 -1.5867776594584486 -0.27660237127816678 -1.6392763427474177 -3.5975409040826825 -5.721555429623649 -3.8514677487135627 -1.59697073664823 -6.5574936213722905 -6.216237168793521 -4.2513113663485127 -3.0989967114841375 -8.5994081956813915 -9.1990424741295769 -3.9262874964276171 -4.6611469834264287 -3.5498053124427722 -4.0208037066646698 -6.2096831247008257 -5.5751243857320611 -3.9273998891206294 -6.4915620910820371 -6.9434088701306118 -5.8231599986568785 -4.559075353298085 -4.986136670221943 -4.4047366963624102 -7.4460438129433202 -5.9363706885764262 -5.5206179661140098 -7.6548177390602659 -5.9957003488919911 -4.7595526345711434 -5.7934368689830551 -4.8087762032386125 -4.5404472534046407 -6.5166415482072608 -6.1676891779127407 -5.119239584225717 -3.209139448307365 -4.0582919176463106 -5.4703113094130993 -5.0717493053057554 -4.8582683449872537 -7.058963615468036 -2.3016737413714252 -4.9884772345249484 -4.9656371097698715 -5.0929682651463466 -8.4860111752965217 -3.4650195459076918 -4.2550000288031518 -1.4945806311710461 -2.9942352561733823 -3.8679238881069522 -4.6820540899200331 -5.8365622578724974 -4.4990963820314027 -5.4787781843315715 -6.1605997281372646 -0.97233248079607204 -2.6484958941882955 -2.8046525908265383 -5.8963265951701134 -5.0985803039044697 -4.1674163337749892 -2.6909732466800489 -2.9294610760591993 -3.0966248047851752 -2.5404989767354165 -2.4785917211435171 -4.8188531059200077 -2.9166237954779191 -3.2204590226805303 -5.8103519826323389 -1.2095859203670549 -1.7996079089999715 -2.9074406627811293 -4.9553758204151475 -5.5428715254005683 -3.9016404895316379 -2.3843212451673756 0.25932304820398461 0.73770575629329949 -0.72307017869649892 -0.98331394895148427 -2.4486909943719311 -4.6661681789742095 -2.1483749358587669 -0.11222162132959804 0.46588168514562289 -2.4815276291335682 -0.69642901476339059 -4.2125993804090989 -2.8039075299683192 -3.7318836988756585 -3.5890337027191714 -2.7191819024965507 -0.5857350778274355 1.2253445138522931 0.35013631514489635 4.0361142509800016 -2.5382094370635717 -1.1294864718778457 0.59762286356377314 -2.3850875051867684 1.3065190189827032 -0.43562726899516541 -1.5032769414818934 0.89298158795311988 2.2705845041160968 -1.6222052880457531 1.7508249265742744 -0.40161356315670077 -2.4640363064244348 -3.1096850820708801 -1.6188553852151821 -1.3371432946251709 -3.7396350885448428 0.5890767495523529 -0.86180464887944186 -4.3963806875607121 -0.57449503029646332 0.36234353183696988 0.70226659905573086 2.3108838269302083 -0.89960385580586322 -3.602078087482063 -0.095974891602603238 -0.9562767196764449 -0.44820226431437649 -1.5670644992187446 0.4756742053126613 3.2293844522737882 -0.30035667856474513 0.76794358173645272 -2.4741578698193845 -1.0569247011232628 0.014797131800210028 -1.5714263387835801 -2.1016720881862123 1.3365338047563875 0.88960628500031858 -1.3966058821667933 0.57087475703629376 -1.1158722051207 0.88842808829739262 -0.94154842800926453 -2.520535824700592 -0.070482321561299202 -0.52000248841429009 3.1364269878184574 -2.6314492564075018 -2.4450234638668893 -0.21928465986220708 2.4574820538003843 -3.1965230340386119 -0.19069544526525475 2.3476781712254762 0.33914245810784077 1.7830134724879407 -0.21715180707036189 -0.048394374306326343 0.68948117020081157 0.51340905688859362 -0.29021955551972073




