# Created by Octave 5.2.0, Fri Apr 02 16:04:07 2021 CEST <br1@br1>
# name: ptcls
# type: scalar struct
# ndims: 2
 1 1
# length: 2
# name: x
# type: matrix
# rows: 2
# columns: 320
 125.75328072565551 107.56749837464923 105.1415533139148 99.392284000541181 110.12971199462436 115.95968815737764 94.512562906753999 103.36458935332092 116.59330813249797 115.6346786675448 109.58683247425412 105.19735167240815 113.8080335326018 113.87974626050425 115.50121611862934 114.79901529795963 117.87054351765572 117.71017592605514 108.780857717708 107.61562173962693 111.2155941912969 136.18740263267662 113.96185823895776 135.13825503257021 131.86118892311043 124.48319437849119 134.80082702821952 131.83326262659494 138.27555068479441 139.32540243704636 135.05171912038674 137.43354158648455 132.28264829376411 122.73396176674349 133.13733389642735 133.06525708846402 134.14521742146201 136.21343035651202 140.10015162460493 140.15696214543851 134.45722292620158 135.56045480573815 133.71772194982174 135.10204506262554 134.09773735818547 139.18265074525993 148.31854313799946 146.28034483283335 136.53093668845486 134.1043423054482 135.33086193524829 135.25320867815603 136.49985430672604 136.61081863357822 147.96706852791351 147.69067933037522 138.54742622865109 136.68464647051704 146.34049723367329 147.12784165841268 145.74720038959566 146.49682223439746 147.17846696059561 146.83148338066781 98.273766687480816 99.374858353746589 97.389216069276458 90.222645757619006 96.329970140879979 94.722523493931888 95.399386896810839 70.495558426543965 100.31626272218014 99.291652690903078 98.389114155147269 97.29759462412261 97.706986948783921 96.672079798313746 96.393876409790494 94.474999435256805 103.31650123712922 100.63289436562499 99.664755186775352 98.654636056958239 98.539479013298291 97.540739508780675 97.238079451347105 96.233907498439237 102.09637411464864 101.79646094780604 100.61711006719158 99.649461662743491 99.628554702646596 98.26863554901891 98.112638360480446 97.036891610278488 106.23920791518346 105.25762842766281 102.83693158570453 100.66127430853899 99.306691224253271 99.470038184444348 100.34108453395596 98.475017593995162 106.74993345216163 108.91863434579784 105.32739987693212 100.55489354527258 101.5637237656227 101.43487197337583 100.83406095729461 101.85206801071131 107.0700868509464 106.47857377557456 113.08919617444971 104.27105957793287 101.65842503598466 103.0531793685761 104.23027013301643 101.87438165753233 107.39610476283292 108.45764780556536 107.99454142537492 104.25678072814976 102.74506957989004 102.84207639682029 104.1555201595429 105.10132157486359 107.443897461414 107.88711696700697 106.44120078750782 110.94299082695817 103.76346278790579 102.62825007611266 106.16368000313042 93.885138362044771 103.24271060475851 103.30289109888842 106.61481461277795 112.44656933476591 107.89419670796039 105.33146779862152 104.26988368369855 94.371309593163062 112.97353756380788 110.20184772796215 104.19945792711729 106.4217498643519 112.66697098138711 108.90759806476034 105.06857725570451 95.684959991393612 111.79362282517651 110.4288629770554 112.81770448984173 104.31449467749334 111.33355741571481 108.7081047052522 112.92706219591189 116.5390890812499 109.1785782543724 111.10119674794539 112.10305119854728 113.41196237344393 114.00781635478165 107.41336998792742 120.20508344860635 118.8913445841561 109.43716276759068 111.17287933962602 112.73904290528476 113.22695787017543 114.40864878705014 115.70317435450164 114.70956608765222 118.77232841683121 120.54095806315316 111.97328597587672 111.87157754172526 113.5807941536892 113.01513128208015 114.04801535596594 115.29170998973505 115.57543236475495 120.14749888906564 136.77498589379212 136.3674212354982 114.6818330769317 129.74561178481591 115.38725174491807 117.20961850777886 116.65463887220358 135.38973046287396 134.40029820322502 132.88429178764852 131.09575475938675 133.30171724327531 130.36504027992927 128.57877859907103 122.63172156445935 132.45627551425179 135.40642540853966 132.03339518330478 131.35444173958763 133.09976490685909 132.12835539411861 133.06038996081867 132.7734525501516 136.28774385207799 135.5323799858588 134.4139368510223 132.0772578486349 130.28279708142122 131.32153311819076 132.97713859187652 136.13146907914219 134.55231295220707 133.84548437735762 133.4334940322988 130.72358818125915 127.30346153581978 128.14385726324042 133.71683616111244 134.99024831941284 135.16656338397783 131.47603658234522 132.8483541255863 128.64754752758554 128.17017766609621 135.6637084938464 138.28243290960393 137.44221078505026 145.24521934032683 132.33248276071711 131.64517194550083 137.30001177318908 137.99869192004255 143.76366203313938 137.34463323293369 146.76797059676144 137.66267061049888 129.46498527865998 130.30963165385404 143.80978079022495 144.86996968646415 142.9338029033126 145.55317616528214 145.32033508586028 136.58596895945178 129.27393163628389 144.92582528517676 145.30919393419461 146.20135694951605 144.96956973271529 139.38348351976961 127.76141276934425 147.07931654759815 147.06967929622331 142.73072468425212 147.41182282704222 147.03325545351959 144.69302748048537 147.76479723923833 148.74619749271787 145.5167624383177 146.64464822115593 144.87272564909827 146.52711250503708 146.78659150110215 145.95291945774284 145.81010550566666 149.16652252995132 146.16618990797087 147.55846167283107 147.43862107046218 148.27882252928998 148.09568903915488 146.75216485487991 147.37139580778106 144.11188090488025 144.33770151184135 149.42701257789156 148.58023114854745 149.15831576047054 148.94491638262238 147.78192223861475 147.83492742754515 148.83668552044148 149.63482550344489 149.48293217148128 150.38594096642095 150.10472227005599 149.70011347479956 148.41465528928728 149.69821662724567 149.87959857937798 151.70464301658018 150.55924926141705 151.24687200947801 150.80074114896053 150.40730127175831 149.22177444759555 151.36867051817021 150.12567296296874 152.52552627665955 151.45850895034241 151.93493826425524 151.43331249032124 153.47290638139214 152.39142851033807 151.73277867136252 150.55051845377074 152.89262023464036 152.31692441247876 153.09018270739847 152.93077911672822 154.09574930391821 153.83748413804139 152.80299086136225 150.66952982743413
 48.171632046600791 80.730742573948532 87.797987511480244 123.01859097503237 77.708715209787101 91.687043225331252 125.05951080308326 101.05850703092592 43.870915071713355 59.177684716162908 78.734422790643706 82.336617037370019 93.593555883729863 90.903871851691221 90.612535498734474 91.479469723674782 42.999283600256568 44.445388574201715 80.352184222116222 76.407666075369534 77.55109549206739 80.72884229598013 92.237199682767482 81.919368248235529 76.345641247671622 78.599258206561458 76.346020218984535 85.582605335257298 79.680838180119409 79.769390342894027 80.498770191204116 81.070542489912839 74.500708157481128 66.541723542965784 78.088633373254737 79.392421059402324 78.716608886207922 78.703301706355504 79.094032360383622 80.410095279729177 77.359266524122475 77.244070726164466 74.527765632086073 78.281689410325072 79.695937163057323 78.466813268700193 94.73131286385491 93.150924323107361 75.366759303642027 75.549924963002269 75.278063811285577 79.457996335536635 76.620275660844285 77.711114350956166 95.949145528488103 93.530171453355649 76.556491171282445 79.706620061685513 89.959942093790957 95.303124966049069 94.155725204627501 92.059610163139638 96.906381094157922 94.106106753996997 84.24566053631824 83.667678604886547 84.922298438969165 84.463622636415877 86.605626809894716 86.55381308181434 87.440128645984899 104.71584913420396 84.144757883487557 84.712584371714698 85.382473887966611 86.049559377637181 87.156745797978076 87.553050735202333 88.630800962975385 85.509654302179158 84.31707145918439 85.19340983569839 85.883911172696472 86.410034867486004 87.957953432560956 88.247178440023532 89.388216331686678 89.808546450408585 84.620653538586694 85.755248967722167 86.354810879978515 87.122492348515678 88.22501961588361 89.068166666179295 90.247092481499649 90.688179736924567 82.781498479515847 80.999293923822208 85.392637863390732 87.482510315924728 89.278252689638677 90.60439141008321 89.589208590139634 91.27057426833619 75.045539787346556 75.922592858963426 83.366754692949044 88.578033878148091 87.991135917619772 89.264947904450324 90.596549936220597 91.331678062686777 73.933840777586951 80.876261227866209 79.98935556265512 85.005066698471978 86.886170412089854 90.193391748931631 89.521694206980158 90.22007299742441 72.085389191763682 71.550932515275363 79.509577084249614 83.733543851664209 86.467345340886922 89.154349598193974 88.485557332351334 88.928752854646419 71.082246392759757 74.876915707003064 77.952624528558502 78.782926656332762 85.964909014315424 87.561570298478898 88.259891221857742 124.12759408431982 66.332454135948041 64.651288271522162 70.429855964076964 79.04376417595067 73.151892581412341 84.51810936792775 87.196343280975995 114.35159961111275 50.588030334140186 48.095240850603986 67.079667586689439 71.684471970943676 77.84139681418516 77.921234088671497 86.001593067788704 125.23885313544635 49.816113310204322 49.571406602905164 49.171903877334827 66.052357926400134 76.242520676873383 76.948849820917275 60.041234921537715 42.796502184003927 47.731866975743436 48.727239459378843 48.206790740768419 48.292266671447564 47.300964270786785 77.437061783744397 42.858485486188435 42.521299751954757 48.913355627217015 47.533971142430858 47.38349157209764 46.394258990260248 46.126808564419214 45.645594414064874 42.426356793319883 43.746179145522348 26.884954235378657 46.552501191643081 44.008769870652685 45.33410587288634 44.277554680053619 44.019071349554345 46.864936589605016 44.315306150678303 28.051297910092103 36.758842552587261 49.071482957719155 45.035704257535066 47.729680430371531 43.20093996005285 41.580068923797022 44.963899960721989 49.675716380163173 49.038199370521419 47.502113142234172 47.887354790705949 50.686338248135847 48.768807061638128 43.110207200547848 67.754966493084495 48.837695966964645 48.457923679998508 49.903933917752006 49.034331494962522 51.776962622076326 51.037751142207654 73.588935816206543 77.113533897265853 51.73059542964095 50.795130206459312 51.225443185201918 52.117635774185239 56.733399598042389 54.437172938255237 75.331652605337197 74.174831743489008 53.439961072771105 52.626088086738761 53.878097817641923 57.793309170491192 59.053533226464978 59.835629212982717 72.607084951822941 74.085428006746284 51.975736019829966 55.518546929121015 53.030530294631319 58.500726858192621 57.220636028821318 73.11233140265395 75.184475460201739 75.943680844482941 50.714532601973261 54.118968268560955 53.241796367939003 74.568062060374245 77.871680395199562 87.255828120985129 78.706904219304505 91.033298186089482 61.943732105961423 59.576987753275553 55.596471380976638 85.940628758124035 86.050343782540551 82.236801644568757 89.190110642979889 90.481447602482675 62.118351579834581 57.524900909596006 83.56730336984603 84.96934055045844 85.786875861531271 87.422129915066932 82.085993394788204 126.7661277626881 71.60845783955422 70.332015825288209 84.426959429898929 82.911109397145225 86.572891218315107 88.606742464858243 92.447639804985002 92.929415893361252 81.331926323505456 78.685010773340778 82.140180695985578 84.488182987174056 87.711279328335308 86.877440352087817 88.140186406179225 93.906966447870587 82.24114434753065 84.243146207168792 85.362373241894886 86.350594188642248 87.38178299025671 88.912181935448288 89.84353473397033 90.953206510718829 81.130166803750839 83.638780117832681 85.307142002961015 87.249387544462479 88.288492180958428 88.378656159499457 91.341064947816591 91.781361464660577 84.969599816724056 86.037539575762338 86.711063966212905 87.825046213414197 89.038040767210973 89.324027679675638 90.958340934404887 92.248835375906808 85.302405688054918 85.537839986876747 87.637553947021743 88.646858196484388 90.078904752692267 89.973458199287023 90.630960638968162 93.404608283664828 86.349035186707539 86.439170429943687 88.526999958692798 89.485138099468514 90.518692591215412 90.373942794556157 91.78534631251533 94.473854775543671 85.286292422029916 87.510853971492523 88.225030149198801 89.230318527871518 89.513561208503617 91.906628800814872 91.564334436755402 91.375263483842161


# name: v
# type: matrix
# rows: 2
# columns: 320
 1.3579693284185725 -0.69677524715798378 0.30168970369521814 -2.3617106020879088 -1.5896074801179021 0.77595396482798951 -2.3311247175364711 -2.1848560259870178 0.27862255765259392 -0.62397535907694635 -0.9644470071123763 -1.208954851837297 -2.0966873545474365 -1.2825975794215565 -2.8424469954918647 0.23613547537753016 -3.4422310674970782 -1.057232994543861 -0.69734508667725392 0.1057589641399693 -0.0010652128033162706 2.3878698546068149 -0.35457733221004667 1.6322224686682272 2.9706319931508816 0.18963793975630527 -0.090067440425051187 1.1313036246855084 2.1502635014092655 -0.084068325367556318 1.6911597609567877 0.68096012529687344 3.3626622349873174 0.38471042756299961 2.9328528868804615 0.3557118912017006 1.7617813253097667 0.71081571520872722 -0.18728026828676245 2.6050551816779781 3.9267617130152948 1.0911773357433199 -2.0437656539260991 2.4301452167704625 1.4802297021368456 3.1416491105945865 -0.53575446078156763 0.17561431556985763 -2.4941672397122518 1.6108012969540448 2.1157477284192332 1.0085138980510844 1.5153006213579179 1.4180920063149269 0.16720119959627266 -1.0766823716504761 1.8914886154212218 1.5681268333671194 1.4661499629271106 0.85219440459647033 1.8374602769920045 3.905347748691868 1.2229703986282277 2.0887906067488773 -3.4136594312640804 -0.32996891384379612 -1.4308529363755809 -2.5555409142093808 0.10386950785632833 -1.0278605505567517 0.82224113057069448 -4.8083481724781443 -1.5228309600108108 -0.87267359845626247 -3.6705991070477695 -1.8975152999501155 -0.91259413952960833 -3.6724363953939405 -1.4641776727467182 -2.9591880486160562 -2.3330833933770991 -1.2487076379325239 -1.4868012153955192 -2.3680219687591717 -1.0910577313661223 -2.0556017427546402 -1.2822187313714692 -2.2060624698954512 -2.4933482324968659 -0.85421909999393164 -2.6686275232876708 1.9606449672748314 0.44815624776309876 -0.64122091373726531 -0.66542403920461934 -3.2314727969157095 -1.0032277268096492 -0.88324910476859164 -1.7087597007858977 -0.50008950454344581 -1.3579582021576222 -3.629531808738137 -2.9013703169342731 -0.19725690511850852 -1.2298598328410864 -1.0101570074102755 -1.4701388723390361 -0.081932098486418858 -0.61156033676119459 -1.9913057851054243 0.38447837417733294 -1.4537939371780799 -2.5569965893298039 -0.7500707480282538 -0.4991554252151772 -3.1052438241579043 -0.59752045062829295 -0.51441638924699518 0.18950896692463956 -1.0365750597902395 0.023987297993885257 -3.9404370146364696 -1.3745840410580479 -2.0870837042376675 0.48879657208680249 -2.0612862214103513 -3.24773618581 -1.6177616762886853 1.3006525382761818 -3.010834499790267 -1.6511941568933866 -2.5342880991922678 -1.3973563996763754 -2.1843215395349365 -0.77677104061772673 -3.3211159753471708 -1.8187864086574945 -0.80059275624145254 -1.2203489309728888 -3.0204716355198022 -1.5779022102160949 -0.98666915137237932 -0.84938275391405049 -3.1420302346738094 0.28668651922541871 -1.0000576659653004 -4.1111415198466741 -0.7756863506278654 -1.2639779754265621 -1.9703087770997765 -1.6506983956555348 -3.0516802014455671 0.9437418145184342 -1.4131947144274739 -0.082864034785334759 -1.0536281992868324 -0.51744609708624056 -0.062606580235020928 -0.91553894821569615 1.5912311198971838 1.4106799954817855 -1.4483675142408101 -1.7306059323455705 0.68066195398614793 -2.5066634127570504 -2.2994102837766341 -2.0573630731916879 -2.6167309985531806 -0.48242470683466443 0.82037290695068643 0.1333117299660026 -1.7041887392850674 -1.8277403140444524 -1.3689901799846531 -1.5295707848661013 -1.9487400947872218 0.60398309389097926 -0.25722298504311114 -2.0195873717253354 1.0154841643983523 -4.3833589426759394 -3.6899089752889314 -2.349755716601106 0.41733499548708086 -1.3354361458762125 1.9063454546835059 -1.2847947727865581 0.48201800708195697 0.22982790501563571 -1.6044399749027058 -1.6494507903098123 -0.57989864754685005 0.67871228153255081 2.865984106984409 1.1433217977030312 1.9081250993077232 1.8089294334708517 0.23039052908954755 0.9259881844467065 -1.3187102381378473 1.7789188557610989 0.1810154476519632 1.696789342647671 2.0941511998162494 1.9592608518797898 -0.56565469327511364 -1.1668690576529119 2.3588663183966996 0.25554926720742321 -2.6320756484334074 1.0190977936742711 2.0667411969590539 0.24321432053523162 0.43765960169063678 -0.11006875812467441 -2.8521031643765946 1.0505194666386539 0.46635379908073321 -0.25838284497911068 -1.1579636013348309 -0.50614043951221865 -0.86332305116712249 1.9650269862035472 2.5016579846360441 -0.88192569772915552 0.25021257751202119 0.43477967375640969 0.71867525484076678 -0.65377317877957997 2.1014868607216814 1.0523826492818573 -0.40410168400524199 2.2728166734052841 1.3138548213609609 -2.7326433491958881 1.7434542068046266 -1.2461011803654531 2.9847623889410175 -0.91240091379321053 -0.37771423042075897 1.8553063809151273 0.479775569006686 0.14260180245107221 2.6243314031114018 2.3866900458120108 0.13940329960128811 0.83410751775727965 -0.41592149697274094 -0.85787804892262443 0.49129600381588878 1.2564920485988733 2.3906968043738086 -0.34447808642685362 1.2405979699837502 -0.31500179852290999 -1.1396072695747648 1.1021511734416112 2.2958746360645055 0.76266035958077039 3.1465733158325655 3.8193121272051926 -0.31414204927248207 1.3597498706522768 1.0106691579348921 4.0490223496601248 0.88167391345715806 2.2835988580670969 -0.96733535474020793 2.1448257529653261 3.2977013174081531 1.9459011303022395 3.2108484882793724 1.6258554970053825 1.944937249064431 0.97194530560975245 3.5359559826021689 2.9065191231537275 1.3376652855795605 2.4736327820881208 3.0167242693895036 1.4645193896994364 1.7558219607054972 -1.8458110459433605 3.37284532043748 1.28810310139127 -0.53320670126862579 2.164600619580725 2.0071560016278069 2.6018669124849332 0.56242722633919184 2.0070950746144898 1.3997046318379334 4.8207134302840782 0.69522043009530865 0.10796811028308832 3.3346950709221383 -0.13656798167808434 2.3641901607635538 0.90660787450468394 2.6235862899350861 -0.15178763313726046 0.69316242777400761 1.7570392699171626 0.98749321176641114 -0.74893401418909922 2.9883825089909801 2.3379615538397283 1.7388698854834166 1.941081436459039 0.65225065743941812 0.61216953951528208 1.0762670806639372 1.2034008163058623 1.2705788743422328 2.3736857595954417 0.92911565276245722 1.6065155375036249 -1.6014855002406014 0.63224345855622022 3.4000127311693951
 -6.3445512990119379 -0.95500005783232056 -3.3346472789404884 3.1959294126884794 -1.8185466517882045 -2.2862329123737135 2.8183375269788575 0.29108599795669898 -7.3884941423448653 -4.5400459979297505 -1.5379067658315366 -1.6417923760509932 -0.53503467448972875 1.7140270295147002 -1.0533523639749875 -1.2298531517962361 -7.3360513993052736 -8.022410474528149 -0.37603556577515751 -1.9610261435642271 -3.6261150290827322 -4.3811516547049854 -2.1585145103523429 -2.9673748189910132 -2.8571914568545003 -1.9360448762617062 -3.1917360864662809 -1.3688265063269536 -2.6636109465409619 -2.0911805498171603 -3.9762152959541224 -0.39611124961843996 -0.76789997860899895 -2.3011622490878021 -2.3366350543026817 -1.618800004097813 -1.4281032368162281 -1.0676828174112181 -0.90335063308062058 -3.9611588284792223 -1.8478507288238171 0.62860551304331769 -1.6569851808109002 -2.3048727629847217 -1.2141028062935222 -2.2693433075387919 -1.0338756090233829 -0.82253311479699964 -0.34148175685725912 -2.3582432363915862 -3.8911366573168804 -2.7741802691639279 -2.3520269158366984 -1.5935122635354733 -0.29159408269267428 2.6388019375939953 -3.226139004373858 -1.3934707018448946 0.10777271427058122 -2.1099977328469088 2.2555912624902961 0.54936218108208923 0.057706001519081299 -0.4918127087833748 -0.12785390323444762 -0.27780494014007329 0.055131383640877163 -0.70265671128496998 -1.0621075422706785 -0.69256937219602244 -0.96304779035122867 1.2975106343904557 -1.9774659377369581 2.0487563723006477 1.3520738511123525 -0.93394311447795697 -0.8819791871614252 -2.2292429222871317 -0.021242396705606955 -0.98413774165096146 -1.3733533615219051 1.6680498395048959 -1.3140463171486125 0.45156578492393834 -0.71297512141298658 -3.0224015194984544 -0.38127616353538946 -3.1606013490110367 0.14008010501590867 -1.3895474638720799 -2.1951362659904459 -1.8500662860250803 -0.20041274358826514 0.64312108098878107 0.021987953322654089 -2.4420643223912402 -2.5713622219534233 0.37588046016091881 -1.5205872594180225 -2.4704878398795298 0.83657400877734112 0.74013151521918541 -2.8751035397106901 -1.7225170720992922 -1.1592822338881799 -3.0842694614627573 1.4760936232743564 -2.1214132869000801 1.086581626877366 -2.2420901950056162 1.2499550073492787 -0.48126535412269827 -0.31139423666068572 1.6069723327727978 -1.4246196454909179 -0.69764736612732325 -1.9925002101689688 -0.48718853435104348 1.2506699949428532 -0.98041578107813265 -2.4857674792088487 -0.32044745948619074 -2.7794614527688979 -1.6524097533597362 2.1100919661692576 -0.055888126889831982 -0.69584910210597761 -3.9052410002671194 -2.7124958250241105 -0.59394509552811747 -0.8939319396415345 -1.4715251107215341 -1.6476764963849593 0.13343796683242781 0.42630504679524739 4.8672228556474169 -4.5711937833287362 -1.7661648106366823 -0.65966387197558163 -1.5439243347112896 -2.7290094671215348 0.031587194008375993 -0.79244163526930977 1.5120815234880927 -6.7307747888358138 -4.6923748402707304 -1.7194519877636631 -0.54101073079159834 -0.11252618488907651 -3.6672466493714566 -3.0784090136350466 4.8252671122469266 -5.7936035632999685 -6.1003762420291361 -4.45182035034109 -2.2978432136998457 0.67665000337685732 -1.8954393561892797 -4.8047683630626112 -6.4707776770261951 -3.2629923581115401 -4.9918286287587534 -4.6198824026215464 -2.6951671966035282 -4.8307443505455074 -1.8467026883099857 -5.6395546325995518 -6.1559800784757828 -4.3845122851535692 -4.1404858978258341 -4.6816473836106098 -4.7986475748200483 -5.0152667185976707 -7.6833741778768809 -4.1956848512563694 -7.0363598091655 -8.1759577052752714 -5.7544537399454159 -6.3283480693037024 -5.4651005277353431 -4.4228601962329339 -3.9278667610238713 -6.3110905601616247 -5.5925715456813334 -6.4222689039155947 -5.9957003488919911 -3.4958326502528116 -7.7750882751697343 -3.4796676591236086 -5.8423485139698874 -5.0856210598659271 -5.9771985254280988 -6.6795110499874291 -2.13023444535327 -3.8546716647967374 -4.3551018870817657 -3.5306722533057009 -4.6989412923874481 -6.5093544091306157 -4.4050832426582156 -4.9471212928068544 -0.55150105273416006 -7.3290233855271438 -4.2458836348287337 -6.1576114326808167 -3.9463073490780571 -3.5578526311620875 -2.3163448166684346 -2.3294867601616431 -3.7135479668146587 -5.1426196114470262 -4.5507651822961499 -6.0258528238709896 -4.0657688887921513 -2.7237420732904383 -2.0981632321800587 -3.9209161538709991 -4.5896260460570755 -4.7000559402005715 -4.5460769104741257 -6.8016261473922217 -5.6085499661792717 -3.8267468345842013 -0.87761685098986497 -2.5011440894278727 -4.4116529215070992 -4.9529306660779611 -4.7830505775385266 -3.6492019443364896 -2.6231956143280208 -1.634550029336965 -3.4373710409084302 -4.9553758204151475 -5.7059706028337978 -4.9985602927022326 -3.9121395359236182 -1.5441256246419492 1.1032910084774536 -3.6357754114422929 -0.75845812001513135 -3.3858113804319392 -5.6848723986540648 -3.7540741193173384 -0.18627332739130389 2.270516534137359 -0.67627538999326797 -2.9869639319496795 -0.3110713502393791 -3.3948838297294262 -5.1397667010733858 -0.7309862670102284 -1.1668789479747452 -0.44232347598620098 0.53967498237736922 -4.2677851763384433 4.0361142509800016 -2.0053715739850007 -1.6623243349564167 0.73648021808870923 -1.6555472674394223 0.96751677401880798 0.066452554130700212 1.1532411474135096 -0.14899631532784893 0.95228129883967005 -1.072369632113483 -0.88748270701233434 -1.3455660639150249 -0.69220688291373433 1.8537439929102495 -2.6217049449411935 -0.81987088562153476 -1.9541128355606101 -1.3855247568751918 -2.7031311873982689 -0.3119997493747092 0.39629462189879205 -0.4910484633496891 2.4355302604589757 -1.0622124336516257 0.77509562477933869 -2.2287094928749345 0.27437029784415046 0.66735638769107164 0.0084316363035590522 0.89821266490209528 0.56056729543232464 -2.4785474499183513 0.73440965409465453 -0.94243327675892818 0.24081054925149514 0.72855497475432496 -0.41370504832712113 -2.1548118826888274 0.018284743225806064 1.2557605510596235 -3.3566738845098696 -2.2507072647293462 0.0031921037539895877 -1.2199798524203362 -0.12908808983687578 0.62967287911265757 -2.7509630314402225 1.0341288571473672 -1.1839101050472696 -2.4742500935108853 -0.56298742322497586 0.06843768075013551 -0.4747828225795192 -1.3113999301320547 -3.1929803484000749 -2.6032060344623367 0.032884522654155202 0.18790762542269415 -1.2647988752071064 -2.6614451556356351 -1.5374865561016504 -0.23546305293366154 0.22233246431781695 -0.19908086859973526




