# Created by Octave 5.2.0, Fri Apr 02 16:06:32 2021 CEST <br1@br1>
# name: ptcls
# type: scalar struct
# ndims: 2
 1 1
# length: 2
# name: x
# type: matrix
# rows: 2
# columns: 320
 156.27051296247339 89.316514420048321 88.638138340829499 71.642184426008399 92.179168723274856 107.72210486430284 59.820277703642226 77.692531047958113 83.369633049276686 107.13297508464748 94.690128401596581 89.69828546429936 105.75115999581166 107.0983174151437 107.77690550526151 109.37610353029133 75.61120206042915 97.320774045319467 91.91869607386748 92.484294453145552 93.285330157032362 148.80822989143846 106.74286362508713 150.31265737265616 144.04580344687182 126.71144017061263 146.84957414779564 145.12608021665659 152.80029733210517 152.22132435066945 141.29878728833384 151.53219372208457 144.7234205421646 121.64253708542179 150.3925605534553 147.42100571187115 148.45333821024383 151.72294173308862 151.30294429748801 150.41042053831171 149.40974261668205 151.07941920272148 144.10993060663361 151.07370154771087 146.32518846848632 154.63228603300357 164.73237128271055 163.7171636569831 147.89446514792289 145.70277799672323 140.54471245599512 149.49779518822325 150.9901588147118 147.73880334945216 164.0624857266159 164.99893550766012 149.38911033773678 159.68557257368215 166.35095744462578 164.64349021478873 163.00336849406796 163.89168464417915 165.89131087890823 163.25711703387097 78.204399469896728 79.478241207302261 78.521348660115464 60.195040015651017 79.461597467066255 78.392488846140395 77.428694447621211 13.99746739992246 81.012388421301679 79.872875814392401 80.603992218876485 79.476460387079442 81.87634557814205 80.738047008367019 80.92463451810282 77.18690875933504 88.109390132991905 86.051597866241522 84.982601943479992 81.729936376555983 82.064898810311135 81.796337582741785 83.093689898187506 82.035841351733268 88.453723384228496 87.056538625080918 85.343308924483495 83.058146260482971 83.31080593388721 82.823339859277255 83.049482985094002 83.242543524799302 108.75981539828662 90.627261011509361 87.200711187382026 84.238902857799928 83.991097312421275 84.169284405521466 84.20006223677612 86.021506648541035 90.169437879574133 91.486168652906926 89.922058266162907 84.50319878129082 85.013347990614605 85.140942850856433 84.036104987982938 86.793184835527327 88.882303123335447 90.858234091416307 93.243656422054272 87.839494037304519 85.637488274725825 87.828411466393078 100.85902569226454 85.073942609445837 89.920135244092378 91.390528047054289 92.399127875363746 89.152294601232327 86.78477448831319 85.830568708780334 87.07933416756363 88.930631092358141 113.97860982024073 91.422767799150293 89.291811880166009 90.965106592460174 87.563903459075433 86.241910265658277 89.359271318813441 61.077032345260484 85.866267828805078 86.053478140276027 91.285860330299087 99.814373327916954 93.40821872817628 88.930081647280019 87.12321741267391 57.452454335753629 133.49771065100219 110.87581009018375 64.834134700318288 90.92122762428113 90.624048784757335 93.576130210293414 88.196298508364634 60.91428070292136 145.84966328378454 119.21992011588581 122.90300689378968 86.841924251481885 92.134932296824445 90.208001134858279 104.45727512420366 77.13019029439684 113.70103541595464 117.96104889795585 130.49530120509138 113.26556935729778 94.071621339874653 90.118090318164192 84.487681718412901 91.098899692632941 113.6530939253103 114.54628948283617 114.33520593903089 93.312678620709335 75.10497271440093 74.596969995468385 98.879299792416788 89.719784978579867 116.99362027268117 109.39845723044459 108.3976945546883 92.362415151330794 99.528573033674007 107.1822369160985 114.68473595417862 104.71366037141276 101.50656263839635 159.17454498631059 134.62069002194806 92.154908317705235 142.61698240099804 83.885919197990162 83.333393765645667 91.175544794603113 138.21968539452277 139.00069218124833 155.22851540187725 141.59364667874087 141.32718214667841 142.22719142521214 131.43073054510589 126.3373131636055 135.65206382907994 136.91612936401194 140.46858279300616 142.94901705020226 140.06963944446281 141.74598276966043 145.79477395780074 145.5279012912049 135.67035862926178 134.88239206690773 137.05156715402134 140.50200421652772 139.1051106147959 133.65786750269231 145.03185404767342 150.09385669688334 137.91280687289546 132.33771566715754 137.0120315695585 133.60669303751163 134.27524957249301 127.30506578854094 148.66150458625805 143.89939900607766 127.97436531362771 135.54724597771465 138.93634686958887 131.72418243832004 145.94816519151394 149.05480288832283 149.86202789482164 146.89526202059679 171.95081525284129 133.19135202069077 138.61408137845726 146.23175642064365 150.19365519828386 159.54331569829733 157.07807058106081 164.95382673935413 142.46111831446504 119.50185798057797 132.03937596145084 161.12297603838309 161.59527792165562 152.13723730388406 162.43919551693179 164.03542946722879 143.50730415639751 135.35478574637247 160.60463504575443 161.97190049993057 162.18343375876847 159.87020446126061 150.74407692872271 114.3710273518262 166.82263645208235 167.25316265343588 122.36205749163224 169.50257823434379 164.47088498306672 161.31255443167092 164.41907625699065 165.85530432084909 161.31507046431409 157.00431670424638 159.01078556424218 164.32579159781341 165.35013809153688 160.43514343327951 163.23895182552494 165.27113484180228 163.16398478300215 166.61394526401369 166.48232622922615 163.43441131819372 165.60580202412035 165.30811628961689 166.16274469806834 162.21086975001501 162.7686265168233 171.33741729996802 168.40648102548735 167.64587949126573 166.48813839870533 167.45470303604415 165.46658487276687 166.47931562578 169.05583033178627 168.72852970049519 168.423687404378 167.41460062328647 168.6143082469452 167.47284131256862 166.94100297415514 172.64087182577956 170.1599098222521 169.68778471216464 169.40786739051308 168.38195253579531 168.23559308992589 167.46940897547952 171.88345661718554 166.13761598589895 172.44966732223688 170.87470832348689 170.50581391649655 170.41772353627445 172.81042423524482 169.38237701735633 170.40091902174029 162.66527493795553 173.07438830123414 171.61613732177898 171.45462682147118 169.65465354390321 172.16497139176309 172.2284227615078 171.03698656711884 172.9378764422101
 29.898344452059565 67.3547389990798 77.197208493685707 160.57076157410179 58.523458207768535 77.170710914819409 173.84974586483881 104.47876750693133 3.5819316282764233 7.1887308583835301 59.354572588760469 76.955869936240788 84.805090933230758 78.443074228487902 76.048313315376262 79.187685859338046 11.302418327183423 4.2251738333867204 63.056041689274323 59.734441371929741 58.840555361029686 52.352050425674697 76.701484740292358 52.096211536973307 48.093291967488831 55.8507309104819 49.407878284898288 69.498893885903399 52.02408563947143 53.202131205740528 56.124740271583924 54.092056514702008 45.969335367536807 33.414612963565361 50.885878754661967 51.630402926855375 51.230039428324766 52.041767682684849 50.348080996805756 54.88115361497843 50.423279176009778 47.541440634950995 46.908072875711468 53.013234404759174 51.826071627225879 48.455812846365411 85.819221588875806 86.500193418580778 48.879747702333937 48.386966024832027 48.610964973009487 51.458930974642321 48.761586219166134 50.206955250699451 87.541921149099821 86.884950180205891 48.815906902401096 53.451784499501045 82.423612091587842 88.74876177595479 87.39286053930617 83.616667664053779 89.03492795396707 85.28990735361856 77.180438414812784 76.731335648039135 78.267332419948048 76.207406278805919 78.98572119089927 79.441027081229592 78.185158856588131 119.96159908828839 75.605935636353053 75.592570394868503 76.624157525458187 77.745226309993541 78.323489435591767 77.658952433182222 78.854916541207658 79.642207676123334 75.176290826547401 74.941790881280426 74.798166843965646 77.277962745294118 76.243043032755423 79.577095362855587 78.418788554829248 80.651268589827936 73.973115325431806 75.428897901107703 75.827987029844081 75.244534668059444 76.308393279413565 77.289574683388039 79.667113189863571 80.775700054316587 76.499295916414638 78.173127097047953 74.315168507906606 75.605333159177817 77.699732996669752 81.335072943753488 78.921902761558911 80.269262895870909 60.886395854668208 53.646224308083859 75.621568909279731 76.732209972180144 77.711588646055461 79.596895102778674 80.018786125245583 79.399561040351145 59.063446471438887 76.170339866029678 62.769489305218165 76.256163278337013 76.90124888687258 79.607243438385538 99.132241647126406 80.684627107326236 58.494928290619349 57.887338568467925 61.902831172449332 74.892146373394127 76.595147869382473 78.79495369848658 80.434212347973485 79.320669003356329 53.654840743722367 59.829758696964312 60.270945646908118 58.866721093147653 77.326941008895446 77.72564023720453 77.99959948140787 174.34746461805608 33.341631318658905 31.967731904760843 52.488940893337343 59.236179984193015 60.878856814638105 76.024877612031034 78.366928940555155 132.11855751210578 9.0620357288732585 14.497943313188067 44.341529097011247 51.485537786493971 63.001054590544221 59.801428313988517 78.397631997319721 173.23097060471343 18.856236133232656 5.1135503286208515 21.505356252468598 32.797693503845473 60.755582301013192 57.169687393284732 20.320532947052371 11.448081059539986 14.84369895528312 4.9829785054361633 3.7957039114158948 12.291152780677955 3.8684617636136012 59.68953767747432 3.4187027692329948 2.2680494499904662 16.278934173034958 11.506305499810004 12.740522535186615 2.1169380900386452 12.491567336549069 11.581598869274316 13.506100953897414 2.6698795269433351 29.163537370209646 9.003369888397831 8.4709796510048232 0.78245325681396427 3.2745429996737632 8.3274068303126523 0.1711358794360554 6.5939670314404371 59.323729688891724 33.690636546892215 4.3274546108109107 1.9153201834588374 0.78396016748237551 2.5617442724553472 4.7063714852486376 0.93345384762418337 5.3908847301339033 3.7050076675184234 5.0423894975892498 2.6840462330243597 1.2605408307624564 1.7567587506440128 1.820981254123559 51.167117323072645 3.7386049404744766 4.254429773853416 3.9079728027020022 2.5517843272227916 0.99917883319084522 3.9130216457086062 46.543677469595622 49.574728838669294 2.520556721169934 5.9347066185467519 2.3341957639945141 2.383119085738524 0.04973106271764817 3.0796414034260047 47.457908159270033 48.048449689455865 1.8010667793674282 2.4565429962888756 0.33460886888832281 4.9382788090111935 1.4207079651794376 6.5931204330128654 49.607309729242118 49.222021339622962 20.18168242837897 1.4936902520294073 2.2612850898366368 3.9305045484520815 2.1750806580551587 47.744744113378353 46.805716993058532 48.351398060279848 7.5111332879071488 1.7830294623072172 0.93568775111264524 47.492975285269409 49.636386314134036 82.447021448155283 46.313819939185237 83.18115478540274 21.791903143097407 19.223694981670011 0.96920931997177073 81.224422573031987 82.931060941628033 72.635387229604106 83.683409586370217 82.438932491474034 22.59701182330253 0.28029129757672272 82.130887117833964 81.905633423720104 80.899649616653406 81.300184418424507 56.057971700578847 174.19047021172969 50.000419602622877 48.844627132158038 95.211074133829882 79.256828654157985 79.887657293991069 84.064571288078113 84.667265124877929 86.183382502913958 79.879211795225217 66.084667596022271 73.192763201876303 81.229604071333867 80.741312970574015 83.312741672966013 80.452434588383028 87.956388370998056 81.531561342733042 79.272822728401607 80.320329124241184 79.364969423008105 79.664139954091041 81.879821253109355 83.712168241964235 84.818905508179839 82.59561638310916 80.333635254493203 79.344849628914787 80.475237844665799 81.362480951341894 81.840882468001226 85.089543644839409 84.787316758647563 80.197469620937511 81.391339420813594 82.410141070599067 82.980982075950706 84.796772356982913 84.213014449976541 86.372769110771841 86.163651138411296 80.635239090891162 81.85111805949397 82.978570507793378 83.473468806561485 86.037904482193923 85.275636028385151 85.217991482369968 87.32948927794088 83.035741496416193 81.449452416088448 82.505703727499252 83.481186247274664 78.548891464920871 85.619992992432685 85.246177216252434 102.74449283001439 82.192656336145589 82.187113667543798 83.320248591732835 84.397926385235749 81.291157537123624 84.237540998920792 84.373620123873096 84.980798341641858


# name: v
# type: matrix
# rows: 2
# columns: 320
 4.4388033362693289 -1.5491047806532685 -3.0843533470283182 -2.3617106020879088 -0.40986593374460611 -0.96876978436240702 -0.9467936131373772 -2.1848560259870178 -5.5913649749085366 3.3825945441623131 -1.0779214121954623 0.21083067141651804 -0.74118715823311598 -1.6588544610686395 -0.53551096627633343 0.017779697267049685 -6.5464725006885285 -4.485461527099436 -0.26610041626873293 -0.81076819624209107 -0.57313025908117166 1.8035857375202646 1.4616657223118967 0.10609575296495571 0.12888236198464734 0.18963793975630527 -2.0030457413468676 1.1313036246855084 1.9000022366395521 0.26914558508368736 0.076597165524798977 1.7321145481032014 0.53342544695425409 0.95492287514684171 1.7151470686284351 0.88853029672496353 -0.85734448626655158 2.6981760453956682 2.9150360256170407 -1.0752903046338296 2.8093788272679143 0.36110516352199346 -0.51709666919858888 2.232640626867985 0.22979440837541087 1.6961192366017308 -1.9491249168943681 -0.45622356232087019 1.3525324265941296 1.7046805236423022 0.56229828007824556 -0.37195889189044845 1.3544893076165625 1.2411476457711597 0.2356850255424896 4.4048297091788076 1.6624726001159775 2.5807933735430915 1.7833070163659215 3.6135782047578027 2.1106097109775455 4.2624857107200418 3.0510091679125719 -0.10093376797327129 -1.745326105998908 0.045701814179022623 -3.6533249718400223 -2.5555409142093808 0.070517048025961676 0.38127697704729696 -3.5299255940826981 -4.8083481724781443 -1.16759989584813 -0.65632861595922665 -1.7581428236829071 -1.7447427132932121 -1.1151897855840636 -2.2737532387137356 -1.5808666231294177 -2.0462120367529884 -0.47175294598910139 -0.57519087316141804 -0.23594827068441071 -3.6574153342169744 -2.274610857239892 -3.0638054863583521 2.1410054096715498 0.026504259734791286 -0.57370808805183271 -3.8020115773972232 -1.4184063212165587 -2.7120347421133855 -1.2689826561715558 -0.2671707538459559 -1.1551406036258214 3.0344647169828192 0.54737414590749167 0.017709170744640762 -2.139619468319272 0.59434607442381571 -3.3689540689531339 -2.3927249263165633 -1.735085000978331 -1.6950275644346351 -2.5256463152209738 -1.2592484729040316 -0.034326583626626508 -0.32859360764551898 0.081767570338553669 0.67849354178697874 -0.42121133730764582 -1.4768976112059373 -1.1031562017183294 -0.20792035260553338 -3.1927833140190187 -0.63072289858486896 -1.8066689356236416 -4.0625341058433788 -0.98235940944024569 -2.9021696031548623 -0.93013231784104455 -2.3020771701554223 -2.6663905530612175 -0.54003227593005754 -2.6933476970654286 -1.3296475649286756 -1.1975692987043542 -4.3400316835155568 0.63942593884555221 -0.63134441146269538 1.0574183975630502 -0.70028640858445468 -1.9802899915160388 -1.7200374667824923 -3.3299054269195216 -4.2469691156816092 -3.149039918896321 -0.24492146569404499 -0.76378218614280369 -0.8115951691036748 -1.646276124907857 -1.0832688496472034 -2.8748694815101059 -3.1420302346738094 0.90918658046067113 2.4689053982098423 -3.3052369035009281 -1.5374212296341541 -1.886981392136146 -1.8625004674708667 -2.0201620757138681 -3.5101581655102456 10.35078207216706 2.1802638970827983 2.9794398013476497 -1.0849505959411374 -2.6479789327524896 -1.7149227481094538 0.28301216482355873 -7.4036873602994957 1.1275478265712362 3.0325254755952855 -2.8907314969953384 1.9598641770195684 -4.2285748495915092 -4.5366629963902279 -5.5552930481452343 -4.4066469689349175 0.44795440189857588 2.3772592113830844 1.9660262647878268 -2.4755050090209911 -6.9463953868328376 -4.7125672466492841 -1.1946868770402617 -2.4395020218962529 -0.31910471256220463 1.1596677973491154 -2.5508069416477288 -3.5685154954864502 0.0026482824204231005 -0.54539284108586472 1.0862742734625994 -2.9647473545547105 -5.2228543144631123 1.9063454546835059 3.1695305037107633 -2.7690988109751351 2.786655036344424 -4.9331788821364677 -4.1911819334196325 -4.6547379495707446 -1.3784908390060371 -0.47575787374364953 2.5327848163482951 0.90378855770469602 1.7565031972361953 1.0421051301766748 1.3977719130247919 2.7900351269563872 -2.1571930783542355 -1.5167487725695177 3.9436852120844219 3.0069463705657129 6.1643024554349175 1.3714864008217873 3.2286035515728244 1.0374397077774409 2.2902338913147933 -1.1391819247779584 1.9772188491219329 1.9916822945540251 0.84923759865117354 -1.5648140427403394 0.018477964188748239 1.3004960372746148 1.2396969003455698 -3.8386693094484272 0.56803038880714884 -1.7292806739012816 -0.76874636134787833 -4.0778283734668985 1.8673520948860971 2.3116516340244901 -0.92266956557525615 3.2681773267285723 1.1660014420467544 0.72270778623417375 11.385883112231276 1.3005535325134825 2.6275015702617828 0.5208840064810909 2.2728166734052841 -2.9016800045383251 3.2429599123515289 1.3423577590860312 1.4515028965543013 2.040580409401537 1.6039025045154522 1.2809081785442333 0.42461422341116634 -3.8653379513087658 -3.6715048477421335 2.1368962592511775 0.11838533251597523 0.79445250808365253 1.0665534230853941 0.26302664427251798 0.57281410858133308 -1.4046114451382301 2.9002458698015943 0.90246198832638602 1.3469980059131814 1.9549718885616225 -0.083277317951466631 -1.1396072695747648 1.3728225221387984 2.0252032873673258 -2.100086601167332 -0.45396717636891709 2.5586936236347952 1.4022824744613513 1.1554796151927103 1.8286109452050017 -0.020137240168801928 0.88167391345715806 0.51532177851477956 1.9267485664727146 -0.51452880690743685 1.9237712672595293 0.055554633551008883 -0.48360714839588725 0.64282245134993587 1.8227139005297441 0.43062056146287481 0.60432975383196219 1.9504841866219567 0.79120552769611785 2.9188304573806647 3.12691300415305 1.4042091462849917 2.3071608544521296 2.9086975611281813 -0.66591174658709107 2.7976151003672367 -0.51268009387004532 2.9445595295638807 -1.1646178350839285 1.0208690842408334 3.9383730269600439 1.6371075922537179 0.89414950014996919 2.6744391343541078 1.6026654041497064 1.7659484251797637 2.8859786193188559 3.4693559577250745 1.510427625406471 2.3797046990959294 2.6991027703897972 2.6987048764949924 0.92651337810415901 2.0241131891747322 -0.3713970775018981 3.1850941092077103 2.181787400003651 1.8496134260583366 2.6513643274195 1.908986546418604 1.359420271022898 -0.82097214460708379 1.0795806053282941 -0.15682896807090113 3.473135214404969 2.8197623072960143 0.39749531239978914 3.8683020674188389 -0.50396888297163045 2.6272467427696227 1.5065740589959651
 5.5987895625229687 -1.117490105380994 -0.86097736938640224 3.1959294126884794 -1.9536734673169265 -0.70433076795078198 4.3721515881397854 0.29108599795669898 1.9290635634921656 -0.65424091936478657 -2.9062948948627207 1.2839722279702728 -0.81039780598378297 -0.93815853933882287 -0.35671513427070745 -0.10790394164311747 1.219725996165349 1.0650363931438842 -1.8626810333392994 -1.421323630837124 -1.0072470848780484 -2.8475909418310019 -2.7314584923411065 -1.4527177964628186 -2.9353502200265185 -1.9360448762617062 -1.2606166495179592 -1.3688265063269536 -2.7253538084889883 -3.1197425937169565 -1.8863316855641648 -2.743442147730172 -2.7797925981420737 -1.3575735504779309 -0.20100119998214019 -2.5755435488818774 -0.19153201333821035 -2.9233265768178587 -1.3973088396360589 -3.1829604387201336 -2.355612248573141 -2.0366125178359886 -2.5694423075138539 -0.69369545351996731 -1.8706205395082371 -3.0630822844400307 0.36682219717217857 -0.53072020492001404 -4.9163547035608852 -1.3424300010336938 -1.511915700213561 -1.9543400871400578 -3.5227634771120488 -4.0424798100539201 -1.843376594940024 -3.7317296262683559 -2.9528108963541611 -2.8624243468958199 -0.7487737841161235 -0.36577293295911872 -1.1199016113530289 -1.6776305235231745 2.1141576658054193 0.95657107376559569 -0.091959766967457279 0.24707742892786844 -1.0505798750407953 -0.70265671128496998 0.38428171356467378 0.25333423841910729 0.23956951722085437 1.2975106343904557 0.035849959939276081 -1.5636977826712353 -3.4679505434399776 0.57866123375107892 -1.0819347099264283 -1.592762855542283 -2.0361986966799202 -1.3628598929565945 -1.1865984961659515 -0.60098459364886569 0.7994824938943963 -1.4378523081265 -2.3132667072734461 0.60031691255948705 -0.083863896919505243 -1.1825425278780872 -0.30466834300639173 -2.6909741160804477 -0.29162675069824684 -2.7257599370512575 -0.82549185742011377 -1.2753190487589947 0.66391096308154196 -0.84856174944094109 -2.2037030391625492 -1.6066611020657142 -3.0579196797403925 0.11496558474349769 -0.61415615312510097 -0.17411908932199954 -1.5595896223267058 -1.1842667039137926 -0.52747294018239499 -1.4037384881140116 -1.7280062054125613 1.5258824547178251 -4.3866109126782211 -1.0251104378060449 -1.0802825892328862 -0.37964623749833182 -0.50701805956130053 0.22314071259856116 -2.2832027978005542 2.2479700478382014 0.67945073867730599 -1.7477337353850242 1.4511542305423721 0.24600549291003371 -0.5502838031664149 -3.2679914602018338 -2.8924624579007885 -3.8526708433178158 -1.2966312837402556 -0.39174114833704649 0.20229657743047738 -0.14382760683385559 -1.4985947257817349 0.58269540064224468 -3.6137990133439764 -1.7336462891291453 -0.65409285518524152 -2.0346710236240444 1.3867059369117025 3.520223437219332 -3.2630465756686489 -3.5492920996977797 -2.0663383725929831 -1.6044990691266938 -2.3877337849627049 -0.31535961793127859 0.21583132546709341 1.5120815234880927 -2.2697281807267498 1.9577413211152108 -1.9440862629784657 -1.8910191355796717 -1.2214057221474042 0.43403358055510588 -4.4979203819232527 4.6184524695141151 4.0790060925250726 1.3776005033702037 5.6950017758415452 -1.5982288570840373 -1.5959961228915165 0.94235374463977017 3.9756514192921975 1.9558016386866937 3.82302774766847 1.6343776779478321 -0.68854707044221919 3.8898507870489669 0.071288337809952571 -0.41718977954811914 -1.5254907615755675 0.64900904620214572 2.7229250398625808 2.5023690504716654 3.797016052717733 1.0790220317218238 2.9996260679191691 4.5470471214176964 2.9453708658843212 0.011307193619979627 -2.6530697814681132 2.8676898456454616 3.3533459251204509 -0.76999749166853049 -3.6986717034083982 -1.0974010954152764 -0.093875694251633293 -1.5224740414109861 7.6062943821946076 5.9957003488919911 -1.3659106040665931 -0.72613708547153977 0.051282108743532867 1.2654631933526461 0.38133247307496448 0.62306209607645968 -2.4432704502901306 0.14711102225473738 4.4806091023851753 -2.838700024066021 -4.7964684135982454 -5.0935599869387538 5.0234693165216875 4.4351460013733561 -2.1862831851173987 -4.0201944487234789 -3.094003367264504 -3.521842487781472 2.4467161140042286 -0.5607315697384806 -2.4628779027142187 -1.9984807417753354 -4.0509669096407386 1.4331998821867939 -4.2385564420392452 -3.1872911127509767 1.6894088394129814 4.2977251033485508 -3.049643681839052 -2.3548401931262921 0.16527207898484927 -4.2501250590099779 -4.1080356948212895 3.0082555841378427 3.0144770205770781 5.440488455974358 -1.8043782967677566 -0.19406769620065581 -2.5976670930922872 -2.8923577625983583 -0.21856918335908948 -0.25892888236501216 6.4048507363207285 -1.5867969491511453 -1.3131116203914619 -1.3755245501172915 4.9553758204151475 3.7880488776405747 -1.9293755102675634 -1.5903652041176786 -4.8112234268232159 2.0086303234019094 -4.0373863935836658 -0.84654458677432831 -3.6784704932851975 3.6190648965486725 2.177910868747567 -0.80336703035040102 0.34301020438966806 -0.81940030315974965 -0.091524793303850799 0.16614878159686811 -3.1022247168761377 -3.0478388465029962 -0.44637243446273911 0.15079315462628193 -1.7745716175836841 -0.78853925915158884 -3.162459473048052 4.0361142509800016 -2.7239168630458765 -0.94377904589555683 0.86357808203941411 -2.190777737992462 -1.3173162009161465 -0.87279711992657683 -2.2506343353570752 0.05661883925326814 -1.137381800229132 -1.072369632113483 -1.9795123299974435 0.55535094430959664 -1.0109367631100028 -1.1949800315022665 1.1325021166951363 -0.48752445861626603 1.2012728453226647 -1.1281800933877579 0.52805255123566541 -1.965110511787711 -0.11927860855633186 2.0929867652733587 0.95812063718023954 -1.5494999004766474 2.0349553228527055 1.0161686391825477 1.3151773158156141 0.50850492764475463 -0.76411009359673165 -1.1612909398258524 -0.58057882412264938 -0.81934158220244002 -1.1977730767114154 -1.4384988236810274 -1.1739992484637072 -3.7351288291732478 1.9144137240935204 -1.1138992289234615 0.86018944235860761 0.57942821648649701 0.30050086742615112 -0.6296608940364351 -1.8713746471546602 -3.5899860530771046 -1.2894807208049148 0.49290950831828473 -0.60975739025903841 -2.4817620765826138 0.23666868996638002 -0.75480278572338355 -0.08555322930020387 0.42709788709547164 -0.92567590171219893 -0.063883073094009049 -1.3512225665649316 0.86129832952167451 -1.519856817377677 -3.7508839630609652 1.5128155791658142 -0.65483876653739548 0.26313262369139734 0.094015836491148086 -1.5212404498487562 2.6736709951597684




