# Created by Octave 5.2.0, Fri Apr 02 16:03:50 2021 CEST <br1@br1>
# name: ptcls
# type: scalar struct
# ndims: 2
 1 1
# length: 2
# name: x
# type: matrix
# rows: 2
# columns: 320
 123.7842251994486 109.29268002466389 106.95998998342968 102.81676437356863 112.53717633158385 116.47648513927884 98.822583477263677 106.53263059100399 118.88383489924129 116.53944293820531 111.73547392507521 108.20260887053077 115.11096207938731 115.97845112874867 117.1105439341588 116.20057219298226 120.89063485548641 118.93310972950634 110.2677776025569 110.03049734979335 111.69632075048101 134.88230439596106 115.10066187259972 133.61764372956486 130.07990092962876 124.20821936584642 132.79828871560665 130.1928723708001 136.09910016838191 136.98969654307587 133.42805524501617 135.86299855581788 130.53663936555995 122.8950117557321 131.02278010994829 131.39539259689508 131.45459154992611 135.32203961567703 138.0928544289817 137.23575309362232 131.7015207779001 133.88517986029896 133.34117156723451 132.98649796985899 132.05777055705724 137.00417096106918 145.11076745942097 143.45977335942641 134.34989518771121 132.35516702450801 133.74805480825535 134.04475695448335 134.85199534224884 135.03110900494636 145.62252629582395 145.58491024672784 135.89169978971088 134.60999365375281 144.00872622494717 144.58897357825938 143.90332354118695 143.98148820078961 144.57426616125883 144.58381407305211 100.24434465574491 101.41205033232187 98.618564303337479 93.928180083223566 98.400427453715693 97.22755166536588 97.437247955540627 77.467663276636188 102.29616917032682 101.21792417508327 99.604104936451279 99.325799829743929 99.417384492064443 98.394565058469595 98.502241340923703 96.705017858336262 104.78985360119439 102.80852799461114 101.65342082761033 100.50747736801999 100.75223949968316 99.461865715703496 99.521319542980962 98.447896191059257 103.72938895445648 103.62156447480889 102.5250919389922 101.54215083113874 101.45646507178175 100.41643872760751 100.4986086411114 99.211815263078094 106.91072205327042 108.52543843545804 104.53765255581165 102.15085973629004 101.35309948092994 101.49672725369774 102.58673367630276 100.54339372004748 109.00398568067473 108.66331249552707 107.64849427878164 102.62385731300861 104.26499246795011 103.54225913450934 102.58497196909401 104.1462228259135 110.09292284957368 108.30732271825029 113.84156297126543 105.76798044283109 103.44859223564472 104.79118150315142 105.54186891175723 103.62973766731331 108.19549887931454 109.4723249200842 109.15353473679113 106.69432956318781 104.5675446170377 105.3245968144041 105.90670391524073 108.07726795236586 109.86779497971501 109.78444092521063 108.91301048463144 112.87987914691691 105.45567306991686 105.67760796348277 108.47744698256979 97.985674698434465 107.52227229845558 105.2958959598468 108.33741667658437 114.11969225889867 111.34275039981944 107.65628112510522 106.68937344614757 98.92725343343912 112.74308430065703 110.73186070870075 107.10735838803072 108.81822981755586 113.29916259840927 110.26526850958794 106.59042002565683 99.895088381271535 112.24075574306791 111.10552713996209 113.24570829769183 106.42104354377166 111.85385486576236 111.08045623532703 114.25459367082304 119.88491059040503 110.6848153328929 111.81869080998952 112.93867851059598 114.16385262538951 115.63345160145289 109.26127161637977 121.98570343785016 121.57965210624036 109.8128775459176 112.27077896787296 113.33516537784577 114.61035642199495 115.82163154397536 116.71467593315128 117.29055670828907 120.22483811037931 120.23591536533456 112.82670758117757 113.89407489746283 114.90297365700778 113.50010470009221 116.75959172130416 116.7002657848287 117.72168647268219 121.51314851226257 134.01078498450261 133.9429682490653 115.90016742296781 129.60307522836911 118.41271428792271 119.66405255542524 117.76042782605751 133.48011071629438 132.79795645690791 131.7672027607334 130.70474675067967 131.40785050174802 129.37881329968852 127.23609573162474 123.82497130080429 131.4599821427505 134.68855178803 130.40029023571694 130.17720848642739 132.0604459945053 130.87910287183325 130.66991826283854 131.30053910525842 134.70154335888898 133.06554985064992 132.57941786553016 131.33081076871289 129.54306086776984 130.66983242479932 131.66384995011822 135.33724199760593 134.52628474404895 133.20798795779535 133.60297056839221 129.94060610951828 128.33349528934556 129.36911404768935 132.93828161538727 134.21234034563156 133.19499013335746 132.16523547170658 132.44065926782179 129.0982492613897 129.83567852071005 136.37831027684007 136.77544557965805 135.44776844675121 141.94963516388887 132.70815282208414 131.63407788142993 136.41771669166602 137.19585700114288 141.49635221946082 136.18444879785838 144.91150657051261 136.83893049439874 130.44315371892961 131.0586724123751 142.4153824629195 142.90105467195457 140.64261436939611 143.08903010786219 143.9403077436898 135.96343799416317 130.19023767042992 142.80923560818849 143.46450007478239 144.21971197862942 142.60736267388958 139.73380368922355 129.41384331022593 145.19810944539003 144.02374897464753 141.57757431676976 144.01156185574257 144.79846290697603 142.34783980833461 145.51114075208321 146.14939287768945 144.12821795006522 145.35759185747111 143.38685024708511 144.63592316259047 144.480430718881 143.77744764739498 143.33378203174314 146.70047480924919 144.13501263885382 145.79961274657668 145.41578220318186 146.32879153368256 145.78105720789068 144.13308365687433 145.28655109523282 142.41268114458649 142.4885326403782 146.94298742177364 146.57506414805115 146.77951925506954 146.78278510994417 145.35092279745263 146.00646937344251 146.7648239732822 147.64434445046598 147.51970119008362 148.04088879514811 147.80743204541906 147.43397104624921 146.3937560539423 147.98401070877421 147.45108308338393 149.94506361635371 148.6568380807955 148.80100610013989 148.4951359647136 148.25932052004714 147.17838445994104 149.06018806026228 148.47241383623899 150.42494768425533 149.21524230842496 149.64972499382463 149.40203232757935 151.33907798415979 150.0991812446083 149.77867074624461 148.15300588317174 151.42554828620391 149.8496383258952 150.63061627943321 150.61344569748817 151.70963060157763 152.58607521074151 150.82300348445278 148.79008461539277
 57.371231430167342 82.549518769706467 90.277217861887195 118.38449332663299 82.330516336177325 94.226716494947112 118.8232372048812 100.63643233388696 52.430389701113043 65.760751413160648 83.042396170741497 83.068625182231301 94.175732498987955 91.215450152154602 93.203332610758139 92.603424798244035 52.329894581546668 53.58451877525107 82.153387188832056 78.465901365054748 80.963588291717613 84.8844517810155 93.13501215687225 84.265088137688835 79.32252104511366 81.406523277142227 80.167468764079075 87.567403769432886 85.35968234302112 83.776059085363698 83.153701364364466 83.519606375128816 78.089929113619107 72.380011975746271 82.22202458557669 83.512405822279078 81.204575714807774 82.322279759168808 83.179653525537205 84.836919476243722 79.942543730217281 80.569022664890468 78.167192253465686 81.35789760090195 82.288063500273253 82.644733341261215 95.110210418719845 93.956110919304678 78.335684433214169 78.675104249672444 79.372548505646208 82.218567700407348 79.737245332972293 81.263593208111729 96.352052632980019 94.103612138119445 80.536603736208718 83.42585814996815 90.607257453123552 96.180375909720041 95.058637348753166 93.067055399435233 98.03495108743391 94.038521047707334 84.847819987421474 84.276324540771967 85.286877752036901 85.48247486778051 87.318594381715457 87.652160892367064 89.17118135887992 102.83445871433823 85.314625126699852 85.577289974496466 85.77224560834091 86.833554817953654 87.937659849027696 88.557612149135522 89.658153217939585 86.654172886884894 85.522970866771416 86.382209954132847 86.692759903593227 87.13721233085495 88.557800211337423 89.094359575116783 90.3341069984792 90.728056633037497 85.922167914961378 87.196135898427812 87.531995842492648 87.789966120657695 89.424252829860166 89.734198585607899 91.070522325611407 91.602690480727219 83.442951850828067 81.692034574673286 86.612605416708575 88.654091600683657 90.527319102854165 91.561039878447858 90.704577930620857 92.200946311720116 76.293413383452673 77.271647228933006 84.40727787024403 89.569487339026963 89.190179041602036 90.151859534283545 91.828150959856089 92.56184054038286 76.02418202542934 80.006833711702228 81.333989628629411 86.174473234924363 88.275819433119125 90.481927774099802 91.651213197057189 91.287261223271599 75.585700773540751 73.290825944461929 80.838040443686353 85.594220044386276 88.032184361321697 89.501106915885671 90.599072417094888 91.004464710032252 74.656287428347142 77.21586212210012 78.406810551911207 80.653498241381243 87.30458551241972 88.474698659694766 89.860449949455926 118.15053064393629 70.062773373086344 70.095488678222679 73.085882342401703 79.915472609329655 76.427083004724992 86.79417140299536 88.958022629787948 112.15908140205308 57.647869789562712 55.442026603837895 69.108908792099896 74.231761112688346 79.212683422220678 81.131091391117252 86.883736114745275 119.3114903064657 56.657264303315699 56.47845063156479 56.60935296423267 69.862845080522916 77.420672659703285 80.118088729002537 67.008149047977895 52.738360136309979 54.2139746599441 55.697525777117846 55.505189881508137 55.675234596563691 55.405127307731981 79.449321511427058 51.953835622773035 53.214100518489943 54.930045703050624 54.651514004754816 54.475419698900708 54.292785980191006 53.823493746668923 53.135423675824796 50.783314298212986 54.361953963897641 37.832061314089778 53.47908707421999 53.538891316991204 53.086448746135034 52.446582794232995 51.749306118521787 54.475557777706641 52.399973497251509 38.271619414707736 45.452608058480415 54.79287444829 52.442831699840312 53.895625377324365 51.271689120664277 51.613592588689116 53.497516579383507 53.767807572733062 54.746647849986715 54.758703105874098 54.835976939531548 57.941347284902406 54.974270865441902 52.548771093788034 71.640734023335924 55.954781721152386 53.638620618081475 56.973787857491999 55.785037578570311 58.819555197544609 58.858412495517996 76.646327888516879 78.989262595419973 57.42339795950133 55.912787857299762 57.901434049479796 59.815132220033718 61.412569381205842 61.507999445026542 77.594711922611936 77.316952417911082 58.594964475775903 59.362657717156196 60.399183073081609 62.803030258137177 66.496907008947119 66.240113767775526 77.085461347046817 77.250931991006979 56.966788562659239 62.206723714053901 60.13369877596152 65.153735135432456 64.232324153232142 76.597560645358854 78.772486593850658 78.621007970057562 57.899827541575732 61.173961733836997 60.942413453047848 77.730897362575902 80.142975191847782 88.239982451561602 81.664168417655091 91.234254973039455 66.614761590977054 66.457288647873341 62.612576998016067 85.232392195781102 86.572982791941712 85.293181287603403 90.170405067151719 92.010545395372375 67.27933014955282 65.304837188701285 83.852269922108377 85.637426078291952 86.47030142603262 87.671418924011249 86.205851708982919 120.91376209876783 73.61802290608459 73.640609826722965 84.084047545410755 84.496895611879381 87.367352091510924 89.256881463702058 92.222682231783963 93.140934904203164 81.788860240933317 80.250487102653196 82.723938647822976 85.240988019891077 88.445094762522245 87.512614799065517 88.700524945639984 94.028588211410451 83.449924616348454 85.002041153467559 86.10333641213785 86.678856176178897 88.158253653000202 89.48887583414438 90.167269849334659 90.937040522982315 82.07383236641968 84.612771942821254 85.636599399700088 87.679508209659417 88.791461603174781 89.126134975795324 91.234913216496523 92.093744644830593 85.384299045781134 86.543218449813409 87.476021111853754 88.72433117911271 89.922911985172291 90.176166518861265 92.02231782424272 92.94214445231944 86.011000252919615 86.351752355926706 88.424149327591522 89.644849364302701 90.97021255430181 91.011178522450066 91.587079102980383 94.685730193946782 87.18610964632181 87.199337744579154 89.264645747975734 90.417156258068843 90.860827986936201 91.279950512305902 92.346557030700154 95.720214955681598 86.632012812542087 88.146703057252864 88.970693786775939 90.083481577716313 89.408426093137223 90.139814509458773 92.196628130449724 92.861473513317875


# name: v
# type: matrix
# rows: 2
# columns: 320
 1.3579693284185725 -2.2551208121864335 -3.2467236467786162 -2.3617106020879088 -2.0304732868727768 -0.52024901576998417 -4.1209190145529409 -2.1848560259870178 2.3341916814497861 -0.62397535907694635 -3.3702392619340431 -0.28377010008657561 -0.25776826061778257 -0.92296759295484665 -1.1626027427432557 -0.50722212911452624 -0.16159666124162589 0.5763946913928224 0.97138426566436431 -2.8443607588280404 0.57116227005737008 2.28594604173185 -2.1934100802649876 2.0780048073941986 0.4877684582367981 0.18963793975630527 -0.32438797184171658 1.1313036246855084 0.84737783950007883 0.46353912343895104 2.2902206060254646 2.0544470649150819 1.4613678396320557 -0.19361871039595185 3.4784659241773817 0.059750195492111378 0.11360982414453943 3.2340483093329242 0.94688942465041703 1.6173821114923286 1.1976603807828909 1.3682131164768827 1.0292008212681742 0.92836466172362697 0.27680226625123661 2.3585389832027412 2.3059584884091193 3.503681570830401 2.5567927287878196 2.4779589122100147 1.6241207325103855 -0.48864322907865759 2.5459012320374224 0.48542836812672707 1.2036638152189556 0.63633279622014738 2.0837791583569505 -2.0058621883352226 0.628019873771273 1.8723449130950358 0.654431981374064 2.9386613711098004 1.5958788699091309 4.6507109608336092 -0.82149120909317064 -2.0357406979291923 -1.2578750276757955 -2.5555409142093808 -2.088777696473759 -2.2008545107869035 -1.6755904097898584 -4.8083481724781443 -1.555355281790755 0.12146971053206171 -1.8609180476725549 -2.1214712868295797 1.0324265877239802 -1.0251746278074894 0.55511719068255838 0.42825160421896219 0.17102505232616946 -1.8739103365863037 -1.6382786932011442 -1.5302443998574071 -1.6234467102495294 -0.65449615605485445 0.68103351079389285 -1.8262795656204844 -2.280715509357421 -1.2029303105847367 -3.6405234757740579 -0.99500298881273319 -2.4155937418189133 -2.8495293835096773 -1.7839710052815534 -1.222143956178408 -1.6336230672507512 -1.0552765515092746 -1.8050731885300788 -0.13162668737790992 -0.11253287767527417 -1.9403649559523557 -0.53568319355984229 0.29193091500158758 -1.5234535948801549 -0.6318853955314776 -1.81330988454971 -1.0127010964133036 -2.5593128676874586 0.2272579386997684 -2.0820514398252827 -0.10512376289532499 -2.1173114437297675 -2.4953616724100605 0.32447796574291798 -3.1392074652550206 -0.30207542037686047 -3.1433906190985037 -2.2963182427916013 -2.9816735451705867 -2.0439324043718199 -2.0152643849564256 -0.80491614246253729 -0.57598475080265221 -2.2301458260471634 -1.4799711553768633 -1.676996246938969 -1.2188772234576013 -0.10635812322863698 1.7833452677720789 0.22901913259558826 -0.2965779414665437 -1.8067518228568529 -0.87005694444030457 -0.29936077619260582 -2.1276698541110766 -2.8545527389088665 -1.0902129421227982 -0.38744567521664747 -1.5709387241552824 -2.004972248507948 -1.6740875025292565 -3.2374174368997495 -3.1420302346738094 -1.218306500616368 1.1973952546392503 -2.8049978512760574 -2.4398061819955288 -0.68765422745967797 -1.2184105947755157 -2.3502460545793795 -2.4553320256651814 -1.598749495401325 0.68030200029576915 -0.18264039614474342 -1.0343853517247266 0.64542714197363749 -4.9261929229739705 -0.91553894821569615 -2.2691611218227536 -1.4638687901396545 -1.9858056362286749 -0.14592760218688564 0.062601822157815484 -1.3238661685717534 -0.47997188684967546 -1.2122533610889694 -1.051480939713987 -1.6415136234950753 -0.24407690018651029 -2.237028109139009 -0.11839493525566933 -0.20318537614273563 -1.5647874832032043 -0.64110724203584402 0.27235478294012799 -0.028160019790823661 0.20427132191357944 -1.3237482194811545 -0.80395740845285746 -1.9276238417452338 -4.5522740635284151 -2.5339503119347251 -1.1261198148746188 -0.70329303219440831 1.9063454546835059 -0.60376173968650848 -1.8954562881247861 -0.13284912848965447 -1.3753343721461972 -4.6743976899780426 -0.54134306946600375 2.7630749871971254 3.2577985871907278 0.5319173531447936 -0.51668203959634784 0.34839702118791638 -0.084940345154238622 0.9259881844467065 -0.7403811001788948 0.97666827332883344 2.2241152154819308 0.23887791944033618 -0.60387396801516136 2.4823704978734771 1.2864996988695685 0.98159943258555471 -0.069096795001649142 3.3810072067515695 3.3548388314535629 -0.034217487133787527 0.85939251918905701 0.89894847455286986 -1.3189682841213139 1.3793905995110338 0.54616513454749593 0.068299026364631379 1.1486115583612786 -0.43522622839301667 -0.11924822621825079 -1.451877585351615 -1.3639014589013958 1.8351894207100901 0.57058393447765254 1.8104634109118645 -0.2419095797419861 -0.39424349722562646 -3.1032956053830985 -0.11242417265977037 -0.52066500707347885 1.4494568501272631 2.382463426761015 2.2728166734052841 -1.7479836802660855 0.48052229106228866 0.79232028610043437 1.4773214606794001 0.39982510463055154 -2.1536016055648468 2.2365078268432099 1.7233376262965376 0.35778572128242214 0.48337811928089314 -1.9193488473061433 -0.16516981981531675 0.39333956654277308 1.6583046110045438 2.9290095400209473 -0.72590929430403195 -0.27848296438996767 1.8623860201166584 2.6304660471002661 1.4291682182625021 3.2457524456846478 -0.82016031270868883 -1.1396072695747648 2.7729142919853649 0.62511151752075256 1.049753552626947 3.2696020735972873 0.93902775224805268 1.4018279899483359 0.061245751996186773 2.6269503639202658 -0.15172322313382608 0.9667650502210593 1.7386832060939152 0.14837804877667637 0.28499969453085483 2.1737988535829493 -0.11071923882677498 0.88701271805724602 1.3503030870488626 2.5030689392142627 2.6262893010150896 2.7518193600186192 1.6149203101197784 0.44287004937701269 3.5419149143008175 0.42092017061259357 -0.30589439892263826 0.79730364325279857 1.2866679000127834 0.30967796127797853 2.2509757967489477 2.2458007838318053 2.8262372833490721 0.79285572748820099 1.0963428765410266 0.48773241784546062 3.1429001428738572 2.8312792676132341 1.4350654044816173 2.4366667112213163 -0.023908660277758367 1.410798998178284 -0.28271200223634385 1.6501553246367524 -1.2823765255137312 2.271968620212991 0.69661065290463586 0.63491161660006923 -0.26891759935406601 3.0419078706951703 3.7730845163389306 3.2919622138913187 -0.0535568021601045 0.2709285125560853 1.6242662428886079 -0.3497281197610243 2.9012969845465544 0.7676953991454637 1.6651651333530328 2.5020244871398556 3.2302893011795017 2.2123549741892119 2.9761533216508016 1.496886020869868 1.8875043932108921 -0.10664869187388104
 -6.3445512990119379 -1.0144539023205783 -0.16693659568723862 3.1959294126884794 -4.1150093443353652 -0.9172637516969302 4.0888541630317938 0.29108599795669898 -6.6045955038770634 -4.5400459979297505 -3.460951502729257 -1.166631115135413 0.63898901791556506 -0.91821907648568923 -1.8370375296029595 -1.7752459177307092 -5.6687985887922663 -5.0328589274875837 -1.5284751338463411 -0.7608893220542593 -2.5247082859988863 -3.6954368571763117 -0.74018332587157987 -4.7240284954583123 -0.14815959347620242 -1.9360448762617062 -1.5361043912901875 -1.3688265063269536 -2.7639188745311558 -2.3692404042521886 -1.8112292685765241 -5.2734133680195416 -1.5720447185766961 -4.797259652648826 -2.6503997636505892 -3.1041997089722231 -2.3766304442421595 0.77895371547823389 -3.9696998777035546 -2.3467061285014053 -2.7141177056219332 -3.0426010377785815 -3.0910187983973727 -2.1022782304092869 -1.4379260575830703 -2.6136568660174211 0.22760328949297645 -0.030695769134452433 -0.84025692571014099 0.0086515616903870725 -2.2321070495293656 -2.1593823017096225 -3.8609300585910886 -0.51438605510933577 -1.8857871537373403 -0.93772153866291896 -5.0461197499058486 0.17939474173696976 -0.74270927884182947 -1.8340111888400674 0.20043884108747825 1.6806841797774223 -1.5281804853478511 -2.046496124287164 -1.2795015466988913 -1.5434251830284895 1.6305879868894135 -0.70265671128496998 -0.34781020295213588 -1.5909578382140159 -2.8812544724466038 1.2975106343904557 -1.4542983448741109 -1.751458536497251 -0.7384100805397148 -1.853442114068683 0.82284023929461281 1.7037351803207568 -0.57368066183833588 -0.64931465352348894 -0.1011732928806595 -0.43024480015480826 -0.12609237597159709 -0.14476746559931647 -0.9937360069314437 -1.9633534519168345 -1.5166651502979056 0.28727038476779515 -1.6821481803454215 -1.8901781257587531 0.50578676532931155 -2.2412300816264366 -1.5593597857986528 1.4054617562147642 -1.0829963249041961 0.5977671233038172 -0.27928187725318504 -1.8276750503368047 -1.1439155014536428 0.10348250577177412 -0.49859234354186066 -0.79680295812415081 -0.94095565533283432 -2.7084839480767458 0.12420148097434468 -0.66064840155472493 -0.018528830281670228 1.2049915536648212 -3.6249860982749529 -0.33797638271287866 -1.0904671955787726 0.032267705674656658 -2.7438056668435351 -0.71115802364557035 -1.6990882003161802 -0.99206442278706231 -0.71070096142026584 1.3780602034203875 -0.39671850042527551 -1.2325039467735068 -1.580448180154447 -1.6793383812426392 -0.55413191400640316 -0.68248413495693749 -0.77574768947307027 0.48330377961528664 -1.0477581579483342 -0.57271845479723493 -2.2261922728610397 -3.2726152496590881 -0.62012950577636849 -0.79159658583006198 -1.3470223317517518 0.27789487045074146 -1.639718015581173 4.3921438351732141 -0.081178253980359175 -5.100351365162779 -1.6413351192875765 -0.34877350316486 -3.2163284674750843 -0.36871776591856076 -1.1397429687313476 1.5120815234880927 -5.3064461340286639 -3.996240313741382 -2.4954417084005005 -1.7181100352876462 -0.44066082313480276 -3.3028293876681021 -1.1351875984209661 4.0298294966681887 -7.6125237724438692 -6.1259119801895361 -4.3954209567140401 -2.6776824678852957 -0.073833590369459107 -2.5283390791601259 -4.8047683630626112 -6.0941979641322046 -6.9486471957091807 -5.4144310696166684 -5.1535731843325214 -4.5491834552581825 -4.8952313399914686 0.40820999499761507 -7.7358468075753883 -6.688973680300025 -2.8139229268012969 -4.5352396595149376 -3.4113899197014192 -4.0447335550693895 -5.9780985213258209 -5.994709008642042 -7.2597229960863325 -9.0770983481594705 -7.798342530677278 -3.3183979056809818 -4.3141445014834705 -5.0703465774580065 -4.5472041302613384 -6.363309565272476 -5.414018662867198 -2.9654543468427326 -6.7998840785135926 -5.9957003488919911 -3.7915490910487 -4.1718587434272907 -4.2350117894865953 -7.6412081158589853 -6.5896401933991067 -7.8679810464794917 -3.6661213387277924 -1.6505716168879996 -4.3847370906328305 -5.13214200527805 -5.5906005541083665 -4.095253791662322 -6.5093544091306157 -1.9089858390971937 -5.1558420313496356 -4.9267231742752253 -4.2421664662985838 -5.1166338643772562 -4.4470529420036895 -5.0583156496738217 -2.6826313409928941 -2.1244211463713447 -5.6311131304841853 -5.8078858378169764 -3.6648925668908721 -7.4589911728322464 -2.7105225246175171 -5.162672519630231 -1.5546555540932354 -3.7215164139210279 -2.3882736054150158 -2.8378842499301697 -5.7930752538833694 -3.1406202004045785 -3.4554938128021315 -5.8622869942533518 -1.9174526150442877 -1.9839087778345872 -4.5842761995031562 -5.2692542223311571 -5.2321702239835721 -3.8947553541587916 -4.155293084608279 -2.1667319277206474 -0.81241135036234191 -1.248294028679922 -4.9553758204151475 -5.3623917598629953 -5.2782040337598861 -4.0761046690090987 -3.345656246744066 -0.35718767734356927 -2.5917992738341136 -0.27721331193681209 -4.0437794371721401 -5.9937492115145554 -3.2265256651363097 1.0665154804337782 -2.1742427713981631 -4.3041374089273523 -2.7020926496506767 -0.71524019134169958 -2.7369157729892302 -2.5751447313400471 1.4142153712697823 0.64728481383209402 -1.9712499450895091 -0.48471688702719268 -1.4358360885823804 4.0361142509800016 -1.2071662266332768 -2.4605296823081431 0.093218467069569599 -1.3200705233892338 -0.10922298992239589 -0.77564287015270639 -0.40544139837564075 -1.0330428730723762 -0.19622921505352831 -1.1769106539185759 0.39535555078985174 -0.8360508764308987 -3.3397821835400445 0.1697087208004206 -1.2626386884408254 -2.4664437028028412 0.16734769135321342 -0.69178584730970549 0.514272439804909 1.0575465463844156 0.010565020621386409 -0.80277150293609201 1.8679990526888008 1.4230319892057057 -3.6385426176250473 -0.55458688918624499 -2.5579388534503114 -1.5893343353298366 1.9015430338552333 -0.20198277215157434 -1.0506064265857802 -1.7733233594792748 -1.7164735657423555 -1.572377018961719 0.24098983494359011 0.91933549420362959 1.8185912604212755 0.66603635807922201 -0.56237088056162832 0.21492492050642009 -1.8794102623382443 -0.64903520535308257 -1.3034517772042069 0.61644971076207211 2.4718144149989123 1.1909340575651626 0.89725140494312572 -1.1523497456492102 0.5395161642663997 0.98547775591038778 0.82036552818857622 1.9330102743279003 -2.1771942563728959 -0.66841806847803142 -0.37640270694089584 -0.18311683554993305 -0.74310385921794986 -1.49973775985289 -0.70654479396615555 0.36758240097524131 -0.14165836697488501 -0.13106664050287634 0.21194632327765983 -2.8263138259764649




