# Created by Octave 5.2.0, Fri Apr 02 16:06:25 2021 CEST <br1@br1>
# name: ptcls
# type: scalar struct
# ndims: 2
 1 1
# length: 2
# name: x
# type: matrix
# rows: 2
# columns: 320
 153.38529079389923 90.323432527473074 89.39285064770263 73.177296317365531 92.962501718429436 108.18924153088464 61.832791517586244 79.112687464850524 86.808596271014409 107.16293425616088 96.061630602959184 90.654697091851375 106.23293164866249 108.02940013640919 107.52851313852389 109.01526237762 79.884361613477679 99.198826103887882 93.111412994176035 93.563100607111352 94.17897391021954 147.66167721152729 106.750681383687 150.14857926429514 143.94784335904018 126.58817550977187 145.81636110702456 144.39073286061063 152.1692693134446 151.34643845951598 141.24899913074225 150.92982867677009 143.48168895996761 121.02183721657642 149.80861792584713 146.65034658249189 147.8137912571772 151.11720475922607 150.61815614070241 151.07078476612116 148.78623182188235 150.0962209829319 143.64644743675623 150.27899421550154 145.41715925833134 153.52980852921283 163.69915075913903 162.95422619943349 147.23510592558458 145.20452230924079 140.17921857394396 148.81594161722001 150.42230219475692 146.51554194797686 163.26370557778725 163.92922745193724 148.53671475856893 158.00805688087789 165.37380270121542 163.42646500933176 162.13237225366814 162.61664274322496 164.46822017687654 162.53549636422028 79.282451218291669 80.151668657086134 79.55826146482174 61.856141609887544 80.705105196292806 78.811687426687399 78.4767899308317 17.122893712033228 82.084330412932928 81.384172829997851 81.395489430073837 80.363521878008044 82.999086670543178 81.503798714427731 81.61597514322257 77.950231893903847 88.619671550636866 86.726126784072292 85.656130489378441 82.357047511367924 83.220602688085876 82.918394777960955 84.125257820553742 82.269552562134677 88.801127673256914 87.407379225629711 86.326813445405534 83.835452247656463 84.309805447336714 83.545170856550371 83.967622180988315 83.320214584411517 108.70161694129187 91.584743144674761 87.725346204755766 85.114659529004626 84.637718264099234 84.429872387287944 85.22355916768322 86.911819182149685 91.466834036688681 92.354031151415512 90.878697810036684 85.602831938855502 86.277863489100227 86.092430223174802 85.140004668442515 88.179942060098909 89.817760571950117 91.955130072967506 94.358007833297819 88.679584305918311 86.680046753310918 89.191759824955938 101.4975593084005 85.862217963615947 90.38723843827475 92.200999953185814 93.464900192829887 89.768456952419044 87.734167351760462 87.20493780437431 88.886293627626443 90.231562777584699 113.56298295999099 92.506862301722734 90.028424095213708 92.034884056936804 88.392979744442954 87.296145224790109 90.441676048824831 62.936510840012033 87.625726120022279 86.533058823516967 91.794751061056189 100.42238050513909 94.033499538960371 89.793455699236461 88.270330272696143 59.494773988291172 132.90673937370093 109.27102158134811 66.982538687593603 91.858768122658148 91.943063892000268 94.919960102069794 89.239442819144799 62.699836975539725 139.12165493687479 117.51124827351029 120.86749234810551 87.514178064369133 92.461840519014515 91.143227639824488 104.27331721706868 81.16440129027626 112.94013584266898 116.28140764809065 130.93985142001989 111.93224383769603 96.762363177714619 91.444670803345872 87.506866011394081 92.532639927908178 113.41141145440221 113.1599047582373 112.93637450434602 95.64008515368765 79.109915361785724 78.930586420561127 99.655846262492418 91.688487729019457 117.20103833584682 108.84088753586934 107.95066595816836 94.923558757340913 100.56434958414681 107.78079531586489 113.97865767642855 106.07688620848324 104.82094762549296 157.93542044076702 135.49511678933968 94.450293808843682 140.0735531369682 87.610873883324558 86.326453810688761 93.851102059480723 138.73798895161926 137.87506293444906 153.58220527124979 141.18083556023612 139.9359342338598 141.10423219278132 131.56030469308223 124.52379033108468 136.64864982231072 137.50941333149689 139.12537708565287 141.12590806952474 138.61944727302125 140.0826225264189 144.58499507029606 144.60220747918964 135.41931932191261 135.80884352404789 136.31204966404187 140.10351517329934 137.71786317752247 134.21839710459636 144.71989686994249 149.07302768682254 137.18890410025497 134.3061961380881 136.17580094452353 133.08840793043328 134.80565166385406 130.13760376530212 147.79302123410318 142.98603151783968 128.57410053125088 135.09345281730145 138.37072927487301 132.08877856811964 138.28135140074789 147.89015581336332 148.79049862755508 146.30035138504132 170.47348441512773 133.65804858901038 137.27962607606656 145.80301477722858 149.5211385884314 158.86665346873949 156.03553395312727 164.40929776213082 142.07259451374401 122.11320632373658 132.61235640254958 160.3953521726429 160.724340190937 151.62084317362823 161.54983669986632 162.85707940657736 143.24749954132335 135.25263446589773 159.94013475777189 161.1617389758803 161.60475702613977 159.29351279320983 150.76939327665198 115.1117720770506 166.14566865301393 165.72141367632503 123.72711378239023 168.77974250938504 163.68361980474307 160.46567905990491 163.40592131707706 164.75219811785095 161.04080644258693 156.43122866050095 158.67582640820652 163.2837695674402 164.33633908469531 159.63555129808006 162.74075394972829 164.48450890720346 162.24255266104154 166.17112097028365 165.21305180996947 162.62992069152466 164.97927400963198 164.62344310338162 165.50588508357268 161.61686373635507 161.83524876967041 169.67087713823727 167.17290627071441 166.34722749194958 165.45853229112444 166.05864617097475 164.5791330129471 165.7820951618109 167.41675254090251 166.56439661447882 167.15623301473767 166.47184870450837 167.77857794226469 166.81299235508124 165.82246147987135 171.79514737867677 168.55715932261558 168.29434598355357 168.22273888266594 167.48621531165816 166.60003576258094 166.80147622832231 170.77367832530027 165.14573251505729 171.23239098315372 169.4701967773199 169.31704022879009 168.65826449340599 171.50315325528553 168.76913839473471 169.71689785653243 161.96354754449135 172.19647003153983 170.60965943579555 170.13987896866351 168.8650944750558 170.437256283083 170.84354661925576 169.60006282860471 171.81262787971229
 26.259131236419673 68.081107567577206 77.579207841036805 158.49340745585565 59.896830940174119 78.159903857280781 171.09571097378819 104.28956160825869 2.9614978322255419 9.3207835713236733 60.601031023349819 77.353688132310623 85.331849507120097 79.431943678968196 76.984290360934821 79.061388285094822 9.7065968894437766 3.1356364176179761 63.853834895035945 60.783044780167501 59.912119326857578 53.626548943321566 77.97086386173676 53.384995870407771 49.678958472728368 57.109160080051666 50.92020101191985 70.388631115016594 53.915198418428972 54.908370702061482 57.350855867200757 55.919304135565909 47.583843573537479 34.297035771375604 52.236174328945985 52.923853081237283 52.470973099707791 53.745848637866544 51.458249673383783 57.049629639061813 51.840847195752943 48.979582317842087 48.614746024478869 54.78162940154715 52.637094521639682 50.446816331251476 85.867186968169705 86.977382612366696 50.375121166473846 49.834481169048097 49.5937101781481 53.079912424551637 50.230922612787005 51.857429097597695 88.162553535473521 87.298885730704143 50.433222568677522 55.312360324983061 83.262134497703897 89.209004321510918 87.881643005557692 83.854892408764655 89.598650414186054 85.761823831047337 77.679080790343704 76.760004591426195 78.761590719266877 76.664133141141789 79.3224939927359 79.605797294506417 78.543387999696606 119.11821717593479 76.131162229035894 75.143327078315153 77.1887090207195 77.947123982736628 78.997941014053367 78.345285698838225 79.917295182191197 80.299723437127696 75.552806020860288 75.197757610979778 75.363666305306126 77.608885303513787 76.913572653180069 80.165387614935256 79.072511327076626 80.982789293751992 74.516562054961796 75.962620851937103 76.293902985026548 75.894744127559903 77.087257723707197 78.047841913126163 80.321393403738824 81.224779800640547 77.019650375272903 78.008343420296043 74.79751542535206 76.261521095595086 78.080512663556036 81.273407307348791 79.337190859826663 80.779289642774316 61.471745566836823 54.788502932483986 76.075492424679041 77.226354279239558 78.832760150101123 80.103976309242071 80.479699608081845 80.637555159921405 59.991413655343926 77.076276332592045 63.875104887848103 76.78231484490388 77.400634504926501 79.981959801671806 98.188991397273597 81.290924962903077 59.093358472640169 58.179619500543453 62.876007100722816 75.346406589736318 77.311103329373196 79.515522551565724 81.472912756769304 79.448008006122251 54.628927315480205 60.919165954405102 61.338519074885106 59.202153670173175 78.168932614600166 78.394909618233655 78.408819155253681 171.64107560771595 34.96333245302921 34.775899252200986 53.725185097262873 60.268942731035494 61.847286919050319 76.501603456810344 79.403637346254413 131.1357045218395 10.537359046345689 13.225411454463163 45.605185167946857 52.591727355754621 63.484761646461109 60.980188838129138 78.951153326469239 170.55935663443688 16.204882173091171 4.196181886293842 17.742953751174355 33.834693918127783 62.177219850316568 58.32909936150709 17.736359524512345 10.187687689115672 12.676091459316535 3.9425611299064465 3.9345392084146522 9.8028383018578733 3.7075455992533808 60.288286695691411 3.8324067480779536 1.9257233532947786 14.073884859872088 9.5252099620965147 10.704716720299539 1.8716071570384181 10.775371572792888 9.1845789054716604 11.591609891072684 2.5535459964074225 30.888032728163729 7.4663007547987883 6.358729855131088 0.97302801853354526 6.0759433671144469 7.5275704490655917 0.23215508069961671 6.9955718147464667 54.389799988554941 29.793431320112525 5.6029702563661985 2.0807470078857189 2.0150214670721396 2.1336927718122767 4.0084132986738972 0.83294880268108229 6.2023515910398563 4.8628504275931546 2.1299935810388959 4.5230949801319298 3.2887974213728715 3.2812775069145421 1.2181388709325853 48.284272422180251 5.8593938211243719 6.6226393502473542 5.1373009945991992 5.5753396270568967 2.3525504811252596 5.7587351223813092 47.755255717919162 50.742199616137007 4.1514479921085341 6.6174166550348374 4.886143792153443 4.5183068601933565 0.21048076941479293 2.1707599344532711 48.827775140038831 49.419510897912659 4.0031151803547838 5.8714286364926132 3.2393756392822741 4.9163685428095389 0.46043949498402453 3.0779056847762143 51.415932287506784 49.903274772960479 21.870166038888982 3.1390790194129683 3.6497953190934127 2.9128256803360348 1.2496364218556386 49.347764258473724 48.271180971569443 49.764797410783338 4.2901390046373065 0.68469275299819077 2.7455788354775592 48.728157640321882 50.958509994753328 82.343504888979609 48.938121095014893 83.921189003928632 24.127085891823448 16.931954145910563 1.1801079997590325 80.870418888530992 83.139791078262718 73.167997426658417 84.100854208531047 82.796568378461643 24.669280961181354 1.8779276266845781 82.310559634012193 82.123489487335149 81.140122020618549 81.30193632512551 58.191534283657766 171.56699594859117 51.177154582746326 50.051894492846479 94.649748380504903 79.45480045173025 80.163814146898019 84.325000698126331 84.814020702215856 86.254459617877458 79.705960475937076 66.78170785689521 74.479446216375365 81.845747752760715 81.269230759281953 83.320431252296089 80.793245943942594 88.476235146781178 81.951976824399196 79.227454818892397 80.518829569421641 79.639960466815708 79.44817135616357 82.38138250446076 84.294476992229917 85.158544333523423 83.072901483301607 80.236242965788492 79.706241828647762 80.379084328316083 81.582209271956302 82.47072212404828 85.219559646114135 85.342968748464344 80.857849268494121 81.577601381670362 82.604078366061856 83.506666242511528 85.266424074365588 84.722957879905763 86.398786369049887 86.334935904011203 80.458040702003629 81.634511300770399 82.917874259912011 83.857645831672428 87.007512616335973 85.837288605325526 85.574270432529161 87.322106403160262 83.104938674227625 81.450382574116347 82.753558821926291 84.142856984715181 79.224337404213529 86.766753881325513 86.132782274650495 102.18464891582494 82.560187588981535 82.102267890871545 83.521611300323357 85.470215467542559 80.971784361702532 84.3885583565785 84.549212936617167 85.161710543081838


# name: v
# type: matrix
# rows: 2
# columns: 320
 4.4388033362693289 -1.5491047806532685 -0.058248639671820548 -2.3617106020879088 -0.23410949892366437 -0.9314821123123429 -4.114120521180765 -2.1848560259870178 -3.9001774612915834 -3.0973828763894233 -1.1197725327020525 -1.338366529273922 -0.74118715823311598 1.4024525209967371 -0.17224253448747462 -1.1171921363280934 -5.9231883440811872 -1.7998450461801334 -1.9182139917486938 -3.5124632598735377 -2.4874403555044733 1.045318288742874 -0.32326703520688488 1.4055119846986139 -0.31897837902020376 0.18963793975630527 0.26795039575662372 1.1313036246855084 1.0205058475296891 0.46790423590338748 0.076597165524798977 1.1228388712586619 1.7372931549365582 0.95492287514684171 0.21283198561420302 0.91897497209437007 1.0392552332203449 -0.5353197984482041 2.3419955784258897 -0.86019389661145818 1.1407763807682001 2.1615122804324707 2.977411620154768 0.76032438657344747 -0.57415651605317852 1.6961192366017308 2.6503299820387372 -0.32307836756669378 0.45830210341673167 -1.3438301847790606 0.56229828007824556 0.86009548739926522 0.83668900934351897 1.7424913643604361 0.1377598263955323 2.1401305583035288 2.4872100286666652 2.5807933735430915 2.0324382869531536 0.87545296296027963 0.12419138259886575 0.37670612427242639 4.0640955138778851 -0.67116218449067344 -1.7616563042821376 -2.4835996071772466 -2.8379715681892717 -2.5555409142093808 -1.9005882350482031 -0.79047423091217861 -1.12049512259129 -4.8083481724781443 -1.3651850221296968 -2.3910524147566048 -1.8767600556650306 0.44588853005390239 -0.85365892609123784 -0.9876061545106094 -0.028267558778217503 0.30573904652149125 -0.29859262839200895 -0.47971607262986093 -2.1856657309602645 -1.8807094933126616 -1.1800540304105513 -2.0878497832921505 0.93424106887337988 -0.18153671667616167 -1.6880841057905553 -2.7927983992369132 -4.520667837309575 -2.2774496514502216 -1.4179737381372763 -2.2826769121641983 -0.38092572631267896 -0.58417036469233263 0.0054156511171189262 -0.30783686035450952 -1.8174757833127337 -2.5826215447967833 -0.90017710525872552 -1.5615312349896564 -2.9372755582968173 1.0473938984024662 -1.2799266719443099 -1.4460366667371305 -0.46992558091030934 -1.195729394545439 -2.5210557130311058 -4.4738132006558269 -2.4371185188556996 -2.331089331574534 -1.1235108363967743 -0.63275422151175553 -1.945008653947528 -2.1574929473326638 -0.17628125703068104 -1.3240168441432805 -0.98235940944024569 -1.8976858034070496 -1.351328526153716 0.047666095430801567 -1.3911976234992793 -0.2942204705455434 -2.7574325567390972 -2.0988709639488237 -1.9472685034976971 -1.5396556131928929 0.63942593884555221 -3.7067127878416812 -3.1106934483924125 -0.6589701056303584 0.08806824667614771 -0.32824429712931114 0.16326820902238345 -1.3255248382476197 -2.8481144198669348 -1.4206392865511674 -0.65398746727988355 -0.94314333146569318 -0.059630399090466371 0.041469442385523414 -2.2780444120953622 -3.1420302346738094 0.90918658046067113 2.4689053982098423 -3.3052369035009281 -1.4604277546639783 -1.8763645809825449 -1.8398026602478428 -2.8865940494015452 -3.2642755349008463 10.35078207216706 2.0792096411330205 3.1981002242302639 -0.2101582741134054 1.0651976238490635 -4.6916496642656949 0.28301216482355873 -5.0668183080313094 0.98822153955468173 3.1335797315450673 -0.24967036366734294 2.2167798913148404 -4.0597724034592062 0.76642470406595042 -4.816741466795353 -3.140608284298696 0.5356969503276966 1.3423038196527119 2.7956496808103632 -3.6298363986091942 -6.2636752847489587 -8.3554405576086683 -1.1946868770402617 -2.3147593871517991 -0.31910471256220463 -0.61427037958860731 2.3540396243356589 -3.0838736125885755 -2.6829681984988754 1.4679201310455929 1.0862742734625994 -1.6289912951800931 -5.0913061521010965 1.9063454546835059 0.56357856797036054 -3.9076535219663899 4.9590253982023036 -5.7955805339991286 -5.7585193765238065 -4.4060774974021477 -1.5092586892546633 1.3037673509003866 2.5327848163482951 1.0083249353146602 2.3648510279652424 0.72120271414908232 -1.589820168561261 2.7900351269563872 -0.41257292052347194 -0.15327336736315111 0.079329136879911721 2.4933019361762354 3.3200312804092822 4.6570135980974818 1.8395999919139137 3.2840885525301178 -1.6083175894009116 -2.5528908032418491 -3.615605151267538 1.3518559316491356 6.0449253946945651 0.0080634033832724383 0.69500462695795084 0.85793480102334385 2.3487926167754374 -1.7031742005043142 1.3184635017952715 -0.34126330999286258 0.66399361846505489 -5.8564085344355208 1.2655684249006902 2.6519776389339254 -0.92266956557525615 -0.15751616064227802 1.5909999789085023 1.1450375942953457 6.8370244500625219 2.6867269095700701 1.9842500586869078 -0.48161693937440414 2.2728166734052841 2.1973164181276932 -0.43192156235231788 0.43523132684019733 3.1933099068945219 2.3680446619101514 1.6039025045154522 1.1971161502576395 1.1078250503353604 -4.0839983741913786 -0.089379285265663896 3.5596298461660392 0.32165526929042243 0.79445250808365253 0.97204294376688583 2.6420129182669307 -0.1103967183428588 0.023538487972488913 -0.25183862665650047 1.6919362178496156 1.4628875130222101 -0.39542712364589006 -0.047599754538580438 -1.1396072695747648 0.78086563486427352 2.61716017464185 -2.100086601167332 0.91278556730209137 0.25533783188614728 -0.17150869943700428 2.6830816784211353 1.2563027421377131 1.1898717205622007 0.88167391345715806 0.51532177851477956 1.1789288555224566 1.4856435107422554 1.3437485802576945 0.5345416874716169 1.0904844002276577 1.889158320839176 -0.5303439039352873 4.1087648666222645 1.6403879881343351 2.5189884528846198 -0.53070062324603029 1.233617335086165 2.7441707751331794 1.7442623094379814 1.0239879066799258 1.5429194476488963 1.2096846548320244 2.5115676590171945 3.7406101830420506 1.5704978971860259 2.7822552644051282 1.4361361100264312 2.0933995364981413 1.5800895651537028 3.7060015288251722 1.7378274545522978 1.8424380112734939 0.97015244446957816 2.6908313154264172 4.547275841810138 -0.17855578854530751 1.0640968665710164 1.7832048702632792 2.2876988885277947 1.4135542360324949 1.5255260536778303 2.0739746085357984 2.7821130573537003 -0.12632799843028097 2.6348413347883874 1.054077690121735 2.1850421139235965 1.0163191362050006 0.78733659084814844 1.0795806053282941 1.7022992196807063 2.3278071946803731 3.9147405666356079 0.37008743029750502 2.2202727555735766 0.49688006711802712 1.2664516972231779 1.6156087408708695
 5.5987895625229687 -1.117490105380994 -0.72763192797377663 3.1959294126884794 -2.6353648900250581 -1.9049213211125042 3.1452368491730365 0.29108599795669898 0.87026926584989739 -3.4238654729743185 -1.8685313083806829 -1.2294211494163343 -0.81039780598378297 -1.4419158487904251 -1.901777506368413 2.1761065047733057 3.1281660303417338 1.9227558916781042 -2.0110628746095149 -1.0723496084967818 -1.5150537441941081 -0.83283623659806427 -2.6918655447289672 -2.8927218021996195 -1.6314868051604268 -1.9360448762617062 -2.0908248055651888 -1.3688265063269536 -2.2943602342467408 -3.8898793263734834 -1.8863316855641648 -2.3637168645266486 -3.8030845040423071 -1.3575735504779309 -3.4692253019243844 -1.1280229729817863 -0.6095517495227577 -4.6997602021300295 -3.4486481550650185 -1.9955604651619607 -1.2159606982710269 -2.3753913410411176 -3.0415906544517304 -1.7192895461373254 -0.31508857605743412 -3.0630822844400307 1.0048643244546953 1.663043547189351 -2.1432712634181814 -3.857478456423427 -1.511915700213561 -2.1132546654236215 -2.2539144361643784 -0.23138232880958531 0.061921504538375596 1.7974070893989433 -2.5626924981274168 -2.8624243468958199 -0.57644963682983275 -1.1728768919201544 -2.6286813515226886 -2.904489999198828 0.28097135811438667 -3.0114802271250047 0.82698307134918658 2.0272181832199436 -2.1373851524257614 -0.70265671128496998 0.68342759631759842 -0.18450813807012745 -3.6731491271162398 1.2975106343904557 -0.00036328489613099424 0.86026670364613056 -1.9224619581455207 -1.1432898835099579 0.37806926058300916 1.0374550814144452 -1.520652122482312 -1.744461952173906 -1.8464220781409475 1.4309247210538873 0.06645759743527585 -1.1376653512301811 -1.6051782473431488 -4.3291406363764748 -2.1747389337209833 0.45659320590875196 -1.9444910277964231 0.023365579831655409 -0.33923206159896324 -1.6606527251133423 -2.5499311497073163 0.59316316734539776 -1.1730203262742622 -0.68137898981165301 -1.2778961984800794 2.0050767851519651 -0.198504481347375 -1.6519250584922034 -2.1222562337677107 -0.14527648416541022 1.1759463192445594 -2.2790540184343575 -1.0375146067304208 -1.9408865618048359 0.32420785848791467 -1.8545588233673187 -2.0030897206857996 -0.083137832855402188 0.77152580520253355 -0.77750725446059876 -2.6077447800150617 -0.08540196594779953 -1.6387453171684603 -0.55958328267768487 -1.7020449463746936 0.59780492489654435 1.4511542305423721 -1.2472571373541819 -2.1650108832382462 -0.0095760299128556381 -2.0077851546861356 -1.422290503449209 -3.4992623586488643 -0.13203896809364793 1.2363826758096177 -3.0937252258827992 -1.4985947257817349 -1.1795431371830241 -0.26363941289239234 -1.6718825986759891 0.19242382338221861 -1.495503191526864 -2.2845084898531889 4.7266096141284155 -2.4668501745249745 -4.305913186375852 -1.1217734726918007 -1.5869886814609546 -0.59893513810070043 -1.6479082051567908 -1.5815474198135056 1.5120815234880927 -2.2697281807267498 1.9577413211152108 -1.9440862629784657 -2.2984359617900241 0.28390723781362348 -1.3215651203279768 0.22552197154238104 4.6389810315717686 4.0790060925250726 1.3110946562523291 5.7211278264255787 -1.6378041715496445 -2.185373771157987 -2.6252645701469555 3.9756514192921975 2.1263511907328616 3.2253785043751662 1.7008835250657066 0.88369137637017181 3.2321314688275917 0.38828726398707197 -0.0593039081044162 -0.95270640702799425 0.48320615916043658 3.7250597453942205 4.2435741950579384 2.309044764114506 -0.53110060756263333 1.4925054857747495 3.975178117339571 2.9453708658843212 -0.30823969971570558 -2.6530697814681132 1.6637278264113613 2.4168202817134459 -0.098728837511640286 -4.5563912019426125 2.4523471235066849 -0.093875694251633293 -0.16211004408230703 7.5887839945288658 5.9957003488919911 -3.6862631827159449 0.25066125140715267 -1.4672406107875109 -0.38900002847970949 2.5218056380020135 0.75346859852560455 0.90628560963788596 -5.5350012584158144 4.4806091023851753 -4.0427764678830158 -5.0309430088392144 -3.4743158046652249 -5.0017464709446386 4.4351460013733561 -2.6464204180995772 -3.2699019309107187 -2.3367327850495774 -3.6321265420885389 0.050526813149698063 -1.7151831397481212 -1.748295766716468 0.38035521190478577 -1.1846777593798186 -3.9374134894921338 -1.8300665079996699 -4.1063950140195589 2.604401177010395 -1.0129110981733951 -2.8450764557655366 -4.7680639077343816 -6.2065790369189333 -6.8118349909013025 -6.784974621133558 -0.36900179097965818 -4.2614267147765821 4.8546685329578851 -3.0077179322341716 -0.8104641464724216 -2.5976670930922872 -6.4265259696549304 -4.5440494128265412 2.0734451377875738 -10.127863662336315 -4.3311808602143733 -2.7564141438128757 -0.88844038724660934 4.9553758204151475 -0.059393591593106129 -0.81301269897920769 -2.5742823027942827 -0.72271314585831625 0.025941478490005259 -4.0373863935836658 -2.9673658294335401 -3.3150348464274844 3.5929388459646447 -3.0426213070302883 0.37349515076252743 -2.2026694065888099 -0.81940030315974965 -0.085768152543246295 -0.61521556314957637 -3.4656603637338552 -6.5614204620828085 0.99007834233013603 -0.8705654265528372 0.33364814224536338 2.6729526277042437 -3.2459234248025655 4.0361142509800016 -2.477206595236956 -1.1904893137044763 0.86357808203941411 2.1420593545487607 0.56160391142113952 -2.017264386548359 -0.32730788392438065 -0.1576156820919648 1.3998978025082225 -1.072369632113483 -1.9795123299974435 -0.3324235366437257 -1.4890830365753933 -0.10328082234947161 -1.8788808609351473 0.94676175091687953 1.0457820557777571 -0.65802765264216523 -1.4032874810620486 -3.7805014468711362 0.55866632824581119 -0.01693968922424393 0.69018327956149239 0.24694916613254259 0.32192748688315959 0.17504404719942379 2.205895523510601 1.1221849776959723 1.6858701686461082 -1.4440827495873663 -1.4881666858238258 -3.5107007491512974 -3.0226722602790472 1.3005940712965067 -0.50724706557556065 -2.708946267581485 -1.7943984223584259 -0.61687887423494803 -3.5576460141634536 0.19394280811985898 -1.4086537723320498 0.99435419641011147 1.589214623457172 -1.8900210360996097 -0.40033721573750941 -1.9022279619933629 -0.24673933125636824 -0.37449135526156768 -1.4412031381663253 -1.1942656109849217 -0.19797080863098609 -0.10983534643709428 -1.2269827798473982 -1.5913397613166056 0.75724193895712388 0.86129832952167451 -0.12011773356049835 0.019019575327959327 -1.388445433175725 -0.85066598300304097 -0.82559966928470307 0.85041330842663065 -0.11683896547987531 -1.0924348528387593




