# Created by Octave 5.2.0, Fri Apr 02 16:03:05 2021 CEST <br1@br1>
# name: ptcls
# type: scalar struct
# ndims: 2
 1 1
# length: 2
# name: x
# type: matrix
# rows: 2
# columns: 320
 120.95417085107196 113.82925719300798 112.26497703657128 111.43700807118945 116.73130048201335 119.08493284099889 109.95993140565747 114.50735508586138 121.23381954827842 118.43514795776669 118.12926269564581 114.61414279493792 117.95508432211761 119.27318222425139 119.32198716082702 120.22401543924347 123.41960207046863 122.20209194895223 117.20252542128534 116.30077551630606 117.87706716047671 128.64197687019521 120.42787670806609 129.79830389340296 126.63766842074044 123.51604088574061 127.91776011122381 126.37308356405822 127.35452024315094 130.25183388396084 129.1717760426541 130.69209756493873 126.39486676613198 124.6529970180616 128.01625604439084 127.03463703335903 128.50013429208306 131.86550252046152 130.78267270947956 129.59939584053078 128.15429822634709 128.51252576555495 129.01823316626559 129.26301894495771 129.64481967596188 131.68983734164226 135.95753408825144 133.22142498296373 130.27208608696751 129.287267955738 129.6094162999253 130.44649254544183 131.99209019542837 131.06660305573718 134.53485676262071 138.07995957318141 133.19079330091725 132.47528955865303 138.960720689124 135.03530071965673 136.37558748573184 136.66090948313573 136.99323801130802 137.77582379195326 107.51653754540156 106.66647889478789 105.15867600021264 103.47324625854147 103.49443009798858 102.21981566684074 102.53130072069231 95.018134106178678 107.74037037431864 106.3729267778392 105.48879580436322 104.42368045303397 104.46715857251999 103.59757438499452 103.59659832181279 102.66850956602698 108.77711719100454 107.39531265104726 106.52467308193265 105.32846148094464 105.64731234004869 104.60798428975657 104.76690640341582 103.68410975166755 108.76276121743896 108.48915560072231 107.637396283972 106.52424445554685 106.5871736677896 105.69764985622805 106.0495907482815 104.85856448659449 109.7953529505188 111.95437685123886 109.41450929545596 107.54089419096591 107.74149028084183 106.86814436608891 108.08548212886461 105.74114673769878 112.10711553359501 112.27349083723374 110.60981850813145 108.74871223646861 109.81050340978433 109.00213313366189 109.14844926095273 108.24034073997234 113.17379526556523 112.80009342864321 113.09785200943317 110.70545437498829 109.72282153169022 110.0917101546393 110.20304116959555 109.36369717350978 113.81455523145304 114.17017623875834 113.80514188003593 112.22465679945186 110.41729979835861 110.86358689582516 111.09742098145055 111.26838836785414 111.891497689666 113.27874634823058 113.41808607914527 114.15491969292954 111.76292903049179 110.68237170602056 111.89536624290339 109.26341818980725 111.19628942733797 112.94687222474606 114.63830281554621 114.8052526911719 116.92360175302746 112.73376694243269 111.79596437851841 111.21596612709318 115.34606743947126 114.22025815967193 111.97577667435402 114.87299167955591 115.22549844065377 113.46644858776904 112.86144854736672 108.42900588871117 115.53767086501689 114.3153939862774 116.34481587080397 113.91895737315984 115.99708753126492 115.84519734266269 118.01955319284312 120.98157603723106 115.26414955157354 115.91785489619943 117.01150528446176 117.52553833544144 119.00434346833529 115.0064971929654 122.30370840704568 121.69527246084597 116.15096399633933 116.64869592320288 117.84695826701562 118.26401197827336 119.40677698075083 120.38235467631006 121.5553798638843 120.73429705007166 122.80542366093341 117.37410638626918 118.52984993607608 118.9170271970417 119.64916987895496 121.14872744701138 121.94244902388199 121.04283679053165 121.61344385640962 127.05457477835304 128.1552451656807 120.06624504159812 125.63582249367887 122.50271719189158 123.0441417283415 122.55112693419777 129.32199754268095 127.71618933428165 128.71697132517639 127.33596569831404 128.46014354748513 125.7928393854092 126.67914620647622 125.75185831473105 128.58355223700028 129.22787278731943 128.56532525739945 127.45112469280788 129.41128002273385 128.33184734844323 127.69675877252847 127.50141242714845 130.42021400392883 129.27636324545608 129.3677041180832 130.71925248080134 129.37741914896193 128.9532975334406 128.68237284642743 131.43411332663194 131.19686731565196 130.4913900171118 131.45332353147637 130.78579740889907 130.24095130905692 131.71681105693605 130.16035651428982 130.32128013595113 130.01995664406007 134.06146297059553 131.76828210475045 131.43104475103243 132.86193034180974 131.37901257715447 134.13645761537933 132.34642873128442 133.51809051835048 132.8725468621229 132.02834457567701 132.54248284829268 133.5170132680237 136.72299068679072 133.56651118713845 140.00923854505982 134.05299749338067 133.9007046992507 132.46327839850352 135.62590021853802 137.54301670338705 135.66012999488353 137.1820642691122 139.06072350328958 134.60110337129166 133.50038245228978 136.66632194453797 137.67345523417106 138.71258403071371 137.78855593016732 136.82516475757689 133.57340984416797 138.02746530293166 138.79159891240863 137.12704330423358 138.00447866261388 139.80854908194132 137.78117995594707 140.02759156650006 141.22105243332135 139.32580568749333 140.69715889037283 138.50507473768982 138.70912089359035 139.79017500084942 138.71634902547342 138.96711562770645 141.89499143067329 139.14809703602182 139.8066831754322 139.8775810246438 141.018148323133 141.14962391075974 140.10798924582045 140.92384144940075 139.22453225095197 139.64965973668771 140.6577098852965 140.89210192795861 141.99364991236229 142.11672937009129 141.06187140279124 141.98788972645167 141.07668671354659 141.67908953151536 141.8861532749479 142.96478207885082 143.02857354515874 143.00667117520408 142.04617905764854 142.98777892051751 142.1803925222591 143.62992374273097 142.6948781832844 144.01946415060283 143.92538180652917 144.108449347598 143.41733711793063 144.28146823181729 143.48988539078809 144.89730738186987 143.96757230919491 145.0384577841096 145.0769459767088 145.73062429589018 144.87982281141234 145.47867632113426 144.78660492092311 146.03955300861466 145.05695655435892 146.00281889142911 146.13799371689092 146.84314598984363 146.21418354504718 146.94526189965816 145.86606854190694
 79.937340377887281 89.960091866881569 93.342716420383823 106.71935097031732 91.442835868249759 96.888770584355882 104.26277161769205 99.573968441340597 76.713155211856233 82.335802510595229 89.964163381054448 90.791354320106322 96.448553340951165 95.649149380469453 97.962922497598612 97.130010992829668 77.087134205274594 79.649755013005006 88.92786572202148 84.369609129127497 91.20508225710104 93.289614499531794 94.733968045433286 93.589730375495563 85.200057001949432 88.473087075500715 87.941901102108304 92.31710597227675 92.65917600707219 92.055840394320072 92.35775504568241 93.044951279276091 86.27398816643877 84.505331621015173 90.234504615956865 91.432170642212938 91.207720588169366 91.559081417349702 94.673955446711901 94.678128895250552 86.944327977358384 89.13697846143863 88.112905734151084 90.202041937700173 91.186619223738703 90.257471325097114 97.280514584681697 97.630172147994585 88.090764024557515 86.831480725150584 89.044132871282926 90.416593049028549 88.450049250481925 89.12135297232436 97.753277850738982 97.43252531753059 88.268541172313533 89.55861763206525 92.542964007707198 96.657840347378126 96.141607819975434 94.434210279651751 97.039864731477778 96.303825580560741 85.704119838169632 86.655561856080155 86.875198681052581 88.833299907331536 90.006759901646475 90.482561162046778 91.693487698526667 98.098544898814126 87.355585917825266 87.852646769735856 88.90334919532458 89.419444632075781 90.5463989133344 91.16943377473028 92.1994638500082 92.884500545671116 86.388281735282177 88.411940281141653 89.074685741446316 89.958524597923429 90.969040117300977 91.569705445632167 92.811760007881958 93.497406471004041 87.491906625446063 88.718943901355416 89.561499675062819 90.369821524896565 91.500544087341069 92.166125354361697 93.202831682171336 93.86328091694962 87.163639074577446 85.358475472827735 88.344100213115937 90.797220557686842 91.904200526081411 92.615598407174289 92.84441786541457 94.517123465750601 82.941870427357287 84.012458121109688 86.423239009800596 90.94060002220759 91.276766854255825 92.01678578773074 93.185224593592395 94.133648655776994 81.493302954274455 84.854970044300657 85.947897539746023 88.060985064689163 90.194924289167801 92.532943138991286 93.657205543870745 94.300942133443129 80.617890529411582 82.242011620037729 85.132763575829586 87.109312596166347 89.103999785433501 91.60759918669828 93.093082260329368 94.170699531681748 79.76578712054642 82.916632079540179 83.966033622910317 86.083666673178115 89.696774198028407 90.62350828711979 90.898156126837236 105.19369274041763 77.41562647672977 79.338407014409142 79.605940764091955 87.41173890137209 85.429636421403202 90.103584387270288 92.304260970000399 103.70135989032417 74.451063033612201 73.97847308131017 78.681734525592489 81.054984767354128 86.261721240803951 87.007493916532454 91.560216146638567 104.10289739188191 73.37856780442273 75.133571561367063 74.004754100899476 78.753236859113159 80.813567675506562 85.389636419399082 84.494963673015562 81.195451885208669 71.56673304717215 72.380549072127181 72.566027938559571 73.669500784787175 73.816210966270006 84.773245768598457 77.61751847975674 78.542205445052758 70.538678570703368 71.450568944623967 71.684851060443563 72.672718914362505 72.765858116012822 73.008404513332195 73.294574552187001 77.662575720627942 64.444253378212949 70.617710086712393 70.695795785158907 71.775416341718312 70.943023281796769 72.192333716629875 75.513315848460977 74.287674137035182 64.942954474131383 67.34073339210947 69.309047824882242 71.899069923581266 72.876787293532104 74.521693583856958 75.532151244640644 76.467924091711836 69.243398115504917 70.466561117883785 71.292387800111584 73.276672680932151 75.706607198309698 74.448538121462931 75.174333375284732 84.194106374091248 72.329030758526002 70.313705300266705 74.288023147275538 74.390964050535445 76.298860049471074 76.988511187241272 84.717805074590672 85.996693075270713 73.081032055446713 73.226122539116986 75.066104704099004 77.242441106130812 77.285835486900197 78.75328478346691 85.665806387057273 87.602827582870347 73.83194052972641 76.21995655347105 75.803618154868957 78.35546699793818 79.459581512810942 80.393158246772089 85.310548404014185 86.469978069087119 74.179176014739596 77.136567057598157 76.968868374162426 79.342561225766573 80.521492471270449 86.521287137088493 87.559027359337563 86.996152750635147 75.857703425308614 77.304178501460356 78.256910718609348 85.9119798953177 86.704223801100866 89.220823780422734 89.209845786554311 92.886531366827128 78.154829435187978 80.488811640985787 79.208650996236742 86.44615528368378 88.525077345876582 89.514498663287128 92.208341083623466 96.80114965126505 79.276191498533933 79.485158435044596 87.025458850256157 87.427040298051139 88.852852731636204 89.592879054057008 90.267799934656665 106.18194508269268 80.802139644286299 79.84358315615728 84.480363798388481 86.424163562880111 89.552149747425247 90.843629428284515 94.692086816119769 94.795739397362226 83.213708899554547 84.839245375929309 85.426816962200931 87.419962281120249 90.62853684099899 90.051527254337273 91.364109117814408 95.827654178405623 86.401126303907574 87.383841638392084 88.510311799877471 89.07407055894663 90.108706454431896 91.760964295402701 92.510921329444017 93.567592709057237 84.933582908299954 86.648597199896884 87.922170057258526 89.546089101393733 90.610194180000576 91.1828609142582 93.168192343089416 93.549827796229067 86.971701880386448 88.343600986274168 88.805903344172322 90.03687558993002 91.266886924335395 92.080088642665331 93.478316799823261 94.377252067591712 87.043983609704867 87.65352485114056 89.330417854535469 90.46825382109229 91.525233029061184 92.390468785063518 93.55859127725968 94.441437665197512 87.403916725239839 88.231174794333214 89.716035573135017 90.832990062848893 91.815700854451094 92.652248746252411 93.59451614140761 94.816762364749522 87.236459102631542 88.53884090436452 89.281844195553234 90.828511016775593 91.87336303951507 92.802921914923019 94.11470654523869 95.05170518137696


# name: v
# type: matrix
# rows: 2
# columns: 320
 -2.0959871488426889 -1.4822868334510266 -1.9336955620209646 -2.3617106020879088 -1.7008582348771089 -0.85212900697511795 -4.8185640507076437 -2.1848560259870178 -0.76335663802828047 -0.62898836544065595 -0.071096033278705326 -2.5740100312539131 1.0964751029695297 -1.9200891807232758 -0.50247631727911735 -2.2840491758225347 0.13337833204236393 -1.6292773767487898 -2.4160402263393985 -2.7587635950904073 -1.4991808072042667 1.693360160040752 -1.1019512436348489 2.7419550704939626 -0.79226025073723638 0.18963793975630527 0.045190881070398203 2.7341084448010613 2.9553582824482998 -0.39211990620593945 3.0189571205127237 2.6150561356729249 2.0423124346148196 0.03039020904736324 1.5532692198536688 0.60702063905679793 -0.18263314496441779 2.6277044006415928 -1.0390723181706498 0.80588003624521076 1.7325163567634756 1.8188060394295675 3.2256854332052853 2.7539347477415457 -0.59940039131780543 0.42468267069599142 0.57007428676413074 1.6092348855063476 0.45624553873343643 2.0270521859385857 1.0151213383810456 3.7629409839488637 0.048709905703525264 1.460512434808324 2.2079960299390029 4.4294121557847559 -0.23334796033903082 -0.12436127880015881 0.91582626214430962 3.1728865907989774 2.8792492659720734 1.8245445353334093 1.2808862306443447 1.5283837729735801 -4.6349110808273704 -0.078826878676389572 -1.3270794069855096 -0.2942747543501058 -0.75748472589470817 -2.895963888219601 -0.68391594988131821 -4.8083481724781443 0.57130104198625564 -1.4122833556815038 -0.12238023292752293 -2.5135730560335041 -1.4967699225643094 -1.8235429248916335 -2.3167850332476516 -3.6564736960821618 -1.683359778776983 1.3288200384335698 -0.60696726947796831 -0.98282134512439379 -0.95728506410904279 -3.4376600251710321 -2.0625867892439431 0.28624859716430306 -0.82661976185443053 -1.4635531119954224 -1.7575463792622892 -1.2344465251058412 -0.72003331509706503 -2.873634834338612 -0.96928707522323876 -1.6744041913264718 -2.5207154476288078 -0.84943702803446464 0.10681045532444017 -1.5302967243619654 -0.39423102396169946 -0.7406756193702142 -1.2411598313505792 -4.1950543045515634 -1.5515593606104687 0.41679442990756166 0.58357532990656724 -1.430903562008387 0.55172164161301618 -2.5190155439945472 -0.62698259044744753 -0.8147525511643724 -0.014086873548299562 -0.27200329410443869 0.26151577781900953 -0.6873627401213116 -3.0034566541289269 0.71861455264700691 -1.8157772482725008 -2.5223471785537748 -2.4710208375446627 -1.2323217171702074 -1.4301511680718053 -0.33610003200403726 -3.1317142402542464 -0.66755794881190689 -3.0406225549009145 -1.1506874359523251 -0.44641659442961029 -1.1250547088874294 -1.1193198074944319 -2.8167007549502547 -2.4137751931831883 -2.7724313905210574 -4.0118255564196348 -3.2107916852159351 -1.510125371469299 -1.4841096242147129 -1.5632268957476834 -1.5142903861433301 -1.5361967791818174 1.1335665863935567 -1.1316104256107546 -2.8404119531722323 -2.197720195499425 2.0924005695956063 -1.6753258366091237 -1.1830377676523705 -0.43827435240345908 1.8292557379942744 -4.2492530881877641 -0.97618343990721868 0.54631281731966785 -1.3533131221180286 1.3084872115432724 -1.8033265604690316 -0.30514759754034099 -2.3435830622508758 -0.78567335816183126 2.0477592419675892 -0.64964129376605628 -0.34249994570412057 -0.64482016689302302 -0.86476275774131317 -2.1131718553576904 -0.91670812359571352 2.5939032152987962 0.81208966619710743 -1.7275107470158846 -1.0975858321728937 -2.3511813067194178 -3.2207604146079674 -0.69469682057862192 -0.4731395812557494 -3.4446645744621223 -0.63362499760308344 0.59362432474434501 -3.3548697622466772 -0.56940264545096886 -2.9122327984043688 -2.3850785664645655 -1.3331689421679491 -1.4481047994488669 -0.460812998583774 -1.325077376729576 1.8812766843479063 0.84669299500484685 0.78919912183178653 1.0104590075920417 -2.9915609031719073 -0.64168673924561026 -1.2613717846354509 2.789221356812341 2.1584854973361334 2.0738859974005859 0.23312092054832736 2.4745458021612223 2.0876445523465952 -0.50819486351922671 -1.9101563240749515 -2.0552987549540491 0.36090426474690124 2.8571469917618297 -0.86030445692089674 0.41987944385062892 -0.58726473992550987 1.2184453613027348 -1.2070525182609022 0.3072487391641292 1.8124148528660478 0.98795619938858514 -1.9949506412216309 -0.82444445894451079 -0.21434392999700919 -2.156129374997974 1.6118676429464178 -0.22325866833041758 -0.044800971376277463 -0.23038388389356793 -0.20598790858403698 -0.69412782169508491 -0.73567096983247704 2.2856410974641088 -0.6542849253591505 0.67767541096662542 -0.81855719017040207 -0.77774860796111067 0.9227181534272485 0.2298440798555377 2.6075388638074113 0.12815105008468253 -0.35286253381816607 3.1068763170167548 -0.1714211662517259 0.99072230519192217 1.8007485552501605 2.4469887655684661 0.92819097956826402 0.17948031523695759 0.28518003013785809 2.1337508709001471 0.56362484359312193 -0.98402990761984221 2.2756887939890964 2.1303148875132472 -0.2223619378762797 0.84062976659721833 4.2482100044825755 0.59616047213936851 0.92019254950421747 3.0886668314381103 0.13397272303987248 -0.19600447999418377 0.34419927092592323 2.2094980112532676 -1.1396072695747648 0.72989645546383164 2.6681293540422821 1.9442112003705092 1.2817405527250483 -1.6033202129693622 -0.36457984694714368 0.1991350940246932 0.99602621646963252 1.4061722608973926 0.88131932648735889 1.0722831675193436 1.7484959729073013 1.2535442802671686 2.0205603828141734 2.5092051163293743 -1.4612897509057681 0.028127223165642465 1.5311477559750728 3.5416780929764808 1.3089853131036147 0.48553626763140867 1.3837193729417394 2.7616676492032597 2.4368908088045731 1.3336588583603299 3.8387276832142563 1.2198917488376924 3.8691426664940094 -0.064589649639960417 2.689395361974698 1.5757953826939943 2.4404774701157326 3.7854675949599907 -0.26187968815526225 1.6434599945597048 -0.91995706313725889 0.44169389954481297 4.768504887541293 1.0980361411474882 0.9980387269320764 1.7243322334877682 0.65948231275312907 1.6832504124902001 -0.072002340960594047 -0.088119441765710113 -0.33330147400771432 1.242830655955375 -0.75724431356979138 3.5573972839030827 3.8861501562378939 2.2431448290653342 0.83544115109759476 2.2728479619644983 2.1582974247698208 2.6182939122027857 1.507329474613281 3.2697382724595934 1.879111570512193 2.0456964238605022 0.18224169882154845 2.0661252888429744 0.60388123222447077 0.060927948538408244 0.00071473760308641068
 -5.7202196719777074 -3.2894134835194966 -0.34021129626974461 3.1959294126884794 -1.3237397598385994 -1.0841260739574843 4.8390262819797254 0.29108599795669898 -4.3815130401612166 -4.2705947784225256 -1.8442966441095647 -2.8159315798339053 -0.15047718664329598 0.21220654886195911 -0.98507089437155393 -1.7203725535304406 -6.0819005353169064 -6.5637113512882745 -2.140682036380396 -4.2277026971328979 -2.3686151679198151 -2.0911264537690277 -1.8211204238314906 -2.9443845902700798 -0.62855373913334711 -1.9360448762617062 -1.7180037148281631 -0.38601426795689803 -0.31371801059744009 0.73601270699241683 -3.7886335517248684 -0.97089268800418338 -4.605402564384053 -4.9334328249989028 -2.4623261089013311 -1.6461242375157581 -4.7361291158360217 -3.5418445505579053 -3.0609207519600239 -1.4690093684026795 -1.9703540046936541 -3.4706501870111079 -3.5814847466731075 -1.8948377355039001 -2.1984175238984673 -2.4137115878047726 -2.1229781122360345 -0.69799880982826656 -2.4361941667626437 -1.1399192927931845 -3.4057567378647997 -2.4823219764544691 -2.0425688906791555 -2.6159682900052461 0.034807362969151483 -0.60859704098405232 -2.0237209605795821 -1.8829852625953136 -1.0616540010254041 1.6729408643555581 -0.29269265811942974 0.055718431977827138 -0.42377510940278318 0.6819349282975411 -0.5795008294127082 1.0345317883370124 -1.2131572789547602 -0.068121760736636311 0.14820673563305869 -0.39514149375470342 -0.74004660970744751 1.2975106343904557 -0.61511740159413109 -1.6411698046789016 -1.7297767400632524 0.50125919876017155 -1.2986366863174326 -0.02225062597914651 -1.3469002658507139 -1.2824532315073152 -1.357417849316195 0.71100429518297459 -0.53152577913273857 -2.2368039432600981 -1.1536383991989416 0.30146384971342893 0.45269647578386085 -2.5292038524855616 0.424062161400728 2.0180236483151917 0.23133507100631445 -1.5583794074477451 -0.4082441852787605 1.0995027478138517 0.83482431399902401 -0.99115520550879621 -0.54271328165701094 0.9724270510951758 0.078359142558690073 1.3565821243250995 -0.5786332334552069 1.8770388402980673 -2.3560432076950257 -0.4007164103650438 1.3144069683845354 -2.8576107321609552 -2.2205060659660649 -0.83919957150612101 0.70640741237273663 -4.0687876935611005 -0.21439532563851341 -2.7621469705384509 -1.3308884650294088 1.4844355682695973 -0.5027465904079097 0.87403103294921292 -0.59345623786708501 -1.1078385288287314 -0.27124677104519845 -0.95497712830889336 -1.8329608812877143 -2.7709581155648078 -2.4300646986949705 -2.7195170602481675 0.59389661486202949 -3.2935215822117581 -1.8921052555824607 -2.3260469755963995 -0.48339977176755133 -3.7970568815889774 -3.5335535516635455 -1.0864058290240226 1.7413697721345627 0.973206963158052 0.050151661737004895 2.9352936636924376 -1.9174840225338246 0.22197587663198662 -4.5437810836292627 -1.5304915333832592 -5.00003625824188 -2.4072918077841834 0.059142881468235639 2.2640654368898052 -3.9701844347554474 -4.7805286664657114 -5.6092995625534758 -2.3982040566671325 -0.98063645526770093 -1.9663179158157011 -1.2320938194885542 3.9845236357992961 -6.0362312086485739 -5.0527044001441332 -4.44251071243895 -1.5971505432481652 0.081810451797260847 -1.0913869956471012 -4.9140593164766173 -6.3744679879531985 -2.6153712110705087 -3.302236947152779 -5.3009226239960148 -6.4636401246749919 -3.0167663790273296 -0.55452405975892416 -7.2001380433581952 -6.9193690794335865 -3.3708547639677655 -5.0178600813677301 -6.4010971962152237 -4.9702039242282572 -5.6486293646372765 -8.1870784653238911 -5.909295009900057 -4.9679648701243959 -7.0410695978439177 -5.2314692021674194 -5.3236522478345014 -6.666454587809957 -4.9764741221871338 -5.6728505970433716 -6.7518597369469147 -7.6656070188560514 -7.5571570113469697 -6.043894049082275 -5.2867557448417335 -6.0489622535401111 -5.1873238185212456 -4.6986108985758284 -4.817222313442274 -9.3973478255020471 -4.7284744903437526 -5.2820281926708414 -4.6607925355840552 -6.5067935986304679 -4.5076491915411419 -6.5937051101233637 -6.0362476006835681 -2.5440382992043764 -4.1299730367515401 -5.7109387965845508 -4.3626355032621831 -4.6626022692801872 -5.0784722221464165 -5.0601899831412913 -1.3360826266618877 -3.1309593946266503 -5.454151914519878 -6.4284260610781851 -3.9840616830994624 -1.5553062352268912 -3.1422420112636797 -5.8961935202503089 -4.5691713415836253 -2.9452154938786919 -2.4509722291871379 -5.1716882837479927 -6.719622678178756 -3.3372561807129943 -4.3222380703493926 -3.3857868257481556 -0.34408180150922546 -2.9081161855726427 -4.8407908087900715 -1.3870855753007307 -6.8606128192780123 -1.4617360250175728 -5.3409141499680768 -2.4682637477052247 -2.363996061807522 1.807883024253466 -2.8912065529233657 -3.8066880407570927 -4.4936505542160683 -4.3906845573616433 -4.1971559394198099 -3.0583528886679772 -1.7530107787287164 -0.10157273684228678 -5.8768419071600384 -1.0056520112219907 -5.6541900874099129 -0.18907221591212725 -0.9992413528483135 -1.5745423558301221 0.32230529385787204 -1.0877033910816136 -2.6778292007111162 -3.2357039802639629 0.17383812487018471 -0.31042169550813897 -0.13990947043873245 0.72525619711215095 -0.11058416260543995 4.0361142509800016 -1.6130142104627205 -2.0546816984786997 -0.49221932266921953 1.0597872228977876 -1.8304809414291645 -0.72875577648590517 0.31252758003778963 -3.1087155389112229 -0.13996644440153319 1.4606993701271 -0.27718645759550375 -2.4246503383903701 -2.2625045003480744 -1.4535208727527738 -1.0888433280126204 -0.61486962264392153 0.17535432882308591 0.1676862871394649 1.4865122841068543 -0.96641510875001202 0.46780249367535176 0.33099035191122611 -2.0738087560012559 -0.15288022263868781 -3.7242584589566823 -2.3720646661535976 -0.39237251771522386 -1.5966003695038857 1.0174323804996595 1.9295680513423252 0.93492370952622417 2.1449786268812741 -1.3546968518145093 -0.8377597462161861 -2.2100279590419061 -0.88785799891023054 1.5690858488321797 -0.40567036509792387 -0.37342390283481869 -0.13478887890684038 0.023250432363018735 -0.0028027641029859211 1.5824248416498659 0.0038169005864766292 -1.3988670409744506 -0.44898317325499276 -1.5436648368962513 -0.58899810089953253 -0.11479282421601168 -0.47016382744489832 -0.75393157081279183 0.86767522890357796 0.67383591097570128 0.56975400627308548 -0.064638589344273564 -0.74198151908359178 -2.2340174461171589 -1.9609993741447802 -0.45458602241332219 -2.8465659437298272 -1.8994361046255652 0.47690316786743281 -0.99204840891198198 -0.55659361607418723




