# Created by Octave 5.2.0, Fri Apr 02 16:05:35 2021 CEST <br1@br1>
# name: ptcls
# type: scalar struct
# ndims: 2
 1 1
# length: 2
# name: x
# type: matrix
# rows: 2
# columns: 320
 136.26300544821913 96.287485932988915 94.908544460558858 82.269882135403932 98.963552244058462 110.00197239269677 73.215481655161824 87.524383164905572 104.1135027600407 111.11085731424227 99.930937267350217 95.932708298114832 109.08650220785583 109.81411361482678 109.02033383550176 109.72032498785094 102.90939727493803 104.94253796416726 99.062309196481138 100.04516278196056 100.92122244326313 143.58239236929958 109.07779424032805 143.35627134047036 140.72060965746587 125.85806944171506 142.42213516392613 140.03521390556915 146.13659321653458 146.73423978717494 140.95417874279269 148.48077509172435 138.52359597050165 118.81252025921616 145.76718908456951 142.77022241362232 143.72346482640447 144.46396027536841 146.51310018308703 146.89175668700989 145.27109072436738 145.94957561872636 140.07094965019911 145.84748108593462 142.57192286345767 147.19803592867555 156.95604769948073 155.87533976266693 143.560331083378 141.29817018924751 139.7028945937918 144.69358179986065 144.99916830527104 142.62933559794934 157.37500384317795 158.08524029081494 144.06613040875246 147.44028145207429 159.40040909459006 156.63018609124791 155.53547933635659 157.37624771311005 157.82555099896064 156.54636757711506 85.143330160515404 86.877099498168491 84.642978613974748 71.694974129596204 85.666671164739753 84.308424024549154 83.54042967225547 35.63503417607447 87.754561938477337 87.817202536536598 86.724936634819954 85.580125006306858 87.839739278642853 86.744800198831399 86.014826929712953 83.130314108447621 93.72400203915339 91.808657581323345 90.660177162653426 87.751748514112279 88.699414222762812 88.160230192960398 89.087002089923203 87.101665273548463 93.849348629820966 92.834037623956647 91.870597362685118 89.604671043051255 89.724900627764541 88.852831289731881 89.104205930343568 88.0179528631691 104.95499167516029 97.054457997276344 92.864466337140442 90.729681802658504 89.894840337431944 90.173424510006726 90.110855804472095 91.71698892953313 97.78090705353857 96.722999288741661 96.127521072668657 90.796845057059286 92.167956808179284 90.957953777411078 91.172383190995959 93.29708599242376 95.582263201555975 97.016748817146365 99.580453445921293 93.906342555270896 91.990296846297611 94.055293554812962 105.27964303474425 92.335782447220438 96.831099430108054 97.414769448020962 98.643832785939097 95.011535307009595 92.887658165757955 93.116428356649351 94.405144180121709 95.91568541201562 111.10119309543481 97.979676926759666 96.681217044357567 99.077050174898758 93.932415037814081 92.969217774640796 95.989599107228159 73.284669153382353 93.130147573545116 93.401962680867754 95.897172091674335 104.05348233128315 98.868829387420277 94.942790359817451 93.939933709132561 71.591590391782773 125.91039836610946 108.11061586409124 79.707700766070474 97.315232931354302 98.196404984999788 99.811154252111294 94.921333350528371 74.479083967761269 111.01020689396674 109.20063013087805 110.71908758564194 92.384663878541829 97.499228006148527 98.122991532022525 106.28940482135611 101.59986524814093 109.77463438776373 109.94169111697651 109.52884844612478 108.00019701485088 107.74358618951136 98.022520615204158 102.24527296072118 103.90121548228913 110.38820833237392 108.49248966016297 108.42861523128106 107.31330614127761 103.06931634878187 104.17843660420267 103.80039725122187 105.08456939302589 117.87165131513774 107.43721515598915 104.9715786600688 106.77702530383353 106.31791747608692 106.11694636070489 109.18434552988809 105.40350903908359 117.51377101018828 150.59599044023969 136.6836310761023 104.62792172042182 137.78892299009806 102.97012972894525 103.35523189539943 106.21220903877908 138.42105780665798 136.86027067973535 143.83098372830256 137.81046092323817 136.23022923224411 136.21098152130932 134.62774584478888 119.78166444531911 137.58455282733138 139.19585402142437 137.3405417304175 139.70025541976162 135.49858677051199 137.97936943909812 140.05980697370921 141.72315515286621 134.55270349677841 137.41571776448387 136.09526955129019 136.9175353212664 130.49308947441088 133.96426730391613 141.1607531697293 144.46623783210427 135.73671659902027 135.0327441115017 134.63077735947101 132.80151935519009 129.92696864770068 128.88233020982895 144.21384158283573 139.13405854778685 132.12637835871115 133.45966753281394 135.70158158323642 131.00011671438236 130.87922272950303 142.14082714083014 143.68687583982333 143.27142767822792 161.72314022251661 132.91930703745942 135.12890189145153 142.21928742171067 145.24339377446137 153.72421804583868 149.6318034893595 158.41376545933883 140.39616109598015 130.05361264119225 130.899682775445 152.86475196603999 154.6938333463697 148.56220101749753 156.98540359042354 158.07575563804116 141.08383388091625 131.99328015396085 153.80215955674333 154.31801048260414 156.91374508657688 152.72353494628007 147.99114985609401 119.49926006491822 158.80300721671546 159.9816757460253 131.81244719687987 162.46606577533441 158.03903099205107 155.98798896236238 157.77889154491211 158.86952762031513 156.82953319870185 153.0367840937011 156.33882033539814 155.70795428072441 159.09163352285546 154.94448301523565 157.22664342389965 158.57615899034045 156.23175030651251 159.96438186838427 159.17526843387822 157.29611125046188 158.14351193076533 158.22928824706855 159.63174395958421 157.2161868549814 154.85258057514244 162.76449247403846 161.39914105728221 160.18856727230599 160.1111102194958 159.24079680512548 158.46751428779297 159.77168739408174 162.14044926076335 160.93424531718401 161.10902763426691 160.27739538364878 161.82896017508281 160.61880902648841 160.34832013136267 164.31739911351039 163.3999290451178 161.37536509538299 162.2372462378174 161.47774461158656 162.02800617352875 160.86455358443652 165.25716501468312 159.33515216652142 164.84077856633226 162.68594130203508 163.33333218006379 162.58362597163344 165.52574928041068 164.27960416658476 164.01513496724121 157.80716221397273 165.35033716831711 163.78750743661718 164.45277599288826 162.91602023469846 164.54441539769098 164.96889165594882 163.79777474387291 165.06000728919733
 4.717948972498033 72.383444473292613 80.234475840487605 146.18907921701307 64.329004151300438 83.301737298059706 155.66349548195961 103.16888051612075 4.8352213089045533 26.262351231176044 66.819518752464191 79.540462040085885 88.45188106015695 84.635421902346422 82.775971552606208 81.814517408880505 2.8618826735407938 2.6726671718620865 68.876343167833937 64.923485902316941 64.357752663697923 63.238427427031667 83.862099005967806 64.446743516705354 59.259587727632564 64.562932853657614 58.816137810112295 75.658613164379361 60.991468311324816 63.377576574583941 64.613226362123882 63.535070456668656 56.240911732888023 42.402555305735213 62.864249820195155 61.445813266413218 62.126976669123046 63.891427777713503 59.985369157752693 61.910165337473927 61.706383520506613 58.602050266320134 58.310877416845919 64.397576413088856 62.718688775291326 60.844172131999422 89.43469183008493 89.521074651568469 59.0277482306699 58.371902878921901 55.227235835770607 62.861953187741889 59.361074964386226 60.314188738751383 90.663456497248589 89.757460911388321 60.03143441958531 65.515480371105156 85.9890497059572 91.373993555020093 91.297313072725103 87.553360344678396 91.742370506399197 88.478013589268741 79.234910182208893 79.186919971692006 80.811752407447443 79.369361479592712 81.66431259988498 81.842800359585198 81.021066575778079 114.12280123353266 79.876453324374367 78.427113775115672 80.278474453604517 80.243432726856142 82.356196751809506 81.926576734556534 82.789523823479584 82.145652601163249 78.702409582512132 78.571461913761539 79.201212019396635 81.17029041415897 80.511900756958738 83.433007263941121 82.765338993649749 83.938510466172431 77.443992140215911 79.182641954119092 79.879060485319684 79.566493169344341 80.814682358705724 81.712269343304726 83.797825217717744 84.653425940935506 79.351032423052317 81.519498484385707 77.97050102133818 80.306375923727131 81.993344178000882 84.341930410984531 83.305698641831839 84.792245582861113 67.180611506143663 61.369632714563373 78.456767545683078 81.452002424589608 82.34422582738307 82.723810533566422 83.787541693183385 84.051926655496487 66.062654394882031 79.889987905293168 69.893544256928621 79.76717340353423 81.129859578117674 83.327008248835568 92.602047609683879 83.549735697006014 64.71106618015672 62.131646039892757 67.869511672202279 77.822957608819664 80.396006500025834 82.819070270293821 84.395177152571108 81.931248970041537 60.398517009738164 66.030811866836899 67.2151955780175 65.383150687227243 80.918088088508568 81.50516662010007 80.672276771207947 154.64006597139885 44.666416795823913 45.877114081236748 60.687708672746496 66.37884915466158 66.760371807827184 78.854288177965998 82.162547079236447 125.3141906564111 23.197684576567148 8.273846218456443 53.089917280411626 60.295736024673111 69.527628948114597 68.035018068251404 81.43309080725507 154.82589590732164 7.446742764984096 8.0131390013896358 6.441463216603978 45.411079746231621 68.51259102601955 63.59310618950866 25.206664289332373 4.8946904555605846 9.4493493864926066 7.3662254731542447 6.1498952588471019 5.0627759520690185 4.0194060247904444 64.813144382236402 3.8146501408289746 2.8846474955611905 8.4727652848848045 7.0937746826748587 6.0016494358343273 6.0832539084140942 1.3445280625223259 1.7607643421082577 5.9971342626180917 1.0866090813110436 26.287217079040051 7.3452687967235546 5.7960761286718654 4.6383860665911412 6.8449542019763436 5.6126969842566989 5.1183462942172806 4.7711149250604539 25.044359954109492 6.7099849768789381 23.844765323388071 3.9174404807918863 16.886271422638128 4.851743990725244 3.915123322561858 3.6707983573038256 20.350058574637536 21.982951795546072 15.120351463143862 18.025362431075916 19.645875036612399 17.802445305413151 1.5382984219167386 43.273854915156548 21.086607481923572 21.37538462742307 20.102905334200653 18.427408718949266 18.74444468742551 19.238277158491027 56.847976111996459 59.587009152220006 22.134382877176783 22.964639591482371 22.929312912946575 18.690302751281774 17.278190367797087 19.879854067775316 57.166854260122378 58.493590100549845 21.931970135723851 23.279480822165667 20.929591953236546 19.417241034422194 18.853650349121569 19.504656132536756 61.114339910020369 57.639069961491217 31.871184347294438 21.661902380776102 20.767830987830493 19.537009601370311 18.252565602360704 56.606080273141828 56.667840882322658 58.019786810352386 14.788057903960992 20.572952676892655 19.819302958825574 57.71274038381479 60.513407811141704 83.88127271081818 64.491552400985867 86.684183293147711 37.850499989434681 20.00059106931138 20.79958554715822 82.32037338714575 83.44590473356854 76.322688593826257 85.062324579289879 85.534964251761622 37.051543422691296 18.578346439884186 82.703902458921306 81.157241875113741 82.537967655892672 83.361615813164263 64.545381235049902 156.02795608230917 57.594773142819427 57.754905182197909 91.324972764656948 80.195461648937282 83.205271026520606 84.375812089275968 88.723520738738884 88.861402584971373 79.314578174844343 70.910330940527231 80.356643564354655 83.011739402545587 83.652215742428936 84.641847128475334 83.97879263286697 90.907539697679383 81.611184537179696 81.834840487658383 82.597094284768019 81.155980334811304 82.062625779528375 84.369619553192095 87.042670317285896 86.090750859910656 82.241057425770563 81.367276946218084 80.979026486589888 83.026495652311908 84.178743659799125 84.874159230984191 87.824038376369089 88.136082496496712 82.299838698400151 82.085522160134516 84.38145101693172 85.271736238035999 86.447345086994744 86.371142265499046 89.062596776760842 89.431924463084442 82.57425485434419 83.27474500279088 84.65671756236128 85.415152088836521 87.571406226535558 87.915236627798734 88.961035091799758 90.018017780033432 83.858832918837095 83.376731488352974 84.851814248014023 85.632236450910654 81.733368969205372 88.292483845844814 87.04851988396166 98.868650347164305 80.541182111789652 83.856674482435437 85.076892859832839 86.839608126295118 82.793003387106026 86.325333029515946 85.984180329763547 87.626598719650218


# name: v
# type: matrix
# rows: 2
# columns: 320
 4.4631351475886749 -1.5491047806532685 -1.5817438167276172 -2.3617106020879088 -0.94827918330320471 -0.57219503471430344 -2.7757090751313211 -2.1848560259870178 -1.4521510765012218 -0.62397535907694635 1.6636811710019901 -0.74907327686850855 -0.74118715823311598 -2.2287097207108677 -1.383575292477438 0.22549271737512597 -1.8575858935689578 -1.2792938503429454 -2.8046154765291882 -2.1055485316149563 -1.8502092020054 0.88650432627452813 1.7268756671938617 3.374357163189297 0.37878521208006954 0.18963793975630527 1.5778227357640906 1.1313036246855084 2.4605350687843108 0.68672884102389964 0.070208271025861219 -0.0026815133785402382 0.50294498361827356 0.30063705321979095 2.3031239426776811 -0.36052458428676459 2.1854392550055333 -0.82257677957852271 3.6766676421659414 0.84538423284193942 0.26034999749536908 1.0347838846153208 0.72424326679717599 2.1473995517538729 1.164423362232488 1.2648708150397017 1.9224005041639185 2.0032990823806824 -1.7229856490818649 0.71181608106364114 -0.72648542668799931 0.41103873679158592 -0.0095954845643222292 -0.035849089574021963 -0.18218996180261929 0.87429962095088598 0.065545881347263801 2.4988586237996371 0.25658744648195203 1.7704394571906439 2.0538785704741587 1.5172868170273135 3.2239104503172835 0.79522534680152979 -0.45489420034521144 -1.3151422191104771 -2.0546762978666577 -2.5555409142093808 0.97472546536782523 -1.5298553828971382 -1.6999207063978212 -4.8083481724781443 -1.9038329132358922 -3.0066100910605926 -0.31024977773581669 -3.4206112551327439 0.79070049551518429 -1.97585057332898 -3.9194538149613196 0.8027486433267117 -1.6579480518414229 0.52897100033839262 -1.1672029891146625 -1.3778435513364435 -2.4374346396187301 -2.4292347019273981 -2.2398737306054044 -0.80286826154776025 0.1615990318167897 -1.601846195107663 -2.8667744560873905 -0.90064796840220329 0.98559532297363894 -4.4070966888241321 0.15844922154736926 -2.1409580071924581 1.0957960171126855 -2.151106603284926 -2.0021359220328465 -1.2938238168331444 0.091678371973361969 -3.3918320082792306 -2.5533791006920459 -1.5737649588388816 -2.1584628269518085 -0.7645236104647567 -1.7452291339576573 0.067382974533450518 -0.98145011601726873 -1.7475299794152059 -0.86400677536554493 -2.295424537429648 -1.4875329437573586 -2.3584742297783112 0.045634881421733053 -2.1361989590984511 -1.5236434153903835 -2.8696009061357044 -0.98235940944024569 0.18065662613554823 -3.3435303607739191 -2.7404686562091563 -1.1948536560046423 -1.2829542242726768 0.83635415595723839 -1.7854902628306026 -2.3975226357571549 -3.357069094425936 0.63942593884555221 -1.9406207276375429 -0.7366922112209402 -2.1891975536001773 1.1153821366381274 -3.0830369707754537 0.28179660601311035 -3.0020445420602759 0.16140943751875028 -2.6042779739358979 -2.1143069505906462 -0.94314333146569318 -3.0267317969883556 -0.55507297217218932 0.24182570846004053 -3.1420302346738094 2.0503194377782759 -1.1854662268909786 -3.3052369035009281 -0.061258963911029432 -1.4688516685206821 -4.0439028591947359 -2.1784204550065134 -2.9261672771376155 -0.56650458471481646 -0.30551540597338284 1.3012031114848484 -2.0360434441143704 0.45162948710062584 -1.1952590304044253 -0.91553894821569615 -2.1279004159208736 0.13303198911578334 -1.908764871608978 -0.79850090160125675 -1.0493141425819099 -1.0735753347956525 0.025941607678378525 -0.89494353668605564 -0.40042997894067983 -0.5273432566764239 -1.9479584923785656 -0.26410643880754403 -1.4018781559660349 -5.2048119571322831 -2.2694826727826989 -0.90258971117594555 -1.8583185720010305 -0.13705440199767807 -0.078127434535658347 2.3019624369923246 -1.0462903161877146 -1.3399669514255359 -2.9495956208841121 -0.33539284208918752 -1.9774734682853374 -0.59439864998755543 1.9063454546835059 -2.4130884056310555 -1.18476250631305 1.4276205384348284 0.94583668405650179 -1.2593388594459161 -1.9754140507706963 1.1091907144193542 0.20170488230396777 2.5327848163482951 2.0036925901295035 -0.63464426436506116 1.3888095502646787 -2.1791776347234002 -1.2346368637946337 -0.75314168318777996 -0.32125456018726689 1.1274991850764136 -0.22995479867993407 -1.7985804183678717 -0.35529426738344116 1.5510104531403592 1.2332904951099464 0.10815999510360426 -0.98183670241683163 1.6709715733906001 0.18791469679147377 -0.53583692426996055 3.909165147828765 0.32468161366220466 1.0834368549031774 -1.9766465728793101 -1.4532085420693854 0.85727757053942133 0.24421531876144278 0.97926455950221414 0.71964983248006875 -1.0316848468580233 1.1391653528760524 -0.92266956557525615 0.41003355058016555 2.2796259916474706 -0.54749862497732349 1.915476073717723 2.8292083330187463 1.8969760183887474 2.9835174858038038 2.2728166734052841 2.0350813133425598 -2.2182143400120955 1.7163431146889074 1.8922066799128117 2.1502003792911766 3.0935527693921996 -1.8088632711777917 -0.30075121123511966 0.59280729392007103 1.7745517970929172 2.1691962559129383 4.6510120869768867 0.79445250808365253 0.55181400731199515 0.43514649363747182 1.2981795432276242 2.0754534005243834 1.2310285791635254 0.97183663734469805 1.52804537978699 2.8277947508154089 1.9940628667122047 -1.1396072695747648 0.79906013196992332 2.5989656775361958 -2.100086601167332 1.4099780619071465 1.1761319575809126 -0.32657603933187851 1.1171818440784176 0.78018118300366845 -0.62968011398580603 0.88167391345715806 -0.24411786045894773 1.4738296248274485 -1.2684946485514144 1.046054087935 3.6642090727514676 1.019680845526334 1.4697442584841063 3.8818650078455845 4.2623416356529935 -0.9443910633154351 -0.35441657087807865 3.6027397314818006 0.61861926293319469 0.45590455548026076 1.6349973517904075 3.0180292892577039 0.96798310158958067 2.6590648141989299 3.0566372968541273 1.3692326431513819 1.9129098430071712 1.8268458598632875 0.69310797321304052 3.598801483440476 -0.29357744593259905 -1.264473401665277 2.9756798199438075 0.40737346179255596 0.12698897477551124 2.1565114595984749 1.587778545541519 1.7721299632389376 3.3973372480906256 1.6363223949798373 2.2119978697231821 1.0904659323830574 1.6310457280824455 0.35384869484223225 3.1044267560325887 1.8079826632837073 1.7707580724753949 1.7996220896617039 1.6849011657960149 2.3202702319570925 0.98173613096311274 1.0795806053282941 3.2055570749802595 3.2632749919578594 2.9892163829198011 1.9856942815346297 2.5039665756805518 0.93683952412345572 1.296847934541548 1.9392269392513142
 5.5882195178359559 -1.117490105380994 -2.1592689639573632 3.1959294126884794 -0.60320022496154169 -0.75061584858004626 3.8242846466905025 0.29108599795669898 -6.3033121893618915 -4.5400459979297505 -0.60367782627591016 -1.2676357469044455 -0.81039780598378297 -0.66485075107920022 -0.57515193253602825 -3.2426418284449929 -6.0077991489738665 -4.1476131788432866 -2.817697187067767 -0.31459748428332485 -0.96654578503591781 -2.1232031493494361 -1.0390257187960237 -3.7588834040061476 0.35605192233225208 -1.9360448762617062 -0.075939388074956343 -1.3688265063269536 -0.77167549391980994 -1.6566332441731151 -1.8854739163946139 -2.9458057816266523 -1.3474285558989367 -3.8401941595021949 -3.6680381281298695 -4.5468140726290009 -2.3257924264818128 -4.1314544639866355 -3.5088164119797036 -3.4720956864221511 -3.4094091000902269 -4.0605199126313183 -3.1672437950728973 -0.48668457750135002 -3.5804090753319495 -3.4464673675300919 -0.26581304599302574 -2.9550228908574416 -1.0632490640530547 -0.83614290811121728 -3.7336907311234899 -2.558634413805553 -3.6350897952601455 -3.1509919945527423 0.36797268766067293 0.94269274975790418 -0.60172372421214038 0.69283022319365029 1.2246461558860258 -2.8324468735736898 -0.21105453435303051 -2.3284313631431091 -2.3360723289973069 0.97241461943586949 -0.58015475020583596 -0.87652430475719101 0.030099248902988835 -0.70265671128496998 -1.1620340449155198 1.4790247289838472 -0.92580869157846024 1.2975106343904557 -3.0140428024163306 0.17162452595979455 -1.2946048032913233 0.5067610889666484 0.018238270545458145 0.12362872007223515 0.87204351248595269 -1.4961171867688163 0.047347548444432813 -1.9540653065957141 -1.934236963982547 -1.6015639269048301 -1.4898782191686382 0.37674880865278249 -0.55122310955757747 0.32757982079128989 -1.6558198708645997 0.92577726198117682 -2.0239386292340082 -1.6076826708887437 -2.3994988981825514 -1.7583826098804223 -0.32800987079938249 -1.3518849869943459 -0.76998383527079506 0.64208162575445771 -0.87390872781762885 -2.6812015276916914 -1.1973621250676882 -1.9349126091758313 0.54847279422209261 0.75421123474758989 -1.8219000650074069 -0.87985274282825876 -0.57741899899105897 -1.9705675072583504 -0.30949598988410226 -0.34451197472490475 -0.80589984591689767 -2.2485616124709913 -0.80214239940436727 -2.1476582113629288 -1.8517729572932318 2.8972389616268379 -0.68635457578576919 -1.9562172111488294 1.4511542305423721 -2.6328166207914108 -0.08860046549884848 -0.76816753635060953 -0.077369719527537378 0.94932124221372804 -0.73400300013530451 -2.2920147322981115 1.3810885066179792 -2.1398739941045921 -1.4985947257817349 -0.43008797801543364 -5.090768822232743 -2.5157749257982811 1.4639794989553436 1.250552478128248 -1.8916240038788323 4.4607151419781976 -3.1814407936567277 -1.3242744066477696 -1.5521436949981038 -1.5869886814609546 -0.95977050769742278 -1.7565682839330121 -2.2680558124989716 1.5120815234880927 -3.5162276711970275 -5.6244462332337726 -1.9440862629784657 -3.1266038436989101 -3.1382065075659029 -1.6760909986697285 -0.56315964912347416 4.2258277062045195 -6.1434031853337014 -4.6827340870404415 -7.957114944010411 -3.9048523321459703 -1.9418253163451624 -1.2881573700229998 -4.8047683630626112 -3.6447563416225779 -5.8715770581946911 -8.6060493078126949 -4.3503080668549643 -7.0732663169174588 -6.4765907616175618 -0.23648125394038683 -3.2502424067587312 -4.8597786453460365 -7.711068827572312 -6.0896741759428696 -5.6693992291606614 -7.7710917285419114 -5.2793014083662158 -6.2843988141654723 -4.0488961561816561 -4.93712010217385 6.8708065895183976 -3.75850635425871 -6.0192734197582647 -7.402421100693779 -5.1955522851445748 -5.6028805130761308 -5.4476744175930749 -3.1917775579011085 7.8487255661837718 5.9957003488919911 -5.4062071890603782 -6.086290339072681 -1.1767514099891367 -6.9155211148620772 -4.4163835115384238 -3.258908999398801 -5.0483519639755814 -3.2785217583994579 -4.4806091023851753 -3.9604768738338239 -4.5941661026426157 -3.9223037380524342 -5.4234164077172782 -2.8660513322437851 -4.5390628507648545 -4.7844074092798552 -1.3809923296571152 -3.6174613096973762 -6.8038633196065952 -4.9370706883941802 -2.3449401180900082 -3.8362607642732551 -5.7651028682112573 -4.3679469503898316 -5.4097366683627417 -3.4112126599740682 -5.2543299529489556 -3.3146851404376867 -2.9133019516382666 -2.2021823241498799 -5.0286830359356145 -4.4816063892341882 -3.728419942111572 -5.5970639335053001 -6.1892213399349609 -5.5573747285546666 -2.9266759169675556 -1.9242345617421175 -2.5976670930922872 -5.5455349375525547 -4.8039829690039726 -5.7452497463684216 -4.930068750074466 -3.2513520114418539 -1.8310304791728529 -0.8738287676218528 -4.9553758204151475 -3.3020464568770826 -2.3153697741669199 -2.0597771810430707 0.88978214013466017 0.5603985490381076 -3.8100286161507073 0.14583716602369926 -2.813086817216885 -4.6922567287414489 -6.3343630543094394 -1.753532181443147 -0.99382282389856635 -0.81940030315974965 -0.01636636481267649 0.095833089486022843 -3.9676083929444554 -4.6760285954443672 -1.3807536659712183 -0.91581225384131237 -0.27519319970838368 0.29896464576166193 -1.6750925732882516 4.0361142509800016 -2.6010845648305199 -1.0666113441108995 0.86357808203941411 -1.9939193458382567 2.0896187153105905 -1.5687251066962102 -0.56585161451025967 0.034896340380927725 -0.73830775756391187 -1.072369632113483 0.41628148197774695 -0.80557208203859176 -0.38862724221818884 1.1985336224309864 2.0143896030067898 -1.9306192080579396 0.66301937922264509 0.055492758331861763 0.86591320545259154 0.29080148691944874 1.1218863679179436 -0.61204968665724468 -1.1878267790143766 -1.6706733136236216 -0.71695266103690725 -1.0528511293126146 -0.22388141500822414 1.4897156416315536 0.34556324682541617 -1.5797041699894829 -3.3160500175970489 -1.8028726084489204 -1.7596823213103667 -1.3376214840864853 -0.72337819876729093 0.11173114748139421 0.45412801835995131 -0.58939434965687043 2.6210464331343193 0.024700275856420942 0.18043887901942415 0.19229744856302955 0.092406328241439073 -0.54642781518688244 -0.021349887096357874 -0.23384847509328238 -1.6573122411036749 -1.2775406557358178 0.43404553195876699 -0.89550207543023919 -0.21853982450668968 -1.0947256025299199 -1.9340466024636396 -1.9240604010149527 -1.2193568690447116 0.86129832952167451 -1.7931230429945744 -1.0273632812716105 -2.5206665044076999 -0.53656812014565514 -1.1991308861264744 -2.3682390393100228 2.1733442490676671 1.6210063197264615




