# Created by Octave 5.2.0, Fri Apr 02 16:07:04 2021 CEST <br1@br1>
# name: ptcls
# type: scalar struct
# ndims: 2
 1 1
# length: 2
# name: x
# type: matrix
# rows: 2
# columns: 320
 167.36752130314323 85.443752468414658 85.106542493878564 65.737907920788658 88.752467108119149 105.85373130135623 52.497327214182363 72.230390982987302 71.712624273427835 112.96820533861394 91.171675148223372 85.897977605535871 103.89819210023157 106.54231482462933 107.34126386418502 109.39007772993789 59.396819041280089 86.115978055760536 87.99504781848249 88.085784203343081 89.96928582016821 151.46928894224072 107.2254157229935 152.90149729724399 147.11648236750452 132.72951971996588 149.06061918556296 147.95433927837183 154.99635730691938 153.98237129961541 141.49028020214766 152.18022180313068 148.5853111405242 124.02984427328863 153.08472498111743 149.54228795307702 150.44352731577155 154.00520205942431 154.00991071505223 152.19938338443643 153.0048077894952 154.63579217550321 146.99355025887317 153.14732979355847 148.55637330250931 158.8725841245064 168.02884976177577 165.84084389128671 151.36535446412876 148.28959994355719 141.95045815619193 152.05036217673307 154.95900950602373 150.26565070112946 168.44267126210076 169.51310456277386 152.99014274018086 166.08716645273066 170.39651109118245 170.88108165429344 167.18014063040613 168.72484747117477 169.25721322114177 166.86287220533771 74.388697526369029 75.751563251035591 75.239925323404066 53.806187730125913 76.858231104521167 76.395974627175192 73.75698185764827 1.9765969687271967 77.975932058482954 76.746015359527036 77.351899114995433 75.627402992332705 78.829614004368352 76.723460628020831 77.439831342961895 75.494996777679233 84.722924633714527 82.38699309273612 80.726342465927658 77.864473424736445 78.433061431605452 78.266109878378472 79.891953641320157 77.868917166997264 85.896411111526916 83.51659580283706 81.943997126323893 79.741547349883064 79.507346328648865 79.226133632875644 79.538663466226268 80.460485976500635 108.28251777971778 86.555560047693461 84.27090146015378 81.34541618301013 80.278164799810355 81.365419333848337 81.067862604662466 81.627096731917746 87.060422474144303 88.602024495200936 86.32290170111726 80.825573269858708 81.604423556196906 82.1758902501319 80.657480550109483 83.158301918876717 84.926650685605807 86.409434422812041 89.012367054420409 84.335788033880903 81.976081194825227 84.247671441357511 98.403127168664696 81.541719451359171 86.104936586326303 89.217582577652124 86.949236017706028 86.439634392527225 83.214495793839248 82.303136868813567 82.628101209996174 83.692410771101436 115.57717466735514 87.111684061943762 86.141172367568458 87.567227899376675 84.074452322411915 82.703282712478014 85.202848954298005 53.704669136014964 82.65529838910615 81.87914270902975 88.438125562325467 99.111590524376027 88.938067238989973 85.383268670378897 83.492397405616742 49.597378749070771 130.12116598300278 117.36327546215136 56.571042441567073 87.751976828258449 85.988555550205149 89.127367862512685 84.685801038248087 53.849792165803578 171.72661846420664 124.32672274153143 130.35160639715718 83.029949171098238 87.853208294141396 88.184826555212581 105.16480553626128 60.080392059746465 116.0090507164753 121.55674418110881 121.52640607859345 116.80785529726138 83.960512498524807 86.08558088660088 70.538671087875784 82.669743772551087 115.26103219865561 118.91550934948091 120.49109286606162 84.751665228217206 61.191818565470179 57.751499162022974 95.892582599818212 82.432851492366439 116.29828140401656 107.54256718482252 103.01461716909827 82.070694692281364 98.934501315974686 112.19991814284812 117.40042163783272 97.894838928030836 87.812889422573477 163.97304357630276 135.74829131658984 83.610325845941077 151.11817337295366 70.675996990125114 71.471788283372192 83.043606601864312 135.49722610761617 140.38822352924331 163.91033630521409 152.01648701308952 150.16992489465844 145.92396057875848 121.56196301203008 127.76841628102957 134.15156628417236 136.55604484060373 145.6055633552871 150.73861891903442 149.24997668594276 146.61509801493543 149.8598398678545 149.42773085847111 133.57214582094704 132.53574971698148 144.08900083738337 144.87713744933347 146.00845515272215 128.63360986114992 147.64538961499284 153.84243125259221 143.76467284279272 129.12204102541779 144.82157898339395 131.41271533522183 133.01727806245438 118.40615346233204 152.06380770091789 145.97209976083835 125.65960921109894 134.10398568111893 145.79673366348462 128.26783807858919 172.0630141096313 151.9446479263249 153.05571314482233 148.80433145736788 177.63285693635501 128.15152034666471 145.0741978161777 148.01884933576568 154.09811046415547 163.96752046303871 161.10558144387716 168.87710181631687 144.18620806243268 109.83851310230827 129.36957320910196 164.53245690575727 165.84176382092269 154.12336857409881 167.04666641785019 168.10943501745692 144.27578523841075 134.80927173297741 164.9975434318132 165.99893410995716 166.02798205431549 163.59061594411972 150.97354102392993 111.52200917788619 171.27861143752725 171.29225219175612 117.11184098871689 173.2841238092835 168.33769324248092 166.73371782550504 167.77915384154099 170.21733744957135 165.20651288093822 159.20850148788264 160.29909001053321 168.14880381564635 169.3017278603424 164.6711012439211 166.39000376912188 169.89831738371933 167.26846650205133 172.05418710275876 169.60759090141758 167.59975357268758 168.78157249430859 169.13400577503981 169.96098824032944 165.45654146047673 167.09719577324341 175.89230970859651 172.70274433061746 171.57668720782971 170.62039406076323 171.37249533175529 168.99500959399725 169.76427764142846 173.88223644041881 172.44651787118869 172.07835294913724 170.94826075859677 172.03897749090095 170.87328772104556 171.86988377854621 175.92987968639082 173.66391336296047 173.35145847843506 172.95606563635198 171.90930068902853 171.3295315114849 170.99839760592144 175.18050201443702 170.73482591719414 176.73885498578181 174.7059884066141 174.22528526368814 173.92807312693918 177.28471879679321 172.66796282455371 173.56975925505859 165.36422645127931 176.30330895397989 175.50065576415633 175.30723242513091 172.77303221058199 174.95476471743046 175.76651835835688 174.66636502167495 176.39316114457858
 43.89531835836835 64.561013735628237 74.470563675753155 168.56058510581775 54.699745925033042 73.565936933109626 184.57085676158076 105.2064825018261 5.5796177313997966 9.9433346329970398 54.444313625498872 75.357327474762954 82.779096418271763 72.510688491857621 74.475097061671292 78.907797176943063 18.965276652692435 6.88386098193459 58.155181604830688 55.8306141779697 55.021740909292475 46.231755538137541 73.360003371138973 46.39403218531001 43.861283686336151 51.219500953979725 43.490859220251565 66.076827620083421 46.107255445784375 46.914639291175099 51.408911057673031 48.483615316681124 41.032082414219531 30.020679087371079 45.228987513216467 46.092106345803039 45.178243428477032 45.73324062678406 44.645168655242067 47.31034628991025 44.108187323624577 41.436540838520202 42.656850154955336 47.882376784111742 45.353720070673674 40.798107135265163 85.027599154777405 85.163810465198438 44.410745615764782 44.229034710466038 44.83117572247636 45.352511580889917 42.548239544386988 43.862678911854239 86.213057131374669 85.456294530627488 42.980348488224401 46.288155499193095 80.483620469791759 86.896243392218437 85.685377829477304 83.458261060364038 87.776587681170895 84.691800736949844 75.582720141582342 74.774466138131061 76.810639711074757 74.450764500591035 78.089532697433725 77.114545828070703 76.520335661379704 123.20537567426381 73.94120775462126 74.154989151071604 74.957528978666602 75.832769587402609 76.685666666299383 76.047579461378717 76.966045058805264 77.949113913999497 72.471570205556631 73.187886304713061 72.250849253830964 75.891153771998191 74.920025527489329 77.667175100517881 76.503473505731975 78.881135625820662 71.928873954968765 73.015517876986479 72.249155033389215 73.187829801585693 74.438667318941029 75.631535513455702 77.551445793832443 78.364108498985772 73.625367153237377 78.060748706477597 71.436462580843326 73.290412552560085 75.39329046685809 79.338774265852521 76.257275351706014 80.380691506980014 59.011144731952584 49.086514542200561 74.085708039034358 74.385127500138637 75.328453899796344 77.256171541647618 77.281686319015222 77.098939710953871 57.096999277801892 76.575161976442828 58.444458826105979 73.677178788914432 74.233302252708839 76.921584032026558 102.76012722348337 78.272915826283807 55.777480580055837 53.693449458920512 57.678194571613673 72.961547943135542 74.16337047457472 76.184644182882153 78.398170167809511 78.242515497656342 49.908353929269147 56.334779677841631 58.542788378373622 54.672781156172732 74.738526475753389 75.130753054799897 76.654163653580397 184.66593006882749 26.377849094527885 25.470559043349862 48.037761264715726 56.153899029304029 57.368846497130079 73.400679885461159 76.105449688323944 135.89876132082225 13.730895411271215 20.106680810829115 39.481313439566591 47.093687190282246 59.603168613653793 56.154367470876835 75.75632082704017 183.46846299438323 29.053751364546059 13.120587031795313 35.742860692072497 25.232229758261404 57.045654894098952 53.747790092157565 30.25966149528324 18.061308132303953 21.456118389270799 8.6141415935031329 4.3377988569042181 22.485008016374383 3.5624063914197386 56.977721899624385 3.8593598141116767 3.5382160219611722 23.700249052760821 20.369240497789399 20.925641651597836 2.871203779406625 17.759602587393221 18.842980280629465 20.869528118607917 2.4623149555396138 23.745824206499432 14.544234570937176 10.540761634163824 1.2825826549114778 1.5357621048580294 9.1353427367215136 0.063553356193026975 7.2205502908337982 76.798030302151503 48.687890662679635 4.7940211472189915 2.5221311008799381 1.1250696141030714 5.4109327723872855 4.5447610081751595 0.6595865350901865 6.9859992278020879 8.3589460816580878 22.967181455444052 3.6162038692554601 1.792985681769975 4.6151954807305184 7.4498087526816938 62.046100092354123 6.7056670452432341 6.6616558364920397 8.135358814409237 3.086565428406808 0.85192584640983116 8.5531037913322692 40.637441276126388 44.632255892922686 4.4458151578372709 4.7027082192511536 5.4800123796005931 4.2051339115803508 2.0678931032734842 7.4928220049672394 41.724733037884299 42.173160223852236 1.7249725513478593 5.2928904655775115 1.1553502140513394 13.093324541516068 3.5784685501279085 18.827324118759375 43.662934542023137 44.305412774164672 13.681489770959693 3.3786816616018984 3.5723874568104135 4.2046887331197338 11.463938296964921 42.580834721018981 41.224455740312742 42.206981290688233 19.899572838945286 6.1122584755499263 2.6303889560616409 43.068109086553584 43.436533354188938 81.985840084906187 36.219918844736718 82.329471642892671 13.080169915316278 28.271357223041779 3.7499600300297944 79.936702775013856 82.57067808701693 70.586886471702911 82.195590074383645 81.430826286261905 14.357007025680327 2.4561384942482278 81.853071043183334 81.285965810406381 79.803848752598981 80.804604938401297 49.099114032620584 184.28075583918553 44.266056889616515 45.409750072810816 97.370019338925957 77.559380423830817 79.177214455973854 83.456172352370587 84.015781146218615 84.463882118572442 78.90005786969347 63.403743515740942 68.243982376879913 80.315313376684529 79.949158771222187 82.909864223672372 78.352804536117574 86.508988580724264 79.595434372648853 77.916019330164715 78.967498048109405 78.470986931664513 78.086526633041899 81.051543694685066 81.892827314363444 83.722067285889167 80.918292155489667 79.57200986169201 78.839780119307719 78.971376154491935 79.440928954864049 80.167089988637869 84.504484125240808 82.965843792000854 78.488429356150689 79.938616682797772 80.915646311637829 81.371308720318694 83.748402998452733 82.544392051031238 85.569099872451147 85.434229151703661 79.609506684702339 80.667726382932159 81.786153016570054 82.11690821835748 84.559455310884317 83.584624907801015 84.413757589705156 85.526727810052705 82.984881404605133 79.981654727208323 81.529560417114638 82.614099964115056 77.593605513195072 84.599231490430427 83.847410693337608 104.89773865382 81.745160837874337 80.694400309679551 82.379117153546673 82.843010583616461 78.892154724615907 83.511134975214262 83.422139943035958 84.418809947776381


# name: v
# type: matrix
# rows: 2
# columns: 320
 4.4388033362693289 -1.5491047806532685 -2.9896627002002027 -2.3617106020879088 1.8571983238580621 -1.1056122445823067 -1.9363582215004744 -2.1848560259870178 -4.078625215964153 1.7026446633349761 -1.8272938128509735 -3.0835590044163128 -0.74118715823311598 1.6961371177441875 -0.15810612791783649 0.0054553980679680576 -5.6944569332638197 -4.4819068742017949 -3.9559726828419559 -3.5416383712329975 0.34737793473316225 1.5390757618803375 -0.24729760335385795 2.3784871604914524 0.71182317249129323 3.2865924376512514 0.081088472831736591 1.1313036246855084 1.8173690895241028 -1.3287866846298244 0.076597165524798977 -0.65402902908167981 1.5281817382931675 0.95492287514684171 2.1692514066581778 0.47595934128196615 0.42202259235655587 3.6610139059435958 0.143322797493982 2.1646604643477017 1.4467982030802 0.53719886579043863 -0.58189456594992395 0.60674031215943303 3.2630122791640646 1.6961192366017308 3.9175033035644997 -0.59448353371613327 2.1432156021679978 1.6126729644883069 0.56229828007824556 3.051056438683418 2.2643759648137696 1.3288064129369137 2.6272233295619252 1.8975436778965638 0.38862473291152339 2.4016160204467685 1.5069652809735135 0.74607720870894167 3.325715995593566 3.0408585689127348 1.046552909025831 2.9867079449797078 -2.3541620846713998 -1.3715621628759369 -0.76748921148203297 -2.5555409142093808 -0.83008926621641066 -1.750798774275564 -0.77285107376387518 -4.8083481724781443 -2.8497793520623684 0.16062939413580993 -0.98228469201159141 -1.6132398386968956 -1.3849884152857013 1.1562886953478784 -1.2540001016635751 2.5000871622681804 -2.0857731045991299 -1.8777315937407697 -1.0687770413502067 -1.6360926152860438 -1.3209954192145008 -1.6511593070204265 -2.2538251329373451 -2.2279313381334762 -0.91139781260347308 -2.3386402778638247 0.98528086010590377 -2.5842170256838148 -2.33468145629254 -1.7865148392302701 -1.3220241088641249 1.1656225263785247 -1.3268921861790903 -6.0863764881127453 -2.4069659004624331 -0.83151395289952368 1.2019564620769529 -1.7060629396017701 -1.3486456253775645 -2.5293657729544465 -0.47410991020039533 -1.0512301867929403 -0.4642882266695102 -3.2472805342915878 -1.5690693835110663 -0.54009847967503044 -3.1862357291069561 -2.5566037348088657 -2.679773847272001 -1.0686177518529094 -2.3484785362417813 0.079698973418920904 -1.9812674112786646 -3.9491146401387689 -0.98235940944024569 -3.7902149158542007 -2.7880863771243583 -0.1235948325556992 -1.6582501234507878 -1.2846012688309971 -0.54797234709985299 -3.7745141245942588 0.024427503852150388 0.10828303794567509 0.63942593884555221 -3.5126655528533357 2.3038635347142269 -0.38657124392892495 -1.9794554015399652 -1.7547232102209482 -1.8374064806479891 -3.9529193124062347 -3.8674032866194383 -0.055606408841641163 -1.3008527977200262 -0.26415823193366156 -0.9014459356414255 -0.64352179457245184 -2.5157069347040375 -3.1420302346738094 -1.2166536532654644 0.8919082216287546 -3.3052369035009281 -1.2083689041680226 -1.2819583820635874 -1.1920619960867396 -0.6777363265134595 -2.8146433604225285 10.35078207216706 1.448829198699199 2.9794398013476497 -0.55590228507042538 -2.6511834519440818 -3.8798702432797727 0.28301216482355873 -7.7844552658477388 1.3435474406533761 -0.74845354312707024 -3.9880453224923142 -3.5749968199987308 -2.5120363960138805 -1.732991667535849 -5.5097490905504447 -5.197249385758516 1.4701900571016704 2.2125588906408713 2.79745724413812 -1.5403968471815843 -6.0658348302406395 -6.0643754651179451 -1.1946868770402617 -4.3542820422457753 0.27033489594044985 -0.86365086495798538 -2.0628606792712292 -1.136773443858961 -0.75816249943952441 2.6694445006952998 1.0862742734625994 -2.2070062866156208 1.6680763741313156 2.0712909729583764 -2.5321758284629872 -4.9691387997473209 3.2817185871942303 -3.6610299212972461 -7.0216146107980437 -4.8327041906699435 -0.15656268003057555 1.4096056935038199 4.1268127163193284 3.8110407652363372 5.6238799957494781 2.4849497834888536 -0.98495280670097962 -0.3069193709385597 1.4300769583068753 1.2791130694706763 2.9307904264624653 3.174356055870831 2.813617060456715 -0.028643382351557431 -0.42552595762135503 -0.3929080094391072 -3.9890950519701174 1.1175209271607773 4.3725636968240762 -0.25817456113922987 4.9421936489625269 -1.9697838715038929 -0.23260724959865731 1.5239081183093564 2.2102450143582866 -1.5928318018642322 4.1032212001214079 -1.9217968714702067 -1.0219220727840816 0.53962426373651429 -0.094454289122985924 0.82429038815187872 -1.1622927959421028 -1.9651048387304295 1.9269369829617171 0.5988374457732536 9.7918552122602343 0.72550778285929984 1.1589187192775137 3.017212556029814 2.2728166734052841 -2.7336257843768959 1.2098261586051604 1.6635239977928622 0.90541329693461214 1.2363788875899944 1.6181343393369052 -0.12437399698407751 0.63756100865100729 -3.8653379513087658 -2.9743945867058366 0.81120261947567762 -0.51106232309371535 0.79445250808365253 1.0800250659818227 0.4460368239154035 0.35986732334149191 1.6958036682314812 1.5344862601956784 1.4325730653273381 0.56799958534691186 1.2295352529087169 -0.10613677497867516 -1.1396072695747648 2.3498583313373684 1.0481674781687662 -2.100086601167332 2.1335095243273225 1.0768781346427492 1.4778601893163299 0.91720612205089069 4.0964012929523772 3.4476346080166369 0.88167391345715806 0.51532177851477956 1.2657697192230741 2.8492228737250578 0.84973491710589233 0.70991981707648788 2.1006122438145018 0.60088884756359473 2.1173062760384718 0.17775022610380864 2.1197848688719891 0.66833009606323668 1.8702932113467603 0.82627170599804833 0.051829708693461513 4.5451568188336298 3.5038787978488197 0.018393612669306107 1.5987531182758115 1.436190795828693 -0.26418366189504594 1.9035404860315293 2.5832287956045548 1.0429638394418248 2.6538590533883375 1.1705717796413586 1.7085619151878997 2.5361785810811037 -0.51337030088816005 2.7809434516591862 1.9252276877075034 1.9016773576627823 2.2764047249986263 -0.046356078994530425 0.78158970436059083 2.0845413662442471 0.20904657628416737 1.0174098042175801 4.2167421295570637 2.1824681956031151 2.7598052912414728 0.39548008502649945 1.9755039875711622 1.6956933028816161 1.5366759757725055 4.0036422434284038 1.0795806053282941 1.3705148377468896 1.4059674925224213 -1.4070785410439306 0.78495888956761994 4.3335579181312047 0.23764869153531484 -0.80101289322073699 1.649725263814517
 5.5987895625229687 -1.117490105380994 1.0648270297140414 3.1959294126884794 -3.5190029264541267 -1.4601511316932039 4.3930189642935114 0.29108599795669898 0.61326961266881475 0.99281721358388608 -2.0756991493512071 -0.28296632769924895 -0.81039780598378297 -2.4201858684302602 -2.1221053404938854 -0.11200043242230964 3.6773698389168863 1.0634697339613519 -1.9408893910152676 1.7388873513743621 -2.1535045770041075 0.59658607802854668 0.20696644530741193 -2.7923302676091737 -1.6002732725764452 -1.6842615605321667 -3.2997384499456341 -1.3688265063269536 -2.3990001018428098 -1.4972354371762642 -1.8863316855641648 -0.68649064417340344 0.39037566356591702 -1.3575735504779309 -3.7482644619890744 -1.821524737100165 -3.2731174830075984 -1.7762956187462724 -2.9260958391173277 -2.7632896636425652 -3.1952684294097078 0.99743379620871986 -3.2661874735248175 -2.202249837652023 -1.6938166678726558 -3.0630822844400307 2.5296837977065594 1.2755132866377048 -3.0617775612321108 -2.1038524874043336 -1.511915700213561 -1.7592829124584544 -2.4179453236784028 -2.1271788434449816 0.24180486869270468 -1.3827342299120213 -2.7880965511203826 -2.8726448653391805 -2.6230109337317811 0.65319205497141897 -2.540774143238326 -1.1702551417678533 0.10199570175057751 -2.017892043099732 0.98530026361010969 -0.18421634821975982 -1.4692246330382444 -0.70265671128496998 -0.69590743294897339 -2.0179152313635602 0.95667954967303293 1.2975106343904557 -1.4805183723970818 -0.38609658363053645 -3.1297701852384607 -1.9051912180597901 -0.76384268947655509 -4.4731020878135528 0.1676845865611338 -1.2423452285410663 -0.95732356545884711 -1.3637455385102863 -0.59131524154313342 0.72794958609773586 -0.62348034010741515 -1.6014830334425454 -0.28852424426061529 -1.6893661326006018 -1.804259134631266 0.94136146235746054 0.029144212960586752 -1.7038401199480357 0.60664839939008663 0.67963270801649645 -0.19982715190096279 -0.94862489548963846 -1.1347935869748451 5.465558359253591 -2.0354164426018682 0.60834128603417492 -1.7752537746270149 1.0507645767880873 0.193553346588582 -0.15863164421982417 -1.3148671058436436 -2.1467294376254542 -1.6746441618318011 -1.9813260931379375 -1.012754728524341 0.93013220792648144 -0.58045644465865809 -0.86915883309235153 -0.68860270137680224 0.88274592805073815 -1.3694663180425155 -1.0559221901021769 -1.0890713710139182 -0.087534793099634411 1.4511542305423721 -3.5806421629361047 -0.43705059751100706 -0.35777831566110319 -2.7719167862003582 -2.6679337730717374 1.4214771199778093 -2.3777495247025437 0.18917296034946837 -0.025288019372375695 -1.4985947257817349 -3.3824505679374917 -0.28571217236710289 -2.320223714631187 -2.12520867839349 -0.35058336750788743 -1.3780212377538756 3.6734280940611121 -2.3887995945961276 -3.4558604068464627 -1.3279128493807761 -1.2143987563600565 -2.5545754910749707 -2.1592166608924965 -2.7097084439858921 1.5120815234880927 4.855408816739474 4.515399113493471 -1.9440862629784657 -1.8864537092804436 -3.1510648018877867 0.12444322906270576 0.8711988108939811 4.444380436518613 4.0790060925250726 6.3870368193114953 5.6950017758415452 -2.5659075310078538 0.37132202366619116 -1.1411989716571771 3.9756514192921975 3.761594696882121 -2.5953286609128208 4.1638119307756458 -2.2595877267458992 6.7749677473734122 1.565383379154464 -0.96098863232058507 0.47447161509216673 2.3640515706435163 3.6143108650666136 2.0435806661119602 2.9875675871134257 -0.19599435519844041 0.88142794424375104 2.401808344146164 2.9453708658843212 -0.17956840464217305 1.8619471897309672 2.182676113160066 0.45209373950366916 -0.039069384139620092 -1.8249665120869287 0.84168747244082887 0.093875694251633293 3.9997167321991984 0.26268626317431265 6.0062512266845944 0.73947671055196751 -1.8220756725510863 0.67597412826675984 0.92471638962794145 0.037910850955288192 -0.75517300497636697 -0.081231149000855596 2.5207145001160329 8.9777298278450584 -0.10719113834150173 2.6210541373442711 1.2879521148562709 -0.24925904394002549 4.1833626856438144 1.1856054550263055 2.933590688778648 2.6917594068411637 0.70581866663765391 0.022500503368152205 2.625240845365393 -3.4426528710521023 -2.9938122611234643 2.1191714738543461 -2.0197211693275747 3.2521279544112471 2.6655285292572874 0.2705882714441199 -0.57270201527574027 -5.2576072823260747 -2.2464691027677444 -0.41609279864013482 2.2528389641391078 1.5682168252787905 2.0574046446458931 3.4413905280325432 2.2779041654138363 -3.2505671707200876 0.40465564386878394 -2.7424706327104342 0.41601353683597969 0.51658628702347087 -0.60646614396654674 1.9077300108608601 -3.2831757550008254 -2.9560572796242637 -4.8413866723239387 4.9553758204151475 0.74410539084794547 -1.090172916247945 -1.4849879762915787 -1.8043266865718683 -3.2498822313261728 -4.0377167529329059 -0.7255731341450955 -4.1102494923184496 3.6190648965486725 2.8788885402337607 -0.31354787818532276 -0.96090474401665193 -0.81940030315974965 -2.9647681642619395 1.9166895287509529 -2.6704457178428829 2.0747907951948892 2.080257499537304 1.0633833644456565 0.10066498690595588 -1.350762234562684 -1.9259072107163382 4.0361142509800016 -2.9949931779752692 -0.67270273096617472 0.86357808203941411 -0.028753759134268041 2.5421060945744545 -0.63445480633001827 -0.94401235626935498 -1.096504851984696 0.45506764780301406 -1.072369632113483 -1.9795123299974435 -0.21496106694040615 -1.7662158579232639 -0.23533849576071894 0.97682410327607228 1.250030966226811 -2.7243746423259081 -2.6932244544058976 -0.6956530778720259 -2.1820045167833668 -0.56113843528685747 -0.23094747548076233 1.9304477294046909 -0.013594640311668078 -1.5466081932074789 2.3394227160417964 -2.2273449131091114 0.49275718230872373 -0.72764464508084759 0.40414248738960934 -0.66266568503717438 -0.85885667900859586 -1.119605213144113 -1.3900310584149733 0.78936129238465913 -1.7016458897708266 0.030690009008185873 -1.6196549195455074 0.67341018824245036 0.3629884018269704 -0.4908796665857762 -1.0599366559109757 -0.43081114750860938 -1.1523218067034033 -1.7397524602983814 -0.37537796192578721 -1.5458992786229064 -0.57693118554798462 -1.0819624742988359 0.94174697787011785 -0.30269097764041902 -2.9355089021027956 -0.11706928955811662 0.38468538372031164 -2.2720520848359915 0.86129832952167451 -0.21349529984683749 -0.91173968006759465 2.2020845295079963 -1.7597920393499169 1.3732068921897147 1.1360883522790035 -0.62202839182705627 -1.701811097069768




