# Created by Octave 5.2.0, Fri Apr 02 16:04:24 2021 CEST <br1@br1>
# name: ptcls
# type: scalar struct
# ndims: 2
 1 1
# length: 2
# name: x
# type: matrix
# rows: 2
# columns: 320
 127.6544377854415 105.40223664024784 104.43015588081403 96.085889157618126 107.32368546515076 115.09461001907364 90.844638256355822 100.30579091693727 113.97056069247198 114.76111316483811 107.35528340616865 104.03892203466249 112.80126980838928 112.18763776803277 112.80875764544119 113.96575005269462 114.56222277903905 115.16970751481307 107.45173106482474 107.44704684485244 108.61928810304809 137.24649530611964 113.26162456234772 137.90663165161567 135.08761387070666 124.74868749414821 136.46515012011605 133.41708770115548 139.94193853539463 140.94594081518656 136.47131277231088 138.96394334496614 132.34070989246158 122.49527149103551 135.26363258346512 134.63729494150709 135.83480514564758 137.95193629804433 141.2373233719114 142.15086774828575 136.26543684927179 137.20532396764733 133.64227148968988 137.24981590241993 135.595985107834 141.28533766352544 150.25011872578509 148.19942958200434 137.66992928481815 135.72782415766702 136.76864339710519 136.68107697284694 138.49205865732679 137.31685540735592 149.23357483202443 150.88445489399797 138.75275289141274 139.30815083743175 149.45356930350471 148.08209557696776 146.538383161029 148.48111762007173 149.01011854546448 149.29848407657306 95.647768179714049 96.622085709502471 95.11329301870893 86.644888477724948 94.385638544766749 93.944097695407748 93.766543822113277 63.763870985075542 98.266498800806659 97.256658293184529 96.138245776317234 95.313779919235998 95.895407940902132 94.766118431203068 94.516261636313587 93.395897035961212 100.42562076577931 99.160895375482866 97.894043498401288 96.827513639632642 96.680874532930787 95.652952737582623 95.45556325757974 94.334034130726224 99.35892581403958 99.975511218169956 98.863294280663752 97.792550180048494 97.703171336192426 96.565008513336707 96.484851167401771 95.346395232085911 103.10655926218571 105.12548220928841 100.31502460331565 98.838884316297808 97.464303936311737 97.536671597760119 98.750241786757982 96.526446850469668 104.47489350957008 107.83608884983552 102.66959785481814 98.725849427313122 99.923468358586689 99.755542179232819 99.963489628194495 101.29799401981295 104.16810727363918 105.01912154290514 109.14536819240973 101.3384115132491 99.967835759191203 101.79448217162545 105.01279648459186 100.63192377989641 105.16402736147926 106.41818997282951 106.45130603204734 101.64958202303275 100.90834352418148 100.80135738494337 101.95548005009429 103.18151827042418 107.26995537003616 106.34830801547595 105.29137297036603 108.51675589740258 101.63644916718263 100.99073308265889 103.70166223769004 89.688253873244705 101.90869125140215 102.1699798415906 105.29445068157783 109.88270191481624 105.3113832150251 102.41005411459447 101.9825597022657 89.972467264620661 113.91191224930698 110.2105945948646 99.043336651548316 104.14883395537537 110.5715513426489 106.20602374784882 102.89280466021579 91.364279878530908 111.12678394116377 110.41028262697738 112.20013236263316 101.03973812607113 110.55982660950311 107.17601754548124 111.64530766841146 113.36310452494621 109.34290070773469 111.42426067647435 112.56385257697826 113.52927642673251 112.82767248156253 106.21558347106642 117.48775856820778 116.3656677246978 109.98687315720527 111.35717874502691 112.31490990399357 111.5944460496717 113.28443773388159 114.49230054131201 111.75128879361213 117.72030525610931 120.44292486527048 110.51618057507129 109.46174572923644 112.05580844051923 110.10683994254248 110.61983960140618 113.96766160409334 113.55392935953228 119.22149781416907 139.44386953034751 137.46713659613428 112.21277440385262 131.53202636747204 112.83079175242138 115.75572484586307 114.67042629899115 136.33783870719938 135.01499523115845 133.40540289236648 132.48397017712279 134.03071509642947 132.41333731966625 129.87516205729503 121.56281210536272 134.35272683915045 135.53643258768906 134.01743405579708 132.99690498328738 133.7602109271279 133.00024730165953 133.379991855931 136.15395930370556 136.29868574912399 135.89446573373573 134.82790162415051 132.80752810707671 129.28812429179678 131.30913750817652 135.29236908089706 137.80570276499321 134.52218388250557 134.4190580264322 133.17202379593155 130.13033730015812 128.41681803991909 127.50762979633541 134.73004762052781 135.89286386325867 135.46836418015775 132.20919426554428 133.44415926025701 129.53643023511984 128.09970755270024 136.67081562531396 139.7304896430478 138.67223169797191 148.42716268309451 132.29402626551973 132.71042139641588 138.9443461413195 139.1323221156685 145.60133074845089 138.73145007591185 149.09388233375236 138.32553669646992 128.84609309925727 130.83068189860725 145.60867261272872 146.56460229423459 143.91465384519503 147.61940909031415 148.29938158720387 137.31950253827011 129.07161546320347 147.46783825324385 146.48740387194252 147.59590696739792 146.39769342488557 141.13553564546689 126.16596259193784 148.84860971562705 150.05762226150276 144.12608523796519 151.55129397212653 148.41846202427041 146.53932003021666 149.80398532492993 150.80044137108658 148.84580545779554 147.87899169999224 148.32241458347275 148.57571595961241 148.58306585651573 147.30413324969339 147.49196546961701 150.23763548232134 149.51119174282408 149.59787167147084 148.74176041435769 150.39193061254917 149.49366301244015 148.77931888037926 150.2088434161216 147.05867621116866 146.86969532459057 153.29532421142497 150.77815098569565 151.37093285348564 150.85403041206791 149.70619414569617 149.79186825161671 150.92068905203436 152.16764991520336 151.43751682284602 152.52120964373896 152.06163213046526 151.71484099747855 150.37474118496968 152.13365665548866 151.76554799445248 153.33860418224538 152.43004223316944 153.25604940399265 152.89907988930619 152.68546313853213 151.2312654761472 153.44739414867294 151.83393085505369 154.66135993464661 153.4142808294792 154.12394484842073 153.80831381113123 155.61971903547823 154.59502236945997 154.27270436132224 151.35992276984277 154.37945157000806 154.17230729240296 155.19036467752821 154.96107772159959 156.14037645503626 155.96204165442748 155.40555308067525 153.00776601370771
 39.289260227984812 78.767236715669029 84.80805811680608 127.49289215279728 75.545935453127967 89.144624922735005 130.28364091221019 101.46602742806699 35.454941140935567 52.82162031906217 76.662465415599499 81.222499567614463 92.15839279400187 91.077794993740483 89.91774693778568 89.44290785771237 34.385488711971938 35.436386624331945 77.738349755099819 73.187272555299742 75.814670802702494 77.794394524549418 91.003663543092372 78.693186905221665 73.760622961806419 75.88879537979382 72.423860384636839 83.66624822639811 76.080801352531196 76.876373071360604 78.415731133370159 78.186339245281843 70.407133547622664 62.906640663543875 74.849795988815231 76.748694428160306 75.933049509564853 76.84826907680727 75.614234775860481 77.360663507472054 74.605477424847123 73.624242091065724 71.075290558981465 75.866427638548373 77.308797363902357 74.224448895873195 94.104435020069417 94.059177721885987 71.686382603512456 71.50378742565664 71.01291941675116 76.883397671488311 74.023426934974736 74.722367890660649 94.701955218993973 93.141089437978778 72.407305676703913 77.195480462004411 89.153173877195385 95.154889020227287 94.493820644955761 92.61866099267327 95.750517127179791 93.631086510530508 82.672179904342926 83.116129747424011 83.738006752264212 83.479903240615542 84.486124063604152 83.450715986279207 86.133152378996442 106.53236402235019 83.800648705670071 84.110619244690596 84.250065850634513 84.943939875441657 85.810062892383073 85.956282323328082 86.99033160892894 84.548443575170921 83.073235346893313 84.54561813569282 84.940929838042138 85.340406118636793 86.521174697745323 86.984521875195256 88.04640957759824 88.422480898959307 83.421879009763089 85.237199581330643 85.610960221496555 86.099140482703262 87.174191679983082 87.609171165825714 88.758419059297893 89.219101137142573 81.789135644376344 81.695802676838511 84.187337431792912 86.708733065244544 88.28722053073227 89.538545930286617 89.402796249717824 89.885485365962438 72.639727395110313 72.196284884307815 82.786273841252395 87.827261558828269 87.450803724536357 88.507818714081679 90.349871984652722 90.19966434658393 71.580279199018094 80.419909878328625 78.161732089448179 83.918615228341594 86.342240463234404 88.797802190342125 87.635044850896875 89.270204796661005 70.797303909077911 70.122694502300632 77.24603081426477 82.925939447164609 85.797761322719936 88.105469043363172 87.680620351315596 86.996598327879639 69.251469485429624 72.493455196302889 75.657216598707862 77.024752290842656 85.003633312376948 86.969851680721234 85.699984886499891 130.31233563536705 61.039794510637989 62.170109608158185 69.717186158117258 76.824712321902894 72.043454451865884 84.093935163151201 86.381347041948544 116.46851374399795 43.764087682468578 40.412303738679199 64.46282191883212 70.077673019903457 75.791033561148126 76.168891875844352 85.065450123265848 131.34513996809454 42.495588986361156 41.54706059285293 42.449216022206301 61.946526569331247 74.575792882249146 74.391912563770532 53.314559213249787 34.140794050312081 41.253797913159531 41.317073398616735 40.778002783833472 39.578537416444846 38.623857730148494 74.976409741833336 33.05371773832951 35.454021244659891 42.549384354533444 40.2112418118326 39.595945522882765 38.749315279834121 37.482448014625724 37.517212164524608 35.56436926104643 34.179978161310721 17.380785345900112 39.347905557773707 37.404597222031136 37.750978856782567 38.391509601783838 37.394002409188353 38.430760277341399 36.50035092978198 17.117949546703414 28.364862064138698 43.507920939358044 36.625442773559989 41.463331170402157 35.575217275267278 34.448761017328735 36.410373113472446 44.288047844669244 44.473263436735103 41.99316031271902 40.919314146731125 44.739651133830662 42.220431492575166 33.99711102776422 62.001305684061947 42.587099104261277 43.393344362382237 43.620727847034523 43.174829887498305 45.911483140467205 44.331317430158975 69.805394918297907 73.412219307617079 48.59736174197382 45.350560140877455 45.487033144820451 45.398055736279069 49.251024629003744 48.048995354873796 72.694017637571832 70.433157201675968 47.995759201004077 46.797084529367709 48.264151659348144 50.074595576414097 51.143005737764945 51.754605425175107 70.344661982179574 70.318028755707189 46.975627843618518 48.825327121096954 47.278779125763137 51.432167416865475 49.02789832857664 69.623715542956617 71.236129667761446 71.296739458940223 43.777006453391564 47.442410090774004 46.424254245417622 70.231757692837505 75.039235777935261 86.097380180878474 76.11569350172482 90.704577024779994 57.443300145829987 52.245086439851086 49.201826017958581 84.982558317041352 85.420047191276794 81.116180367315053 88.485470714287047 89.388969239861339 57.125810245740041 50.370579114265546 83.529701280358381 84.244439535761657 84.897033354764787 86.888128968937139 78.057251117968008 132.4166877140625 68.430021748092273 68.375677644232113 86.264854475166175 82.967437746438748 85.882108294665997 88.098240924106136 92.671283455121625 91.941893676368522 81.589310124504678 77.183693288383679 82.660967992301096 83.71376723022405 87.030700409773615 86.243568234354498 87.295536550096841 95.234899872757055 82.63182124183335 84.006791177517712 84.792991307291103 85.059445227728673 86.298749067112013 88.330200263932767 89.969626171101226 89.405854400013979 82.583745227379652 82.978999388450021 83.899193850549381 85.878378004401156 87.554277637518823 87.522613178716483 91.570012075061598 90.680240437410887 83.865391905930494 84.744350791443338 86.121340034202561 87.086154069606209 88.116341662128875 88.537153017318445 90.026888210320507 91.325486367084679 84.374998859249743 85.082809550551175 86.884384901559869 87.923207834745611 88.953727703876027 89.133833590766216 89.731902210615004 92.539863630938768 84.626123658642101 85.461476383861879 87.540401170880727 88.603798663261941 89.132453475997352 89.435269612166451 90.538999600686466 94.589467052905988 83.641072625094978 86.197802865017053 87.274970530744937 88.320513149664492 87.892691335361988 91.496313911265773 90.137375365155393 90.705005523226802


# name: v
# type: matrix
# rows: 2
# columns: 320
 1.3579693284185725 -1.7390827574912748 -2.517115915370908 -2.3617106020879088 -2.9085920078503653 -0.47782850338667976 -3.7785017704640698 -2.1848560259870178 -3.4228446946238775 -0.62397535907694635 1.1736936049076638 -0.089058535474584796 -1.0048535389550786 -0.063057980377129785 -2.8578772991087678 -1.7872878233570011 -0.081886067166777904 -1.0099857367167215 -0.20883281453770319 -0.81062726123345008 -2.9680947951373553 -0.86293774108478083 0.62668532371927355 -1.1041390254617587 1.0352900794810465 0.18963793975630527 3.6387505601689187 1.1313036246855084 -0.14690117983215514 0.22424623452153014 1.7901831273676609 1.3347394205411138 0.48539542699858707 -1.3005369435205885 3.1208894362854309 0.47100219405049443 2.5914119695684841 1.1217102980583831 0.080404845461182539 2.9584751273323122 -0.34254185254678193 2.8491862136409556 -0.2640301216446615 -0.19337508548876869 2.7039565563290942 2.0739582662252425 -0.47478084236383328 2.7601760250032887 0.45626435438357099 1.6202890559871879 0.66532267948545154 1.3636230118883048 0.82461504879586822 0.44594271416127929 1.4118698565817904 1.9466954343479268 -0.35909200657489776 2.3660229571923286 2.8684020630893214 2.6436444588640922 0.65331928947276141 1.8116659476144894 1.4218062364831496 2.2055201619320481 -3.4808357617162127 -0.77648761273198308 -2.4970320429877146 -2.5555409142093808 -0.25403761221504512 1.5421414989968492 -3.0422233901820368 -4.8083481724781443 -1.0667822010242942 -1.9317677678222021 -2.5833329213245517 -3.5643778856186179 -0.065480149758011905 -3.9456055111808404 0.36591368580700406 -3.1847193358519741 -0.4669092622575175 -0.88735277549458003 -1.2194120103525017 -1.601708406549502 -2.0403075740134184 0.0016125532729686851 -0.1110580359864773 -0.78808880780903612 -2.5789371269522774 0.42828327834940161 -0.072745096532942879 -1.9149446333408502 -0.05685221281431297 -1.5827995658118605 0.0092967989741006493 -1.3490496761497079 -1.1100046851119403 -0.83572477222715946 -0.61894279164485178 -0.73847228213756388 -1.810338183835652 0.84532593123596245 0.29577081997510613 0.33381389055458832 -1.8743250951673718 -1.1322035146102485 -3.7510995208540194 -0.96462567399925947 -1.2630019316599608 -2.8400236335173665 -0.74713614509424098 -0.96933597137095084 -1.7175214175437379 -3.6795708816281607 -2.7328156475236511 -0.84757347623779167 -1.1912650436889201 -2.8156223548821147 1.7237514105205403 -2.2794923668857336 -0.96697202694542639 -0.069181951868985431 -0.10876675009782666 -0.26651497651469092 -3.0921771657072425 -2.4187444962528861 -4.4002250195689312 -0.46898516746918317 1.655155332915007 -1.0139442433614456 -2.7122531649274224 -3.57151047282811 -3.1361157190492253 0.48098412377793198 -0.63562858865549798 -2.5849893714357628 -0.52367458999994121 -1.2930584668076635 -1.3146214313502398 -0.88385293298174417 -0.536162945606936 -1.3148203813968042 -3.3602341878061468 -3.1420302346738094 2.104635586867134 -0.84681568346180069 -3.3052369035009281 -3.7630851695470815 0.19751303246609547 -4.0183628502933013 0.95728585417662904 -2.3404297524293844 0.75258163029238989 -1.8175753667963175 2.1561628547493581 -2.6621789237239146 -0.8575041485638899 -1.4312447501614418 -0.91553894821569615 -1.498965312163181 -0.68113320460044402 2.0848692027151294 -1.066082004338381 -2.4963095709606877 -0.85930093585234779 -1.4436549344306189 -2.4184188054045759 -3.5397831251623018 -1.6993242833978497 -1.0856016269303237 0.75490261035996209 -1.746117631375145 1.3990887022557883 -0.09394429121056036 -3.284819079143166 -2.302359306958305 -1.5199712282696693 1.4656406905505115 -1.5985359137046486 0.59791916785963561 -1.9946596042055196 -1.918458718773848 -1.2865276696654115 -3.240556742796183 0.78851817628443432 1.9063454546835059 -0.86860221080022271 -0.60216060207758959 -0.0018653006006447183 -3.0956184284918051 -0.068990659761353434 -2.249469247468463 3.7912796995808091 2.1713557358182443 0.12112640491384219 1.2777367391074843 -2.2367565897856272 -0.97653051247650946 0.9259881844467065 0.36653713294574369 3.4338130376493474 0.22948228945913088 1.0717765107397086 2.5587054237345339 1.899727662675269 1.6465399917108356 3.8614009640264073 3.2206062434894562 -0.97803317332728279 -0.87818135849195122 -1.0508174620202595 -1.0164085189627159 -2.3178766937909905 2.3515640610857078 3.5632569665697331 -0.80875271519974679 -0.14896513428393887 4.273475118959527 0.097272349675776415 0.7142080796578143 -1.5404521233573398 -1.9171338476748583 1.8212778380501959 -0.62385960369173932 1.1707866017249005 0.35962330016575272 0.9997689424993782 1.9812760542025873 0.95159752503931572 1.2124627108056094 1.1018669977632063 -0.95952127263769449 2.2728166734052841 -1.0665073839839547 0.30077210077643296 -0.26115817981448242 1.1507142421239109 1.1779773725332998 1.7165860630395113 2.2454725535504547 -0.49951644099057685 -1.3495144423987868 1.2083471877978456 1.5320411460651218 0.24378045852110453 0.79445250808365253 0.49633417731245022 2.4999161068070439 1.4969447729830829 -1.8535093428218092 2.8983883313458993 -0.93510284205324323 4.0320194491336254 2.0575171441112849 0.31335771917160399 -1.1396072695747648 2.5506858412811257 0.84733996822499469 -2.5603101530070798 3.0719175878754403 2.5053680921667101 0.79023396571655247 3.5198905142102195 2.2618064228654178 3.6711819120276625 0.88167391345715806 0.91106469018919711 2.8628275809588573 3.3770011273329072 -1.003835801113357 1.0531139975809023 -1.1047395870563141 0.51153118346621884 1.1682276096183377 -1.5334761162767094 1.8861010840598249 -0.34367507346460824 0.83698504763600801 3.9759857696150838 -1.1493072789630878 -0.074990633424628805 1.8796742649092115 0.75058315117083163 0.73219078232871526 1.6590870149024985 0.70177397259891783 0.81398650236126913 4.6929352611417041 2.3031630975330066 1.6771545167401547 1.8067838348108718 1.7838618944915978 0.34711336915448954 1.1749142468056157 4.5225123526668947 0.040675324772809024 4.474718087246921 2.0585703924470415 0.53448841232848443 1.021886051602835 1.2990107314755766 3.1683522466127774 1.7307514052201765 2.4421484387804773 1.1359115627226339 -0.039065344734306416 -0.10745417097080701 2.0707098867164566 -1.0577266292735805 1.9453545371798409 1.5378052048403046 -0.34123309835381493 3.6136962207429453 1.736529061402085 2.2317960103790284 0.30474405922851105 1.5144564302101291 1.4275864064007509 0.57737198343233043 3.9536052447053054
 -6.3445512990119379 -0.87845801973380688 -1.8766000401013341 3.1959294126884794 -1.157699620813023 -0.20831365955769893 5.3538405867920158 0.29108599795669898 -6.5739024019535757 -4.5400459979297505 -3.1483129024944914 1.0860205587003886 -0.63581768138306738 0.21089643152644089 -2.1573796731634411 -3.1564313536253485 -6.2678992785889038 -5.168447529394844 -2.9118732850343343 -0.71788654446533273 -1.1121768730435504 0.0033626267526613018 0.39808535273080164 -3.3718664008975616 -1.009569141936095 -1.9360448762617062 -3.0317858304368857 -1.3688265063269536 -3.7036551681914278 -1.4679737475287997 -0.44336768864215903 -2.7055399076080606 -1.851729800374361 -2.9388913279811404 -2.4709797805347451 -1.7898858225914673 -2.1914832137383202 -0.72618883064514284 -4.2005012741704002 -3.0331975895735885 -3.9480825514136382 -3.554108158135973 -2.2015504604829994 -2.8454679993558365 -1.2528280949354149 -2.9679862510225319 0.15305213788951091 1.6110144814484959 -3.4639104936434344 -2.144139618346617 -2.0377234572515377 -2.2789106103843029 -2.2518832722515523 -1.844289575048893 -2.311568901950197 -1.384708336467358 -4.333356275414185 -4.418278672466891 -0.89848740642714198 1.6966723669439794 0.94119805784581712 -3.1214112416336031 -0.9748757096846925 -2.14042768388477 0.45236371913683626 -2.0028226205633719 -2.6266960828989125 -0.70265671128496998 -1.5008695543342285 -1.6394597717160257 -1.4891596146339612 1.2975106343904557 0.17198975616400311 -2.4189761856705245 0.92059564158903318 0.48657137641210074 -0.30643466121650864 -0.14701744351201987 2.0846439132578003 -0.73440118259125264 -1.6084684523525254 -1.2906650029058953 -0.97853874483436898 -2.9589068383195061 2.4135987701404491 -0.20637654046833329 -2.3403002047412031 -1.6670662937541818 0.65847694053649153 -3.221082103168055 0.60983960200994092 -0.65783262455119418 -1.4732382700370688 -2.4643009313494546 -2.207972553224228 -1.1020756276788088 -0.010800549916948701 0.22481105857404682 0.58128603053039984 1.0590407082526996 -2.9286993623646627 0.87586521551253782 -1.5716109445865627 -2.2348237647690263 -2.026995985387686 -2.5557514947816964 -0.84203394010651922 -1.7092982969659598 -3.3064749401056015 -0.9228525666374483 -0.30410591754473476 0.19452800532402789 -1.0392719988274821 1.8503253850799135 -3.2048157797691608 -1.3562298036749265 -1.349329149321997 -0.68146271165960326 0.00069097211493576488 -0.84129281457014771 1.4893184364843619 0.69101228419159866 -2.9722190080245721 -0.37576266117469748 0.60885056403376803 -1.3427059038245246 -0.85363162819693184 -2.4200884662477118 -2.495377382366804 -0.48298617822380113 -2.8641386331205685 -0.73657602342014394 0.14979557415186667 0.93136858094825226 -1.7655495848294238 3.4627413227854489 -2.5031911270225744 -1.1421083455607877 -2.0929723599117485 -2.2344413588609791 -1.3882654462719799 -2.276172074915372 -0.3598640459911136 1.5120815234880927 -3.4711016022363825 -3.0211765693667822 -1.9440862629784657 -0.46647593829979977 0.53212734377048543 -0.24744063550929321 -0.17785256641295372 3.6942455852957288 -5.8004979643561168 -5.7331521959697218 -4.5760939591812013 -4.76526805986708 -1.2597157004649251 -3.8827279950211682 -4.8047683630626112 -3.5116151678971113 -5.4778689800454119 -5.7645007889250568 -6.7366555374051451 -4.7297836366642931 -3.6817209852896866 -0.93244376030545895 -6.7730958420015783 -5.4976558089236862 -4.1938657791592151 -4.9468412969311677 -4.4920847627392275 -5.8396544110508524 -5.1238649185163725 -3.9400536601559142 -6.8257353392894045 -6.494132112793066 -6.9039727364063737 -6.7584345161859343 -5.1897300439099414 -3.9433252534925116 -5.2301647242777145 -5.4749096037262319 -6.8931460287649449 -4.6798869679347419 -7.6942538727844951 -5.9957003488919911 -3.115389567237536 -5.9727498057420156 -6.4939544784062502 -8.1347925549822726 -7.6800728323386984 -9.0027467383320161 -3.9978583104737146 -4.5627211166905441 -5.2931689501582984 -5.338236194613498 -2.7375345942694458 -4.4416957803966843 -6.5093544091306157 -3.767354163764876 -3.6644198402792072 -2.7159395452406927 -3.9315203272038368 -5.3612449635109938 -4.2342010661591463 -2.6070886828497044 -2.7256306603973366 -1.5189569227009978 -2.910754109278773 -5.1346042019927207 -4.9457826453324927 -3.471687890991777 -5.5873324154978636 -2.8037975443000929 -2.0353519050413706 -0.35455277612038844 -3.7224941090619614 -3.3953589596337577 -5.0313059643534075 -4.6195456986019066 -3.2679507096474314 -4.9186816731884964 -1.0696915870807302 -3.1084174237645241 -3.0976964869241526 -3.8827078638002326 -3.4017746552658017 -5.8003129455094671 -4.0775976963065519 -3.6501996950543156 -2.420375313969044 -4.3760618532753588 -4.9553758204151475 -5.6052790439891504 -7.5662958850905362 -1.0237481275214528 -1.3002708264253007 -1.1055531368822356 -0.83003525555364532 -1.8296673764423161 -3.465053374927781 -4.5872610400016356 -7.0406923265684762 -0.58995151736251827 -2.7414871210609051 -0.81940030315974965 -0.50233604389567121 1.215383657991149 -3.3156418352335844 -7.6143104781439863 0.51104496029546687 -1.8633325620523213 -0.84697147100383496 -2.5132279024569262 -1.7081821550934739 4.0361142509800016 -2.5009128080027816 -1.1667831009386445 0.97848048217825923 2.7276624686665185 0.14879772186807375 1.3518712927002421 -0.12171571360726452 -0.30043057567908382 -0.80406091686176207 -1.072369632113483 0.40127626098214636 -0.77966380793950696 1.1095931472302545 2.2312030489971333 0.99467757719435856 -1.0604221095675912 -0.80551624386053755 0.31423795965911711 -0.91220525140140352 -0.28614934515964119 -2.7491482359637684 -0.020434269867807844 -1.0255447793125272 -1.9471543647141307 0.53911979179116865 -1.894509062040781 -1.6672308244696581 -1.7187926548677543 -2.024163962176595 1.0762561757000835 -1.2264508241270631 1.354992623169909 0.19053126198796042 -1.4710532655674953 -1.5100878034687835 2.0048705133516891 2.1495063540434938 -3.669779312099311 -0.85096583830520123 1.5330352671293599 -1.309066176479273 -0.40894984728631856 -0.92304707728627278 -2.7296546205272847 0.20524389303415602 -0.5077447014356461 -0.80778374686141785 0.37859147836536888 -1.6292826625256225 -0.90882556436020201 1.0428399633394774 -2.1899076181078709 -0.38581177337623718 1.5432188801927555 -0.020301591235391367 1.5859741746929794 0.57518477174481641 -2.236929033591236 -0.49054787762359631 -2.70791135222865 0.50663955273604822 0.1139732937118885 -1.3329332401826139 0.60024805242861012




