# Created by Octave 5.2.0, Fri Apr 02 16:05:27 2021 CEST <br1@br1>
# name: ptcls
# type: scalar struct
# ndims: 2
 1 1
# length: 2
# name: x
# type: matrix
# rows: 2
# columns: 320
 134.71587829323209 97.294404040413667 95.574450712978148 83.804994026761065 100.00114484143521 110.20555846190874 74.967011187991346 88.944539581797983 104.55328252184555 111.5164412976418 100.67577133548014 96.739015155639393 109.56827386070665 110.55695413182087 109.04671719979225 110.03058285528594 104.05582242659865 106.28410312735598 100.04832475576401 101.04766460034683 101.70732520187887 143.04099526780541 109.24559900356347 141.96563466483553 140.52056693134929 125.7348047808743 142.02560374757221 139.29986654952319 145.56321423645718 146.06908919721934 140.56353797107644 148.40518248176485 138.47091803891314 119.03482115173264 145.02284612301591 141.60076545672399 142.9104473922647 143.95970867549639 144.78440508354589 146.02393224453539 143.93790587285272 146.36201686773524 139.44185006264459 144.98995081788979 141.94390528695394 146.77775555686878 156.01639167130097 155.39246412135466 142.80423705892616 140.8340925989001 139.92605558756694 144.05808718871305 143.79728611089118 142.42049571359118 156.42057887041122 157.28137326919372 143.75208653153516 146.05694510867281 158.58596173765517 155.50511465804942 154.40314771303736 157.02617902085805 156.66767333635326 156.02487588545532 85.028093489882977 87.094161699285848 85.928499083786093 73.356075723832731 86.75808991501583 85.266259683966098 84.829162085914618 38.7604604881857 89.468929243815026 88.681665495164324 88.117674214922616 87.000814218918592 88.309372511574566 87.760817962545431 87.470359344926067 84.133397726165128 94.681101648584487 92.517934435562097 91.698525201655556 88.856815651975808 89.854076577630124 88.704526972025263 89.788865221120844 87.920708096713795 94.440863255814605 93.60196460328082 92.746971641295616 90.488905713088855 90.835885974858527 89.472536683717422 90.347643228892693 88.988369957045066 104.24272426403617 97.723917920956552 93.110818651246746 91.786991661435479 90.60388039409375 91.431954172999582 91.21745938094557 92.27957349863533 98.549057731143918 97.820572080089903 96.578831300203476 91.727195231971777 92.981625930499703 92.10569327437932 92.416726604087557 94.13049836818783 97.029076849394414 98.330536331315244 100.43822115155781 94.564843006037947 92.914601362508463 95.355623454595644 105.91817665088021 93.212301184742046 98.082395275704371 98.903398416504317 99.621872047612626 95.847722649303975 93.76165684719416 93.963707086600238 95.330662881490881 96.690807227226358 110.68556623518506 98.115731921253158 97.788830147990765 99.98499137194635 94.747633912498287 93.95800925053959 96.834404634350065 75.243540064502511 93.38292442703704 94.54980098136501 96.708734712424686 104.66652549673604 99.598529198361689 95.634110343892246 94.897315013262684 73.633910044320317 124.57769073155276 108.10006386436878 81.85610475334579 97.851631598987609 99.233196135726516 100.7336996282427 95.792856762274511 76.426232105125663 112.04633202553951 109.60231428230628 111.03571448275693 93.895341511898224 98.913545133131208 99.067300124384403 106.8845051376956 102.19992591055251 109.75442036227979 110.18741608397303 109.94489077378246 108.53164802613625 108.49426416616858 99.12214566514065 103.16111232049697 105.32192377427852 110.81454098081321 109.12802461438342 108.84821551150611 107.53265515009839 105.13102646689629 106.23723229621501 104.0290557217436 106.06729897861297 117.84209917965607 108.03291610491259 105.25067859099224 107.55312613945411 106.83553395548823 106.51044537982327 109.64540619099066 106.38504763377369 118.01876762946044 149.35686589469611 137.23372368135378 105.31171225505777 137.21434293540074 103.57591568108053 104.38189728388308 107.2081912559342 138.24770152109684 136.85268174959478 142.1846735976751 137.07126963493027 135.99344541887433 136.01069502996785 134.69030061641274 120.16646342967618 137.74645363686946 138.87738597466799 137.00763905893902 139.286841203406 135.53216427791887 137.89515290769501 139.2904594062326 141.65746901851642 134.60604635142769 137.783120765961 136.64661259183077 136.66683469351079 130.8117563320277 133.4387420416503 140.37965624115733 143.66280772453604 135.84803836274196 135.5585773733134 133.98690370953068 131.88378899375579 129.14363366127066 128.43125107351872 143.34906688883029 138.21899793308708 132.72611357633431 133.56226186267216 135.01912076449887 130.25322292118676 129.91343247381226 141.22745320164285 142.3726090917053 142.67920668800454 160.24580938480304 132.92041304490238 134.48672053056595 141.58340498937258 144.47457912683996 152.57331723318271 147.24462667490067 157.73841258622971 140.1208623724859 129.60364990944024 130.7413358767615 151.93287353826923 153.70189702934232 148.0458068872417 156.34893765942468 157.45829741129415 140.71080418861536 131.19543877071379 152.70634547201178 153.04036532348269 155.78898473787191 151.71976054178214 147.04521235969116 120.24000479014262 157.77704202148624 158.7989241650757 133.17750348763786 161.81757544309693 156.81349222082778 155.65520277002352 157.06862638798145 158.02515466715562 156.79187277529959 152.46369604995567 155.57794947430756 154.82258869079195 157.98362863604018 154.7191403572632 155.69737953090277 157.74611821472615 154.9625553449558 158.72057649520201 157.87703617412581 156.28577970967092 156.79910185208402 157.24919379175901 158.76391479782629 156.51920786018869 153.74874964027737 161.92541624720062 160.79946396517721 159.00996920165051 159.09313432372451 158.31535378783033 158.0126160333071 159.35170345700828 160.82383725576031 159.87985087683765 160.12382005867943 159.36289577188293 160.94815293199852 159.61490997037649 160.32612932422288 162.81843371015356 161.69424538200349 159.97865104752577 161.13018045273378 160.34283288435603 161.22575673416887 160.10462276157858 163.47850675996668 158.58800586761356 163.30668293239069 160.98235223727758 162.46594201060537 161.66531422557722 164.01659591913801 162.44417330812226 163.11521968239364 157.10543482050855 163.06484990616673 162.04959649045963 163.58243961033958 162.12117696663972 162.75879613439963 163.96846720634824 162.93915570842893 164.12071108570279
 6.297593473123074 73.109813041790019 80.597293107882521 144.11172509876693 65.119215994873542 84.05562399288749 152.98196410183812 102.97967461744811 8.2059921064254659 29.21338112983042 67.621574412878743 80.07068744202445 88.978639634046289 85.10234070519509 83.61456890451683 82.924658940480455 5.5833446432636764 7.0151092639113681 69.682975859930409 66.154890039980799 65.048026400208073 65.22333713906653 84.769540576414357 65.85385567450345 61.144796303417145 65.821362023228303 59.889370441203866 76.548350393492555 62.603357969522911 64.654996883009744 65.781249219825199 65.766007445019767 57.77186810303197 45.207732051800285 64.016608458839897 63.5423720781857 63.987532849681799 65.932998219834985 61.446625194919022 63.59390340035177 63.572296805380248 60.366020372720655 59.648227105572921 65.211593493343315 64.754933576520173 62.792226415854635 89.952303659094596 90.922603961841062 61.046152424230897 59.80410509934989 57.369494674321238 64.625984869965833 60.597398206294137 61.995948421126037 91.204707148519859 90.359109237400205 61.721926905600611 65.772729010874215 86.35521596222668 92.014439762938977 91.754848444874298 87.789502790292019 92.171964096938922 88.694126428244289 79.942746167246796 79.622911686225308 80.957499297273785 79.826088341928582 81.987536408772243 81.952849578571204 80.951964646442732 113.27941932117905 80.410137440995186 79.497111968710172 80.378657313566038 80.806664967279474 82.404596928575614 81.508274564979487 83.168221756801586 82.025540025858362 78.924384547549366 79.179719055893244 80.042253779239616 81.445989618052494 81.547913727369306 83.425423946216156 83.840757870991666 84.273800853898351 77.899835031081068 79.663369246808173 80.413097832792019 80.48929409547894 81.811885641115524 82.65441266018675 84.980689562707227 84.629545337807158 79.851521915979191 81.904677860534861 78.224478741231749 81.175629343337874 83.069025707091853 85.460659127682334 84.273013921504699 86.105280445352321 67.826390013651391 63.257446163909755 78.859838334653276 82.507680168074131 82.778342678558062 83.701286244386509 84.902090072447535 84.442484643892129 66.692199355243886 80.820333883455561 70.645288144313398 79.951882561432328 81.474816823341655 83.489248696199084 91.65879735983107 84.045554978760052 65.215534204545008 63.376787523965582 68.560414016243357 77.959836731388748 80.810280910449151 83.262758286035108 84.723459450410388 82.33900088302461 61.372603581496001 66.421576356698395 69.024494795309124 66.509737360730327 81.327254592473807 82.189535086695912 81.228157369328173 151.96480819345066 46.850093987741026 46.731833134781098 61.254587783283306 67.410391797611439 67.527573568522342 79.459157123027992 82.51005574166085 124.33133766614297 25.483232562845338 11.83200549168583 54.353573351347237 61.864907958998131 70.67980131324876 68.875343512962431 81.684494746371684 152.05064719372371 12.27356847402808 12.279986654046237 10.607307827979705 47.839552396862985 69.560379727384202 64.581647421373248 28.329763725323197 8.0053556651813338 13.470337627794903 11.351904936558761 10.347331428600635 8.9008557409223972 7.7102618102290572 65.68687587372527 6.536476678641316 6.4314120893132332 12.456912380633069 11.192973219917151 10.02429532794633 9.5709569524633658 4.8864853115354521 5.7758954229839015 9.1561907604909809 4.0934990801934976 21.48416500701628 10.644403222871968 8.9845344045578717 8.3937762439281478 10.392786797318243 9.1509935458886797 9.1771948871205229 8.0909718612744133 20.27971612492686 2.8127797500991329 26.495465052756526 7.5392499550889793 19.17248687664889 7.6473991231502598 6.9738783714607058 7.3607195976492079 22.755499452367026 24.445531829398991 18.032747379694179 20.368485843247665 23.208273256818099 20.158527594657755 0.14846810028543861 44.827737738726391 23.841730608898406 24.003262946590997 23.016231692750548 20.994709032751178 22.26300795128973 21.338487419695692 58.591571482614633 60.941696829624142 24.762420386219183 25.427129723453245 25.585901602830504 21.847159767320015 20.832689703060666 22.437683576611803 58.584726574388398 59.468350523053815 24.695946026876758 25.804471857524295 23.823391031688065 22.957811096721873 22.570539869224319 23.409606763561882 62.677762262822561 58.784575932583664 33.559667957804024 24.985057806091248 23.780859312847443 22.853165938430887 21.566450402826945 57.77724539451139 57.778364029815357 58.824303192771026 18.009052187230978 23.583620591434833 22.831885122922305 58.810442300713902 62.674754542424111 84.147909155655242 66.383427637022535 86.989674882986421 40.202600332466631 23.654609861420447 23.921789367385671 82.154917197490931 83.92965605891213 76.855298790880568 85.598620209596447 85.920651884895662 39.106894966264285 21.93717780904694 83.066940247992079 81.951222058781866 82.395968935370902 83.445742446432064 65.132339443496903 153.40448181917066 59.202846000016336 58.530834665812897 90.763647011331969 80.826785434053974 83.137365372563636 84.845346739269274 88.869310491863246 89.53653388107891 79.680074969352447 71.60737120140017 80.008068967507398 83.007540806254696 83.870306880319589 84.258259077684926 83.716138384382631 91.385863057794907 81.046000419428424 81.859885456245834 82.591681937698738 80.779657214403088 81.821476335964192 84.891814559709914 87.416562017460421 86.709371833854732 82.74479730519181 81.925251454888098 81.371046583302288 82.95947100423038 84.232799525205238 85.008705237680587 88.287878446589147 88.349265803425695 82.692085000251396 82.27287434351571 84.650124022927088 85.470616596636518 86.708461095103402 86.621218083706921 88.850601732933484 89.765488988267833 83.149040973624267 83.497685543050352 85.029375314433324 85.763528473800122 87.827438567051203 87.617945190599386 88.846056334680682 90.732120119468391 84.331205847105849 84.008553652845563 85.137312957910083 85.889502332548204 83.44659673680377 88.570589216607004 87.651607300920659 98.308806432974848 82.198293990871605 84.178330902236908 85.308750385216868 87.010663058037821 83.361451272740638 86.831691743091369 86.208848200473852 87.934981008637806


# name: v
# type: matrix
# rows: 2
# columns: 320
 1.3579693284185725 -1.5491047806532685 -0.23851825708475277 -2.3617106020879088 -1.0813131007491712 -2.0646573821017506 -2.1271631034073524 -2.1848560259870178 1.1319014589967547 -0.62397535907694635 -0.92169870845493396 -2.6246175496308473 -0.74118715823311598 1.0156660388679104 -2.0305074612239289 1.6059675355126679 -3.1321867934194763 -3.1682805273462531 -1.8692252943009953 -3.5417594894205795 -0.13411296006008039 0.58743239225887034 -0.75858039438852254 1.9493806563607514 1.694544866911438 0.18963793975630527 0.90746937784306303 1.1313036246855084 1.3133489176778785 1.2509063777105627 2.407405401622972 1.3596219179357827 0.97860236542941526 0.26137783683738242 -2.7597971226919635 2.7416064278986974 0.11693830544142135 0.37198697794610447 -0.74946897869515539 2.0882099457328791 3.4384009432919367 0.16437412278777602 3.4028834987050574 1.4009492432321249 3.5805519326432238 -0.219443273631441 0.72774729414389927 4.6727654763715565 1.0006565832334751 -1.1251180989715981 1.1926574940532626 -1.826568656816457 -0.61500870079864223 2.8552273156239973 0.98582667713596195 1.4869706635100426 1.9776867688912967 3.3892955152375523 3.0682172239251648 2.9075682395768485 1.3469283814648567 0.80409448019676721 -0.51527306478712565 1.7118386778740462 0.109082635145312 0.16034690570435453 -2.8085368612559378 -2.5555409142093808 -1.8093647857376192 -1.5279846253058218 -2.4304903592299807 -4.8083481724781443 -1.3425576371777623 -0.43942766323338101 -0.99820296431394606 -1.4282577383630759 -2.9693619563870919 -1.0750153438637282 -1.0478406370882145 -3.1333442827642379 -2.1184312793120927 -0.99326791556931693 0.90088770511297078 -2.7010457827590972 -2.277039695075012 -0.6378492844841912 -1.4062872687629071 -3.2544428380567214 0.89619933556919773 0.51669396739850004 -1.4893279072172052 -1.7627438970800373 -0.75398758561958856 -2.0359013958230383 -0.75162596926961778 -0.76397831294402907 1.0957960171126855 -1.1998019695474569 -1.1003236997720038 -0.15699025713374612 0.19304708298836051 -0.91093744878811889 -1.3867235365915311 -0.86721721810020425 -2.908753902691581 -2.1099922806830427 -1.0601884946152351 -2.3646934303782237 -3.062821087551026 0.10373426117883203 -2.5074532379448158 -3.762282075073383 -0.73917369071938765 -1.0984401167426563 -0.47000817407752782 -0.99178581649853848 -2.4012437692055415 -1.2678458095099436 -0.98235940944024569 0.54152417483515758 -2.2692045104604213 -1.4682297658323404 -0.52970577715827916 -0.21493555997185115 -0.35073882202452072 -3.3075648135235807 -1.0582511304315079 -0.97315151720336612 0.63942593884555221 -3.9353691760936131 -1.8329802079855186 -0.065515921639527366 -1.6227663723481813 -1.8757317906492348 0.24881500177715785 -2.6489212184984927 -0.044103588295269516 -0.9037415871529294 -2.7010808206580084 -0.94314333146569318 -1.8291140286053176 -4.2543213096996819 -2.7319531366416512 -3.1420302346738094 2.0503194377782759 0.26638828640091688 -3.3052369035009281 -0.20772785218994838 -2.8024682141443633 -0.94340665989948103 -3.1836637408220447 -3.9278365724233759 -1.4776709268715607 -0.61388351970096289 -2.0935375388096316 -3.5310668050833196 -0.19396443757632395 -1.573107410614508 -0.91553894821569615 -0.39633268404832361 0.94677445601817134 0.6536359592612988 0.80574898008118967 -0.13553104560152815 -1.4093543834936744 0.13995332153475798 -0.91299651331194764 -2.0878776318265024 0.31404004494586218 0.037901480040634997 -3.2612745487785459 -3.1161574816820901 -3.1295194945145548 -2.8487498499959529 1.7218911994772257 -0.0048169540033948417 0.1559235285506721 -1.4204476013192724 -0.48679839206937148 -0.38685527352979387 -0.28841642587563576 -0.844740133421924 -1.7448970271938209 -1.9082123365255101 -0.88737658053590596 1.9063454546835059 0.15354392036108053 -2.4322381687678822 0.25362375718936264 -1.0656897045084162 -2.1873151950312764 -2.0652650189107469 3.0042571457366791 -1.3380691834025917 2.5327848163482951 0.14555535012870668 0.056006197288570508 1.4224654779401074 0.9259881844467065 -1.1953776474122277 -2.0009884890856098 -1.2603166461265845 0.70079300514949672 1.7529346295410235 0.81513511714506159 0.15282699671827368 3.3569036715760756 1.1946883135806692 -0.86118648068804338 1.0890820091926241 -0.60504844892973253 1.1697713294493262 -1.1061593003384917 0.4523641824603456 -0.30034909922990893 0.47995880812298392 0.32443763340438669 -1.6956660855882084 -0.6249634327846294 0.80945456925486581 0.36479987265026426 -0.14757974226000078 0.079682035747149188 -0.01415820687359616 -0.92266956557525615 0.36554393893966614 2.3088070121749236 2.0331705468858186 2.8880895183911739 3.175871472646981 -2.0462402258869532 0.58763434200791231 2.2728166734052841 0.54324504114979522 1.5842844958394759 1.5338271407942807 1.8828624003787853 0.8435770937876923 -0.03524522830515623 0.32969416188266198 -0.12735090255331019 0.46313807576160548 -0.12383696377395297 4.9078997608430237 3.1763444890428736 0.79445250808365253 0.19360035237846163 2.1502437518036621 1.1247792345458167 -0.29054957835048573 1.153465296546663 -1.179168709088289 1.1703223655016601 3.7337779458484848 3.4867325975631123 -1.1396072695747648 0.69177051723360328 2.7062552922725129 -2.100086601167332 0.34653305872134249 4.6212422720345661 1.5676919617961818 1.2682954277251086 -0.67731791584649226 0.01013509525980643 0.88167391345715806 3.1162254819791162 1.3658248000889757 2.3382535745741215 -1.4602466022406511 1.6307090934857296 1.1365869056534486 2.2635973241692917 0.84568907656076886 0.86913362407145933 0.94991532597304174 4.8734116711651136 3.7604600892364513 -0.25638980866021266 0.1601627806211085 -0.061033712533170498 1.4464184401810409 0.90372004107264825 2.4358389909860438 2.9992920051644294 3.1615863331195841 -0.39640606555726032 -0.22705772495169832 2.702433411163085 0.81253158145281135 5.4253734159050584 0.97575914050298596 1.5041728192015371 0.012838863040241719 0.32478041131120161 2.6339324681737084 -0.39547445175747081 0.26677903577328738 1.8965125924854522 2.119009307609431 1.1229717579651226 1.368150816091122 2.9127251353411401 2.0994659121923385 2.0314227677542886 2.0227122141706979 2.1658490609877252 0.085268826204164552 -0.20331463407644529 4.5650736619148953 0.99434630043325289 1.0795806053282941 4.1187011363805031 1.8742478353697005 0.076440489933201683 -0.13388876295010999 1.3366259507914078 2.6519904750651726 1.3986467592952525 -0.1643032165982764
 -6.3445512990119379 -1.117490105380994 -0.8131851833683521 3.1959294126884794 -2.6134318443471107 -1.2602835335873008 3.6709583431555988 0.29108599795669898 -4.6305237176239702 -4.5400459979297505 -0.36988927732892835 -1.917735601096729 -0.81039780598378297 0.32873921485531749 -2.3231513868307285 -2.9730208846960196 -6.0252748601800352 -5.9409897692250162 -0.70364051439684516 -2.6338472182011423 -1.4526655431580575 -3.2824044424900762 -0.044569489177558944 -4.0058729320822835 -2.4092883035320893 -1.9360448762617062 -1.5622674211054872 -1.3688265063269536 -2.8289324980558823 -1.6047448161848064 -1.6669953995825941 -5.0688728797871594 -0.19293683298872438 -4.6058716385827694 -3.1230709915917934 -0.76961832068978042 -2.6750469713991487 -0.92199337124852643 -4.263672114089724 -2.6338243372925216 0.42158307840927101 -3.1098550766205086 -1.569720160149028 -1.5056979017751018 -4.84169038300751 -1.9065699684171493 -1.6127331009691097 -0.099539900081702049 -1.0601042129209115 -2.5103873496904661 -2.919856282876423 -3.8323284866168188 -3.6233963573791703 -2.7640717384629032 -2.0405481471769455 -1.0456673898455418 -2.8979522086516267 1.7572049390816546 -1.3328342950485117 -0.17155516389193767 -1.0404519649710835 0.30358854750271047 -1.000245078752396 -0.44192129126896468 1.0094384680568265 -2.7307529514704862 1.6274848611606061 -0.70265671128496998 -2.5171323283866438 -0.63164653136299687 -0.37884328586262322 1.2975106343904557 -1.9608358424580081 0.13588131145490689 -2.8551477609943454 -0.051044033118654408 -0.96986855056063437 1.2719659307029174 0.31083119852348534 0.50829448612010997 -1.3747156869087034 -1.9105593365337545 -2.0186867934245774 1.2453969295187974 -1.6218355156007236 -0.4576223645524769 0.042928672909838109 -1.3672940241502245 -0.77829889086271631 -2.0866166636428716 1.7650674568599736 -2.2619984537650359 -0.64481459841593114 -0.81531110001172213 -1.4739288004261424 -0.84404986858600917 -0.76998383527079506 -0.9751403566534973 -0.83151931478119367 0.11582778277559259 -1.0785958352515097 -1.0677237805645015 -2.0557896196938712 -1.2531911508004709 -0.023874888516584754 -2.9779420626156292 1.5996759504043589 -1.4975954057812528 -0.89515924245345435 -1.7516222417255878 -1.0286095380925351 -2.7953518376167632 -1.4385743659038721 -0.58044871456415548 1.4041153641950541 -0.81098671048360171 -1.2532606138986464 -0.30647155736414688 1.4511542305423721 -2.3508822739383786 -2.559447827859505 -3.6089402116046481 -0.90081837844823709 -1.6660657457712427 1.4210582136185763 1.5230874482828025 -1.4346235341996623 -1.6472391528271064 -1.4985947257817349 2.0923392214632939 -2.5027612626366724 -2.0707481038050406 -0.31770239896227398 -1.3407992708812306 -0.77843374131182286 4.2234903152409355 -3.8688270803527676 -2.282796647168003 -2.0423676491087202 -1.5869886814609546 -2.0355568835842925 0.66268874788912646 -0.29323145665522193 1.5120815234880927 -3.5162276711970275 -4.3737251078100376 -1.9440862629784657 -2.3786964904008188 -3.8722831157202222 0.039968811918646749 -1.4260032923015524 4.6163788364766791 -6.2292422990878409 -6.2658128357215741 -5.9863582516072453 -2.2589438049296975 -0.5681281088351926 0.31707484245977202 -4.8047683630626112 -4.1150111682188992 -5.6031626660654545 -6.6311737600070959 -7.3042106285329149 -5.6791804019907106 -5.2634183452485113 -2.6513201060850471 -3.3111313115174466 -5.6706913465215045 -4.7700754066549793 -8.1989868298206616 -6.0743315725671252 -8.54368634912659 -5.2763344722757219 -6.7611724290373285 -5.3328337191988426 -3.9062122138709245 6.402577197486381 -5.451880760651818 -3.914342285411101 -7.8776320449159609 -7.519713013356502 -3.5246002116529227 -4.9559550348634192 -4.1157084335496821 8.3169549582157813 5.9957003488919911 -3.3389607427529682 -7.1263371936588538 -3.3794118418358008 -4.1076702959689886 -4.5060797229167475 -5.0916734684682732 -5.488994988285727 -2.239006422298877 -4.4806091023851753 -5.7828906540479608 -5.703249528357869 -4.5438893154769255 -6.5093544091306157 -2.1003738531632199 -3.9104443187132962 -3.4149985980805129 -5.7015364496267233 -4.4391079252729782 -5.7152882780697265 -1.9656099314412794 -5.7894699109427368 -2.1072163818650327 -4.1692342891422776 -3.4281711750643065 -4.3408148840748142 -2.7187297452448891 -7.5926218088956956 -4.5480071351488025 -0.29937117622456133 -0.17888534728321259 -6.3300660210331401 -3.5481389121860993 -4.4133440247586178 -6.6396140684922065 -4.800514582208276 -6.6373970646396954 -4.8946375285681567 -2.5471280837058332 -2.5976670930922872 -5.1494584068427329 -3.2230354834087978 -6.4408364790600174 -5.8348078717802299 -4.6978694437779938 -0.78030408591634559 0.73271510748863633 -4.9553758204151475 -3.3648569016382637 -3.3834643553263266 -1.9770452455809859 -4.0632056234008216 -0.81453371238172623 -1.3186382312200564 -1.911050948166257 -2.6373728817126478 -3.7274449716731715 -4.5570038733472416 -0.99865876704520173 0.67592149195944651 -0.81940030315974965 -0.45052748992645186 -2.7567074556668536 -4.1433223284486944 -3.4289705172666833 0.90849107044853161 -0.89801629083900847 1.0876476572978018 -0.59102385586893857 -2.3649118700737333 4.0361142509800016 -1.9153916766453805 -1.7523042322960354 0.86357808203941411 -2.0948340290789882 0.17724387577821235 1.1799128888041128 -3.6646043786561191 2.0496142819503538 -0.20210725096459431 -1.072369632113483 -0.53866885391593911 1.9041435807541496 1.3252924212963388 0.54486797350087235 -2.2062678103401869 -0.48726892671873329 1.1506317353038891 -2.18765555097528 -0.79891193716611808 -0.44567794005424954 -0.19733997413087728 -0.2072495563064603 0.84699461209240523 -0.48596509433123952 0.73130991801262657 1.8935324528722559 -0.71876519695757024 -1.8282775752058547 -2.2764721026076153 0.56559961459998753 -1.0356104093214071 1.2446770677513797 1.4096297647901457 0.65340051556721523 2.0242070878035525 -1.4011524477489341 0.66946650996162493 -2.0625014749899564 -1.3232258373552845 -1.3047064183770134 -0.84895287805858555 -0.57257188194806485 -0.27824784130078484 -1.08197444734801 -1.4796250307813075 -1.9597850296692561 0.63197185345077278 -1.4347543574287143 -3.7313787851945284 2.0439669288576785 1.2496265442974992 -2.5259632894900546 -1.2110964867108294 0.49649339653173236 -0.3568942591190129 0.86129832952167451 -0.70269544242243254 -0.048348993472785609 -2.6747387856107565 -1.1573865906254313 -2.7522601805435678 -0.70754863732416029 2.1934820099603032 0.039119535385163121




