# Created by Octave 5.2.0, Fri Apr 02 16:07:02 2021 CEST <br1@br1>
# name: ptcls
# type: scalar struct
# ndims: 2
 1 1
# length: 2
# name: x
# type: matrix
# rows: 2
# columns: 320
 166.70170080270304 85.676118185512678 85.275818641150508 66.092164511101842 88.939324323877912 106.14205858695695 52.938545559853658 72.558119386885551 72.413535015298308 112.68592207351678 91.360119875997057 86.226504427102967 104.00937017396637 106.25609550768365 107.42128781221811 109.38925942022776 60.267723178952231 86.788264086890763 88.303294563668715 88.17057031811467 89.829757558861303 151.05518740253979 107.24690974315159 152.64777478135662 146.99705034386423 132.23653085431846 149.00469320873782 147.78464373466892 154.80637734158111 153.99886849939475 141.47879062731883 152.12828844747054 148.38625851798207 123.88660584201662 152.76149575500514 149.39207197277383 150.35909972448198 153.66819187517274 154.02312128208152 151.91277625534792 153.00908140359871 154.47598270361175 146.73766572671863 153.12279270346932 148.27909431372228 158.61816623901623 167.61319641905834 165.61243877803662 150.92314670468519 148.0592359748519 141.86611341418012 151.6443721669344 154.58938592618136 149.97297662736648 168.14621547839945 169.04968267422063 152.83613931222723 165.7267862608725 169.88648253797393 170.77972054503127 166.78803981427998 168.53212135870234 169.14506430662325 166.70841859696148 74.827854451524431 75.932863040724712 75.288156215958608 54.189518867257419 77.236004493353349 76.263735566894439 73.998801795078151 2.6978491945989127 78.122148948137607 76.80720430779354 77.318156261811708 75.771161076977052 79.015486211122706 76.878313546260699 77.767109992557408 75.291374008629248 84.894070781041194 82.543599085836789 80.704416833296264 78.27128239827482 78.558682754849428 78.550716543934001 80.193484917121296 78.145749941502174 85.935827022985748 83.785852554569075 81.90217056421055 80.286686158240087 79.883051099216146 79.399459175959521 79.776400181657962 80.432395117673181 108.35015749951494 87.129788022386563 84.606254475614705 81.425382958624411 80.589168177011757 81.435234166462052 81.301472512474632 82.038420982965974 87.122219770952157 88.762072804136878 86.422384687867151 81.169965074345853 81.960880875168158 82.108910463476874 80.970027172167704 83.270126278661778 85.364454286257157 86.766408129578565 89.54862139516834 84.518648852955522 82.328933450541101 84.578351039343261 98.550481080080687 81.516869306999041 86.475626870259546 89.695708244889289 87.197738410811752 86.665523265842069 83.439180558024077 82.822568775516075 82.803837072109459 84.121065519896817 115.48126077652827 87.319468678853681 85.897267849470069 87.658052279456697 84.100012712523949 83.095698339455581 85.649976789917233 54.177009527925065 83.14369635114933 82.057371660048332 88.647210895621882 99.151214259166153 89.388214944523895 85.602302132310854 83.907136025957612 50.068683284271742 130.39455604342916 117.32064201709363 57.066827977092146 87.916910969328242 86.286112523378293 89.377907726380016 85.00971410400318 54.241821562371548 170.17400115338131 124.13725965768822 129.90469042695543 83.03515905511621 88.228635504978953 88.207628445352242 105.12235371153783 61.035496885877642 115.89983318327884 121.66202461887714 122.12460811402974 117.23195544232497 84.473563126754655 86.436548715561017 71.419911614710188 83.36462930255081 114.99778406942919 118.54982108327675 120.03363192349019 85.174407083472374 62.256671836407293 58.702005301453049 96.071785631374127 83.06136239275115 116.32590768369293 107.67211481456611 103.32404627098896 82.398690455279763 99.048225690890703 111.82638803334079 117.23748049681348 98.225889871023284 87.931314494847484 163.66248771915048 136.12230290730639 84.090817260481927 150.52502007769894 71.257697812930573 72.348589017653325 83.657317676277032 135.42986086270193 140.17678267521762 163.29131439776577 151.34444793115244 149.58130984268786 145.61763670667537 121.71669828967352 127.81445418667047 134.02066015327941 136.36473147061687 145.24788382980981 150.33942216916003 148.69728899530344 146.53745548379607 149.81376600522975 149.30439831941862 134.08532467582205 132.45977452873336 143.47264597393254 144.66188857169482 145.40858706460261 128.91128368258771 147.64018749030819 153.5612747890726 143.49597846551382 129.20535321966199 144.24293804875853 131.61009285350582 133.19743575867389 118.30008172477208 151.94704670486999 145.9589301520688 125.80609183452859 134.39401942664182 145.76393765561974 128.34023600824756 170.59423582779198 151.88931939601184 152.937920452518 148.8146111441616 177.29193443534419 128.67060679801673 144.54336054862159 147.92739022996597 153.90564496263553 163.67363527948251 160.86286129297639 168.76249438313721 144.08694294438556 110.41831379500445 129.71787260221117 164.45135875864776 165.76745345256313 154.00420069788592 166.90063667485782 167.80423114071158 144.22543610665903 134.53880165700696 164.66687985410536 165.73186233804753 165.95229856737632 163.5607586821408 151.08945389711957 111.69295026832259 170.91049261071518 171.15066714714234 117.42685397889181 172.85642202083869 168.32508603715772 166.47003843298492 167.51738343509575 169.7728651449377 164.81925925386042 159.07625040086447 160.22179174375574 168.0125367281139 169.18183715241813 164.75064531320501 166.07116879002646 169.62183685411802 167.00031521896403 171.89185331946553 169.3755346331165 167.24371604262359 168.62651534937419 168.86114448994928 169.90063596651541 165.41985313756592 166.87693364055804 175.38845066142804 172.46944559611902 171.45552296191494 170.25706167580503 171.19463210473356 168.52708148093049 169.63681691476094 173.51645662478447 172.27962077397396 172.084817251365 171.02723585915854 171.74294661420782 170.65448713930681 171.58927754836859 175.56860417675458 173.3760070390384 173.05126854606414 173.00087322004978 171.86548867823353 170.89777698544933 170.46834508800586 175.0621780080248 170.2252244815345 176.66550209805925 174.43321688947873 174.05642590478541 173.67679358301874 177.02861990681458 172.22055905577875 173.14318937897536 165.20228936047988 176.26888834542152 175.29311242652705 175.18864740309408 172.59653846001603 174.501400566798 175.64019924582723 174.49449609525368 176.15888661798104
 43.055499923989807 64.72863725143533 74.786334905384209 168.08119569391479 54.791318052318346 73.876543169394537 183.90711244175387 105.16281960213242 5.636264914995273 9.7688965653516391 54.786665857086817 75.449334214308053 82.900656089169303 72.716857204561677 74.596523079883312 78.924597241806595 18.349087946722712 6.724340521840392 58.307584593965743 56.073423260510168 55.278469863267389 46.511984886998384 73.519780145880091 46.74701732966512 44.200947771604568 51.472140188059633 43.931190672639119 66.28215159603262 46.469514236070147 47.306709538396873 51.691860810507684 48.709707612697635 41.145925270447798 30.22431511994278 45.634544239636199 46.164718403875348 45.717305428679474 46.175044283935165 45.03454008254279 47.567477417985323 44.493296360642667 41.468222611455445 43.089716301727925 47.979865385501718 45.61983877544003 41.257569477931177 85.179337479125067 85.089948844902608 44.701107232187653 44.617056872889393 45.057963077508347 45.469034522393059 42.868851325083355 44.194781843588252 86.097133434779863 85.526308972822676 43.431632283262751 46.719137251386883 80.758314503860532 86.651939030606982 86.072690346739307 83.347711076517172 87.644804010997234 84.595754158104882 75.523785264049565 74.88590749474757 76.983367265959117 74.556163007283928 78.309183783737893 77.525481414319728 76.327048253736507 123.01074907910528 73.943971816401216 74.09647576083438 75.202264722402276 75.99103786392736 76.921149456134671 76.324156433237377 77.106573225079899 78.173011651368029 72.713781861815065 73.166741446369997 72.454519299539953 76.019170149406918 75.010682317883393 77.907180901632529 76.599275889036164 78.923744892685093 72.391048385781716 72.825557352050424 72.312433634941769 73.482340568576845 74.552371343545232 75.863037703928669 77.593275110033176 78.457978243618911 73.866929833637997 77.568081471339397 71.692586050375823 73.380667248097353 75.450762250601912 79.483417376188314 76.345325295357384 80.488748803306592 59.114642212975824 49.425308699767356 74.354656235493664 74.538662346149692 75.449215409326413 77.268528061848002 77.415558056053186 77.291872617349128 57.214913090982805 76.335153154454702 58.82254825028474 73.840648933210559 74.33521118973718 77.038243813260948 102.54245408890195 78.39002885056459 55.910565151795076 53.872987150858663 58.059004367281275 73.236945690847676 74.116268756134517 76.345338060023721 78.25954903484579 78.249906596413368 50.13314313813634 56.614538507325776 58.467519329455456 55.037347746467745 74.930581311492858 75.215358837131461 76.743937789345424 183.99510813280767 26.703863316226915 26.061529064937247 48.236253434852003 56.336058842758092 57.717172435365377 73.584006208272612 76.000256968694885 135.67194909229926 12.96990269079213 19.414510703049675 39.772926379013271 47.360565262022185 59.943410286479995 56.234068492462889 75.911705780478357 182.92640512599888 28.441900450667255 12.178227115152843 34.888610425696342 25.576830644842541 57.150811532479779 54.008362099460264 29.663313782389388 17.582215349972824 21.91068875382453 8.4227725785074909 4.6767681244028338 21.460255588992762 3.8837682503308937 57.124421030615686 3.902844765474534 3.2661478528367476 23.147893095321226 20.015742208389252 20.464985905439505 2.773925144207666 17.605984626680812 18.483549606014392 20.427722488725287 2.1526853521655633 23.410233402647069 14.216833153963185 10.472947573238288 1.344093902722064 1.8095070816710712 9.0346051014632049 0.049472002055282058 6.6205927810039134 76.339430050441194 47.78686795628407 4.7003042072684522 2.4722797863766348 1.0776804024728222 5.1137060462131165 4.4343003291393641 0.86490803132563909 6.9715043631838016 7.9808389066406695 21.62052198126732 3.5849686564681118 1.5562406802441791 4.5718077572825315 7.053963726165267 61.418595689507455 6.5423419854156819 6.2065826351821531 7.7601700153346025 2.9644877801947902 0.70164947597394189 8.1307425525759225 41.181879910578402 45.113046744507834 4.2985682802934555 4.9139862110763453 4.9478213412062297 3.8751642670459185 1.9242243871420981 7.5139202956273206 42.408992213354324 42.578699816128143 1.8103806482988434 4.930318523852141 1.0030256303220753 12.817395242787352 3.1040249418470856 18.569724785208518 44.137701338338729 44.189331143093284 14.077164759612003 3.2133329505982497 3.2514238008317013 4.3484453802624436 11.177778795335781 42.919870245597991 41.749618151571845 42.79780064768407 19.156266465882961 5.9492365104894747 2.8592760812193365 43.511843966126918 43.754053551649093 82.335089470273999 36.825576357676646 82.211219145383737 13.686898806077981 27.728497488559473 3.406199288616043 80.001094801116992 82.639039816063175 70.709796517176983 82.556579658034977 81.493849950683156 14.76738241644283 2.137146734465647 81.778948619065687 81.161099739576358 79.756099802144135 81.0708846676783 49.328529207915466 183.67533870153818 44.515715770015035 45.710245578753501 97.240482626620192 77.681500807318017 79.291318539656118 83.527583837264615 83.787176602595537 84.587466485340514 78.967869642567265 63.564598960557987 68.540909226379696 80.35423593057682 80.016342865538817 82.873137610053362 78.307794103770874 86.618617682187462 79.844541490738408 78.03277578722269 78.924092910611378 78.724391830096351 78.128813061382331 81.149530342949959 81.870690044785803 83.734965785286008 80.981486281694828 79.455446862892899 78.930300815623383 79.189997427778934 79.565112757091811 80.277191701741458 84.488173692583615 83.179028418529953 78.52047674036686 80.014154040144689 81.209847531004314 81.453073580142743 83.761102551651192 82.642647616395692 85.742575110591432 85.539380529127271 79.744304459584114 80.807479855549275 81.970590365487126 82.321683509002341 84.734982998536722 83.72405162718934 84.501540035062362 85.650923634156413 82.88567431249632 79.93896875858843 81.614632349824774 82.876049795361141 77.613352855342896 84.821603189647121 83.924737970810483 104.76854390439166 81.665022628179344 80.858038500440159 82.362278621804279 82.981366048208528 78.730498397159366 83.481131520608784 83.537158933333089 84.417750633293622


# name: v
# type: matrix
# rows: 2
# columns: 320
 4.4388033362693289 -1.5491047806532685 1.6672620011673076 -2.3617106020879088 -1.81712734232618 -2.5425925252555803 -3.9688187965846682 -2.1848560259870178 -3.9706703300830548 2.1455154700025578 -0.81814468519201877 -1.0406618848609037 -0.74118715823311598 1.0774336939196159 -0.87328654174990472 0.0054553980679680576 -5.5885492491677899 -4.4819068742017949 -2.2691786986040672 -2.5639651199306299 -1.107099269266504 2.2850417233037055 0.440092863940162 0.71705400386407347 0.62499387924756156 3.2865924376512514 3.8770759303423752 1.1313036246855084 0.88951337110449458 1.3446230646930122 0.076597165524798977 0.92902694750990089 1.0647326387641551 0.95492287514684171 2.0455127678097846 3.4551227530348512 -0.93700006907764022 1.0706721995596058 -0.35285040039636878 1.5776316674588353 0.52167449976389668 1.7903437174334149 2.4230572612930437 0.66803447459394871 0.046491061554822757 1.6961192366017308 2.7615118349825249 1.5164170833386958 0.31294798452011047 0.46375149235860846 0.56229828007824556 2.5386740067311444 0.82712743953750945 3.1437457059604981 0.24787504676087083 3.6211170546216334 2.6821678972667065 2.4098104721706064 1.6358320095480394 1.1327311701690661 1.7076734517690884 0.52339145584537816 0.41654263609125081 2.8385707943219565 -1.6762194870144682 -0.91454614562579406 0.6345780363619784 -2.5555409142093808 -3.5136612350519405 0.45658673617165607 -2.5968581727947653 -4.8083481724781443 0.35156289986071076 -1.7163136089691908 0.18585240877067416 -2.6630940952505275 -1.2326651469689343 -1.8424179820569768 -2.4207688841995871 0.43883088534943143 0.84503143949617399 0.26050943364614554 1.4949325797378179 -1.2013163769097248 -0.56821459697837018 -1.9548851593878598 -1.5036403498245392 -1.5186650655000129 -0.12907451175702822 -2.1555549919763481 -0.72660780485813303 -4.9572174676762701 -2.7193465392263385 -1.8654140631669023 -2.4256262813233058 -1.134187816923494 0.75658146485680644 -0.057388447239759964 -1.6810314232859958 -0.99993115123450904 -1.9904344839812043 0.07223119714709042 -2.5683663023179619 -2.8470748574904787 0.3548839426552346 -0.97164782896065927 -1.3471560359699144 -1.802972649213257 -3.3051751398458453 -2.2522487955073824 1.7352483658490994 0.56897888039504285 -2.5692790965237369 -1.3077130813011992 -3.1518247421001049 -3.0417370007545599 -2.5603561315815502 -1.9075149332208854 -0.98235940944024569 0.56545154514843576 -1.4908665004575661 -2.8490852709255865 -1.1765461572121019 -2.7338389411623689 -0.92652074144642371 -1.788358646559743 -0.17842383147678562 -4.7092215589740745 0.63942593884555221 0.024573538391268981 0.22563245766230025 -1.0679961112691523 -0.67023804417514043 -2.7070093313922743 -1.7740439241580861 -2.2896376605035949 -2.5066071565382266 -1.7397992607242081 -1.8195594863507687 -0.26415823193366156 -3.5237121030010572 -1.1531486266550002 -2.9437332860973506 -3.1420302346738094 -2.5813196559937439 -0.60084020825493067 -3.3052369035009281 -0.76924457336956154 -2.5900058217798234 -0.067069949639066762 -3.3366348575283644 -2.4454644372409731 10.35078207216706 1.2092059683323515 2.9794398013476497 -0.23250556326906752 -2.7838249540610138 0.80410837357356668 0.28301216482355873 -5.9717470570339097 0.073299618044306625 -0.69303542329788159 -3.9874424256483172 -2.0951382887319054 -5.5317630542321572 -1.9909796637929849 -5.3908670933794181 -2.8556026988133425 0.97450087830986165 2.7344044580636675 3.3460097671033973 -2.5501592293367059 -7.4165965384704675 -6.6322296497979734 -1.1946868770402617 -3.7907546520994502 0.48508682928652708 -0.86365086495798538 -2.0628606792712292 -2.7395153673464585 -0.75816249943952441 2.2265736940277172 1.0862742734625994 -2.2070062866156208 -6.841062654330524 2.0630965212345385 -2.4662344268539074 -3.7689629899049102 3.9905474519274349 -5.2511917339051477 -5.658289681242259 -3.3058231137429543 0.51187887568538781 1.4096056935038199 4.1268127163193284 5.2050331489499682 2.3979156653247538 2.315231005371909 -1.0409738233741648 -0.3069193709385597 0.38252291339503486 1.7667281533140462 1.6277740302989672 2.0590058839090926 5.0521103143963435 1.2743730138119413 0.97728382819637816 1.7841523623890088 -2.3235893485783947 0.06130368914377575 3.849485805106228 1.2561408651290311 4.3436537300446423 -1.7689059470067521 0.63057431719080481 1.9875038962170009 2.0323827005784549 -0.2389787409571818 2.9212405580539569 -0.55713086874192641 -2.3723634651991392 1.0333011400201049 1.0631108771924909 0.57385947669628068 -0.92266956557525615 -1.414248362971696 0.020406160842975654 -0.77014065021964617 9.7918552122602343 -0.040191986542440876 1.7703323132466116 -2.4343146887982976 2.2728166734052841 -3.9963414111291322 4.2532210990556099 -0.13719674382335009 1.0637673818232849 1.2539723383882291 1.6181343393369052 0.8588217989636211 0.88813711854307786 -3.8653379513087658 -1.8974318493648914 0.44559121792727752 1.910000987836894 0.79445250808365253 -0.43675204601596807 1.4257792391995028 0.10929121344942168 1.711656123256514 4.162288746325479 1.1474023017269488 1.6803176696996576 -0.86355621537276028 -1.5108570732965616 -1.1396072695747648 2.4739603498712164 0.92406545963491848 -2.100086601167332 2.0779928248378265 3.1793728070225664 0.38120491471088941 -1.3410355362872204 1.9484020431101654 1.5620840585683249 0.88167391345715806 0.51532177851477956 1.1367340043623666 -1.684447979372099 -0.75695785090747481 3.6194590802771587 1.8036571197258762 1.5285790296064699 4.446116950154626 0.68399055990816959 0.60361957317826753 2.2808704323714761 3.3616553956633539 -0.85285755649021433 3.5997089167906955 0.47976302587035446 1.2284026025892132 2.0642292698050468 0.68823458166004547 2.3489844234312836 1.6697698437108643 4.7809613852047015 1.9118284799532874 2.5884633364402734 3.3467335221077366 -0.5637965317747301 0.16612318794667758 3.5069138169252647 2.1940816853134395 2.2101013649552637 1.9976165267868553 1.1844080882873038 -0.041544393818540415 0.11556553949528194 2.5274707079145449 2.5739172416522336 2.847629455801616 1.6793619578318626 1.9263170166226018 0.39785436562632737 1.3374989635234933 1.5382073259418274 1.1964008372144479 1.7187880655930559 4.2765741270040714 1.8963066991926716 1.0795806053282941 -0.0029223089271779579 1.7875234361634382 2.0361680596995373 0.77286166828358249 1.748390893381764 0.97897251632337012 1.2192394033999558 0.85809385392908832
 5.5987895625229687 -1.117490105380994 -3.00464034248545 3.1959294126884794 1.1079637037671337 -3.5184106848646142 4.4774983744564452 0.29108599795669898 0.33244949528416773 1.4045844775117078 -2.3956357418328533 -1.0187738793389418 -0.81039780598378297 -0.18172415674995615 0.2882418658938079 -0.11200043242230964 4.1773761352611132 1.0634697339613519 -0.46148644625178215 -1.5997417734549106 -0.51997848637488275 -2.2988522779832001 -1.5300180758184472 -2.1454547048979111 -3.7002252391953134 -1.6842615605321667 -2.4737413598729194 -1.3688265063269536 -1.7509402341903868 -4.5071631051045262 -1.8863316855641648 -1.9518013021903096 -1.6831164168348605 -1.3575735504779309 -1.6747141613212275 -0.9195047221197189 -2.3218213144105118 -2.6730305023191034 -3.3412241961256699 -1.2305003224964313 -1.4875929598617008 -1.5255620134056296 -2.6536086161768946 0.71949598476323118 -3.3761042027306289 -3.0630822844400307 1.1483931327846564 0.76021528782056225 -1.2649617719509783 -3.2202452150042031 -1.511915700213561 -2.1551818685824089 -1.9368848303496513 -1.19550355787079 -1.9298874724564554 -1.0801622619571916 -2.7369871959699394 -2.877462383178965 -1.306412245450475 2.9860272355569344 -1.263514251721954 1.4297093225339761 1.7198513467285297 0.67835477988390125 0.60183384040228471 -1.7346290033689611 0.44498006869195023 -0.70265671128496998 -0.9237799975639811 -3.2376562915956977 1.641844856551967 1.2975106343904557 0.52128516084598886 -0.05248575776720206 -1.269301031696692 -1.7043782666825469 -2.5507741607674244 -0.64486102475525842 -2.3173590928673073 -1.8459810421032294 -2.7157063693584371 1.2791435436881562 -1.8600077398223962 0.16934511039356667 -0.18148708123428653 -1.1534094848945586 -0.94733151185314191 0.61619144669213788 -4.0010808736121124 0.36427404898921023 -1.0817081255455572 -1.9006949338908106 -2.2772256982697683 -1.5486101143649071 -1.2327615056288599 -0.42686056613914802 -1.9883584307455719 -0.86839233438864272 -0.48067874075233952 -2.1078986916623892 -0.79649710251155348 -0.63898139626068196 -1.2332758453844024 -0.95799975017376049 -1.1286542370050425 -1.5289236584991122 -1.1077723808336155 1.2793691683628501 -1.6777010856984504 1.7333762989781836 0.88007035340333062 0.00010755150183892198 -1.1356831405800614 1.7816068555639206 -2.6015409846577748 0.22983315185099473 0.094711272742520641 -0.2907187371008455 1.4511542305423721 -3.563689934943763 -0.65089136775576328 -2.425627752224226 -0.54688285861719699 -1.1885045007110122 -0.31575740050353385 -0.3834227661604187 1.5578098963117457 -0.31159489917264016 -1.4985947257817349 -2.714886897741144 0.78396945480778735 -2.3808405696507591 -2.0766091971552672 -0.55737971250375729 -0.40123426225988085 4.578512067348405 -2.8641019878709377 -4.5600440171123475 -2.4459915484079042 -1.2143987563600565 -2.2562290880882534 -3.3367339107055645 1.3924851170398209 1.5120815234880927 5.2548068617649646 4.7639362119131992 -1.9440862629784657 -1.3861807893796558 -1.0907995323080915 -2.2670205590650241 -1.6033435295927139 3.4548170530683833 4.0790060925250726 6.2422332796933464 5.6950017758415452 -0.98642152746715517 -2.0569808555452314 -1.5977543347895038 3.9756514192921975 3.0448215370523801 -3.3447735407842862 0.33816089823416823 -2.2633946673481922 6.8005876068829414 -2.4040405994326832 -2.2516381488655939 -0.76905199904187305 1.8321703406897543 3.7216197636799322 2.7918665420541573 3.1640868669003921 0.22437907931348178 1.0952317520751647 2.4047713998002656 2.9453708658843212 2.7155152458381742 2.6186103196685737 2.182676113160066 0.45209373950366916 0.005232181168197847 -1.8249665120869287 0.42992020851300705 0.093875694251633293 3.9997167321991984 7.4788729076432485 6.011068744524378 0.40947628030827399 0.68204155057089944 0.30199508049099094 2.9197518916295122 -0.43278091952759401 -2.117743669857532 0.5609860311883843 2.5207145001160329 8.9777298278450584 0.59703917405697937 -0.2371636399986001 1.0952111846193318 3.5801989292037453 4.1833626856438144 1.0002685756703542 2.9486782699194474 2.2559730155328501 0.76718027546028922 2.4891054072656753 3.0610272366737066 -3.7404097010028687 -2.9462052492687203 0.078443474251616546 -1.0918965436951182 3.7960914736137781 0.78883850484891604 0.47145707270657544 0.22914412096643394 -4.1037182551986273 -4.0942792455761294 -1.3608209035580261 2.0900708089671571 1.1454982088836294 1.6580065996204016 2.5294218420423005 0.96441490307595623 -3.9739275495106186 1.1385453850966174 -2.5976670930922872 1.3737382698017997 1.828222307885941 -0.96039038897661422 1.9077300108608601 -2.0883978606839766 -2.3755105930238742 -4.1129554018785361 4.9553758204151475 1.5273512214273071 0.29023641838295955 -0.2258022686734999 -3.2070071176884238 -1.2634677157118317 -4.0377167529329059 0.31814113980611491 -2.0979116797975355 3.6190648965486725 1.8104889735942451 -1.0581542982746648 1.1058161164087663 -0.81940030315974965 -1.2612343234242693 -2.083203190666072 -4.6827835303637979 2.9999706704591866 -1.2373787450195168 1.2110201477390978 0.47601112014018043 -2.3384894737034281 -1.0623171879605928 4.0361142509800016 -1.1448013488407074 -2.5228945601007351 0.86357808203941411 -0.15618657740128536 -0.93539741856695546 -0.25142727012397847 1.5866015911880202 -0.25449102399250179 -0.76536249872410511 -1.072369632113483 -1.9795123299974435 -1.3708797381601783 0.33447758417050261 0.77655860272569055 -0.33129139978763972 -1.706168357477907 -0.93884140309521213 2.0095815405222237 -0.27382014640245611 -2.9502639283618697 0.83069350626413596 0.80603144123575188 -2.2247358309379845 -1.6225675770254535 1.0929003251027383 -0.8709161107177007 -2.4621135735593027 -1.4824007216698261 -1.893541341094461 -4.0422319233543256 1.3267421075217891 0.18730856202573681 0.19899667642032354 -0.8524852097021216 -0.14201281639594063 1.1013196960182057 -1.376159768654726 -1.1659464600231988 -1.9161652068152395 -1.4597656144465561 -0.37502102940062587 -1.4815382431875013 -2.45997882638135 -0.90584538541374204 -1.7164623959123206 -1.2281135795045992 1.4614522653326656 -0.79325691217676331 1.650307200156458 -0.80411250195366235 -0.87270626658221084 0.51220017636866544 -0.1448074553043098 -1.713332750242561 -0.42488246678901881 0.86129832952167451 0.7123748937230302 -1.0709728994630396 -1.2825015806354052 -0.81312382459976185 1.0695728862774314 0.37452300913317471 -1.903832491848459 0.17522794305969558




