# Created by Octave 5.2.0, Fri Apr 02 16:05:31 2021 CEST <br1@br1>
# name: ptcls
# type: scalar struct
# ndims: 2
 1 1
# length: 2
# name: x
# type: matrix
# rows: 2
# columns: 320
 135.12326909175852 96.829672606217628 95.341999907407711 83.096480846134696 99.612371291632471 109.92457861691472 74.432819482570849 88.289082774001486 104.41286095304332 111.32924868991894 100.1368554118084 96.100248946299587 109.34591771323704 110.31400024393989 108.82139247413508 110.14017055064835 103.42988541798761 106.02173570375311 99.743304420571093 100.53714458103936 101.60837470642643 143.26816525055054 109.21563626773303 142.52916660189504 140.62500609910487 125.7916961628008 142.12671758476694 139.63925763692902 145.71722834457321 146.4576977333428 140.98980565102895 148.69449719277131 138.72749963426799 118.82311280988635 145.43326496857301 142.3876533011707 143.43765199107582 144.29615558929461 145.32484688365329 146.3578129091992 144.77021528950769 146.31224774257987 140.0273270421124 145.50690939863071 142.28837661244322 146.91388242025425 156.61547384877576 155.76162464290778 143.23347205959399 140.98209199347588 139.95459535248801 144.2579100998461 144.32704342541112 142.64249649115342 156.74426725891104 157.61454776364701 143.74371062619741 146.35047509654339 159.07353457764344 155.91831696466309 154.93081237947359 157.15296405744797 157.29718388005989 156.32577362124312 85.181136821260125 87.372424544438601 85.176034499632195 72.589413449569719 86.112073270628812 84.679179776108057 84.05192912692705 37.317956036442055 88.615235550391532 88.424955328729908 87.497151651100623 86.25133519271661 87.875055634006586 87.152905869282563 87.05004370776247 83.600096377684949 94.253129253250151 92.103421858029606 91.150895752466653 88.329842230328353 89.302692420432976 88.448220471029302 89.583048296994903 87.566168987878427 94.448748547433169 93.147239687152393 92.26650770640714 90.209377374488568 90.289544273185768 89.261070191794062 89.740740093180193 88.567544193549338 104.57146306917038 97.550548714659087 93.248040173488207 91.485515292873345 90.576647770616972 90.827898267917476 90.565072051956548 91.89919293907532 98.053540428800517 97.277208312715345 96.180400452184671 91.426544724474468 92.592462476095051 91.624160492428047 91.628483653638028 93.909125475787675 96.242210851357399 97.682002250998281 99.768485369316153 94.091859740684342 92.366142265736741 94.785367566123313 105.62346882804823 92.831023486325805 97.555052735434089 98.349208737260227 99.333931727373596 95.503105600281003 93.393446007667677 93.660170356151525 95.038745034711312 96.489528893194603 110.87739401683879 98.161562433097046 97.092078016984644 99.569161023328775 94.369149798659564 93.380507071050545 96.383175958633359 74.290110549615292 93.188046542111522 94.150765883006898 96.252489623902306 104.38358249729625 99.061298746001569 95.048603897652015 94.445092641817482 72.691300973918374 125.19278656288662 108.34628669569337 80.864533682295644 97.533857809261306 98.899222471102547 100.48078458002814 95.448121683036661 75.302677057134559 111.55731078328671 109.45194732111561 110.88009829977531 93.145580901022328 98.338839341813497 98.588638344699106 106.60984345323122 101.95264600572921 109.82539547560981 110.06186394108137 109.77330809090557 108.02662128726989 107.92531290560009 98.651151241804314 102.76104724907267 104.48927234836832 110.45246973440747 109.01155390319467 108.61563796496763 107.33573325889047 104.31012288963959 105.18749045702488 103.83613096562492 105.78299481086657 117.85484415712878 107.91563498903955 105.23819644841697 106.96932612338604 106.6024627901902 106.28417537388849 109.22619106173849 105.83491172839143 117.78658673639204 149.92876953110084 137.25318973473512 105.20225336639169 137.1776639486103 103.18229437598573 103.91987966209528 106.90687296606603 138.48716676904596 136.86054526051583 142.94450904258008 137.388891232394 136.25056374623222 136.42786011027226 134.96809707174646 120.0979718283501 137.68692811044727 138.81386468730716 137.39497288228731 139.62178647379386 135.58711044740841 137.92540828164985 139.51017640348928 141.74534914978375 134.57527050750804 137.64885285288361 136.34372030596677 136.78681975098863 130.6023722833481 133.63615644991768 140.88017866834866 144.11919230982718 135.7361821464398 135.1680295333625 134.27643759501461 132.36295207478904 129.47453837219859 128.54698973813635 143.51251258677584 138.5346451824179 132.44931270666208 133.37111693564754 135.33349725646391 130.65332370060992 130.34264939258946 141.55397826005989 142.49154009744947 143.00175658749666 160.92765438682468 132.79348300519521 134.72504842045822 141.94359413541409 144.70075253851979 152.91951673582861 148.14869793955236 158.18914981420056 140.2618565011833 129.75027220434498 130.68668332116445 152.13794371010712 154.03408702770645 148.28414263966746 157.00099835480765 158.04589873388989 140.86903855951567 131.61974124550838 153.1215842828278 153.80664015163555 156.42750085373646 151.89132723356434 147.26584013788951 119.89812260926982 158.23765234899619 159.35772158041755 132.54747750728802 161.85123632198832 157.51143217597695 155.94474010677195 157.48226896061794 158.49824927104615 157.01726540019516 152.72819822399202 155.78578114599952 155.54205949778211 158.45339215860713 154.77782681021745 156.45933255437015 157.87005136634073 155.88113105198244 158.99920942012935 158.34921067443395 156.96847469763352 157.53985932330991 157.36434269902671 159.29199657581159 157.16276114292086 154.53541252940192 162.25720841614921 161.14827920108465 159.37512187415967 159.66754186555565 158.735369277134 158.33607508054561 159.4366379345183 161.35079156939958 160.28592207421138 160.7681188359422 159.77536712872401 161.14591922579527 160.05894635139748 160.34837064533463 163.52327565970532 162.4382059776643 160.41436387747672 161.83539878859747 160.98423347321727 161.46326834739543 160.39964073501559 164.45754330117953 158.71490085923921 163.9016136593288 161.56832556476661 162.94241886382412 162.04574174752682 164.5506069606358 163.33837924270779 163.42817270107483 157.4293090021074 164.23439818709778 162.8215663832338 164.091436874089 162.3311860823442 163.52777554635642 164.19777960891128 163.08394702768294 164.62987810903127
 4.39422808341949 72.774566010175832 80.507818275548416 145.07050392257284 64.417940780512168 83.697162877441329 154.10420559955469 103.06700041683548 6.6796279294824279 27.851367330451477 67.387123138942997 79.785668688956946 88.735520292251209 84.731446585639091 83.127851302737184 82.551684447054029 4.2367740242808143 4.8646721216130233 69.427300204515205 65.436978530868245 64.618019373784279 64.31453789889305 84.476902082791824 65.179341218016745 60.317735704393854 65.240548560349524 59.406065121640992 76.137702441594158 61.849882304477035 64.224533125459757 65.258309262701616 64.437310705524624 56.990159122638765 43.904487860565659 63.76149466478067 62.42226544990038 63.260094131238255 65.135603994187051 60.499426102496052 62.925525299234614 62.806688754411184 59.517027534042569 58.709864295086184 64.909101963777047 63.809199520798757 61.979118194448688 89.815808045680186 90.437530202070747 59.931713675170286 59.129097526656899 56.525886082451862 63.89865312435407 59.886691603899187 61.339975240340728 90.889578270738639 90.085791472016894 61.003468101547526 65.417095422646142 85.903638233663628 91.982562170501097 91.290611899086329 87.925073607386466 92.101963128479142 88.792445202013297 79.628906619005917 79.414482175156664 81.096397049937153 79.615291328542796 81.686292870111927 82.06838663879843 81.034594615031665 113.6686725114961 80.11516334153734 79.102454021053831 80.528344585999449 80.20240270166714 82.345084800308896 81.570381499037495 83.004259713777742 82.13194060065922 78.667456975866642 78.994975498311035 79.590827354175374 81.324658434003439 80.933571715730977 83.328822490275599 83.21739319749193 84.133461457242888 77.315071997875762 79.516595071748029 80.123894863441421 80.374985114066263 81.54989987968743 82.152233277752089 84.670504030582137 84.589150918480925 79.620526765397557 81.624387461850404 78.4376696470148 80.857203124869429 82.646457172761757 84.946566028559943 83.792356152888303 85.121266590602218 67.780791460948834 62.370154200489011 78.680128176429662 81.985452353139422 82.610654202012867 83.025397946119938 84.115875335721171 84.177358986836481 66.381506832258196 80.495144676282749 70.666434818586879 79.928037589996777 81.426932678454762 83.394894129617697 92.094143628993905 83.794407128771425 64.768318653317863 62.644121066775938 68.231855561357293 77.874074552193719 80.70844044071103 83.021952906488664 84.566183024123873 82.21299185831954 60.923025163761615 66.539981031560345 68.431183823465489 65.992839454042681 81.138372611237813 81.888699273349943 81.006116068667097 153.06580702564685 45.704372965621907 46.39286406707626 60.822309318395881 66.934295193173043 67.007145561594314 79.455443369262497 82.270602101933264 124.7849621231898 24.428364261486173 10.265783425554645 53.770347472453878 61.135778702343508 70.107407539386429 68.574443953024868 81.672612151499919 153.58065511227298 10.277974393744978 10.469351418768701 8.7043106337246492 46.801072226951796 68.82833033937294 64.179498501105357 26.888333216404355 6.6608424567582496 11.630576650126557 9.4617979615325165 8.4158942507035537 7.0294637990449145 5.7928935336786278 65.372774271574912 5.4356685881735061 4.809208790720426 10.593603466588577 9.2704089155922986 8.1703398736445063 7.8616699828331411 3.2447207057233953 3.9303335711043692 7.9714276222711886 2.863768650916811 23.734949640355843 9.167249979686444 7.3128033690273408 6.6085545854525458 8.8289304477993742 7.4862764340410033 7.347591390283033 6.4500358866853764 22.444791138297941 4.6114898547667353 25.37528689449956 5.5669813342806744 18.016895448479822 6.448227992382944 5.7216251135634248 5.4594380270733227 21.559283432351783 23.376474264662299 16.688564648978648 19.407775186965161 21.444691842032555 18.798372518107559 1.8043382224537474 44.119108282437189 22.647844515944804 22.816135468341088 21.565314113565059 19.746696961090301 20.62725520470503 20.293024223633164 57.716637921628788 60.445508144687828 23.507530107510231 24.331210739155431 24.559813591803795 20.440206998456627 18.968490578828746 21.479863804452709 57.87430174213636 58.751490325433132 23.645871642447151 24.547131192868164 22.518200230078378 21.254571507454493 20.856679053896617 21.639544074431026 62.07470476286155 58.381416347217112 32.780367829876539 23.192643992671055 22.561924927933219 21.348070952264152 20.156392198535155 57.051166567285129 57.465620091402613 58.614252230631031 16.522439441106329 22.348243458171215 21.305030985722478 58.396661536256239 61.441504042993017 84.06518167441763 65.717826397423394 86.887336479398854 39.087300430964966 21.963137809649549 22.596592957254177 82.318984333496232 83.676059122037458 76.609478699932424 85.379797253435413 85.65977540997342 38.187986304717569 20.264889827760388 82.917070201014752 81.507680193705852 82.468676780124284 83.450850445681311 64.843016183559911 154.61531609446536 58.459923640357694 58.173448252789136 91.022720435943498 80.681191194812428 83.179657324750792 84.603678630634548 88.951830952683835 89.086671019844317 79.780193598382496 71.285660311766506 80.126775766920119 83.172288787249542 83.834728536816939 84.521158134062205 83.577284780240916 91.102960440491245 81.202562732043504 81.619428253885246 82.622781251008561 80.951379275808833 81.932861319292698 84.327865805997504 87.032960414967548 86.491692446775716 82.59771620379243 81.77587320004065 81.517232894584041 83.034561737285003 84.033484545321585 84.824521108734416 88.025670240217778 88.092518032680672 82.524173296001734 82.137316355220648 84.510178825118189 85.144853401035562 86.866506300715557 86.25738039412181 88.743053563364356 89.542300736693377 82.915760882440878 83.293832302253719 84.861434914469925 85.604686255749542 87.976337687102912 87.507873992918476 88.97785492059586 90.222130843664118 84.036761544485955 83.774352747619318 85.128557230233099 86.034152794049135 82.552411356895419 88.484667678888229 87.331527601800204 98.56719593183152 81.405101858085132 84.006443970221525 85.22380353505207 87.173210488733488 82.849949749285344 86.486485113898979 86.316645276600909 87.913734223137951


# name: v
# type: matrix
# rows: 2
# columns: 320
 1.3579693284185725 -1.5491047806532685 -0.36873110734769876 -2.3617106020879088 -1.4018451821860365 -0.23419381067940345 -1.5929192765811204 -2.1848560259870178 -0.16271584087320223 -0.62397535907694635 0.87755338594754828 -1.2074239323699241 -0.74118715823311598 -2.7261909082200626 0.58030060414313389 -0.56061612063948063 -1.9212967048241067 0.31664051656904613 -1.8118954733332435 -1.5210658615108594 -0.5412092066399139 1.5676829679746027 0.70858857206219161 2.4717882259178028 -1.6099735291624859 0.18963793975630527 -1.2427792665343131 1.1313036246855084 -0.099201024941033944 2.8077707502576379 -0.51189370690157432 0.58826442115223065 1.8070241776592217 0.080104777560496304 -1.2413967302020037 -0.42372529716636409 1.8144473056247596 0.16529982608652807 2.4588285594166344 1.6013777040131791 2.5688292128934647 -0.78622652217156774 0.75780139353154108 2.107032438966244 2.2482912324341533 -0.88142379300805451 -1.0779922313304873 -0.65958264736888794 0.20490750822821482 -0.62518272264184183 -1.9472880206934384 0.79387169794675616 3.9187057883625434 1.836609463505295 2.5767424614993817 0.67267812736730326 -0.28594531454251515 1.2268878431243069 0.74729705356943388 0.95363813907986539 1.9796000024617775 0.55758764284635309 1.5336873519523153 0.19721012248748668 0.54763200966484837 1.0005515266436824 -0.95744219838715117 -2.5555409142093808 -0.50279592333634848 -1.9107438898072144 -3.0187805190368406 -4.8083481724781443 -1.9274495751716774 -2.6246759087968385 -2.6825169363782875 -2.2012297862287893 -0.12491995336392533 -1.4288479700727486 -1.7784516047594083 -1.9024300313227693 1.3370782100706951 -0.63810871328008523 -2.8597653752995833 -4.0586868216892116 -1.7792116465728114 -0.24193826018692982 -1.8901146568897302 -4.0966706307168019 -2.7966714400578216 -1.9410276583718566 -1.5360776766981303 -1.7617690820213587 -2.6932118273601549 -0.11363062281028316 0.56260153080404263 0.22880962126632087 1.0957960171126855 -0.71033500690714813 -1.3612189170397486 -0.23010712307595238 -1.3437409718528426 -2.4217256400165388 -1.3882270118495175 -1.8750587288687544 -2.1312920188249094 -2.566690434911993 -0.34544818740615252 -0.72783521721370248 -1.9972228659483322 -0.69358463618995614 -2.7391901891619024 -0.93837710294877452 -2.203764449186655 -3.104679806281549 -2.2845302254350197 -0.80198016623202484 -1.3559108118229097 -0.54769290843130458 -0.98235940944024569 -2.7472019124236047 -1.7764855501759893 -1.4799933867549475 -0.61474997714373247 -1.3193753040080132 -0.51677566410967468 -0.33913407071079377 -1.7930193143615387 0.39878318433554638 0.63942593884555221 0.18417027603494604 -2.4731327080631238 -2.1322098461459178 -0.38371761995121484 -1.8286304507533777 -2.3104632974076456 -2.890488986230753 -0.081861884748771832 -2.8247785390750142 -0.31622186139557817 -0.94314333146569318 -0.51156715691645371 -1.8239239851751972 -2.5010264949017369 -3.1420302346738094 2.0503194377782759 -1.7045198368856593 -3.3052369035009281 -1.6770761140357551 -1.8502697719273957 -1.1001780515589785 -1.7474738138682966 -4.2205126315173462 -0.29275751923937166 -1.3661287427510369 0.14531581759757639 -1.5722715567077328 -2.7964870420330978 -3.8199918084259719 -0.91553894821569615 -1.2580604804752942 -1.2287727839840139 -3.1108717034845368 -0.29872381623959965 -1.9552497009301479 -3.5243949395058367 -0.039026597857121037 -1.2549890646882025 -2.0029782856349709 0.61416884664145233 -0.10856715548156064 -0.43574187931250197 0.39097368040506741 -3.5712837359977274 -3.0099204476892516 -1.8044042388442423 -1.6738670843805374 -0.033268654812605235 1.8804451410349379 1.1887279266463795 0.22282926555499116 -0.77185250211673773 -3.3107271884953891 -1.3199977867816579 -0.27904402683240226 -0.69818439717262903 1.9063454546835059 -0.43277012039888496 -1.8157678265415658 2.318381450863555 -0.7962146054572169 -2.0165467154219225 -0.50446988691674721 -0.74059746411464877 -1.2067858688394437 2.5327848163482951 -0.865295638249719 -1.4730640277430931 0.4080230307019117 0.9259881844467065 -1.0141045881353403 1.966616486859287 -0.19232957500363282 1.4479729213515504 0.72224861954954622 0.11401461729645276 1.1694151143616545 -1.1012910980170594 -0.8396434935739947 -0.14884462878830712 0.16478984912756101 -0.79575877702055009 1.8953707094916934 -0.74416580189745996 -0.76303997234904974 2.0098128185541779 3.0931843067343539 -2.2439879156913807 -0.089052526869129664 2.330372864806022 2.1219817754265509 1.5542232272920957 0.38237158175029828 5.7617488472669756 2.8753783063481619 -0.92266956557525615 1.2763583248512897 0.3767695001629614 1.37133650148846 0.91391850564239963 0.34394906967910516 1.988092182834559 0.99086210876492542 2.2728166734052841 -0.7686408470675784 -0.17696284839374132 2.3741609731486513 1.5471950299275978 3.5715455349272531 3.7684001163545457 3.3330473998692605 -0.41822967983928261 2.340418821114814 -0.28938546914116065 1.267340008818314 1.3529952558207845 0.79445250808365253 1.4790391524957942 0.74612113698369165 1.4156580118317892 0.85506305085398226 0.94198090665639833 1.9383216796291518 3.7981423724921646 0.051586283421649344 2.1546667818346723 -1.1396072695747648 0.44640627134792904 2.95161953815819 -2.100086601167332 1.5936528322219228 0.19605756126008686 -0.82316211519668891 0.06848189285414355 1.3813572560778269 0.40383671910514951 0.88167391345715806 1.750859270064828 1.1158640652095388 2.5374094306362096 0.66691186636740318 -0.23823469726153912 3.208226346589822 2.1062432392967705 0.63092207386289068 4.2145619401424197 1.7359760686755041 1.3211074894899704 -0.036944834986644748 0.43569549548165842 3.6555522140305228 3.0669237546825312 0.77350554395004845 0.29690762635923384 2.2324178252397204 1.9790349687824313 0.68719741434208492 3.0567333502738574 -1.5515775328191761 3.3208840737188847 1.3979731920904375 2.7000171855865518 0.79224464709776032 1.4561205354927651 0.014236318727765651 -0.81818536384822427 3.0908243814400662 2.3722183328684285 0.11076797721152229 0.4595900827244237 4.2416886805205598 0.073495613257306691 4.9746765088441718 1.1856387474906944 2.6270809277254066 2.6465293029577159 4.3844668283096295 0.81644393418793271 -0.20652070690984153 2.6450798108159992 3.6841254648297461 -0.44452823689545945 1.0795806053282941 3.265640981538537 2.9691392972278017 1.213984387240721 1.4621033905138934 4.5724609202904638 0.65330744581824007 0.93695981336019274 2.2455258902896622
 -6.3445512990119379 -1.117490105380994 -0.84849448527512128 3.1959294126884794 -1.1888533697094947 0.13839529996755673 3.9642916221086844 0.29108599795669898 -5.9093837772550089 -4.5400459979297505 -2.2785769953330206 0.64992464107834713 -0.81039780598378297 -2.8531782006977107 -0.83279441451362424 -0.95945666646200378 -3.7392374051763824 -6.0515140651066242 -0.89782551945006028 -1.290767729479543 -1.571215407282927 -5.5621499188030574 -1.7652520977305113 -1.5102053458921187 -2.1904155953715247 -1.9360448762617062 -2.2115120293082957 -1.3688265063269536 -1.3912661506148072 -2.8387644490150166 -1.7620368280048777 -3.3221151856650741 -1.6485746410546112 -4.1559286704472846 -2.1123389684540821 -3.1625307928448874 -0.77540958835443397 -3.1387705711069835 -2.4468682596494635 -3.3658731186384441 -3.0259665707866454 -2.3267221847586423 -3.6003066615437884 -2.3104795140610146 -3.0742903269699124 -1.8990444977298864 -0.25206433218616159 -2.4728329364218826 -4.3526477095335601 -2.6745145204191316 -1.8574160832322533 -2.9487944746730537 -1.3578118037878952 -2.903163571467009 -1.5886813038480279 -0.61235511270244147 -0.36763069870314352 0.78946035319601904 -0.3537254051874254 0.17142273109287498 -1.7168663620244649 -1.8681955655914495 -1.7508444818133544 2.0678441103094158 -1.8762186133394381 -0.33920533446750595 -1.4764350512764246 -0.70265671128496998 0.60795157104047182 0.29442191163307091 0.64191075999547154 1.2975106343904557 -1.41797428262039 -1.8235007861859993 1.4510940007194599 -1.2784555498139809 -0.74008647208444533 1.532390621597977 0.73489027700720089 0.26070778881665246 -0.64700535360929612 0.20883334235593537 -1.5225614878351574 -0.59875786888701543 -0.42861523330781193 -0.52995854167002743 -3.035926661990727 -3.3358165078079973 -1.4171155369936985 0.75720211152449579 -0.64219288151767584 -0.67581970897003818 -0.64967478481413021 -2.391806886797307 -0.82081104661445758 0.40736228943412878 -0.76998383527079506 -0.92561266433069989 1.9253439449603662 -1.1000828757649364 -2.580735940908307 -2.3139162635594217 -1.8581998337677372 -4.8764082430236417 -1.9107263385691677 -1.9212214433566925 0.2016585156203583 1.2368874779805961 -3.0648598079283857 -3.1254628001205469 -1.8591882619721789 2.798301490646506 -0.95073119435936571 -2.2835256467265941 -1.3540866546658672 -2.8710652521695019 -0.047455867266233881 0.80085719861225357 1.4511542305423721 0.74817913954300486 -2.0367541860804805 -1.5555278921086451 -1.4174351799290521 -0.19774606941968026 -4.1437501854372067 1.2761642762092149 -1.4138427824832833 0.79799133911996734 -1.4985947257817349 -2.3189864951025512 -2.0071562079070411 -1.1304360543225147 -1.5716501373870273 -2.1972445113448038 0.2470862848465841 3.7094370444604885 -4.3587166842004068 -0.77891651056570155 -0.89342610143646117 -1.5869886814609546 -1.5862751135389943 0.56187025118267164 -1.579933027250187 1.5120815234880927 -3.5162276711970275 -4.5803231138695475 -1.9440862629784657 -3.6462160670396218 -2.7772371740915442 -2.2050157073301238 -2.3126594810418419 4.8370988283040512 -7.6090371098766232 -6.9743479691020518 -6.7622260971874733 -3.2729343376843607 2.9917224234711282 -0.74914120159399789 -4.8047683630626112 -5.0312402816131279 -5.8271267790462371 -6.893107030964102 -8.5128285970673634 -6.2112034953451882 -6.1053006819047067 -0.85554600330375885 -5.0554179411853681 -2.5305431956624345 -5.8661583962713442 -3.3350532781654354 -6.2107241192387761 -4.5419613323818071 -6.8758862385698718 -6.8209846225029187 -5.2002070787769217 -5.490836196431478 6.9162626467691224 -6.7076389878814284 -4.312349597885289 -7.2828835572816306 -4.6847704510718673 -5.0199778050191277 -5.8517461659363557 -7.6727286838926831 7.8032695089330408 5.9957003488919911 -2.6912903744217123 -5.4850009136861848 -5.3470725907683496 -3.0964391299188141 -3.3073412687244526 -4.5296065633260651 -2.5138329123039247 -4.2732640162450988 -4.4806091023851753 -3.2179352978949156 -4.7334664576085883 -1.3637199004859877 6.5093544091306157 -2.5503168212987033 -2.7622482116591285 -4.8811705397104301 -5.4606641914362033 -3.9567287569879093 -6.2623469846738686 -5.5764216864072527 -2.3940473967695075 -1.2974477268126028 -4.5534037477719673 -3.1335458974005066 -4.5705023574678005 -5.7081607347654479 -4.2893419084068078 -5.5470273864896313 -3.1703993997760587 -2.6344969669363403 -1.6255586877026409 -4.6544429161413117 -3.9512684910892988 -5.4256257359268725 -6.1984027136883251 -5.9743403855217494 -2.4309469868443019 -2.7880497366959318 -2.5976670930922872 -4.6902041392264335 -6.1231118743910704 -3.7080053666250299 -6.8387573063088931 -0.88876669215274062 -0.2880778665288441 -2.4784388146201377 -4.9553758204151475 -4.5236594325341573 -3.4347898176486553 -4.6228946626411256 -1.4049629921373858 -1.0707885887410156 -3.3822916937136784 -0.1248303378140358 -2.4304230385709356 -6.7629746832804924 -3.709133469764279 0.6675650028605743 0.34453951764696072 -0.81940030315974965 -1.7367695225393311 0.80235591414842444 -4.3502721715904062 -5.4375025927381717 0.024487572498726046 -1.0448408622972176 -1.3364947229453348 -1.0258711598289438 -0.52937091939186665 4.0361142509800016 -2.1921877715821196 -1.4755081373592978 0.86357808203941411 -0.42389466341616172 -1.7833141946924416 -0.96651092033184016 -1.3925678367989056 -0.67528686698709983 -2.8928308374220775 -1.072369632113483 1.9894702465449841 -0.36284037594331431 0.90022170874994611 0.73117972610116966 0.96632392796443123 0.22426033290899466 1.0358737649989094 0.84146469326710294 -0.42439158967029378 1.9981837481168263 2.3874611553183094 -1.7879024499832625 -3.0875440836705064 -0.26127212920491066 -0.63193858189810659 -2.0453720576303378 -1.3970058711110105 -1.6876665602768868 -2.3022093837747644 0.88042835342104808 -1.6321812769361805 0.84173794332555063 -0.61030805768892615 2.5893736424967018 -0.44418057085329243 -2.5578131511960165 -0.88905908780803733 1.0193829844342841 1.7367376767210752 -0.17143529109597583 -1.4607915431047798 1.8325702499701653 -0.16365506529228585 -0.064945036262546954 -0.80463228867857683 -0.35058267361280926 0.23775258309565964 0.64677352598148452 -0.84175896587530319 0.77209475716176601 -0.56709736762021867 -1.1065218356973598 -2.3213754833353479 -0.84202341647525525 -0.92843007243309472 0.86129832952167451 -3.2257099135008458 -3.1914619929649359 0.68481607013406609 -0.46198615520324054 -0.36717799787609806 -2.9554946933556359 0.27993580542853158 0.16540609130121325




