# Created by Octave 5.2.0, Fri Apr 02 16:07:43 2021 CEST <br1@br1>
# name: ptcls
# type: scalar struct
# ndims: 2
 1 1
# length: 2
# name: x
# type: matrix
# rows: 2
# columns: 320
 183.24107136405036 79.402243823866144 80.306158595340634 56.527236572645862 84.558259183644211 107.60631260173126 40.766220241666886 63.709452481633029 50.368320749254281 116.48194560637499 85.885045030321635 80.848080456216834 101.00756218312662 106.56045584010356 105.05426303853234 109.41135378240118 33.103692261645733 68.636541246374634 81.121534635854772 81.990136484689017 85.579601730281254 154.0762817404399 105.88067788547485 155.85389087576198 151.72871855849905 141.05208470275181 152.73904618971403 152.36642341464761 159.67782210738997 156.57390732444409 146.28415467174511 155.76646315438907 152.52590146683772 135.23917105672388 158.35928622832296 152.89446719818321 154.71364772978174 157.28541157228696 158.47269725872258 155.11677850265272 157.35749033056797 158.67995579378879 152.24751415308816 157.89498264789444 153.35236153131058 165.48744914725083 173.13710174848265 171.56270707941709 155.54665763180773 152.24719423933311 144.14342144849894 156.62609530008163 159.20602968324513 155.1479393265831 174.12369497143837 176.71039272218562 156.68619445555527 167.20271392047925 176.69703604768699 176.94104706695342 173.45593864403176 175.14617010858569 175.06698763683286 173.17138448152406 69.478868313265195 70.337202014772274 69.432511643921714 43.839578164706751 71.00237425045583 70.366101283199896 69.757061051587684 16.775960903937452 71.323583447866199 71.862612644759139 71.31776236664615 70.00215945255168 72.683304397196835 70.557129716099041 71.483902263522083 70.405025547231645 79.637042339505214 77.812508405289051 73.533585451726921 72.311935345297059 72.421602287694711 72.060176799914345 74.42936573633888 73.044397444723799 81.677013843700848 78.639978130590677 77.530387895496247 72.810296750753295 73.530651153671371 73.54060861084325 74.372922010437676 74.00974706751272 105.69062705431311 62.393749727900754 78.795370439387398 74.010622166599276 74.548616111429595 73.041169901609578 75.852810853266178 72.084467672670698 81.562955899787625 83.750556372323942 81.288003178290353 74.781324379813441 75.836395776797431 76.690357007361172 75.341950735129757 77.768511597086487 79.837162158605622 84.800737023842061 82.588849865124445 79.518558124502619 76.397397910956443 78.954959210059286 94.571925471848942 76.137789152431651 71.399749395948533 85.05090812429286 79.750992397216834 80.827045220155838 78.319603161126636 76.86832333363499 77.332949750269748 78.504140231647597 118.07093582885361 80.353831840966336 80.817264841333866 82.695639592505756 79.138679847743603 77.246381073995977 79.900299816034078 42.142268243682622 76.160159920868722 77.182838178159699 84.235688940649425 98.081373419832744 84.735661244070855 80.521870836654443 77.995514367436641 37.343460833845512 125.25874157298925 121.86400310021108 43.680618517915178 82.920119206955945 82.144793120602074 83.588441821759474 79.942804959687578 43.198008542767518 212.09466854566512 128.71879896490523 141.97142162240289 76.753635446132947 80.768894440421775 83.814512181475664 106.28756249805164 35.111547190878859 124.76058461258798 118.52971769751903 106.22758668765303 103.48666021153443 69.858848047076677 79.33163424402359 52.211121598778 69.487294905566614 118.14599972115818 123.31280952778333 123.53578711562601 71.413003206279342 34.661824566118099 35.667887081443439 91.233303779364434 69.930355701302446 118.72439963202532 104.17432881148896 94.969460519940441 68.42538044083102 95.977667568158225 122.0745661606144 121.38233393755348 89.287514410227189 90.147127895642626 172.05107837083972 142.70310101720267 68.881868595397862 162.07520820231119 51.665823726977528 51.096841089212141 68.826582923934637 141.6367666798061 145.88568573391103 179.29021251869256 168.94592885038162 167.5946403628501 152.77431728789628 121.49128292763378 126.57143073436615 136.97607498304325 136.51368251500213 152.17578120717423 166.46003125928411 161.16536082243229 151.01220134877121 153.41859964006323 154.30144043184927 126.43141830306399 131.07747523678071 155.82384939648668 157.74180510338891 153.96706519017775 120.2112069761244 153.6063162630378 157.00184615134899 157.88389424436482 120.52964736404277 155.05159629070081 124.02973810747946 125.80304754321239 123.91651105786046 156.20038362506918 151.09946875850397 119.3234726234715 126.76371090732962 153.97703617256684 120.47252655870103 210.25124943745362 155.57353130938108 159.10488220308702 154.06637653068248 186.49684196263641 120.58413627143943 155.00404514277284 153.01847384142337 157.71923001113998 170.8226184013854 167.41630536729707 175.01983954841742 146.86873559934594 94.744685573226946 128.99482477580338 171.84420150486656 172.09293719572946 157.2217333556338 172.86763664592127 173.97537640453805 145.83428048257781 125.45834035504511 170.87262686052921 172.42711601789415 172.67711591969825 171.48680335683076 154.62940816209721 107.07754082653977 185.62445677845173 180.60193885062455 108.92150324416895 180.18230878918678 174.64634307555937 172.26441986261716 174.27817065470416 177.13585746386585 166.03166308626356 162.77925876015965 162.17661593694405 174.31866377557844 175.42576029714809 171.06586584488431 172.7775181206182 175.67911732746862 173.60180485878851 178.96968270818127 175.8469117046574 173.80371779280014 175.00784390877462 174.81398176483464 175.87336369457503 169.70925858461561 173.61213116273871 181.70671215381034 179.34166011056681 178.12796383451354 176.89955873719049 177.83205258879954 176.06394261683687 175.85631075318224 180.31645420040743 178.89620391926596 178.18408126355996 176.97913826429073 176.94843888462484 176.21603470005701 178.44055440023013 182.11847369180197 180.35597229984302 179.30392239468051 178.64645257483639 177.37511387075477 177.64627702671459 176.59663942096185 180.60337936437554 177.80375378214319 182.40287386614884 181.42374923681913 179.7556847625539 179.16910307534073 182.58467016833575 179.54374881082498 178.79232421680359 169.5745908120644 181.30254746170314 180.59354992266705 180.26595312133537 178.04582199815366 182.17349046652737 180.97939827843015 179.89870401047219 183.55928310662176
 66.021087326299536 60.202802324643798 71.72858611795381 181.02470981529464 50.260648438583004 67.810161470597805 199.228238060888 106.34171789386194 6.2843590489538785 15.468785487727111 49.389093566536765 73.448521637673352 79.61854497493573 68.32479277077833 68.091667366357072 78.470995490491248 27.695381067407784 11.031392944384244 51.173467524606508 48.955213575923622 50.445226364458286 37.671100096978776 67.318851123127715 36.893918355926978 34.663553960161117 45.908076752367116 35.720368580947898 60.738404245407644 41.591495051011151 37.874910538731314 42.795021599509219 38.676033256669605 32.55731945984185 29.578513186069735 35.647159196066951 37.659201834361369 36.676833312737024 36.898981289276669 34.407686675501424 37.664863591568839 35.272490054584388 32.543505966393688 33.687064242420398 37.833837063955414 36.641254898748016 28.852086225948774 83.196242648824665 83.222621590988581 35.753407569185136 36.716277666945068 38.934704491644681 36.043407243101292 33.548883456187227 34.680764432691966 82.862759167214023 84.246274348434738 33.80932875043451 51.666521197813488 77.625318735260933 85.391299046817693 84.294450197061622 82.511789443254415 83.730647702716382 81.856213631450032 73.17440567754781 70.296167115939852 74.654421811101855 71.710403326575815 75.094295306463181 74.005661084106393 77.046891287904231 128.26566714838546 71.095078462625509 70.033636960021298 72.241683903303411 71.52822988621422 73.84993130023021 72.965126935791901 73.596271506062536 75.967552346064025 69.757428223288642 69.230044668024661 69.304243489846101 72.755079504702394 71.645254728681834 74.770580733888593 73.490146036671646 75.158416395687581 70.605073580388776 70.146198363206025 70.453176186028259 70.521399036985827 71.767401668698867 72.818008924086541 74.658872177398649 75.809122262420615 68.963569299243233 97.206185055299287 68.996875435462101 70.400417797370693 72.315994976351931 76.364359629310997 72.984930732209293 75.841635120362767 50.091910153025296 41.773825665143839 72.402610063482228 71.289575778773411 71.75827421260513 73.733405535550503 73.984684807287636 73.541784599487826 52.801604221694163 72.311295064193246 51.00023695968094 70.851267413406234 70.88964345897611 73.392149685856126 108.41962872260022 74.703160835385091 56.892310407066709 48.541911732350066 51.735064892139917 69.340244890910739 71.203979136400406 72.577678785637843 74.623325166415228 74.473811527385948 44.063834498722123 50.333313573252475 52.172804981778604 49.823274801847681 72.120259370509473 71.517610965827814 73.909886971858228 198.61829883841452 14.522976101792249 14.332759752659339 40.691732240464901 51.417743879498374 51.340621433748296 70.40427609721425 72.465582740861734 141.79587926241993 26.633132253035154 31.873239356438042 31.89937701395289 40.844130706071844 52.038084305136067 50.679715151824993 72.821921447720129 198.42928768566023 44.961875125392709 35.244924247883212 57.953367617852535 15.423688665130825 49.343888668472182 49.377586638026813 45.494283282517621 28.285436422427821 13.970098243504246 18.095065584405813 4.9892884939024702 35.948150002873035 2.3798094920609913 53.962920475542262 7.3375101729259686 3.6893202313704432 39.07027300717067 30.552973398879324 28.716446077440704 8.9889695544822477 29.441577925964207 30.023355451556061 32.356474495556384 4.6589969223611334 40.293298588879168 23.056671412260954 12.303927218227736 3.711994130604571 5.5816072922810367 12.465601668789564 0.94436378027212242 22.819445546410801 77.455815083261783 72.112270446748767 10.250164992484571 2.7114647843146131 2.7718248949664006 6.4462023073292443 7.323036823407282 4.7318353066826795 9.6699756584856846 18.189732632110985 34.518089786572595 6.9064414803112886 6.9773487587335401 12.763940632939059 11.527628354034723 78.361214566362619 12.948024684386695 11.845763416775574 18.809769544304444 7.0778933217964788 2.0200515435112463 18.671558330680437 33.534384225428049 35.573974600732747 7.69395264777524 6.7319627106061759 9.9128630475937847 8.075008513925777 5.4772781801608215 7.1534479229614076 32.212346129221402 32.489802096229461 7.0066029025514389 4.4435395859489848 5.2744440224994067 27.174264387497434 9.4390940409935968 31.736231168266041 34.805229650387481 35.511616684035268 5.6388837982032483 8.9858163066521879 4.426851906052967 6.0347946833308015 18.904085339322009 33.689558585536282 31.36807784667165 34.393319710601752 39.225538538565722 9.0880797959436972 3.9278084905270503 34.739343298667819 33.314646383447347 79.534336315223712 20.472823508298596 80.833563703066758 0.44464321209807312 42.656129067585219 16.857094464394351 80.221822253373233 81.292657379982657 67.391225289377047 80.570405507460535 80.748061512644881 0.49125812363151189 8.3846050336980085 80.938611769777239 79.352616617703021 78.291437576814459 78.574340397233826 38.751746706643274 199.97839858198336 47.783978784215634 34.177881783271026 100.73797385887583 74.514900318238688 77.163010209656406 82.472965750868553 81.884044235412716 83.112048426806396 79.013526249315305 58.929692610094037 60.815693630291577 78.448498758764856 78.10447698203599 82.157441377003281 76.752678336161168 84.811817874118617 77.553236601209335 75.499843332591098 76.936751561677909 76.356845974808223 75.953223266127651 79.476796047281965 79.168498383071835 80.806122571221152 79.732135265365301 79.533792724432018 76.731768283406907 76.840491607995773 76.492948376546408 78.118431148507568 83.304974093704615 81.498659460601587 77.175501543145145 77.858027367141204 79.096668126710412 78.814419755427281 81.198711857578104 80.376698178644645 83.118419172307895 81.570631693298665 78.195949429442919 78.879172708434638 80.042773590754749 80.146544069230472 81.958774152780265 82.171074634856552 82.864300739958452 84.122798338682927 80.405976487024958 78.428114693554917 80.010301960016633 81.010071176971366 78.203511975993763 83.138590597815153 82.051767462143189 108.25680213895674 80.520790148021177 79.332035068531241 80.972895089216252 80.986126150603766 77.217601571600682 81.703497922428525 82.022212422167854 80.495677484851882


# name: v
# type: matrix
# rows: 2
# columns: 320
 4.0452272840958052 -1.5491047806532685 0.39636032200955501 -2.3617106020879088 -1.2864523361756899 0.64012759045809875 -6.5731248803771543 -2.1848560259870178 -4.4308172872859464 -0.60100659307165627 -0.94871149391348863 -1.2669962178701022 -0.74118715823311598 -1.3988779836816609 -0.7178245267498401 0.0054553980679680576 -6.9045323847690367 -4.4819068742017949 -2.2313653818300545 -0.92268214003913607 -1.1187100335141356 0.86915728461182995 -0.7263198702111876 1.29912076633576 2.7140594526470498 0.35029495785484888 1.2234938417675532 1.1313036246855084 1.7875350110661496 -0.74396657261661259 3.0128946453212055 -1.0836813839819575 2.3741874624749677 5.2435936435317503 0.23073590550740442 -0.73887497386120582 0.34624839261807261 1.5531689018812695 1.8828220444618555 -1.8519182027744496 1.7345391304655307 3.005303912267753 -0.016873256268777684 4.2156356180360666 1.4883930087181665 1.6961192366017308 -1.0683842112919661 0.18482905277117928 0.31926648006820019 0.48252624084072376 0.56229828007824556 3.7993289645828954 -0.49510968238990893 0.19651749341278374 0.54312277281041599 4.3034844707093569 0.57263128433336263 -2.0231033066758974 0.20795782614056635 3.6766963716693191 2.3881145653790252 1.3951490610480199 1.3464503341833673 3.3219984827719489 -1.4261053815250875 -3.3377619323720658 -0.8428054371707715 -2.5555409142093808 -1.7904615610176475 -0.97384668068939051 -0.10427207949933495 4.8083481724781443 -0.61794518685279454 -4.2584860576421733 -2.7371578802282501 -1.7639773727821377 -1.47293524705489 -1.5143392380457281 -2.7016201002089191 -0.97763472152955999 -2.4562847065137725 -0.39605133099829587 -2.4273371033814586 -0.94134766959841898 -0.58289735453040947 -0.67068695163572312 -1.0946460509297804 -2.1487337449850825 -1.2036543654260419 -3.1081358818698726 -2.082137299852397 -0.12110436346732778 -2.5699316272229975 1.4141687122490767 -0.88840236106514436 -1.9202827144708137 1.0611237458956826 -6.2008401770682422 -1.4045646285667839 -1.0334601782109618 -1.2193147543958818 -1.8342135759667484 0.010008857445072107 -2.9095285834099789 -1.7096700022091422 -0.036265021531758597 -3.5984645706245235 -2.5428583672664713 -0.52215826553958689 -0.044732829355426801 -1.0911737782187456 -1.0519267291745338 0.12383057787323321 0.83635664410673316 -2.100431409400795 -0.23847902197844184 -1.6505946737131989 -1.8769738607964794 -0.98235940944024569 -1.0464508046755006 -4.708855312620055 -2.0091075098510602 -0.3570141338179274 -2.5867180289214731 -1.6105753589429623 -1.1117817111773143 -3.8159736282210357 -0.72245393000763491 0.63942593884555221 -1.2719610627639657 -2.1258526914533511 -3.1532127896291908 -2.928000296006565 -2.8181508076797139 -1.1134308470275838 -0.45713533705845588 -0.92987969133690995 -0.46239681254096032 -0.80020288121273875 -0.26415823193366156 -3.1048828424786379 0.62325443522601209 -0.78113292315650384 -3.1420302346738094 -2.9356146235573028 2.506485875566975 -3.3052369035009281 -2.723983985936492 -1.5079493538104807 -1.3747030885872078 -0.31945048753307148 -1.6736606768935964 10.35078207216706 0.19756493752138243 2.9794398013476497 -3.0866354766536483 0.63743084287950247 -2.9139005795330939 0.28907770316144898 -6.8404655372562129 2.1289798520658563 -0.77894882957280687 -3.8979409362357114 -3.3913228914080427 -6.1982175924925498 1.6566935670754472 -4.2267189189075269 -5.0228876735828338 2.6605984563964959 1.204320164254663 -1.1337576499323212 -3.7883259683974826 -6.9745345842695823 -4.8895899881752971 -1.1946868770402617 -1.5310402065938098 -1.324477133984187 -0.86365086495798538 -2.0628606792712292 -3.0360822008645227 -0.75816249943952441 2.5370688164649264 0.99616988720600141 -2.2070062866156208 0.5599963309348468 2.0712909729583764 0.72216726599337278 -2.9389303713521917 2.4137996620625675 -7.1656847165753055 -4.4477979158411536 -2.0270970921926215 2.8880569482768701 1.4096056935038199 3.6972448319068598 4.3839189216638559 5.735461209163657 2.0498604029075538 1.4792011757640326 -0.3069193709385597 -0.49479013965862156 1.274921012287602 2.6952090816267735 2.9239064943687745 3.2475261772487336 0.092871583962864629 1.034343483712771 1.2957255778595926 -0.57290054722718986 -0.19023854147997604 1.6670029544563978 3.6669705711399874 2.067690269895829 -1.106555133929213 2.3450140826254984 1.69032678299321 3.4602323766922756 -3.0075007303244203 2.334142687043204 -0.28166446635127657 -3.2140002462377133 0.65947232670282896 1.1441999958643823 1.790268359923491 -0.31496511312741254 -1.4931700968921227 1.9881602495853554 -2.4890671351185105 9.7918552122602343 2.2829333448052833 2.4030368550436814 -0.5912787028458194 2.2728166734052841 -3.0789045458367816 3.7577024124621956 1.3281918871496587 -0.48766101914457249 0.24538953856463855 1.6181343393369052 -0.55092965943387517 0.776739928910538 -3.8714034896466614 -0.018388054878221378 4.7810087314330101 4.1133769361804156 0.79445250808365253 2.366315790310626 0.87156618346865866 0.33475478160322858 -3.1969866885134199 3.8483288422906043 1.1267289837527317 0.079547338687652125 0.24612130513971131 0.33784220653159019 -1.1396072695747648 5.8342632862706818 2.8116257869441101 -2.100086601167332 0.60448474293084509 4.4073603590794495 0.21875949121009958 0.36152936649407796 1.5818473385668026 0.48846253060245814 1.0901851417978421 0.30681055017409947 4.0043194434242455 2.3405442616010035 -0.41193640551270494 1.9814540738862227 0.083528412772339133 -0.032432234754822258 1.930989725835301 0.37896723785050657 2.2247654160366173 0.84437485803644141 4.1343037499941309 0.33161229071689813 0.050566366295524551 2.4656385171028878 0.93936737977983709 0.11536436206697051 3.9839747246689439 1.6707950388884294 3.4972310038637198 2.4300663103716507 2.540692735634138 1.3026376196153799 2.3388632499682114 2.1744904337066595 -0.21687645951611281 2.2736844819582918 1.0943690897403482 -0.88023496467218554 1.2970487245331475 1.2706877786560955 3.61765263655631 2.8035509403666339 2.5404406329066496 1.0709411463892304 -0.15472407526608351 2.232960847701027 2.3772443349324064 4.4939269105232675 0.31777422387293774 2.7473812019875323 -2.3806602277158295 1.4319044946978112 1.3158761370003309 1.3225432144464178 1.0795806053282941 2.5795606608210493 2.4244750187776609 0.71119877618591842 1.4651377415164866 2.4679935126976664 1.5757223751893514 -1.4139582453551538 -0.039944621828308775
 5.6746610425660311 -1.117490105380994 -2.5665383986477988 3.1959294126884794 -1.6760617983413524 0.98809719627295889 -4.5427290252102388 0.29108599795669898 1.3490710877676944 2.2802740130875314 0.61464029888265825 -2.2515487222890456 -0.81039780598378297 -1.9207963563024013 -1.5826069340662365 -0.11200043242230964 3.2552918381138096 1.0634697339613519 -0.19478168441832838 -1.1222673424640899 -2.1549973751548031 -2.3476356295042105 -2.436152128836103 -2.0319229549672859 -2.009482982068044 -0.88210704781953475 -2.6217496356360193 -1.3688265063269536 -1.0139704414147523 -0.37109511249928862 -2.6884861982767987 -1.0631678055643996 -1.7450403563500274 1.6694031693815439 -3.9713833826985887 -4.2265004127825145 -3.4059579316456277 -1.3985005138800952 -2.6371792547379349 -1.0580656813440803 -2.6278072963327976 -2.7099946838873268 -3.359743586824723 -6.7078778421175391 -1.6787659709013349 -3.0630822844400307 -0.070071615533214893 0.55647048972001412 -5.0360668535755 0.3628639241192152 -1.511915700213561 -1.4116037726604076 -3.0686671721240901 -2.0483757958079467 -1.2615230379738029 -1.0416526363360739 -1.442285426401211 5.4499971294544718 1.1429528724172779 0.72032028012405669 0.078097856420534004 1.7703328994631153 -1.1954936699711904 -0.94410480842403888 -1.3716048640697851 -2.7901235425733915 -0.17207596074816578 -0.70265671128496998 -0.87523276202739431 0.9135068370642746 -1.043045562473635 1.2975106343904557 -0.19987458638758587 0.20614481917171615 -0.29244068922962341 -2.2720572317835361 -3.1622374674129228 0.74771337343771849 -1.3024372076482706 -0.88897533548550345 -1.7057959580561244 -0.26689048827580891 0.11528245841259382 0.37932708715525237 -0.39123719564629933 -1.5131470609634838 -2.3672580819171065 -1.536223408197569 2.5795054936637527 -1.8304558236553641 0.19793899532213574 0.46491582517655211 -0.24243292261725205 -0.99611099949968396 -2.2662714580670587 -1.6571138844737288 -1.9788112593529859 4.8970965420429486 0.53741732414160381 -0.16626504539791026 0.54935565612909509 -0.53914036008104727 -1.0732800774153022 -2.4778287478701935 -1.6525215162660429 -1.1517124950687332 1.0330497793915052 2.2487928125545769 -1.7563080934021438 -2.5865759936082604 -3.5511741626962023 -0.21292526552078081 -3.5754413036636548 -1.2511771984691764 -0.98541351148758316 -0.64757824606207981 1.0624378513251167 -0.87771088769144634 1.4511542305423721 0.18208090899981985 0.79862800313806859 0.83779808210662465 -0.025550864187690432 -0.15425705962659667 -0.65257487980348605 -0.31137579595639392 -0.12664737223375219 -0.20626296461543744 -1.4985947257817349 -2.3962427324994118 -0.90864781862917288 -2.6680655522931285 -2.070538374888653 -3.1193443738261601 0.35754752797994949 -1.3191721348298171 -4.0861818936941976 -1.4515379464954599 -1.5362884731213049 -1.2143987563600565 -2.8486726051776596 -1.1465972271622891 -1.1066961411843435 1.5120815234880927 2.3836466397554719 3.2014255374092668 -1.9440862629784657 -2.6730950280966264 -2.5672877798213749 -1.217408791009474 -0.10302153602394234 -2.1175448588710282 4.0790060925250726 4.8120311240586187 5.6950017758415452 -2.8728476922607986 -3.6033870484816561 -0.9753317512965296 3.8793708077086242 1.6081376436224371 -1.8896500028491148 2.3527586518369832 2.4361773678480465 3.5401989572604635 1.9078610867217287 -1.8693265251685776 -0.074576583101976054 0.061679416418963739 3.3394385709345782 1.1160492902708616 1.4930091734248863 1.9668184924153542 2.3758949831251801 3.4828763593275101 2.9453708658843212 -0.78359774548773875 4.7464414966198705 2.182676113160066 0.45209373950366916 1.5197538407875126 1.8249665120869287 0.26634704850056962 0.27046533535377848 3.9997167321991984 0.16374669928492003 6.0062512266845944 2.4226830590994615 0.93766370062154536 -0.018747908897272209 -0.1189973427637126 0.89487130644220936 -1.5079192549686136 -0.2365496165308647 2.5207145001160329 -3.2061796706135604 1.2974288334577471 0.8842049381130741 2.5554140728832921 0.80863981350740621 4.1833626856438144 0.94009004543807495 1.9895974547107957 3.267803546873898 1.2217721639487837 0.53349827065300826 2.0667126307532437 -1.0863054314583349 -0.76078604311003462 0.96836120043819041 1.4029848457557814 2.0033045347491587 1.0911598727693632 -0.68245926711228222 -0.45722726651978213 -2.1068476021931173 -1.3408785931440161 0.24897450779120667 0.71750754661031679 0.59624812465034982 4.8299682552053902 1.5544835946022839 3.8633001755435963 -2.2742786416584133 -1.4068735862524142 -0.93211779311802989 2.8205396933006757 1.625287108796736 -1.2385970078889332 1.9077300108608601 -2.2354868147412521 -2.1575441646508215 -4.1502121678141064 4.9553758204151475 0.81343412017256056 0.61680531285528639 -1.085761087419608 -3.517063159381332 -1.4892471168725843 -4.0377167529329059 -1.058824712913246 -3.1107473548932338 3.7153455081322457 3.3848254212749538 -0.88733880205148719 -0.69745077919463649 -0.81940030315974965 -1.2523481558710163 -0.88615861146265684 -3.6874637806886845 -1.0283332616089194 2.1055688525833891 -0.044140206172247017 0.27036174951661879 0.89942020842992842 -2.5451972881408929 -4.0361142509800016 3.6665063691707065 -3.548806254490243 0.86357808203941411 -0.13082237049646978 -0.71281878266780774 -1.7081941490467107 0.47310398560752415 -0.24762634159413538 0.28908030533995194 -2.1013505160255841 -0.95053144608533435 0.9522432990177524 -2.0813709061782304 -0.54039801710812718 0.74521844958652905 0.32517756183027602 -1.1539302186637361 0.62390045174297137 0.58314038211662012 -1.959180267380602 -0.19324722612304587 1.8871541960255658 -0.15709978884633607 -2.420881509795934 -1.0841192963939659 0.21110514673835767 -1.365782144352921 -1.4478702944575526 -1.3556958087310522 -0.87422008516496885 0.28246164810562163 -2.3754544609628803 -3.3903261161555482 -0.66593880926273552 -0.85520826890577117 -1.3253245977329113 -0.17528153242440478 1.0025865073373226 1.9764605799150543 -0.82948350594485787 1.6710804032905808 -0.89603767039528248 -0.3902617048332509 -1.6150734355833307 -0.47737460324259962 -0.89793073616204211 0.34293167765812932 -2.1569162891796503 0.24312156395972154 -0.66650165537946771 -1.0099230571951667 -1.1696110376007214 0.66739624962909017 -0.19198870099666876 -0.17993199513487221 0.86129832952167451 -1.3390588174605069 -0.47776952030707942 -2.1947149975149918 -2.030974424566677 -1.0026323244629134 0.93335251077714831 -1.5733935984419691 -0.82147177535218685




