# Created by Octave 5.2.0, Fri Apr 02 16:06:13 2021 CEST <br1@br1>
# name: ptcls
# type: scalar struct
# ndims: 2
 1 1
# length: 2
# name: x
# type: matrix
# rows: 2
# columns: 320
 149.16842762444469 91.795082069093866 91.220718260391166 75.420921389349033 94.18842431572979 108.58753981800545 64.470220059247453 81.188300689539432 91.976682224121063 109.30132877292125 97.822955308807835 92.2731055454841 106.93705944898292 107.77283889490784 107.82574896875742 109.08773350492999 85.338385673205167 100.39943960006593 94.227923144325587 95.935568661804382 96.790530008247075 147.11477233671988 107.47229872006811 149.15463613456527 143.23214800761852 126.40801946700461 145.33583236003932 143.31599441715883 151.64613805110002 150.68778978124581 141.176231823493 149.7456802703291 141.18909342002644 120.11466048518702 148.96510934202365 145.87008272765846 146.73174219407261 150.30749696138577 149.36039593348377 150.85378183055479 147.81046309600745 148.66960786971649 142.07269638940872 149.38799865201901 144.97534251222197 151.91849525444175 161.59641793674143 160.45093390822603 146.30950328945636 144.32799744533878 140.04637568203839 148.09212667194271 148.37621708767367 146.28860775282246 161.65184623727424 162.60744867098899 147.30742791085902 155.55630317601012 163.09574870432505 161.81263047362705 160.46991439648218 161.21448929763935 162.77494987003206 160.8780983186802 80.630682823252826 81.273882179933452 80.779664713758066 64.283905478387084 81.920794839181923 80.062101665030937 79.616538582429769 21.690824475887428 83.734459540702971 84.392879280588176 82.671314889856447 81.887586396785053 84.066663248596541 82.960247629641572 83.161776285423301 78.959909129606658 90.051337763304247 88.153184125773763 87.12680085529901 83.706927438819903 84.844699589176443 83.575858136962097 84.692229520908867 82.394077978159558 90.248522210350217 89.090992286449321 88.035091404576278 85.995507018267091 85.778403814692126 84.741904602138675 84.76018938163395 84.198892476177704 108.5480554656578 93.528713884904704 89.264501749862248 86.824418159387278 85.63726541539846 85.34099654698241 85.708209751653385 88.770099903699702 93.465449885860068 93.523894412054858 91.886209472007693 86.752442618121719 87.54098772371924 87.017320197209884 86.176507744182274 89.601785313058059 90.884409471385652 92.976994469995034 94.85015421794985 89.890505916728458 87.611625351402154 90.683082217621688 102.43080074736844 87.348797080480878 91.745795371410281 94.293842633702369 94.144663341405675 91.128028134179246 88.768982505413547 88.585047999595957 89.756757614910143 91.833145122961298 112.95552831808752 94.617007891301853 91.193391213267532 92.68642203057216 90.030567268783187 88.45687215297643 92.095871347943884 65.632924012586358 88.875766320709772 89.173132431866023 92.415210465565679 101.31836667003178 95.614465015965749 90.891389900759734 89.651707075947058 62.479702711230658 131.85632473567011 107.74293924427532 70.122513745919065 93.450874751756402 93.457411967756173 96.870619068167898 91.016285152140966 65.63472011091693 129.4750993549068 114.98029283358477 118.07235334198211 87.879030636837456 92.900253881254656 93.041406494676352 104.00445566048678 86.564365065095643 111.9248105588798 113.85998597535634 128.93758703522573 109.92554285913677 100.71669917532003 92.265231699729696 91.908108834954362 96.069030969433143 112.90787227262862 111.50760900121649 110.6051917616639 99.222215226194749 85.438806391663178 86.076373925883487 100.85600662164788 94.781034928404353 117.50418781278123 109.82545496435921 105.8373604846134 98.272332144253582 103.04796154675326 107.29897012673707 112.94692432525557 106.19875234692537 109.65768846998942 156.12439225881872 135.29449894272193 97.26189548942655 138.79899548255716 92.891281308877168 90.751020839857574 97.33317869414897 138.35709481765653 137.43198015928294 151.17605969571736 140.94973068495213 138.57119553448948 139.76203537615183 131.67059435746188 121.87325696047733 137.37207799273733 138.78530089013248 138.57295458928451 140.48009948851882 138.08956830030027 139.46493131066245 141.92254681727363 143.89479708652763 134.74582576812878 136.57201966000218 135.8986101279767 139.35223731478982 132.70811387691091 133.84048488845198 143.35946777645421 147.51440790310284 136.40368504399001 134.49304839886088 135.40118370077968 133.22814207613862 133.28015116612156 130.6680337529053 146.96971736136553 141.02770475019474 129.45063661854627 134.48118406566476 137.39594343519738 132.41564956424816 134.30848472824695 146.51533533339082 147.56202241808515 145.50002047379454 168.31430857539252 132.23828903849815 136.32624618937302 144.86597372157016 148.25532732880393 157.87568459925023 154.51182657383978 162.80595534231432 141.6679061702585 125.74994857232215 133.19011440159059 158.71918210103027 159.51024146595543 150.86611329094663 160.26807669670896 161.94211702156787 142.70463096941583 134.95483898927696 158.94549398939125 160.1129165767228 161.3205361019763 157.66376180154137 151.01782262555963 116.19439898314781 164.85498466896775 163.78397314134074 125.72219605349807 167.24094101914787 162.88565706291521 159.26275767658817 161.9346987030664 163.69198051653194 160.34962240325967 155.59363844271917 158.18627071861593 161.91316334620811 163.31480036193051 158.37801158380762 162.27861197551906 162.69313194774102 161.14634591684572 164.72295335364538 163.93898127768148 161.28714026376966 163.63669706621911 162.97731024106966 163.91474715423556 159.97508346564925 160.7132536916838 168.19647041350697 165.73280787486055 164.96981350362839 164.35065730697167 163.98738418653122 163.36076929148152 164.62541060185529 166.07758648737612 165.47392420352014 165.01983132293606 164.33970932108815 165.99398235280086 164.9803723746746 164.60377179452288 169.87950915693938 167.32196292589524 166.8489553688905 166.13739477569592 165.46722108354217 166.84338537869385 165.69877439606083 169.20897293711957 163.60553268709188 169.69502888454744 168.25593751043169 167.31292545415391 166.51480102886137 169.29444838025412 167.88953701090622 168.20485579728529 160.93794596942831 169.98446373905887 169.2769210252859 168.42476059673965 167.07891199155392 168.94751211567674 168.77189008443582 167.64377720371337 169.85943585504461
 20.940281152022909 69.1427231676888 78.326700695156106 155.45727451380358 61.25499841423084 80.045535993120382 167.2917827354986 104.01302991019868 2.135686415746882 13.096217837179598 62.03565285640191 77.825837377184058 86.101727422804515 80.803813894604929 78.691284715623979 78.427590457378685 7.1607530194597704 1.496081641943855 65.164254022297143 61.955596464642554 61.385766141421925 56.341407851663348 79.800244926038886 56.35737145229519 51.694947973635962 58.948402712499785 52.486305427999646 71.689016296028186 56.397768664213245 57.551154601193822 59.142870968486896 58.830577998108964 49.121250678565119 35.586730644329037 55.256278246737871 54.407510884325582 55.191083694980001 56.44269199877688 54.149970938045641 58.697999095188351 54.830353566147899 51.413880698935493 51.374539954430588 57.571697962680879 53.518281505196519 53.356744501469571 86.796995518317374 87.189465852106053 52.160405504965588 51.422832992042714 50.97241316940746 55.875635443797997 52.406224008603289 53.25138815191832 88.113237657920209 87.441230358241683 52.879247479625761 58.0316634545337 83.93954089233938 89.376762075020054 88.319032848037168 84.928066190209037 89.942948822057573 86.045325840276249 78.54320943103113 77.568648234983357 79.654073207167585 77.331657016863446 80.055102853756196 80.952686370297911 79.769489987612758 117.88558207326413 76.796195860788046 75.775814220584806 77.818412670563532 78.909985249966056 79.371680365895486 78.929417010544341 80.017991528940442 80.570480382879026 76.374636371957664 75.945866595660974 76.238527977332296 78.054958086801136 77.284498465259645 81.159660092797594 80.262716307004112 80.955350893597171 75.158098613422453 76.807704355593771 77.098036761172352 76.907153953878776 78.07144040195675 78.384986491700545 81.383751410339556 82.324735025746563 77.549726851493077 78.212389425159628 75.659345694954439 77.489920943753788 79.447809228161105 82.383135689754425 80.542283420229154 81.924970905133407 62.244656804360311 55.853846467994494 76.710905351151837 78.994041069264597 79.994163644306781 80.920995951817744 81.560141864493559 81.005043575619993 61.839659065064183 76.975563295958068 64.242522673266109 77.631927141468964 78.340320285390249 80.461363822795022 96.810394878257952 81.944496050274878 61.022762859207496 58.592472940085962 63.554705565892704 75.928108252443764 78.017899788139715 80.387010224529831 82.19976502964694 80.135643457474586 56.052592304972428 62.280927847362527 62.904621968074629 61.421719570111584 78.685465965685765 79.117159927329951 78.957341406215491 167.66053050798607 36.593836381121342 37.688920685045417 55.543588760266431 61.776581978423749 62.961364172042245 77.175663282090326 79.889709283904608 129.69922707452724 13.000624330095532 10.781541253951014 47.452067117775826 54.80102135371299 64.320603942652681 62.627203544705637 79.385410629285062 166.45854385232704 12.022802873132976 2.842964662018578 12.192240962922632 37.281207713019157 63.24001960320652 60.421604677340746 13.959490676184616 8.401337074694057 9.3900311130088987 2.4339097895975703 1.8451795615083415 6.6958028749334337 2.8508994449857465 62.410501663193131 3.2950138450570639 1.6444712219102211 10.425015616007849 6.7770366149054837 7.5368015646079281 2.0899173867292009 8.4087314972406269 5.6973226824500633 8.7741553581722052 2.1575904977242915 33.408449020558159 5.07847334163624 5.2683110118333749 1.3971877368505619 10.423867219270377 5.7421169158741376 0.32182628257067408 6.3279038312468296 47.180455193751882 24.097515988665286 10.17129362617279 1.9180369506654549 1.6031191056017589 2.8201755947336276 2.7332460652303938 0.81334163802772586 9.8906201821245947 8.3272687947312054 2.1265850662270278 7.1818565682516331 7.2701908896941516 6.8150794348115271 3.0701050365177283 44.070883720875983 9.4491554652306426 10.877930380110119 8.7978575938177972 8.373537935624416 6.3281593305907089 9.5414780973882642 50.105035431048329 52.581920574870423 9.0347127680682036 10.289939534258668 9.0331981646102673 8.0982554459195395 2.9423922869909185 6.2555147899254564 50.371153715395522 51.666132179711191 7.891206759490486 11.128409344422845 8.032875528837403 7.2010650621610042 3.9900057981111341 0.53273648950898078 53.979078996715785 50.800833617193028 24.337949777326692 7.2855598645210016 7.2532117815405464 6.0321224655505468 5.0270024522066947 50.986450517652742 50.505391366774184 51.42375377496073 0.41746802475707945 4.0179945796745793 6.7722193244486188 50.475427639630325 53.719027135765856 82.427711535260812 52.773638168919774 85.079699968162018 27.558257824921348 13.634303595391629 5.0752066974807351 81.373217433183044 83.532418428808668 73.946427714660871 84.404532269305747 84.097916007264502 27.679769477736713 5.9119942680636486 82.566180595344733 82.51024168005911 81.139761456049385 81.34673540040167 59.707986874748549 167.73268741015795 52.447183233597755 52.266176955489385 93.829349202568395 79.454742130519392 80.258985686098271 84.527446526992435 85.790795548552651 87.176874506493021 80.488452616278451 67.800459007401813 76.359982929873993 83.049356483289372 81.728127493872506 83.440418248348877 81.95387178133106 88.831543027011861 82.308603902121817 79.902116456482887 80.848695945544904 79.96336605746788 79.469625609658308 82.822795528314188 85.119097981473587 85.644198040022985 83.377320942908355 80.161883394937391 79.639136579252138 81.160292024636348 82.064090399656962 83.174501557650501 86.010721900290363 86.264768558329564 81.323456513966136 82.219259921550005 83.218279560232162 84.237869551330803 85.45827263989321 85.239184453151822 87.832075960928151 87.088365397954774 81.229452879151566 82.193553424374983 83.066728456285034 84.156688369285789 86.877198842314982 86.700927330247922 85.960161293499766 88.242238558429463 83.765065988746812 82.280409936657094 83.374914949096009 84.233895472327845 80.121568042143451 86.657725464325097 85.491545633475056 101.36641550277881 81.824271964518459 82.805907821903304 83.502536016653252 85.783324638962284 81.412410649689676 84.560079300072999 84.486616995220899 85.015435490268203


# name: v
# type: matrix
# rows: 2
# columns: 320
 4.4388033362693289 -1.5491047806532685 -1.4481038827838679 -2.3617106020879088 -2.8179942184193423 -0.2405162675100356 -4.5592819186142366 -2.1848560259870178 -6.9121261511367633 -0.62397535907694635 -0.9961149624361102 -1.1149035629926045 -0.74118715823311598 -0.95947849173867972 -1.7456561143748157 1.0118158504852246 -6.398653667214484 -0.044411134252461973 -2.307920827581055 -2.3849555284802264 -2.4429702228723005 2.7026244560989938 -1.1921788464084353 2.0287338532180668 0.50575797115413412 0.18963793975630527 0.85248591357325987 1.1313036246855084 1.3339676912064491 -0.27378343950598383 0.076597165524798977 -0.76323024672382211 0.88808255337229502 0.95492287514684171 0.061687576572634351 1.8912396655274599 0.80435038887434285 0.40912908703682366 0.71594231880247983 0.85050963238155031 0.24792413783629635 1.332480940464428 2.1650757518019681 2.6352870771967218 -0.9678995048716823 1.6961192366017308 2.8080527384680716 2.0056267831039407 -1.4139657724107519 2.1727084222369828 0.14840312542385858 -0.13771879927080838 1.48738850378596 1.3400736417759318 2.6588278419085074 2.4335988605029835 1.7887487389196182 2.5807933735430915 2.1631242154880592 1.4851304077508385 3.7413636895582587 2.3845964499115824 2.8369461358278616 3.0083932265936331 -0.14396121697564562 -1.3085024476047888 -1.2440639929589388 -2.5555409142093808 -3.0319732272789226 -1.2383616971055749 -0.34904958311968709 -4.8083481724781443 -0.93135638347349814 -2.9900294483206808 -1.2819392272507006 -1.3465192785298314 -1.7089284345767937 -2.3267081091045503 0.27114902880236813 -1.7192885965708236 -3.1527860192672317 -1.323408460874365 -1.0604165320285894 -1.1211377895617856 -2.6544505010500368 -1.1168061058620926 -0.6066127714392483 -0.16519544230454292 -0.84767178484217354 -0.73239525580935472 -1.8703996557569338 0.30666367048193099 -1.2632603180127471 -1.6383496527865251 -1.4582910712573769 -1.6599548330818656 1.9896982233258032 -1.0618793806927063 -0.15541080077832553 -2.3942878346523537 -1.9466519046383746 -1.1343707902307034 1.1740596111915187 -0.95052251250713027 -1.9040365154959593 -1.2807485132133254 0.27232002407813161 -1.0936760795799025 -0.13898984359990113 -1.2061192193423262 -2.3208361475415118 -3.3683939552514301 -0.72433255756688864 -0.43895483733797269 -2.1784522452411914 -1.0140972967840101 -2.9903346540261428 -2.1634329907386967 -0.98235940944024569 -0.3146855564715848 0.86325617639328911 -1.6480903278601271 -0.75521913510790573 -2.477571261117014 -0.9460525208038062 -0.23443745285165285 -3.4771787756166193 -1.0177871629810264 0.63942593884555221 -1.9538262678604006 -2.9866758173638881 -0.68538872016421126 -2.6349034317011539 0.16058840639221175 -0.66335636355179839 -2.3648110357136396 -0.13337233378313409 -2.6475945116966022 -0.35674309802006893 -0.94314333146569318 0.05310196558653605 -2.2061185292265266 -2.9508945432664224 -3.1420302346738094 2.0503194377782759 -0.018888538791593794 -3.3052369035009281 -1.9229602774476007 0.90920128629337282 -2.8328765148233139 -4.8899564975427312 -1.7798279400013524 9.2096492148494384 1.6774967478046363 2.9290544254613664 -1.6979451350517769 -2.7929837873607708 -2.2097221294886698 0.28301216482355873 -7.6186892724079938 1.4121146546004626 3.5426322894271505 10.285240786983556 2.1931004259938995 -3.6897208961390353 -0.6315068239500492 -5.8399492922053877 -5.5372185239045635 0.28708198124463064 2.437345876595848 1.696655699783989 -4.4280455331873885 -4.3352384635301657 -7.2565410913174659 -1.4529014560330804 -3.9986162769423368 -0.31910471256220463 -1.4175975106081087 2.6943502615194559 -3.5501510142583075 -2.4247536195060548 -0.032536855958007899 1.0789346089089005 0.20122184878963015 -5.0913061521010965 1.9063454546835059 0.68981911967896214 -2.2578552598462704 0.29073861035588694 -3.5608242032262045 -4.1220256427248838 -2.6725010624424148 -0.20043310694567026 -0.071926625315745646 2.5327848163482951 1.1131919735351854 2.4592831055204845 0.73407280612222159 0.49970776179367032 2.7900351269563872 -0.70986157155176521 -1.6137028871464176 1.2197831278670521 1.7190614459680005 0.43545419184179412 -0.83921260510476414 2.7411675698316751 1.0204431215463996 -0.51770331184488139 0.93800217079031922 -2.1704609429151938 -0.11025151678247604 0.93031133854286041 -0.94897108319701839 1.7768604166778723 1.6601934351677026 -0.43780570054551649 1.4511621409984619 1.7574871198894302 1.2129415067753773 2.3413956918733438 1.7209012654422309 1.1647040994636377 1.4226659975352249 -0.92266956557525615 -0.67193338883593601 0.82371867136099464 -1.2691888606577981 -1.1354124397268797 2.0802022458869169 -0.010858511919188296 1.9485634700812038 2.2728166734052841 0.96688042715936273 1.8389240076831779 1.4613421902893995 1.8052700806888335 0.82154574459262919 1.6039025045154522 1.8787229346759149 -0.1612774269434597 -3.8149525754224811 1.984128840123256 1.852653798272976 1.7711990195851088 0.79445250808365253 0.86883998915820482 0.77103904146226143 1.1587057589359619 0.014023165985519895 3.1790258386149701 1.7521632494233301 -0.21706969595859707 2.1420363365235167 0.42293045907462973 -1.1396072695747648 0.54855416691194803 2.8494716425941733 -2.100086601167332 0.77879379409923788 3.2194166814800882 0.7678195022244354 -0.10615652492302982 3.621717533921168 -0.19215779807125724 0.88167391345715806 0.51532177851477956 2.9372662946986274 1.8749125688752708 1.5569964091632482 2.6606969104493654 0.23058226824912648 -0.32316446509930785 2.4419783882356625 -0.56785319323362715 1.0089367178567581 0.81353599450376723 -0.5589052953691459 -0.54906877118484054 3.4249283632670355 2.9594528913432812 0.73692030844025092 -0.52116657262414878 2.5158097500005074 0.23245915996127284 0.060038045079898988 2.9954504507209472 2.5323940765749438 1.9159511533014468 -0.70320748944886979 3.4755807891482178 1.910554294298163 2.3321355201725313 2.5526205542542182 0.2669670469849949 1.0553910935404589 -1.4814084556921607 1.3858478528645204 2.7404742534631064 0.99423855896007052 0.37443085714727303 2.5208243050016268 2.7674885554573221 0.84365009114973011 -0.21915253382891955 -0.14116171142429773 4.7606130764803369 1.95892170566213 0.60564371487799729 -0.12113543885942908 -0.10924067186309194 1.0795806053282941 2.045894276484201 -0.71823238973574555 5.150132243364383 1.5618176864886746 1.6100717622882703 2.8356121749876442 0.94672261207317188 2.7396758227190174
 5.5987895625229687 -1.117490105380994 0.96669482557185715 3.1959294126884794 -1.273353813249845 -1.982118445035874 4.8325704126113953 0.29108599795669898 1.3860646771063245 -4.5400459979297505 -3.0297687137404674 0.091972556701795938 -0.81039780598378297 1.0953455918409851 -0.52902041093781627 -2.0899633915421449 2.7197194306946719 2.2184170914661898 1.2261881148511078 -2.8870466351254072 -0.50849924114360823 -3.2986501588261317 -2.650475147605817 -1.8899980117540374 -0.69988826956454098 -1.9360448762617062 -3.4442075149881282 -1.3688265063269536 -2.0772411973077047 -1.760324264736413 -1.8863316855641648 -1.3898287662701396 -1.7752851835907715 -1.3575735504779309 -3.4675932793602602 -2.2213606537380186 -0.22562081830396608 -1.3094356420047075 -2.2242300467500327 -4.2219239343913566 -4.4424915265996301 -1.6598854093859323 -3.3845380351371861 -3.5567982223057708 -2.981521745744073 -3.0630822844400307 -0.77362528815065468 -1.0837776286613261 -1.1113697363186814 -1.7049524744131261 -1.3851133529466964 -3.9597145372741127 -2.6831764735144792 -0.35078450213690171 1.0629061327337741 -1.3944220488855636 -4.3284152036465366 -2.8624243468958199 1.2304517139166937 -1.7848034268433328 0.088613558079696259 0.38546375278666367 -0.85515461559261763 -1.4919708367274231 -2.3429178130415389 0.48137570240917388 -0.81737251420201307 -0.70265671128496998 -1.0008808325693239 -2.6626985315911531 -0.60514079928510467 1.2975106343904557 -0.21444286743210941 -1.8725197207812105 1.8979679570172616 -1.9574364651286142 -1.2559982682777104 -0.30521081401515865 -0.38816200731446854 0.40758799262643658 1.3506583286905582 2.2553155632909845 -1.9776698354167372 -1.1880534887863674 0.57355593482164358 -0.95243368095528391 -0.7454202018263032 -0.041884190744606808 1.2357666621497678 -2.0320388247448049 -0.72753199980070482 -0.95207956008510986 0.67713775844955859 -1.6368292833463032 -0.28442585173344698 -0.083255352004954555 -0.88603811142643252 -0.15629064494566328 -2.1362005411627303 0.81848877188746283 -0.74392954138126433 -2.9563889683331137 -2.5651817460500017 -1.1351403123327033 -1.7457506037642843 -3.2030574563213672 -0.29413665118619287 -0.98093101625749646 -3.1175283051096265 0.1264439944072569 -0.92920730226635073 -0.72257924927853101 -2.5053108099606951 -3.455828866194258 -2.3767534789133209 -2.9839694377274095 -1.503005994074621 -2.7419507477709129 1.4511542305423721 -0.42251003988990221 -0.50401864915010863 -1.0438559963057754 -2.7504094788200013 -0.46128952201359802 -1.9537926012644451 -0.92954465703252709 -1.9976315401398481 -1.4866890604746981 -1.4985947257817349 -1.1317590524329164 -1.3921224620898556 -2.1832036118337315 0.79339963576016315 0.8448512358477559 0.035681512025890878 3.6228267124291804 -2.1625431197063643 -2.0858221925732221 -2.2385401941988596 -1.5869886814609546 -0.30685985893563927 -2.3007002777933918 -0.76548100067930236 1.5120815234880927 -3.5162276711970275 3.1413217421236785 -1.9440862629784657 0.080501654233560718 0.7767272430327008 -0.91243612203376367 -0.45133099907208424 4.0554303698326537 5.3255055829953539 1.072576684764406 5.8476518687659436 -4.1622022201708804 -1.1765821484048404 -3.9049956417083234 3.9756514192921975 2.4677869182868863 4.0283827639980281 1.9555256477498137 1.8757604307217213 4.2761577352619309 0.65245208327642346 -0.56052865650436512 -0.52813604264252401 0.13631022098912357 3.5225222242371759 2.6711696125256674 2.7602199962672338 0.040689147528398154 3.2779055761352258 2.256788899072141 2.9873404674379849 0.85175782376199527 -2.6530697814681132 2.1726103151818514 0.20717933309033709 -1.2859235971416278 -4.5983608034962797 1.413212412846135 -0.10999984544781759 1.9871195758571749 7.5887839945288658 5.9957003488919911 -3.7135236367051756 -0.30356172819976601 -5.3422207117402865 -0.3207021210055685 1.5585315007177893 0.50477943245583912 -4.2582585803983841 -4.5573421472171294 -4.4806091023851753 -2.7345952897385954 -3.3105242995448352 -3.8184217189820417 -6.5230133497856002 4.4351460013733561 -4.5962518294776942 -2.9986402213553061 -3.4361329223410193 -2.9685378878214346 -3.8640796569331588 -5.015274761106709 -0.31849555827404269 -3.0488163591555155 -5.352317472741924 -2.9031254558885533 -3.6494425958788859 -6.2515680481562663 -5.2402532849878138 -7.3959040957034654 -2.070128109029616 -3.152695673295268 -4.2991626681034845 -5.6199280463184644 -5.3484691896701566 -3.6675743374771734 -3.837273675186748 -6.81079900182415 -5.597079706695518 -2.119532598805757 -2.5976670930922872 -2.9121537432978672 -1.8289205926211669 -4.5108796947960759 -7.0156100117707361 1.0407017731012118 -2.032793820784343 -0.02073277721430912 -4.9553758204151475 -4.0771929766023289 -6.3783531629966967 -3.3364862710591332 -1.7765735480089262 -1.5860265657335031 -4.0373863935836658 -2.7063505944074979 -3.700910494057946 3.4664148036242786 -3.5965810259462425 -2.1005276405627016 -2.077534370066048 -0.81940030315974965 -0.26231306408341604 -0.21433948642352765 -3.0797847161033918 -4.1915734625708767 -0.76462124464131476 0.69669622337566517 -0.59404721653335324 -0.31665972429976141 -1.8221452415538955 4.0361142509800016 -1.3184789730700461 -2.3492169358713784 0.86357808203941411 -0.61878340979489921 -0.86031488142953028 -0.54365013886775082 -0.7506529692359033 0.79218356932642564 -0.09821703558185875 -1.072369632113483 -1.9795123299974435 -1.7788515648964938 -2.0237091583444551 -1.3755337597170401 0.88966844756409869 -0.78280889377434193 -0.181362261656136 0.82610609742043428 -0.72677851360839263 -0.54915705131879644 -0.30870131088439789 -0.095573581639625094 -0.04707101016721621 -1.4233753181087838 1.8499644598974576 1.5140379315865138 -0.74052887061543426 -1.8970129992616862 -0.83975413882143857 0.0051198007521262049 -0.038948762661353109 -0.28324792053275505 0.37363117642598481 0.22727544732007876 -0.72781842113240236 -3.4526229345510591 -1.1388006544820757 -1.5153031955085015 -2.9620278803884332 -1.9660275653374326 -1.3561855605803084 0.31505846417056155 -2.3464073912187402 1.1207556255389353 1.9435870191528917 0.81889579439439364 -2.6360226398461259 0.75698347326513826 0.30804129530632129 -1.1531217769319231 -2.8925681796272014 -0.37651238146555405 0.88240532063983623 -1.2587425002340942 0.025078257671576024 0.86129832952167451 1.7928452343901429 0.56740954927758414 0.31737531741742137 -1.9938168105738689 0.9602084631611334 0.48783486170808515 2.152829293152243 1.1376040463530601




