# Created by Octave 5.2.0, Fri Apr 02 16:05:13 2021 CEST <br1@br1>
# name: ptcls
# type: scalar struct
# ndims: 2
 1 1
# length: 2
# name: x
# type: matrix
# rows: 2
# columns: 320
 133.22211203196855 98.998419299132479 97.242746464482039 86.402875689057751 102.03440901341257 110.47486173112623 77.950849324299043 91.34788121038514 106.15520686272744 112.20281419262564 102.57438423812754 98.036422177896128 110.38357973476189 111.35013708997366 109.27955249976404 110.14038727681768 106.24448999068534 107.45630767614652 101.28053935554753 102.69589291069504 104.05438910492924 141.61197387038771 110.29579588435676 140.83475173919999 140.35249889527191 125.52620304714378 141.33630974579953 138.05543256236848 143.61420519597604 144.46544930751512 140.30172536186345 146.04317518839898 138.42611807335481 120.41080272994722 143.42254099162898 140.32987856774432 141.18933980470138 142.71656155981748 143.98097770130403 144.95618650254215 142.4605931055882 145.04300704214978 137.20142264211555 143.60051125762271 140.92803472895051 145.08428811559429 154.48583694406307 153.55437883383544 141.75633208652292 139.74574606777361 139.14835208113166 142.02298451700867 143.33602347798515 141.49135684925969 154.68562135932766 155.44186062454574 142.45928727768211 144.92239753922334 156.79856490037554 153.92682845362603 152.78921686801817 155.35123282991043 155.46740470446434 154.80000963394795 86.68985648972108 88.93723732340024 87.865972676332703 76.167170729463777 88.165769252092375 87.150123739762719 86.303035438148129 44.049643477912397 91.164143873734375 90.058832134064218 89.508351910531246 88.002408181173763 90.320180437304501 89.310399853061412 89.399567162130808 86.305067374399528 95.995941484565307 93.838981288334594 92.469868408280419 90.463850771174208 91.452025632850422 90.337604418538206 91.60034933439924 88.866287258309882 95.85776180254804 94.986764781751816 94.104670044091108 92.159134755950362 92.477296720598147 91.413433922409695 91.224506843176727 90.102669135931791 103.03734864521074 99.108370836385504 94.976202487638957 93.214914702703297 92.518471670513733 92.357038853502104 93.55093515498919 93.540154505174343 99.357615202493577 100.10523065087771 97.853807969072847 93.576348059699569 94.622066543073544 93.595384262412026 94.378408622032055 95.402110333782673 98.673483062338377 99.119688361024529 102.43213624972938 96.122467670253997 94.36715827963792 96.538061035668989 106.99877200126414 94.586416508166067 99.954024577098409 100.66912709872084 100.39746041774062 96.804676380922999 95.256900788853599 95.581211877744423 97.715294795849388 98.520967291576341 109.98219770245473 99.476721057316141 99.31447407961943 102.91004063410824 96.307988992167196 95.595735623927183 98.281628019779987 78.568833142616029 95.692858627126839 95.007704263341765 98.77074498535552 105.70398316134863 100.15206550723525 97.049944746482538 96.59833559507787 77.090143302460774 122.32233934999527 108.83174772998439 85.491865347196324 98.466093985420741 101.39440380596362 101.28307847252637 97.433504058892979 79.691413874466676 111.49265962394632 109.9356224235045 112.00386982059716 96.054307208416191 100.39942457690195 101.26603395613492 107.89159798073165 104.27347568166904 109.08646646306559 110.77748125484648 111.26264839666051 109.78805104453944 110.02412369117489 100.76814195093685 105.09987143325432 107.55930994565966 110.40868666762614 109.74416143040975 109.69194332897732 108.50074157666616 108.45169887193622 108.57733686785251 104.8621295383734 106.04066240437218 117.8467276784269 108.61162548061587 106.56612558222611 108.97132774538991 107.43418630553656 107.54335552494707 110.75445986500689 107.9320782563193 118.81873748787335 147.25988589454545 138.2648197160145 106.85802594005385 135.81713921154068 105.46016285520288 106.60651373648082 109.16043995951402 138.66216456671842 136.80997161375655 139.39861029969018 136.54326526635666 135.7459802030121 135.26871310600799 133.67171361352246 119.81788164309377 137.80154968939488 139.07959367498577 136.71928921613423 138.0756317634295 134.82963947071573 136.98412742102238 138.16524865147264 140.74178383009593 134.65993037434887 138.05114936280043 137.05806972756096 135.82973712167197 130.10379285261644 131.73234258095582 138.86926698524604 142.48719526036174 135.93634989618889 135.95401502990978 133.45592378852317 131.60617412341358 128.23673998874344 127.85201168404883 141.75035648610634 137.18604286450557 133.74105009846582 132.6046338161909 134.3566773881723 129.91339215716454 129.08586501892177 139.6476615131449 141.72293442102966 142.07719278084522 157.745711044057 132.48565669541546 133.54734221054116 140.56165480516594 142.63059447485981 151.22644309554661 146.19993801995759 155.99976475845898 139.79196717633047 129.15160948555675 130.24013767635157 150.28476925891337 152.45137401704017 147.17190912834721 154.69479126357635 155.69159926518441 139.94252821957895 130.92810121905441 151.63454610790399 150.87282930645284 153.63458322492585 150.07577226181263 145.51057724104459 121.49357278667622 156.53975635960583 156.2983814364994 135.48759874892062 159.35518530236348 154.93770865206369 153.71541322882877 155.89590162950796 157.0789196680667 155.64607246940767 151.49385474515572 153.59006247691008 152.78678008582338 156.01674941602522 153.31936015439163 154.48523830303503 156.33643961989281 153.75512915245511 156.96792928530016 155.47835122759227 154.85509473120351 155.88229256438109 155.41675141499366 157.1542401283007 154.95472209391158 151.9401905928315 160.42730907863267 158.39118621735616 156.84269236061982 157.00460740296796 156.40719790711873 156.56576902015999 157.65704945325393 159.32169878878886 157.76308912528646 158.46063743746873 157.51046982699796 159.16244296220978 157.9152702748064 158.82772680778046 159.45611620618499 160.46618921205965 158.18649120506524 159.58603647254014 158.72635023580733 159.85452768329256 158.29333369521635 160.39290391549187 156.63621221052929 161.42034125545632 159.25922089478198 160.7794350231284 159.90106453002508 162.39688196527223 160.88313091463363 161.68851381183038 155.91789615464609 161.44219808558873 160.2746946901367 161.83223569360354 160.22038665880396 162.27513694226289 162.7172309144124 161.05734373192351 162.69113385887468
 13.276599902036068 74.339052157708707 81.682235015328146 140.5962027448119 67.613184746849328 85.269281174104222 148.39659355512038 102.65948001969441 13.616281633432809 34.207431727552866 69.436248543737364 80.88781824957718 89.870077220628247 86.678644007010988 84.85237361491825 84.132899148210583 11.386727397218513 13.23352357844942 70.522734854099653 66.360167491703464 66.563887761947569 68.233375406332243 86.433049862630014 69.306338744091363 63.971648033762648 67.951011387117163 61.800044313633961 78.054059550453346 65.38164445626434 67.435597053510591 68.328830544498743 69.646227877479745 60.019445968204771 49.226595311225445 66.801495148111556 65.283872890827283 66.231919357970483 68.643630021516572 64.391694404849503 66.514548566184331 66.157924414460922 63.561991858240035 62.145595067777343 67.975073903257481 67.386627078166967 65.142455103685478 90.823006758866569 91.466791554605933 62.707849148591755 62.001915926412508 61.104938336566796 67.174995775646693 62.814882171062393 64.195453045026412 91.955243074612554 91.108274491533805 63.5809089827017 68.573351646295379 86.884034419008387 92.835415476113965 92.532623292994174 88.736832896567449 92.728252449146012 89.77293014489895 80.202742670690085 80.696978788632507 80.374946863768486 80.599010724343131 82.436578092389112 82.080753147540051 81.271837392725288 111.85215762334987 81.193794662287388 80.599586422499357 81.642336462033953 81.400289846884647 83.1688251864623 82.742782610795885 83.782079339571652 82.906852346681021 80.081668380305146 80.348865725094996 80.890141583423045 82.081559051905316 82.942382765438751 84.253491443563092 85.25537754659409 84.6900897915109 78.847732988311591 80.716275960400466 81.337552571843304 82.125309621816854 83.194850178376797 84.171610976706006 86.25483167726793 85.338886378776451 80.698504134778517 81.18323577075499 79.616879161055806 82.095373315468649 84.403717010440943 86.166251639741532 85.400348470982536 86.880487947787117 69.448046326057948 65.789492828169543 79.760506332037835 83.171011464407826 83.531698933657992 84.325565462682988 86.084591922287458 85.659133325617049 68.633258756144798 79.998948634863808 71.441936674206389 81.061332047501807 82.425706913955239 84.91592871603919 90.062527706234007 85.025590546078476 66.944453804038233 64.67450898506614 69.974478876341095 79.300476232376667 81.780419949623422 84.394454010069097 84.771338864115364 83.328395617259872 63.021057779855418 67.84640854040353 70.544116477618161 68.279412022794759 82.26920851048888 83.13830578847282 82.184071033651549 147.56334803703018 50.968451082107435 50.085300467007151 63.839917757116091 69.156079347218892 68.805570348307867 80.609662372337596 83.731129564466528 122.6680479903046 29.351083001162273 18.483318825551521 56.492068240622885 64.921017297468424 71.63581659179718 69.186793816910381 82.91716580701123 147.27556765250162 18.87174970276827 18.7784521911796 17.714491691551096 49.619352255966007 71.05967877236499 66.794755368290609 33.615008924692283 12.374611631149333 19.749379730976923 17.926943075907715 16.859873811980719 15.403836012828535 14.36159961237262 67.778360334317256 11.01837850780889 11.983962615820722 19.860570407894766 17.674145445902756 16.529422135303573 15.836794274042873 11.337493120679866 12.509596648392604 13.278754663951638 10.252777465752832 13.207020359061509 17.356055311308825 15.631235351355393 14.660869801488818 16.334939375819136 15.229532155281971 15.858110484892034 14.168849457451142 12.365375401609233 3.7824906336820687 30.224386563309977 14.383994429850915 24.312672439951807 12.38236225928245 12.536510035936288 13.572869181527336 27.014979530589788 28.511979656766378 22.961417392317792 25.150111988213517 27.918752102779639 25.39267241518688 7.3087579503291291 48.185744520221796 27.962793788982196 28.138915922355466 27.394430225167099 25.372838740811414 27.163133962235111 26.319375671239953 61.581406959202958 62.936932635804567 30.023673120354342 29.158567426584558 29.681932558611667 26.71981139501429 26.98209442229922 27.610363073039846 62.537284515961574 61.893497685122213 29.127998154669786 30.245871785185443 29.06882208074444 29.367180196928508 28.551960635237297 29.538250580530754 65.318123404028597 60.968114774577948 36.417101760204801 29.743233773009703 28.451146674807433 28.25883035737948 27.643991481471801 59.986511326556126 59.93744305243181 60.904552680814255 23.459965589688025 28.599189443558888 27.540221112577715 60.990229640830634 64.678738825328352 83.921209290906489 68.453281219990401 87.72142546791784 43.991297422772291 29.544905528779768 29.358248013193055 83.204678243337426 83.780814985787046 77.756639124357093 86.042423569518533 86.479532204700334 42.776962607136149 28.52764607584588 82.810450555454025 82.014469079674498 83.501685082378316 84.273981691468279 67.641271660126591 148.96475614309009 61.393877291549032 60.374268874115735 89.813711121089696 81.852368290509645 83.901348543532293 85.594238610874555 89.663555677848507 89.848480396718571 80.857853841869058 72.786977796723605 80.841702427493374 82.539529115310614 84.390047272552437 84.527864052807047 84.827221946431777 91.916543632296268 82.073150101821568 82.367757817908554 83.030461824247794 81.69441826634484 81.97337787048582 85.282843616604794 87.879093984589019 87.41150599807024 81.664760892291199 82.301432509628725 82.244275999135311 83.684791205998621 84.767586109856978 85.686610135535176 88.763946687938201 88.919060846691593 83.107689768116032 83.153373085340178 85.192265473397612 85.900149199168752 87.350630613675634 87.044372005845588 88.95914364583362 90.21059245152756 83.474670687777106 84.186467090998264 85.481951665025022 86.258985012192113 88.806362631811027 88.000703740394712 89.76093184168073 90.813027096618185 84.349309940997912 84.220921073570622 85.541893725633955 86.471768323653848 85.171122735277095 88.53151553517732 87.765339567530376 97.361378270500381 83.070095632377786 84.605047077579428 86.058467360495683 87.695066689336628 83.752711345249097 86.640590848109156 86.75626271930615 88.105425682788521


# name: v
# type: matrix
# rows: 2
# columns: 320
 1.3579693284185725 -1.5491047806532685 0.80851499340943589 -2.3617106020879088 -2.6380043927270225 -1.3338381458725383 -2.795950158684521 -2.1848560259870178 -3.1892111339716549 -0.62397535907694635 -0.0601832062264262 -2.6079216255784825 -0.74118715823311598 -1.673357695202093 0.58307345061317462 0.20206555672679949 -1.864342140978706 -0.38930830027517421 -1.5480719476501976 -0.55548690217094787 -0.5017822575759433 2.1202213146039965 -0.010054829598967689 0.89140123386896164 2.4975550792798868 0.18963793975630527 0.36113255889022011 1.1313036246855084 3.2113498863803991 2.0815112646070295 0.19702355976225985 3.4807591618568687 2.9811522435487383 -1.8248890342906565 -1.720275687601766 0.11434703838200927 2.1499554688386064 0.72239515542852339 3.3738738043901604 0.55059692999694854 1.201382167321825 2.0854517342459666 2.0486182831616593 1.4882774320922776 0.14718344033701086 1.1397163405406776 1.4950687129414184 0.59655866016390835 -1.0191665974099506 1.6833465438567301 3.2921193173994925 1.9711527298566105 -3.0420738005611412 0.85302606778989065 4.2233887316276606 1.7337593463267478 -0.7044651657741221 -0.99258819462041292 -0.58352255612191628 1.0019378793759257 0.64851018113301084 0.39589087637794396 2.2442895090197261 3.0232777047612878 -2.0695964280847328 -0.8850785008854245 -2.9817813828737405 -2.5555409142093808 -3.1930224518376393 0.22010089874580616 -1.295827671782606 -4.8083481724781443 -2.0426710566400197 -2.2448108509863256 -1.3596806339298699 -2.5490046529619677 -3.3798480395083921 -1.0464709421772844 -1.5764217603978503 -0.98202178206788304 -0.9993600963341529 -1.8290270107640583 -0.31855559280311269 -0.88946273731810854 0.057595004713839715 -2.2229866460813681 -1.0281059430446218 -0.39956533695587432 -0.61973514130330376 -3.3912932294471356 -2.0833677046123151 -2.3895049159497037 -1.3766698791004659 -0.64520033914543073 -2.287618441826524 -1.8545151307432182 1.0957960171126855 -0.23215329625342257 -1.9516758084170625 -1.879455805964908 -2.2102984937204986 -0.85523623994323716 -1.7404691253791231 -3.1673943499019357 0.46050345525562314 -1.5585911410148066 -2.2943612186731159 -0.79183614952419157 -0.84872448292984359 0.27266859534281518 -2.1549177269411666 -1.8993349734394558 -4.9060247356734505 -1.247783583183232 -0.29759024189349609 2.9212989405720937 -0.24248848181935481 -0.23048741524082508 -0.98235940944024569 -2.3526753648567964 -2.1471124342622767 -3.1772348589241299 -3.2593968358623471 -2.2963258989323103 -0.40287550919243664 -2.9713713409587821 0.40698177833718657 -0.10173865039456367 0.63942593884555221 -0.83685786321827771 -3.0789624468769068 -2.5331002327123247 -3.5120783010871794 0.16458847565039836 -0.78274162640173817 -2.6900918447142361 -3.1844890856446186 -0.81459824655350088 0.25699271837088228 -0.94314333146569318 1.3132984905074945 -0.093842712514204396 -3.3323347972769297 -3.1420302346738094 2.0503194377782759 -1.5334816589665945 -3.3052369035009281 -1.2646911746865794 -1.4758154032555453 -0.56031942036848237 -1.5709662931511466 -3.2178788909304687 2.2729843366017648 -1.1638192060097297 -2.3464791944447509 -0.47982464833339999 -2.1868512497025057 -1.6491663169488242 -0.91553894821569615 -3.0444501514047069 0.62690055555308399 -0.38429267564320568 -0.0083398554156654189 -0.91833266592582186 -3.0689807338603994 -1.7835106648636962 -1.734301141780147 -3.0008458657925781 1.0304264811436616 -0.75904723592653467 -1.7206818061184177 0.65364819764698368 -2.7006691631476127 0.26562634654589773 -1.7166844889923538 -2.2079596692827779 0.24661053345494585 -0.0096754459362826395 -1.3449816844314815 -0.85725336570961208 -0.89043912482464971 -0.24556097368101812 1.2154587536258796 -0.19683199368891979 -0.97806358544017968 1.9063454546835059 -0.70071679774020046 -1.5379765571581381 0.76082697939931287 -3.3682088907144045 0.46710627124086535 -3.0707591236127718 -1.1980635251201259 1.9050160879480558 2.5327848163482951 -0.38225116491622735 1.3590451842918667 0.98714834547017272 0.9259881844467065 0.89088922371581047 1.596490416994043 0.062408391800125237 -0.9802489427361446 1.9526641831260778 1.2116510969614809 1.195676250968664 2.6895844810658711 0.86152762911566472 -0.30261752886072368 -0.059847987266861608 0.88011674700112086 -0.1271200067835343 0.52010149657188609 2.0766491421203201 1.0167464154138175 1.9339678631021275 0.08826688283686672 -0.44397195440820103 -0.75575037785898236 0.56945112010606636 0.41771501685727586 -1.6413664365017013 2.9954361436425856 -1.9354548967927696 -0.92266956557525615 1.4800659993360743 0.073368488672448065 2.6749786486621363 1.0814701266138615 0.41023634141279136 0.45478781881634522 1.5026914109061671 2.2728166734052841 -1.6685741869002788 -0.17821239095236963 -0.89063321407478435 0.36362406033409495 1.2172685968966179 1.7640941299238211 1.6010228498900909 0.16966806983949689 1.0400639333446193 -0.85770429280938798 -1.1020665190081673 0.79999729184826773 0.79445250808365253 1.5635147787738364 2.5582106872468917 0.82776026215300813 0.16223652519657483 -0.43100029832244574 3.7325934632099176 3.5307932472118808 0.81059815189360085 1.9253130456515264 -1.1396072695747648 0.98574070126709989 2.412285108239022 -2.100086601167332 0.99765623504179923 1.8297945753197142 2.6887379934764781 1.1042688781634447 1.0535930985493482 0.66570497381213278 0.88167391345715806 2.8346153551347468 0.44204273105561864 -0.2816243461308453 -0.89582430022194515 -0.43384579558467773 1.200052141430882 2.6547793215514912 -0.34744390505649303 4.5395094457392284 0.78340672806551903 -0.53917788317460957 -0.53703579209228725 3.5626533476464113 5.165673655047712 0.10001559727348303 2.3848845684621165 2.0972918428259342 1.9174095945289411 3.8786180484446096 0.061720861616293671 2.6849657503694453 0.38700301580712193 3.1823776647020794 1.3213716262625457 0.79657502866094321 1.2528759594014363 2.5181559885516664 1.8233129440992204 2.9968868245529023 3.2246610612306585 2.0933622162017413 1.8604916291222451 2.1343762613491224 1.3068292420497796 1.0080342973288068 2.2020813259772107 5.0122024039649178 2.1089489853320122 0.73957130490139444 2.3815034570847509 2.1520110150573188 2.4432206175354185 -2.0518723975090869 0.53125456119457315 0.35228673456340326 1.0795806053282941 0.89380099659136858 3.1412076369869788 0.28277367867386921 0.13469571738089758 1.5079302645364492 1.6985692246740354 1.2813251333045899 1.8801347468242626
 -6.3445512990119379 -1.117490105380994 -1.1864860023855879 3.1959294126884794 -3.6021903164699731 -0.756898612457925 4.0546834866085435 0.29108599795669898 -7.8914710198790683 -4.5400459979297505 -1.7439775328961926 0.14489424936170758 -0.81039780598378297 -2.1715538762571063 -1.1458153055633586 -0.28769332096774858 -2.5494847021731051 -5.4150430602801647 -0.25709783609159498 -1.0596676926976367 -1.7788657689046607 -1.2992063263708784 -1.9103249641901556 -3.7802125201751124 -1.9141804197861561 -1.9360448762617062 -1.5357832843587538 -1.3688265063269536 -3.0925761146872852 -1.0251560610827195 -4.179048357670597 -2.9656173914031494 -2.1148857923007185 -3.8126708530319289 -2.3990908558301087 -4.8328700283677994 -1.9850516747064966 -1.2724556741186879 -3.8783105428446683 -2.6940024429132117 -0.17434619074511001 -3.659434980393669 -1.9270230642673438 -3.603486362813626 -1.3542129969394279 -4.2640969940684599 -0.62093727423311917 -0.10679803753702335 -2.4592864200144851 -2.6109637671166692 -3.4726850201021042 -3.7633878598884198 -2.0735674339356902 -2.616874377676436 -0.21257522492143183 -0.4918872997274773 0.20742948247698964 -3.2777694298266118 -0.33702429733746875 2.0351355303056522 -3.1875995396678034 -2.1415195419776443 -1.2123511929349775 -0.45187804981092966 -2.391638281254107 -1.9417440119687488 2.6605266037009194 -0.70265671128496998 -0.0043773697157949293 -0.69764152595560325 -1.5470588321479732 1.2975106343904557 -1.2868077417628812 -0.77702496486892614 -0.024878784712725109 -0.28810762198295953 -1.0309147906277834 -0.79623582171949392 -1.008951291803849 -1.0249198862329723 -1.8633947115859859 0.5542650466070761 -2.5166618422429092 -0.42558476783476545 -1.5287921768420176 0.012415428944255971 -3.084336474819211 -0.66941630740226143 -0.26436122254349981 -3.1488834799459555 -1.2183788757856722 -0.69762502302532114 -0.23500904614712598 1.9103143155977345 -0.42744553495485016 1.8288577685119372 -0.76998383527079506 0.91880368966637249 -0.1061289774042849 -0.43100461419572073 -1.232115747391997 -0.71927657198041028 -2.0892101674529227 0.73016031900287659 -1.3740189918912535 1.232294011201019 -0.92684761396326787 -0.077640027082697904 0.21021610886883682 -0.046713572941749826 -2.026193564410506 -0.44175352203410168 -2.2742798634292618 1.1897814664116126 -1.0028633480106963 -2.5802098785806575 -1.4788147864554588 -4.7312083720191564 1.4511542305423721 -1.8690114455440971 -2.5211662591727793 -2.1663253952947796 -1.3407245345476086 -0.059996647304359135 -3.1567114319434872 -1.9713870177438733 1.5871135632226221 -1.2043530078303639 -1.4985947257817349 -2.3065384557604807 -0.20680095960202455 -1.1427124359763479 -2.3584503459834743 -1.1612832780793167 -0.74215794026433235 4.2201031708251522 -2.1251366036164931 -3.9999942543599087 -1.5287495435458851 -1.5869886814609546 -0.91626549355166831 -0.39681079406794945 -0.72586642402999813 1.5120815234880927 -3.5162276711970275 -3.6297310983089996 -1.9440862629784657 -2.593838177652362 -1.1458027546009104 -0.73870559280264281 0.19373008522110544 4.2360408374395089 -7.1149831917704676 -8.0025585868365638 -5.7275334711028743 -2.2854366744740542 0.99286741930549427 -1.5046298462644854 -4.8047683630626112 -2.3973901492773915 -6.218133399989104 -4.0297202323154924 -6.604231656604977 -6.9957871770722608 -5.4213353056672453 -4.5713762438630816 -4.6977744460990172 -5.8807504444073162 -5.5442305842872042 -4.8710016243742764 -6.3838649025189582 -3.9456734277623826 -5.9634242998481763 -4.5528948282118069 -3.261815931860188 -5.7753774664550779 7.3019738123546345 -5.8742326247016452 -7.1613012940593315 -5.5287677849518948 -6.9682456140963387 -6.4954780479905807 -6.619038043933771 -5.618708918334435 7.4175583433475536 -5.9957003488919911 -2.331762094846809 -7.0580936499389368 -1.3221593881180929 -9.0327161768257653 -1.7144923577057563 -5.1398464076841819 -3.7696919804671944 -5.2552130880749841 -4.4806091023851753 -3.0729843013248437 -1.8801716479121073 -6.9179993077159834 -6.5093544091306157 -2.8935746387140653 -1.954279473852667 -5.8915912336130498 -5.5767865687440867 -3.4350679105870987 -2.9415704098224875 -3.9039655185839273 -4.418033217142618 0.73433255288245902 -4.5682832500769779 -2.7361971210804725 -4.172325642115335 -7.1775137977137371 -5.7022093415489126 -5.4994123737671288 -0.66992839434777995 -3.4213503711651265 -4.8714476620791354 -3.3755049121706704 -4.7675445675497139 -7.2210143551588262 -4.9833745958595301 -5.2549466569178565 -1.3896816087850974 -1.2709696517700066 -2.5976670930922872 -5.5768791662717083 -4.8761898604979326 -6.0799816909102509 -4.9961338065007563 -1.342677290230416 -3.0362013313770322 -0.83588202828086455 -4.9553758204151475 -3.8795740808682213 -5.5947463187962629 -2.8074397534965709 -1.9071106016844419 -0.2267373452651166 -1.9506061977176634 0.58683026427107376 -2.3422640656120608 -4.4947804715466342 -5.2498801026450082 -0.6513444945613398 0.42076117735221663 -0.81940030315974965 0.52149682432535038 -2.928420099390765 -4.4384311445492965 -4.5687388677545311 -0.56733164240214251 -0.10031665164066539 -3.1883610805252656 -0.80405525864862359 -1.3246507672255472 4.0361142509800016 -1.6973464849061279 -1.9703494240352966 0.86357808203941411 1.0208834843696635 -2.9021820906898337 2.5294596620750913 -2.6496020399622102 0.19012156662910915 -0.047305740305540141 -1.072369632113483 -0.83094873976484085 1.7281330341441581 -1.1411722351275597 0.19394082805381416 -1.9365622703245908 0.92150251968037822 -3.2264244334562431 0.29255585106410575 -1.9017556118943211 -2.7142680292137542 -0.96637744906467204 -1.9633466769765455 0.67500890648655421 -1.7316273374834361 0.92074625155445766 0.37343502862211736 0.34340526732628829 -1.6881683279792137 0.47777885355241323 0.83937587568124372 -0.19801165301923726 -0.091656485391577641 -2.2928644500540432 -1.935958308924264 0.87205635105404788 -0.49034229263198881 0.27074380101676987 -2.0827921425008884 -1.9852634336069703 0.034657881774352209 -0.22191790822342158 -2.1565672586721338 2.8762840057239289 -1.850035388282588 0.050204013331788283 0.25528796764267747 0.72223522441171173 0.019338446556231972 1.7807494536413191 0.9438449421100803 -0.79823024236626017 -2.5960054630167617 -1.7011207949713825 0.66822680889365216 0.30264332558590962 0.86129832952167451 1.1756206746019742 -0.006856972079228224 -0.50358472517740205 -0.85201031993453868 -1.7942092225708548 -0.68374996080474104 -0.9520624527796151 1.8829864683737327




