# Created by Octave 5.2.0, Fri Apr 02 16:07:18 2021 CEST <br1@br1>
# name: ptcls
# type: scalar struct
# ndims: 2
 1 1
# length: 2
# name: x
# type: matrix
# rows: 2
# columns: 320
 173.33026451801021 83.197550536467133 83.165133716548027 62.313427547761208 86.753895515680767 105.81760477281171 48.286900684322021 69.062349745304232 64.820202554112242 115.60444122612273 89.022775828727703 83.664926829551234 102.82347072079511 107.42985872338527 106.33074374833316 109.39798805713578 50.602623889341587 79.617213088168342 84.665049745832576 86.071030655429851 87.842881407803105 152.8865141506937 106.55107050895982 154.08621902030126 149.62765565687167 137.4950787545576 150.72053260916471 149.59472953416667 155.96276733452248 154.71932824913807 141.60134609215967 153.49518647611802 149.22720382827728 125.4144824422514 154.61855860885103 151.75084165036884 152.48640748648779 155.30355435243808 156.08014513730623 153.67724626601307 154.08621873769926 156.6334037716635 148.670081946484 154.84022021061733 150.94436444607729 161.33195701757805 170.5521303722341 168.19696796522237 152.52349604606846 150.46589682623224 142.76579066230607 153.57830540585755 156.21693584033355 152.06103492677951 170.90198682416886 171.92688610514233 154.24845042664828 170.04303130510343 172.65938082594747 173.47565763624584 169.76297048371435 171.33585831972206 171.0977297042441 169.18125400590611 73.600845545164191 74.09955708657769 74.020885963204861 50.100653404521353 75.458079616085186 74.661682359798178 72.986922352841262 4.995507881366092 75.885412070938287 74.8988766018349 75.02244527585087 73.857198700171566 76.767240685380884 74.888062652474545 75.749149754640825 74.695710463238967 82.885333289810575 80.397546933911983 77.350413920410688 76.092748937462801 76.486994633519956 76.513020000830679 77.96324197371203 76.780867219855679 83.056262177934187 81.735842906695581 78.370013214805624 77.100570608950235 77.838267707679336 77.281135988952855 77.494870640432083 77.773278321152048 107.46039772517305 77.585808161714979 81.874457323889956 78.209492219414741 78.432949845765847 78.564258422492514 78.978210394198314 77.954818495097626 85.735338521096779 87.039158959197138 84.564841416681332 78.901126353773577 79.532098976162999 79.568733044253491 78.489975395229138 80.759625807560269 82.969921673357646 84.846855132512331 86.050738869555857 82.462474763524582 80.040899442932954 81.844204846675154 96.978706024976788 79.225847403118109 82.106224570118698 87.948875054771449 84.059901079234365 84.037347776799578 81.098080567957425 80.11089662666302 80.352582677433361 81.489488917589838 116.50434227868149 84.235084232751447 83.760677075752056 85.800987294651961 81.970019400919483 80.800158166196297 83.108514142708216 49.087975789780934 80.275891645331711 80.918272872426414 86.637486569942553 98.728561088071473 87.92686962452666 83.600473493522216 81.374702133085208 45.041434908794713 128.99232881138951 118.35446541115822 51.778448931491369 85.952826118057743 84.791077442891421 87.219490531679824 82.463500331593522 50.056226745120711 186.73525246885146 126.85620104130277 134.67179410910751 79.875803379705417 85.215287060674243 86.73180496980207 105.5793221253073 51.596073344146831 119.54458397502744 120.43814232996894 115.77754198143001 111.79540129548593 78.753558526219223 83.215349654395666 62.715353004560519 77.560824112105422 116.72958582011044 120.33511794253513 123.74631492637714 80.264913499996339 49.560498923179296 49.528105054870196 94.160286628111038 77.361395709405727 116.86731629316296 106.2902734306344 100.02346918415498 77.917262826068423 97.835165691786514 115.90321154318326 118.94171771390197 94.694679812437172 88.775136884851719 166.97641548709214 138.18820450950918 78.439754090715553 155.16715336154158 63.827139720223201 63.643408039920345 76.654948764295156 137.19680798052968 142.4321517848249 169.89421474388112 157.74822542263669 157.13609923118474 147.93602530305793 120.16712565592078 127.32338319316753 135.94230819595757 135.74593454615444 148.13130418305369 156.15891714615358 154.20447379769888 148.22588074219752 149.79043782383849 151.52477770480314 130.47845774200186 131.14287180315864 149.94376435628158 148.79864553631364 148.73896811694141 125.39692620113387 148.63671872267597 155.52334112741809 149.77917112762523 126.41646320868057 149.499688553357 127.99079924596796 131.00714363650832 120.80787017364607 153.18900309135842 148.92598007765321 123.54560869532534 131.74670181034966 147.63735218365602 124.86646881484853 186.26120416741139 153.44816083826919 154.53635953264549 151.35215391874391 180.92844111279297 125.39377582817613 148.46017693687838 149.81943767567799 155.18604591309486 166.05791882595329 163.45187623591789 171.50406017822641 145.28180195711462 104.22962412285912 129.03987551025327 167.08304235428804 167.77784545149515 155.27532471082336 169.04520034894529 170.13055966293757 144.69805208405 132.3936928482691 166.61240040997731 168.11196293314751 168.15265484159727 166.52132629369075 152.31759064330208 109.86957863700098 174.38860944989167 173.1093916031756 114.06671541702599 175.23999732306208 170.57491912015846 168.65224913969647 169.99561993891757 173.40262226181838 164.86476277284009 160.48692866239168 161.046306589382 170.24682957774732 171.45101413233084 166.8417020829101 168.37544616327867 172.183485121968 169.38805511938006 173.98597477456994 171.80629228293083 169.61228606243651 171.11217253464329 170.87961678068669 172.00026592520231 167.80623908655591 169.27973963425538 177.76203991913346 175.1112812863783 173.97318515808672 172.93520649516782 173.76780194252808 172.08000342271711 172.42450944867787 176.57114606647522 175.06233021261758 174.4610344559288 173.38600673476489 173.76008346223929 172.994659224754 174.58435472676146 179.03933016861041 176.40534532075296 175.68939112799956 175.2275579335589 174.12848505427854 173.9879314118098 172.88639918796702 176.84668681285609 173.00942484390225 179.08007450711057 176.79673792058497 176.50991025655378 176.05390311892603 179.57838064829826 175.82525328832301 175.0716802155543 166.9296183290071 178.37501692052618 177.4579851304031 177.26805331459175 174.87471244700316 177.41687456847123 177.76140594675641 176.63386451117 179.45780966572636
 52.118167772012747 62.94065308282633 73.849211113386389 173.19468275421301 52.986762909314798 70.241217173496722 191.04525878420182 105.62855719886507 4.9354245075976078 11.4123177123326 52.189606680694645 74.784766600294063 81.604019599595546 70.935043658792452 72.643210866082399 78.745396549928927 22.752542649664232 8.4258920961785755 56.150267207367847 54.165691115653075 52.952177944482401 43.189612094398022 71.555478144235082 42.889542453019416 40.444165671071566 48.777321691207284 40.17275597251448 64.092029185907833 43.654456655343914 43.8217055656173 48.673730113604712 45.074799353333809 38.444170739077812 28.052197439177966 41.541391392653999 42.920397015490131 41.862289491815488 42.642199607524965 41.38379930512987 43.955710288671007 40.520479205904749 39.13308272597326 39.421561405635572 44.860198293138602 42.265061849418267 36.356637822827018 83.504132586494578 84.011659015830944 40.771975557700415 41.250224779239034 42.638897957167146 41.54171118985024 40.263732681847287 39.850910040975819 84.610329829361632 85.28465659987846 39.331491501206251 42.018215896464937 79.506395216913219 86.57437049750753 84.327936321664524 82.51678826140926 85.98708732674271 83.488490609353732 75.47586426811705 72.799253932575851 76.542998944973363 73.431912269226402 76.377812823060594 75.533215454870657 76.840662409331173 125.08676609412954 72.386228943433224 71.978396149055754 73.384893172280556 74.250633935554475 75.246800352870025 74.48739004000501 75.376140481227026 77.297112559413847 72.007306388469274 71.983044005297714 71.314097536634293 74.417328704747547 73.370384283281012 76.253259045782244 75.067062367799622 77.478677946877454 70.944395094827897 72.183646751565817 70.963516482540584 72.358805586877736 73.166325069177802 74.173210837115008 76.033491952948097 77.17224039312363 72.113252419095133 85.208298527292087 71.125169165584566 72.12537576107421 74.028278849653006 78.18033163479376 75.034620316541833 79.564321202384292 56.708147467620464 46.506566125755405 73.574144552749743 73.028522748031818 74.07036738065537 76.041445665675582 76.344366639717265 76.038181543110724 55.836440167583795 74.884441119712065 55.598480928879681 72.994065484575231 73.115562298273957 75.832359630471132 104.8643008577704 77.103477027499892 55.058098668152972 51.710084552216365 55.250670574006705 71.434191059636007 73.07033976694558 75.002017560636773 77.136562523353533 76.910881102328489 47.735391576886279 54.05590379811435 56.841955046456569 52.426928108175737 73.981500652825176 74.093836492166787 75.868227584703888 190.27263873016139 20.964905979734542 21.790371909719827 45.475926613493407 54.393020832581414 54.881455341659546 72.875906388475599 74.98417087936609 138.0912795298778 17.971592991473386 24.459889027495731 36.662388358248691 44.461881063334104 57.194113328006658 53.974343721258059 74.879022938466321 189.52805217799397 34.968310198707314 22.021061838476683 44.000613267041999 22.130037084631628 54.908181655350923 51.848371822165447 35.989824803633091 22.244840119221347 18.59974075048418 12.330806887405284 0.97934605732520863 27.274662557584705 3.8812084467623018 54.687548888306694 5.8346232941195622 3.8982296506827656 30.429524404645754 23.367332604811402 24.899592568780214 3.8712302908209102 21.451436553086463 22.72753952612095 25.140315874140008 2.7503939505981947 29.123641025895722 17.709114935019095 11.196297556443996 1.7231430995771251 1.1104393376680213 10.326391452121788 0.28172370865537222 13.020139552522684 77.054635670010853 57.396954941371291 6.9432418113902497 2.8837677384378284 2.0038973333582035 6.3733616591066209 5.2242961443492453 1.8138813805510974 7.6943555533561145 12.013982106826473 35.984889705819135 3.6964699202774054 4.748655877584337 6.3644760600142547 9.4092451446912211 68.111975986537189 8.2348589211323162 9.3077111565960156 11.571282816235968 4.1759412288725741 1.5291127109018587 12.840480423562422 37.36190555590332 41.195457317547103 6.1782094893263571 3.7887950393546319 7.7022256495373922 7.3503631668487497 4.3108475831236994 7.6053257777009282 37.580660514987208 38.771246487179198 1.6364941621365909 5.8155899202206873 2.8444143946505043 18.876206480322686 4.9450090974195104 24.608209380600346 39.732082763737218 41.554705392950531 10.065635934849599 5.757080117807285 3.9377816080853898 5.2783380253228884 14.23014681271327 38.61798161172122 38.225082029139855 38.733146962269785 27.084867778547757 6.3751791675383869 2.9840961167651274 39.420543194540556 40.558559947623003 80.636499395627027 30.365229552984083 81.36872202311055 8.232418283457779 33.553532572660906 8.5642721822707486 80.992794894439157 81.857726701906358 69.398756032120218 81.245409959859018 81.301549970702141 9.3591003344475006 6.5571486182218317 82.047774460745401 80.746142074791237 79.39705081749986 79.591866622426622 45.087063169228735 190.13312150310992 42.180442174991363 42.177205719470834 98.62220755788168 76.512316038372106 78.494890864909166 82.426239862148847 82.41247368886043 84.47221761861644 78.345883326794635 61.848807549176172 65.373689498382006 79.578095161003787 79.534355040654162 83.672822267097814 78.141958166394943 86.527456512924545 78.818704673327048 77.042558470923737 78.439956473878226 77.696313259956241 77.556041876417154 80.473105370981941 80.451586171301429 82.959377122825941 80.01791501068486 80.360237718505545 77.650401169319935 78.154682058577137 78.347456025870216 79.199840558268633 84.146730063447663 82.202653719510394 77.62292179092087 78.88754227629515 80.141138727027496 80.317644379258709 82.255793196183419 81.273024189645483 84.420885263403306 83.496564115784153 78.685614974379874 79.745636643279369 81.13940459501741 81.206352519042341 83.443664224083491 83.245933449399914 84.47597233263437 85.565073017103202 81.475318042169675 79.917613208912357 80.9024440176741 82.016124634586703 77.588785264586093 84.084327947529388 83.321965622709499 106.14662123162725 82.378473415178661 81.348160527381452 82.47016095068696 82.174906138404793 79.000192245519926 83.465620149524895 83.385264518123876 82.47088790296533


# name: v
# type: matrix
# rows: 2
# columns: 320
 4.0452272840958052 -1.5491047806532685 -0.34968424052540692 -2.3617106020879088 0.28503728323670496 -0.68514778368154705 -2.6320111032712532 -2.1848560259870178 -6.0529043126650048 1.7236720647538271 -2.2161666531938922 -0.69765063870416411 -0.74118715823311598 1.4867604935975791 -1.052686577679997 0.0054553980679680576 -7.269025194822591 -4.4819068742017949 -2.300643734141552 -1.5181795863924203 -2.6208532983427304 0.68374126710588323 -0.33511279680045158 -1.6936965135721656 1.0585210175588968 3.2865924376512514 0.26610271784390177 1.1313036246855084 0.35579928243269915 0.10121509758120656 0.076597165524798977 0.26472270774058798 0.98412637258405322 0.95492287514684171 2.4744375917365531 -0.22243540986714611 1.3643605152173974 0.10804648675511613 2.1968604417594992 0.65895306265095965 0.11023910046623581 1.3919964994259881 0.83881908918199044 1.2275047817949893 2.7721996928410562 1.6961192366017308 2.0397360460109635 0.68618120953537043 1.7648797030578858 -0.37654388056863203 0.56229828007824556 2.0572081626327123 -0.15325840457278256 0.19008295805991901 1.2335295293116666 0.86027549315198359 1.3729969229321217 2.7951920726202948 2.902624846690423 -0.39164764234044874 0.19525676660956812 0.009477598260268269 0.87838400894957269 0.55240464135043577 -0.95896720205231178 -2.2719675734573994 -3.4870581880023512 -2.5555409142093808 -0.14924348035876436 1.9737134616450476 -3.7749281559608527 4.8083481724781443 -1.8484995292674233 -0.18615129552418758 -2.474940523174435 -2.7775863168589114 -3.3024288164743365 -0.78112135343456979 -1.488503118817414 -1.0886985707113843 -2.2490037837188499 0.81701827404014138 -0.55848287521031403 -2.2924874624953007 -2.9757359625715289 -1.09779259137186 -2.0266365354898017 1.2110842723130415 -1.5724479725830811 -0.092427030558792311 -2.0733676622533248 -2.8280840636053797 -1.1135013393174851 0.013470683502897143 -4.4004638979388071 0.22266913751888351 -0.55558437972448715 -6.2008401770682422 0.81991422146371473 0.031035316836842596 -1.6464278860050798 -0.54680729897373381 -1.3545447801040718 -2.4841818267444813 -0.67327214225360843 -0.99473083596650125 -1.1439540409336146 0.35136915732728241 2.0664977350198073 -1.1301963335816327 -2.6640516864353745 -3.700114858639254 -2.6359007715198461 -0.70920231445082371 0.78625167292971831 -0.044531403053849006 -2.8813115732042776 -3.5790115908412274 -0.98235940944024569 -2.6811574628677546 -1.80038470238821 -2.8419828706191348 -4.6685921633533409 0.54407362238679047 -1.5666764100959407 -1.6813786645704685 -0.76225026836787368 -2.1477472751304019 0.63942593884555221 -1.3084901850663342 -0.85694367441272035 -0.099315765261911271 -2.3664721460749116 -3.4117678228327395 -2.6544175357234483 -3.9235707733248413 0.00044773297338844553 -1.7302706148729972 -1.436206348574766 -0.26415823193366156 -0.67720883395916975 -2.3438091963970398 -1.9151728943889941 -3.1420302346738094 -3.1476061759841207 1.2587686609644757 -3.3052369035009281 -1.1295147041397227 -1.9347295091203367 -2.0469513072155485 -0.7081927221661215 -2.1483390177331252 10.35078207216706 1.7670819465546246 2.9794398013476497 -2.7490890986318983 1.1352858228340823 1.2648908876917098 0.28907770316144898 -5.948958166585899 2.1289798520658563 -0.77894882957280687 -3.8979409362357114 -3.3913228914080427 -4.7006327247342687 -5.6993576432506678 -4.9711578871030451 -2.9223276512930729 -1.4405278808311179 -0.080596754315817323 2.1595107491211532 -2.1160751208153421 -7.1481119127266259 -5.2430272203350503 -1.1946868770402617 -2.4509376953952073 2.776649203243434 -0.86365086495798538 -2.0628606792712292 -4.9325139615634628 -0.75816249943952441 2.64841709927645 0.99616988720600141 -2.2070062866156208 0.5599963309348468 2.0712909729583764 2.930646756307524 -3.532337994679922 3.0830471004280171 -3.5528568807400647 -5.6940997581017934 -3.8877559569947313 1.7224439689697144 1.4096056935038199 4.1268127163193284 2.7197303641862041 5.4499903349376 1.9200041241362902 -0.954457520255243 -0.3069193709385597 0.2428284889812081 -0.50556412735922251 1.8648529585656082 4.8912835572641047 2.5605611076916599 0.92322770702402857 1.4665895715443142 2.5958532964349414 -3.281874586461464 0.43716323991678513 1.4460806777208355 4.8211499004763034 0.72383468603867851 -2.6166699215026998 1.5646722699073303 0.16469964693954803 4.3917596162586312 -1.7215061908419449 1.5311463826333609 0.0091556512484530471 0.20128095210404617 2.5391632550010841 1.0345772534798412 -0.1092014833809211 -1.4805455437975275 -2.6534314736363327 2.9883550048067975 -1.8167533633529374 9.7918552122602343 1.118668403167576 2.9833664211362154 3.4064704648615676 2.2728166734052841 -2.3638858834589733 3.1694315321119153 1.4155971003395882 3.4048266807965568 -0.21146689896563231 1.6181343393369052 3.006141722406205 1.1413243875440182 -3.8714034896466614 -0.018388054878221378 0.70667577268316661 2.8204663849580922 0.79445250808365253 2.210369038819306 0.87288403867680708 -0.029829677030251155 -3.3704342522734452 2.7144029408023775 2.5017440924951568 3.7511958265057839 2.3523001236309198 0.89419109071779124 -1.1396072695747648 1.6750085585153727 1.72301725099076 -2.100086601167332 2.360763904696856 -0.41761985290950004 -0.45863966945326101 3.5473984739173448 1.6182529362127909 0.3439989956095087 0.88167391345715806 0.51532177851477956 1.1349638325279208 0.86654504542667865 1.7974381082396242 2.7503805395240066 0.042463607360147745 1.6194370429540645 2.0854834778363265 1.3531745844886489 2.8735395802814332 3.2243416228380251 3.5407325402498144 0.19494952040909089 0.88881160046922814 1.3060990942593789 0.85360652042440321 0.93212616724106112 2.7679018231504808 3.3056373284029839 0.75862301787703423 3.6746182333385029 1.0637042415498408 1.8278893008684276 0.91011712863493122 1.601361409644364 -0.14434002574335569 3.4241907041416404 2.4465030212358894 1.42474450178837 1.2147916457325501 1.6543205630615232 0.10691993835691826 2.5042402364261664 0.90876632273123747 1.3477086038396016 0.1619115888180637 1.387157272319778 2.1626926635799792 -0.92323088061627134 3.1289242043959686 0.15303639245983713 1.5275255223637247 1.438024695493124 0.10905702429939845 2.7763976582579284 1.0795806053282941 4.2143739821960491 1.5387766087340782 1.52110978048828 1.6038684516251993 1.7726041740238832 2.0895081269367775 1.7987907760700261 1.3477621557920338
 5.6746610425660311 -1.117490105380994 -0.65507591710910307 3.1959294126884794 -1.1536031329267824 -1.7312946293132996 4.6896441245745599 0.29108599795669898 -0.51833247975618846 1.0961982287893988 -1.8908917463905317 -2.3211395721689891 -0.81039780598378297 0.49991515200032172 -2.2610448388850903 -0.11200043242230964 -0.22477218003058291 1.0634697339613519 -4.0095579731353324 -1.4726853609507227 -0.8642488850497505 -1.0143358577548827 -1.3594215255006745 -1.8220234993263722 -1.6296844143354108 -1.6842615605321667 -1.8897806005196205 -1.3688265063269536 -3.0055249366953682 -2.2862614185672725 -1.8863316855641648 -0.30583919022991907 -4.1529872626417443 -1.3575735504779309 0.36886096359295789 -1.2770624635689709 -3.0206625350688929 -1.6804534286466561 -1.6886449202642069 -1.9197228562896169 -3.0165712157369149 -4.6087502368456725 -0.45451445596478285 -3.0848650803641497 0.75646079439636593 -3.0630822844400307 -0.52890850653455068 -0.52529880911637539 -1.1094545638826561 -3.0318219705589704 -1.511915700213561 -2.7753629939904383 -3.6925605231405134 -3.9514786581964128 2.2023809115983837 -0.11020064961817759 -4.3417334373028105 -2.9485163453822358 -1.8413763488048616 -0.21758159181034253 0.14822898870033091 -0.72095482729359739 -0.06085385102900108 -1.7917754965885742 0.73454284249846091 0.1786063865398726 1.3573678242779623 -0.70265671128496998 1.1210178571798288 -1.5503901383475309 -0.47224263552484863 1.2975106343904557 -0.1639684635959979 -2.44126368126099 -0.15614025694626402 -2.1981148155700656 -0.94368097882028246 -2.375922698771201 -0.58346709212695114 0.11665666748713763 -2.2735676417242705 0.67735975245315883 -1.4908594772450288 -0.73899073635375101 -1.6916176423285381 -1.4080536854318924 -3.0026128745574336 1.6449678432254584 2.1955928930105095 1.4142192380202239 -1.4994635723940344 0.51064264235183376 -0.85723409966363584 0.56890464143002029 -1.8412440512397203 -3.6371009924230382 -2.0784236405860366 4.8970965420429486 -1.5955057039207616 -1.1650610077668393 -0.20530577083196261 -1.6542837546398497 -0.17908802171326127 -0.32408115726649728 -0.943797479361285 -1.4549045995980809 -2.0311318831932255 0.12513037934259832 -0.304737105123501 -0.83788863666802893 -0.87711531486958816 -2.1525976359193235 -1.1140001624308511 0.95613886344229848 -2.6656734406348517 1.6314035896054691 -1.5071384235551692 -2.7911424522594563 1.4511542305423721 0.93399168036340363 -1.0992239256583216 -3.0743870225121963 0.83832974359078694 -4.0050892535480456 -0.80745262271781693 -0.509491426774483 -2.0797634116907235 1.3502167077522926 -1.4985947257817349 -1.6464364984125963 0.48797266456015842 -0.22977165993866266 0.42217719126206465 -1.9808139191136616 -0.87666115515404974 3.6200931765991964 -2.660558057045014 -1.5983608701522938 -2.3336038479581198 -1.2143987563600565 -2.6248178579399117 -2.9033254175878405 -0.030926570274695253 1.5120815234880927 2.8534839800305454 2.1854862624292042 -1.9440862629784657 -1.5725875487304675 -3.1529332746042535 0.6855117771384196 -1.3415779978063036 4.2010901936994767 4.0790060925250726 6.0696738027171175 5.6950017758415452 -4.1516486052531505 -2.9259902909172983 -0.48868348479271512 3.8793708077086242 3.1461577649834527 -1.8896500028491148 2.3527586518369832 -2.4361773678480465 3.5401989572604635 -1.5583800861185577 -0.84545160586647661 0.011332244297266661 -0.25732543670870522 3.3876082994673591 3.6945875063342792 2.6939712065157497 2.6978003248538727 3.7895447789870866 4.011270460248979 2.9453708658843212 -0.95469345752759527 4.6982717680870838 2.182676113160066 0.45209373950366916 -0.17590412159098132 1.8249665120869287 0.73830645723531563 0.27046533535377848 3.9997167321991984 0.16374669928492003 6.0062512266845944 2.5351033556351612 0.67976755787607446 0.42160058443511506 0.6164426558113657 1.9409260479917627 3.6709947557246485 -0.93949692346714486 2.5207145001160329 8.9777298278450584 1.3053539995110184 2.5789625679374262 2.791179171634496 1.5617942349986416 4.1833626856438144 0.95144601381474136 2.5687684967347097 3.4984129932640675 -0.44811750079389839 0.060356646185679992 1.8361031843630728 -0.48165617384317228 -3.9673131510258148 1.0394389077111341 1.4265211591750178 0.39701312953698248 0.23574274940657799 0.93946487090291164 -0.93297964535154998 -1.8553520172922551 -5.302443714135106 1.690985237091345 0.34069847539506865 1.1712029220433038 4.0593294813548297 0.421183416951184 3.1698746761458283 -2.1406969416233133 -2.9610366173139173 -2.4251076161160574 1.5552813782410229 0.66787406448192832 2.5131937671203639 1.9077300108608601 -1.109599859976395 -2.2930717336385134 -2.2124778378804586 4.9553758204151475 -0.63384342771953983 0.16127212228555907 -3.0819611701909464 -1.2954165498060386 -3.1704681126500942 -4.0377167529329059 -0.87279906681614894 -4.0006713580181232 3.7153455081322457 3.3848254212749538 -1.5023675323805981 -0.58045373990047255 -0.81940030315974965 1.1951756055779066 -0.61987164870299272 -2.7975397775637845 1.2756112104096649 1.1072012096699004 1.295028997339654 0.31214812538069736 1.3907166641828208 -2.9614106229420307 4.0361142509800016 -1.239634320516309 -2.4280615884251362 0.86357808203941411 0.062273868649981121 -0.47189633159925976 1.455170060259144 1.9543476576539429 -3.2260362433509084 0.10414415558659657 -1.072369632113483 -1.9795123299974435 -0.9014908672307127 -0.58536407236462584 0.74554773019059672 -0.53094836815275359 0.97160063821501941 -0.50581062649163322 -1.0630195069238724 -1.027338330615813 -0.54111787179635196 0.36918935060746794 -0.30484465041080927 -2.0327300802909161 0.75740459922710168 -2.1401203265326103 -0.82821879904932649 -1.963902938226973 -2.9507106758107273 -2.3561030633735087 -0.37749142680755199 0.10965459693561326 1.1455081072537023 -1.1911265271745275 -1.621968179511299 2.0920209986204088 -1.2221628741997186 -1.7039887008051187 -1.7865234767100207 1.4864069723345781 -3.9212797350566166 -1.1191232476990807 -0.25043689174730188 -0.25433146404100926 -1.0674628996305144 -1.5509026871800626 -0.79591882790898794 -0.50272469583863411 -3.8349021237818803 0.22740393150370242 0.45085080832420599 0.78352093901264164 1.0417075614381244 0.13391364456944344 1.2578207765696969 -0.079320206912589675 0.86129832952167451 0.17997099298344194 -0.31729088207095113 -0.36296103555871073 -2.1150004259592343 -1.6898556600783889 -0.95053987340182955 2.4731227220637968 -0.98174070653142564




