# Created by Octave 5.2.0, Fri Apr 02 16:07:38 2021 CEST <br1@br1>
# name: ptcls
# type: scalar struct
# ndims: 2
 1 1
# length: 2
# name: x
# type: matrix
# rows: 2
# columns: 320
 181.42071908620625 80.099340975160203 81.058344392815272 57.590006343585415 85.411608878221926 107.2096881380773 43.25892291429286 64.692637693327583 53.099136713178751 116.75239857325757 86.032659456335239 81.595177568075599 101.34109640433104 107.08219910567132 104.9103130165348 109.4088988532708 36.281306380114721 70.653399339765315 81.65350668603898 82.608741271594639 86.411069988055431 153.80657144679179 106.20812998944722 155.69961300154816 151.52830885150524 140.89445197171722 152.64137988675017 151.85733678353887 158.87343135240977 156.21851580525168 144.92835208135097 155.76880764378117 151.83013453600404 132.8795539171353 157.63886588081516 152.64006873177507 154.42743436951582 156.80402256378358 158.22681012247898 154.96278852665006 156.71689221416995 158.03971546835575 151.60599953445666 156.80721025597774 153.24726709436226 164.72419549078032 172.47760025800051 171.04810189710125 154.86029092294109 152.16040684256478 143.89038722246352 155.96592947006752 158.57072220987689 154.4617720572125 173.70961549707917 175.74227505969813 156.32506842563788 168.11311040848301 175.77856787934385 175.83579480335436 173.00347129470671 174.56327268467075 174.63836045264227 173.14042373031214 70.177242860129795 71.254951958839825 70.298816339485072 44.98957157610127 71.57512915175532 71.167934713400683 69.950855200853667 14.612204226322303 72.24456749252046 72.698685543704642 72.448244739123396 71.218166263529838 73.658276452572593 71.621609108256408 72.256896742753852 70.760862084226545 80.428694626086525 78.494298928863728 74.211063863789079 73.077845341463828 73.445942413704174 72.740278022494138 75.000509239068634 73.819518304339553 82.015289649554404 79.348412390689944 77.896847378294581 73.651250942165248 74.640063660603133 74.149322893601905 74.721194951991592 74.88012444907811 105.89580314035453 65.18412780758122 79.605254466653292 74.949851091747959 75.357822815484923 73.971646154928578 75.988817593664223 72.88183262650206 82.399470972512489 84.508379366551537 82.17044638703851 75.94552303169101 76.359110007770298 76.780644292834367 75.839568482726733 78.161613757597635 80.063609965295186 84.423650712181441 83.406078914234897 80.169698783505638 76.801747665901672 79.251535915761849 95.013987206096914 76.782273152444134 73.518734286627591 85.743182311224203 80.366439057944802 81.300049682737054 78.929100202978972 77.27873661045281 77.722176299617558 79.000874060109922 117.78319415637301 80.783743912382448 81.460372640619042 83.549118184736997 79.697819192962413 77.248167243506145 80.084234940705983 42.903912801696002 76.841393139429769 77.244727680789595 84.538683232624663 98.200244624203123 85.663635817435264 81.113213647831259 78.350013985980766 38.757374439448427 125.80387049552411 120.88688983230664 45.167975124490397 83.461505270659572 82.607695780464354 84.565085807891236 80.546546615085902 43.86042571457633 207.43681661318914 128.62989474302137 140.63067371179761 78.02602311618125 81.385758480465668 84.628589383544735 106.15747753162921 38.197652943193837 123.80254367915849 118.88024467082616 107.98166010895901 105.01275551266838 71.804623792940063 79.009144665510703 54.327829591994991 71.373652611548223 117.62769581534165 122.45322660159599 124.04588465532795 73.117749892058441 37.239418401591813 38.350678497697295 91.770912874032177 70.79014790064673 118.64144894275626 104.56297170071976 95.897747825612498 70.267017569354465 96.318840692906278 120.93018850331977 120.93405748831137 90.280667239204533 89.895129546721847 171.11899743300853 141.76338890389869 70.828297592699869 160.77735701556671 54.047830488912759 52.989268847509912 69.686005958605449 140.95187789668842 145.25136317183399 177.7964973340635 166.94140397008294 165.76019098643658 151.85188010658868 120.82745463619973 126.70954445128885 137.034003079798 136.10469552556427 151.47323159295928 164.42952653465809 159.91561538148659 150.46011466347079 152.68933815731847 153.75272991721579 126.98557113093585 131.16308258044583 155.11184416295788 156.02545262015383 152.93952475837125 120.68490592506255 152.88053513751186 156.72058106042974 156.35485930509878 121.78227461021802 153.83156964202931 124.90235651236206 127.40498737386092 123.81670365282521 155.61667858651629 150.51956644669701 119.91166581178329 127.44526937202612 152.86303025404334 121.31977819011516 205.84491459193566 154.96953804895867 157.88227561770529 153.54742408502835 185.47407445960394 121.92189640507731 153.7991551132308 152.57903394710937 157.54339375987479 169.93975166629193 166.68814491459477 174.57914404834182 146.69140966096984 96.486817143567549 129.00309940049826 170.85569383543788 171.14849238038937 156.86422972699515 172.20600037931928 173.438238843151 145.51143380122249 126.43536514231991 169.84078622581819 171.62619114851876 172.13884410542019 170.91584266524069 154.10583445889048 107.59036409784898 182.9990382996294 179.16666225677065 109.86654221469371 179.60857909560227 173.7418561799654 171.53508051634785 173.94450701271938 176.59500772262189 165.81185494749207 162.23978654714037 162.0874400885761 173.33882507352411 174.80479656290655 170.45118267153356 171.74404463713117 174.67976015882394 172.71529048556886 178.48748310448985 174.87501273988639 173.08475187215916 174.17788040072622 173.92199897463058 175.1325665526636 168.8437003569494 172.71129418264559 181.24889033986111 178.25892786282063 177.09694717928753 176.07361770771828 176.87779855086566 175.52883978734036 175.23122158500914 179.77603937176838 178.10049978550518 177.26775827378054 176.22477745808021 176.38488580822431 175.74043313526738 177.87289050390197 182.00089105857339 179.09216714665521 178.30825366804939 177.98452678297551 176.83673668351426 176.81395443450572 175.78994571910749 180.24912044072519 176.86701252559047 182.05552624587824 180.16711278754693 179.01962547523328 178.59762973885893 181.38367373328467 179.00069384287167 178.28731396832228 169.08877953966612 180.91499577424784 180.03473256242935 179.75876586429021 177.50671294863932 181.02973226120812 180.75830492434241 179.50184195768148 183.07854306781644
 63.467489857145232 60.70567287206508 72.065329744842714 179.58654157958577 50.721208009870715 67.773392168786728 199.53489528690761 106.21072919478088 5.7250952250827991 14.442662181837765 49.784334214867542 73.585334407456202 79.98322398762835 69.076364311407957 68.864344741722178 78.521395685081842 26.280789699272017 10.55283156410157 51.95872035421597 49.914646050909838 50.89674669715064 38.689721914576481 68.402925292038674 37.847144320554925 36.003470087388258 46.305024923885732 36.572948634387622 61.3543761732546 42.047781749647612 38.946927794537174 44.004840388733648 39.926846367524156 33.427591732450772 28.827281759847985 36.746435077925035 38.846108440542629 37.72118892593172 37.59565193419153 35.825413488766046 38.829841062166487 35.902126491265669 33.713174400829317 34.605967862343796 40.235868795268395 37.731602862306588 30.230473253946819 82.987026600860077 83.589482921857538 36.651550217300063 37.851712744599936 39.615066556740643 36.615186188708179 34.739984830818415 35.565657654343745 83.054598947506207 84.622539255361005 34.762731526333631 49.214022489558879 78.221805718371954 85.757589694736623 83.924739211550403 82.446841464019386 84.129079384995563 82.112917334171868 73.798633347567261 70.812066501304315 74.96284455743772 72.026598846654494 75.406682954487181 74.194022114776601 77.229003923011987 127.68178736290987 71.355387084039322 70.010728733964484 72.492002023639756 71.953759187526245 74.424477968283909 73.148239226517461 74.177860264726959 76.350083404701962 70.212651657374821 69.792131570223418 69.656938779195599 73.381122591447408 72.161767049036555 75.282880508044997 73.864923946934312 75.586776062828619 70.347038862300792 70.600058383748063 70.874884488638358 70.747550550300332 71.870399149409337 73.159956983206698 74.943562780723354 75.952411254039347 69.510636783176835 95.002491611379597 69.557466616364351 70.833158351176834 72.664328093865294 76.807442633692133 73.527548764560436 76.362710848023113 51.011719331198073 42.805806318558503 72.451819918531555 71.449276514880651 72.471913047533931 74.242016814702268 74.931699573244103 73.709080227339157 53.753955077746028 72.874222932081238 51.521794791499332 71.38444419025204 70.809183447546857 73.362758207127797 107.76660931885597 75.406193582382187 56.532927805654843 48.7653429949601 52.668421172742121 69.459899726195502 71.644859769513005 73.167373493304936 74.677020611592567 74.533116021727807 44.738202125323703 51.213463397040734 53.047334701055689 50.495671183318123 72.320062966820586 71.982182641930777 74.080286110021049 197.88271959881277 16.344328807275289 15.283575355352347 41.630730486076274 51.964223319860565 51.909491190858603 70.962583284106543 72.616524440090814 141.11544257685097 25.637296513753068 30.351345949032041 32.774215832292967 41.285645005374803 52.816966267632431 51.581731304273575 73.082393375068008 198.44998979638302 43.126322383756616 33.079510242057076 55.39061681872407 16.436275746557488 50.168015790961007 50.009436368746755 43.748566419049034 27.43507044697196 14.820440744786275 17.036324191079185 3.8930086783708591 34.355060472105791 2.3242374103129158 54.27262398829771 7.4148111503727216 3.5514123919727658 38.149874387468067 29.683315871423638 28.033208417571736 8.1039012328953373 28.139717797790503 28.765182552436375 31.031057605908408 4.4735938345285007 37.575051178182285 22.07446716133898 12.100485035451131 3.5043993258056911 4.7603723618419114 12.317168785181929 0.8226543793629234 21.019573016921147 77.382129068583041 69.409457394740372 9.0235469439017102 2.5720275359074098 2.606445973705851 6.4161456995708859 6.9123904668350589 4.4968018990251171 9.912833657912671 17.055411107058728 35.89028933617309 6.3149520531979402 6.5297564506906518 11.614004300141589 11.180721184172592 76.478701357823255 12.132055753381396 11.343372972713878 17.430110517915566 6.5854423859688955 1.953792801981715 17.650685077137116 34.260068898527393 36.698912932052295 6.786784945903733 6.1006195300160933 8.9701497498607292 7.8435345782880033 5.5084615435442945 7.2188397932884669 33.121857788039833 33.767871751629762 6.6762426240328852 4.4232939364923736 4.7207808060910148 25.03612988081375 9.1461665337497866 30.34566042673821 35.595311330938173 36.491388867380834 6.3336126045487733 8.0810968048074887 4.3541376184098421 6.2756201811155448 18.04560683443475 34.503977191815792 32.45331590932485 35.015611338714102 36.995619419378748 8.612625416843894 3.552856055559551 35.43816839502886 34.981849137972958 79.768888132280438 22.289796047118379 80.438671354314948 1.8502271856273194 40.984223588925651 15.333923024820628 80.409699155729157 81.416325095411381 67.759955425799262 80.410724181274389 80.441621242800991 2.1448691611141277 8.5476466926285291 80.887371554736504 79.494780009727819 78.443269806809624 78.709434359546549 39.720468834104189 198.20535000507459 46.13405091808913 35.845425899967239 100.34936372195854 74.810412287487381 77.334692861892933 82.483815099024042 81.520411655424908 83.612145431971328 78.883440111912762 60.014518770727349 61.104214352608174 78.489689243804037 78.4656070472317 82.649373753065206 76.63789009237216 85.251817328166666 77.525099297952735 75.79289144891591 77.281741156530956 76.400835107782626 76.328818685117895 79.482544357535701 79.539007442147962 81.82104625589794 79.385013082021516 79.57854068618407 77.046525048296004 77.340714536947132 76.915240226703887 78.335687464644309 83.566130135829184 81.46026247950887 77.59609924279107 78.109576246973589 79.395527729289185 79.243804128656222 81.479896655918211 80.43335755858088 83.73791952210351 81.637726183757508 78.51393920027958 79.309016161674776 80.287045079946054 80.414025696759865 82.469443182638159 82.427676066135078 83.082493002884149 85.046115210499408 80.496085705634442 78.753772357909085 80.141518504446836 81.200642027520132 78.512667058123469 83.38219752344591 82.372117393701046 107.86921789067173 80.556150502530755 79.779514587505744 81.020888107747481 81.268888975560046 77.47506150936384 81.683574364219169 82.038965678577114 81.05024910639672


# name: v
# type: matrix
# rows: 2
# columns: 320
 4.0452272840958052 -1.5491047806532685 -2.3715113483950074 -2.3617106020879088 -0.59372413790183154 -0.028840083120726244 -2.2290777040230099 -2.1848560259870178 -6.100431660742526 -0.60100659307165627 -1.5203633996032515 -0.2760425395553997 -0.74118715823311598 -2.5557516926900146 1.053801453196791 0.0054553980679680576 -7.1919909483977564 -4.4819068742017949 0.47861045231440758 -0.83720207138257574 -0.57569706817211497 1.4479909403843643 1.1163708632904945 0.046390569638491801 0.04030975828987738 0.35029495785484888 -2.8072501842976831 1.1313036246855084 1.7875350110661496 2.1726217972232535 3.0128946453212055 1.5074406579978392 0.79618309124310926 5.2435936435317503 2.015211546917286 -0.92367588655111799 -1.4450302276467164 1.9134044727353205 1.3194736692309417 0.69718783350207303 3.3658543813984689 0.12552461925549288 4.0590645293593681 -0.5860581405347568 1.0501142856074359 1.6961192366017308 -0.18232444478450932 0.11791266171391647 1.6122321181376531 2.6011378452227851 0.56229828007824556 1.876674852598136 -0.58549340203718048 3.1741048306746817 0.52329655147968601 3.2159633275734172 -0.30569876984967448 -2.0231033066758974 2.610039996282798 2.7237891397716547 -0.12567602526291405 1.6032372264391128 1.06687639565004 0.64472084606942337 0.11754485159616451 -3.9279967210703148 -2.1675811141782511 -2.5555409142093808 -3.8186429098791903 -1.8441662138125807 0.14805608713560142 4.8083481724781443 -3.4375934225596247 -2.1641314293349692 -1.427052818955546 -0.97597877064031424 -3.0039264256724088 -3.1790623798607744 -2.1393472461464875 -1.6054920907845929 -1.825601145499306 -1.0655632582584011 -1.9765788382765792 -0.26854550470131527 -2.8277901804139391 -0.94026809350899543 -4.3338243126075726 -0.80702393614678636 -1.0862457169013136 -2.745047155122168 0.16055453947885012 -2.2330913226156346 -3.3535989940424775 -1.8538805268273051 0.32380355370334846 -2.6277516373246947 -0.72735158496545571 -6.2008401770682422 -0.83273627302206865 -1.6909831360130301 -2.4468848603108642 -1.4060235972479393 0.11042787431973664 -2.3335895366314641 -0.87758591602260583 -1.5961128693771027 -1.4930829745891834 -0.029293092304431917 -2.6431686234561274 -1.7961353027136955 -0.78531711420038031 -2.6294108639815859 -0.20484910995754932 0.85718558485098939 -1.3710515889753303 -1.9004233427951431 -0.86684346003994883 1.0920500824952013 -0.98235940944024569 0.68288852221072893 -4.708855312620055 -1.1304811976577156 -2.5008568034974989 -2.3076958549677355 -0.65287245151421569 -0.66581578795353935 -1.0965814674816463 -0.66112085043214774 0.63942593884555221 -1.976311355645183 -1.3918384517726934 -3.2266635048584811 -0.74654414650156187 0.28350914422985063 0.61617963792060038 -3.4929353226128583 -2.2604923549369849 0.02400886427392359 -1.6621692742425591 -0.26415823193366156 -1.9452934665521644 -0.93790941852243725 -0.39242426338885139 -3.1420302346738094 0.4174600475857283 1.7726209415378491 -3.3052369035009281 -0.30216974506132338 -1.0958812329443313 -1.9747103612049921 -0.78439969674818111 -2.981907867693339 10.35078207216706 0.19756493752138243 2.9794398013476497 -2.2424284898684559 -1.3311013889765768 -2.6826277387002953 0.28907770316144898 -5.4355676218713223 2.1289798520658563 -0.77894882957280687 -3.8979409362357114 -3.3913228914080427 -4.3203359243987141 -0.96102351966839128 -4.5345410451111325 -4.3636226948913954 0.12495708699055903 1.5582080685367474 -1.0680645905349417 -3.7883259683974826 -6.3742743016460475 -6.6072896225550162 -1.1946868770402617 -1.1054071258074583 1.2111642354217502 -0.86365086495798538 -2.0628606792712292 -4.8432824768038678 -0.75816249943952441 2.6024251385795787 0.99616988720600141 -2.2070062866156208 0.5599963309348468 2.0712909729583764 3.335869533700921 -3.794179761877456 3.2049136664290589 -4.7980897222986458 -4.8379564104576254 -2.327427153299634 0.27435468056932344 1.4096056935038199 3.2261743926659001 5.2069464774186516 2.8371420600109132 2.0498604029075538 1.4162130982671139 -0.3069193709385597 0.50135574653866877 0.2787751260903123 1.0535418005977015 4.9991980877667066 2.4564121728822421 1.7345388649919353 0.098597371426806579 -1.3687014075413075 -1.6016900587641767 -0.19023854147997604 1.2706910583187661 4.0486641508805592 1.6923965573007229 -2.8447267624728441 0.75983765647922985 0.57233625205700966 3.4748506930893375 -2.657658713419766 2.9340548889310565 -3.5559105723213862 -3.7210297211467176 0.89492773187956987 2.8827040252570648 2.1220020787965654 -0.032393628956568436 -0.67682226040133964 1.4634568071071818 -1.6448237350576096 9.7918552122602343 3.1503154022215054 2.6192790388937706 0.63193262210302548 2.2728166734052841 -2.8197580630472867 4.0577873656476271 2.0423047384270179 -1.0744538674326543 4.1894341575286527 1.6181343393369052 2.7305278255533323 -0.47494636644394034 -3.8714034896466614 -0.018388054878221378 1.4793647856502727 2.4594015683853332 0.79445250808365253 1.8660326232556093 -0.28605917941476616 1.5864410769577058 -2.4775155385582073 1.7609122183520678 1.3059971530825605 3.6347035140531623 1.6469067143879086 2.3457858684696289 -1.1396072695747648 5.8342632862706818 3.2826962261850685 -2.100086601167332 1.9338588814035687 4.0732718530414793 2.8325804578843701 0.16701223832941722 1.9215901037722218 0.48846253060245814 0.74377674623265744 0.65321894573928019 1.2573475179013873 1.5922870423032609 2.3924735748446255 0.13935245366387744 0.17900378409648673 -0.27286518934065268 0.41718706408334882 2.8201308533849487 1.6555267565154879 2.7949841134510751 0.83015049957958864 1.7271097895139236 0.50363918052686729 3.7221348538132824 -0.025978912698887878 1.530668621931234 0.027083625708996278 5.1342615180400797 0.56682479536506281 0.53035631895661728 1.1811226388389886 0.89762489079129149 1.2492188318154447 1.1919635963053201 1.657079576031959 1.2034951259513174 1.5763479423683038 4.274282531399952 -0.1762579685519666 5.745116836464927 1.2827550960365348 1.9254504552999188 0.72514866488673091 1.6483160895557618 1.7449240514036997 0.4142370589539206 2.8783475790101893 1.9109997451253549 4.3678609084999787 1.4084901473645146 -1.6954686410941238 1.599893145649939 0.61002738831644765 0.58237741225870965 1.0795806053282941 2.0922714467298058 1.0349454888923411 -0.19072471841140831 0.33545109423621422 3.1313338577932104 -0.94821132898916338 2.2841201015603882 2.8891209774851649
 5.6746610425660311 -1.117490105380994 0.096817740716367603 3.1959294126884794 -0.85682028738541582 -1.5521399208888773 3.7225270664630301 0.29108599795669898 0.59333659703717956 2.2802740130875314 -2.0292064541276984 -0.45548178440007892 -0.81039780598378297 -1.0088092231512868 -2.8133902281774357 -0.11200043242230964 3.0127135204196773 1.0634697339613519 -2.6487898056040451 -2.2165917381796367 0.11380168052607038 -1.6644657649861914 -2.2612171653091351 -1.7106976127596254 -0.93053359115557277 -0.88210704781953475 -1.2397792122622591 -1.3688265063269536 -1.0139704414147523 -3.4792476279177706 -2.6884861982767987 -1.2219408669419156 -3.0768900586936074 1.6694031693815439 -1.4073436035844373 -2.6566781270995419 -0.97278424100634076 -4.3736927429856767 -1.5252628751813262 -5.5070447166883278 -2.8237395429540055 -3.5202195673976813 -4.3243184568623922 -3.9173366423506777 -0.37030779427983962 -3.0630822844400307 -1.8801864646352124 2.1175568937204781 -1.6686498635771179 -4.5683629708229843 -1.511915700213561 -2.61511624465534 -3.9585601553394558 -1.6842479691137435 1.6253958147781151 -1.9127507539248541 -3.7059777341144535 5.4499971294544718 -1.3540337366621296 -1.1715501923355993 1.0274968136632006 0.61980168517265855 -2.090708374890053 -1.859865515521965 -1.1366619951723855 -1.2399368613175088 -0.60376679456162552 -0.70265671128496998 -0.22953771045315466 -3.1678263362424466 -0.97749710318012462 1.2975106343904557 0.56997728383052104 -0.73691332794588216 0.25674404630037512 -1.1729357697287144 -1.9664466506869751 -1.1096863768103773 0.2207789922625279 0.70919248853339678 -3.0794625640667839 -2.7533577878763622 -0.10539256110461649 -2.7155093564761943 0.55556925254845313 -1.2207006682310135 0.42399938986378327 -0.12606855558234176 1.6527487607632891 -0.0017219383693336393 0.59751178780703618 -3.1277161906567983 -1.2338096903164635 0.85120137777122462 -0.47558961872816186 -1.5919566081437002 0.70528705524196422 4.8970965420429486 -0.4983860837730254 -1.763572794406419 -0.40200488907164367 -0.70379160897389548 -0.33120926371340947 -1.1635940391086608 -2.0969354221023537 -2.0583962913646912 0.3856653689549967 -0.37245005457141711 -1.4325211181152344 -0.72443539965193404 -1.0438816118716818 -0.29633700624869191 -0.46684345144322775 -1.2479693431356038 -1.6185804421865659 -0.3204706845945639 -0.61064910991630239 1.0411920249453703 1.4511542305423721 -1.1253635664344168 0.79862800313806859 -0.69617031921438211 -3.3559312980892035 -1.1578859172749998 -0.60950963013622228 -3.2599777845086737 -0.94224524757157857 -3.1965341513768029 -1.4985947257817349 -1.9740551419222137 -1.1545742631249918 -2.5834599518443149 0.088703756556373636 -1.1237009809768115 0.34361710371304022 3.3736680127699659 -3.6004610859331554 -3.252570814683966 -2.395499514589329 -1.2143987563600565 -1.7628434678135643 -1.7603237665095708 -1.4852053584786491 1.5120815234880927 2.5275906251217291 3.5932528227016793 -1.9440862629784657 -0.90720019033264254 -1.1756055159630043 -3.2525542579070215 0.48288362014844388 5.4146324156402503 4.0790060925250726 4.8120311240586187 5.6950017758415452 -1.5575356318333329 -2.7985019483880476 1.1952735715823315 3.8793708077086242 3.3372326154179359 -1.8896500028491148 2.3527586518369832 2.4361773678480465 3.5401989572604635 -1.1503716413770031 0.38942089381603662 1.0441151731253073 1.7337945511177089 1.5456443199840535 1.6377248424493229 1.4120639347904176 1.9668184924153542 3.9294471256068904 0.44280756274443722 2.9453708658843212 2.0093867350833525 6.5402357475704029 2.182676113160066 0.45209373950366916 -1.0925476385541568 1.8249665120869287 0.67734297085541206 0.27046533535377848 3.9997167321991984 0.16374669928492003 6.0062512266845944 1.9369817819694128 -1.537608356809077 0.61294899011147974 -1.5405148475492985 1.953431545731025 2.1727873946325769 0.24915166059918378 2.5207145001160329 -3.1026126360115165 1.1629444423415618 1.169839792642746 2.5554140728832921 0.43868193708041159 4.1833626856438144 2.3477297395570478 0.58195776059182258 3.2536186396175886 1.0706217005352991 -0.098198628355742903 2.0808975380095531 -1.7731971464214891 -2.2156158511122821 0.60734880092625887 1.4029848457557814 2.4575268032701079 0.43093642510346331 1.8955044792462894 -1.7415188712068019 -0.65193550847433512 -1.7273595248649316 0.45497568693615403 -0.36603362409869972 1.1391596607012004 4.3852228362636474 1.6230331581719522 3.3315440102826699 -1.413221852326477 -2.7101368370627852 0.34213145581986437 2.430171046892672 -0.023377306815398735 -0.67064667389391619 1.9077300108608601 -1.8892207292088219 -0.76914988028364573 -0.99256183868397085 4.9553758204151475 1.298029266707835 -0.85540555394200346 -1.5307206442070289 -0.98996025186889269 0.14378422598259519 -4.0377167529329059 0.53574502316444361 -2.8802129080042738 3.7153455081322457 3.3848254212749538 -1.3073611135369179 -0.40472384249271476 -0.81940030315974965 0.071576342271763169 1.2335291631977079 -3.9179982275776446 -0.34550177925865105 -0.83253265820507538 -0.54599595888168695 -0.14931170365915813 0.48310530873423263 -3.6969626629111745 4.0361142509800016 3.6665063691707065 -3.6523732890922869 0.86357808203941411 -1.1983914339805288 0.12879194972905242 -0.05066201584547006 -0.99689026880773846 -1.4311963541132344 0.28908030533995194 0.72298556779543388 -3.7748675299063583 -0.18538979700659433 2.9267506600486373 -0.95372238950406829 -0.32115133900972348 0.6124537094732263 1.4782754329902448 -0.46811093143291055 -1.6770729168606462 -1.7359854587686565 -0.028319318037043212 1.523625955327212 0.20753628766001178 -1.3542070294371602 -0.66373789934920591 -1.3205728817391953 -1.638325100192586 -1.0846764204020107 -2.344021475636719 -0.15957101587932537 -1.8931115545707333 -0.5037536487104064 -1.4130341979744812 -1.2439617768119244 0.088811750070388606 -1.9612922194682991 -0.30934613426679963 0.24653726518458988 -0.48781944218594064 0.72441245545047106 -2.3342634463619305 1.185658654958657 0.69161467881082017 -1.8314913077320103 -2.1660498534127353 -1.8238241897637641 -0.4447609846667292 -0.68860020366578822 -2.2340475601586194 1.6462047452983815 -0.69893967349132347 -2.8392987100636393 -0.15710104445045717 -0.82634049336757032 0.065347545794880821 0.86129832952167451 -2.0266133254188303 -0.95397553031718763 0.92282921081822811 0.44350941884305917 0.90026849933132258 0.63151539841199122 0.57577415852091607 -1.4054945627630142




