# Created by Octave 5.2.0, Fri Apr 02 16:06:36 2021 CEST <br1@br1>
# name: ptcls
# type: scalar struct
# ndims: 2
 1 1
# length: 2
# name: x
# type: matrix
# rows: 2
# columns: 320
 157.60215396335377 88.851782985852282 88.227725610445745 70.93367124538203 91.984842539892384 107.68596838960801 59.036088468171464 77.037074240161616 81.856645581625159 108.1215148697964 94.100951382553532 89.372690993378058 105.52880384834205 106.80711845478912 107.71583380438763 109.37807585418936 73.638147447739399 95.976173179003865 91.3925258341865 92.26236242103154 93.025695391086913 149.01234906199949 106.71742044606488 150.60152437616844 144.58807258032473 126.76833155253914 146.68038092391933 145.46547130406242 153.25377967991599 152.58194090859348 141.3217664379915 152.06898442765248 145.05242498985211 121.92901394796581 150.96981574455023 147.50791485136011 148.65927126070341 151.75678342629163 151.91230326021486 150.34895499662161 150.31834591977844 151.53120469343293 144.13823501443946 151.49260427396115 146.15186971299642 155.14112180398391 164.58601796378059 163.86884246895326 148.47896283734534 145.94574880004154 140.71340194001874 149.8198398768443 151.66896136904231 147.78820127313182 164.64564996778989 165.41440103814642 149.63546659122059 160.45981058574566 166.4596915030103 165.32667996089452 163.16716991019075 164.28988918557849 166.48779337401811 163.53345748685757 77.953046196195515 79.051255926627761 77.708506926733264 59.428377741388005 79.454683573318931 78.277516369556054 76.674514836326566 12.554962948179028 80.812300283111981 79.637137225721503 80.406257872718726 78.838465495234274 81.436038725748986 79.897380716126065 80.397378422523104 77.225575931935396 87.996026587188993 85.717381925043057 84.12423058753896 81.209487060036736 81.664031145146311 81.383642512888215 82.702769059149347 81.799295753148655 87.828782575704295 86.880575354673795 85.035398494234485 82.594340811659364 82.808220108746795 82.402200594863018 82.466028552944181 83.179346316922988 108.83079869546776 90.338231650042616 86.741463760523558 83.836585384469942 83.547504444473333 83.820835343816441 84.099051722252952 85.602703717127852 89.417356562011634 91.085423710216233 89.754566419825437 83.840581664151415 84.654848584251866 84.737759424911815 83.547638862494523 85.956522103094898 88.764820189971047 90.348050235531744 92.829665521103919 87.681372210553448 85.050388370319922 87.044776621220265 100.56431786943256 84.248909642146046 89.610905005605517 90.900796697292122 91.468928170839447 88.999219392389932 86.148628244310984 85.332271037997458 86.705160217257415 88.242197915164482 114.17043760189446 90.960373921826516 88.295531627474105 90.754207299005131 87.149865501088783 85.929338081115887 88.973511510486006 60.168602103883174 85.162937817025593 85.932963991410915 91.03934765527697 99.692738634631212 92.617921332283998 88.761443163413858 86.604956816263467 56.509845265351686 133.77057353247815 111.61648170964635 63.842563629268142 90.500349675389572 90.160823072446817 93.3363381093653 87.685651538602301 59.995723911470634 148.95489790543519 120.01202132347518 123.79683883419405 86.32209481796707 91.810958945306439 89.603884523509123 104.54217877365058 74.91430405858236 114.0820287921801 118.73278450216991 129.96855072476569 114.00238079525255 92.770169028587162 89.884773446309694 83.012548156718779 90.193857290704926 113.74902526175798 114.96611270088806 115.0652421348493 92.108654825460192 73.376132659313527 72.832014150718948 98.520893729304959 88.952706067235823 116.89788885891241 109.41123107744292 107.6566296666842 91.195617700834504 99.528329926586153 107.35566145789572 115.01061823621711 103.82438164673967 99.817862486612071 159.74644862271532 134.93795610541471 91.130055424963601 143.50112073937083 81.975604207274031 82.150524134124581 90.182018226006932 137.82792039055889 138.90045407925169 155.98835084678223 142.32186723834644 142.47117409309183 142.64453762814759 129.64161513485803 127.17432370169203 135.1617234875819 136.51037243126973 141.50159830862765 143.55921299526779 140.86118029768642 142.58961741007764 146.18755625724859 145.6560150545111 135.92381448338531 134.36500438425949 136.9594664907666 140.48645816716726 139.9904254803956 133.08257306557363 145.33388762187576 150.47219436763413 138.36587861514153 132.08624929263226 137.70836358029311 133.43904285399944 134.97007969709324 126.0817172765005 148.97897951227341 144.56112514530662 127.69756444395549 136.07580867154405 139.64319166190768 131.65147891175249 149.36393012518252 149.40035076971904 150.42369370252504 147.28983704884811 172.63266025486294 133.0871508606119 139.61536297906406 146.45409816814339 150.68514209724592 160.36175876405233 157.55924133241476 165.83800023737874 142.68215032624545 118.3422565951856 131.18845172283199 161.5355511805322 162.21971674181935 152.37557305630983 162.92121389854344 164.50196735139426 143.58550064421482 134.94326880540021 161.33959968654187 162.49128980142706 162.66310853760643 160.40583374020966 150.71301246242155 114.0291451709534 167.14286157041965 167.9523452779504 121.7320315112824 169.63745160734962 164.86805357754122 161.71179231783859 164.58735099665066 166.7494185123536 161.66898079786577 157.26881887828273 159.16538209779711 164.67223331533376 165.64992748241511 161.08837922070242 163.79080421286835 165.7310120505889 163.56099784874127 167.13012429879265 166.58262396893304 163.83386337264514 165.82281481217214 165.54251370194288 167.01983067709543 162.50383882203755 163.34634960130066 171.93587492339236 168.56048888806333 167.75688345486483 166.71086203110602 168.08066557009715 165.77467713419509 167.02593898493407 169.71426277811744 168.99314260796518 168.93777156436059 167.99007597134261 168.77155893711316 167.94583652805611 167.68222048072084 173.0319878097404 170.80157706029945 170.38465430607522 169.97349939935893 168.91655637113263 168.7449659598272 167.82509347609823 172.42049862965095 166.36215587025413 173.15573317046886 171.57446171647163 171.12388578917688 170.87353089111394 173.37702035165697 169.79151014626956 170.64226190984931 162.98914911955438 173.52047252548346 172.18011870471616 172.16650928809258 169.7060373356066 173.20196616589121 172.83476294992346 171.74123590575883 173.49981504888453
 31.577981320816438 67.019491967465612 76.963858041036332 161.52954039790771 58.134373661334877 76.829690511157921 175.1102168822818 104.56609330631871 3.8182811541228179 7.1845456943791408 58.420767133897343 76.771703187049837 84.561971591435679 77.765974084590695 75.77249535556949 79.154198128274857 11.85590611747344 4.5442275672196866 62.440316985621465 59.242332877396194 58.471209378746813 51.543543126905369 76.175996288962565 51.580906668900582 47.316839758691614 55.269917447603547 48.986882327560032 69.088245934005002 51.394227432451125 52.354409991946909 55.558840765914617 53.319670831300094 45.507124095703986 33.007340898422171 50.54335066641211 50.875463140939061 50.546151255759234 51.28203860701624 49.859122495288752 53.83588505732115 49.687851278989463 46.725305788781775 46.278653374643042 52.305471113731308 51.279034525814922 47.536888161033382 85.42883474939164 86.236858741793512 47.986008783853102 47.894867318419969 48.157390262945512 50.758963114114493 47.820905999698354 49.09416082091991 87.226395236009239 86.210644974393418 48.19193307312436 52.593057195432422 82.279288788457848 89.05436119375824 87.504146404809546 83.29268856582695 89.363914425779868 85.19844827275513 77.136474463572597 76.694370220023899 78.336211739196244 75.996609265420133 79.017097692123087 79.359805155381721 77.947286339088535 120.35085227860544 75.112416559013738 75.325557567949033 76.227137574421931 77.836145487736502 78.002902819208728 77.366569621776478 78.355838359892246 79.234564684846802 74.992264122546018 74.605126301712659 74.183228997047593 76.949423213537727 75.957584819082285 79.075348148500083 78.273551146527012 80.492698257534613 73.929739853032075 75.205450323436551 75.358737142348318 75.076275388785049 76.23148737733051 77.247810866782444 79.35028445012162 80.710538211480454 76.239529631760604 77.587539991474699 74.004315322605734 75.276328018574162 77.467287088917132 81.640165690011841 78.409782666248887 80.679739450375266 60.286090942830889 53.087786161785736 75.508692077389213 76.400483261145027 77.367945939621166 79.499370142795513 79.518012909851095 79.404866792744585 59.229706376341568 76.450173273646755 61.985679044478417 76.00320966472519 76.424428201731587 79.129179954633145 99.567587916289241 80.500721778140289 58.04527268676204 57.255286585285816 61.293853657673957 74.55615090480137 76.142392154973933 78.445957356845454 80.276504927254749 78.890359397446133 53.205262325987981 59.310122254392766 60.285338244192587 58.316706104056074 76.942704542223055 77.249559945303588 77.85112423842024 175.73120289284901 31.983439471506045 31.229573732257332 51.933831327333216 58.825576293296962 60.931357246413768 75.885168263175757 78.150307480449953 132.57218196915176 8.3807510793567843 15.085265709522638 43.758303218117888 50.990756699910222 62.624650608143369 59.583807298557296 77.896269652030924 174.34000956093959 20.079937960990264 5.5362933892761736 23.213856785221122 32.370873263766718 60.288705585332266 56.945049403090536 21.513228372840075 12.063619810470856 15.88488360960333 5.4638288991762511 3.4763318017916611 13.272822186190846 3.8072617857658004 59.229343450169772 3.573330492369561 2.4077027572922924 17.188198910974368 12.564918304797191 13.770347535757745 2.3226818613647278 13.621947206881915 12.49885270497726 14.389712213662675 2.6991061167728421 28.3676164357693 9.7337166596988567 9.3706028097507659 0.51385243310419026 2.1653986727614334 8.0424044258766134 0.14297317116056557 6.1372605842063361 61.534871973708135 35.489346651559764 4.1904004011867118 1.8841266528118088 0.16875583643132891 2.6509126200385773 4.8413364291857084 1.2010907498584578 4.5050745843907611 3.4932523798103507 6.3865722283047806 2.3956094050832566 0.074852829840641025 1.0841692655029831 2.4485409337363109 52.497661123484519 3.1453326011231577 2.9080596842362731 3.2963120802271115 1.4935564261983465 0.84547871854172296 3.5916532527740785 45.816812399845858 49.171462710002814 1.6619743138966989 6.1442695155301648 1.6083218236820898 1.9921713314892457 0.30418561223081897 4.189008979679282 46.569301699519514 47.443363317613056 2.1184242681308714 2.71779085651657 0.47765113954364918 5.7114044711792671 2.0512503559903412 8.2252669698051992 49.235643022428746 48.640548565960529 19.402382300451272 0.41083520423362985 2.5457889246093632 4.0835791156252439 4.0965358789513724 47.085292948715477 46.395103721496021 48.044457268009317 8.9977460340316924 2.3825616930788445 1.2170034703614208 46.865148172324034 48.49665766427708 82.486493699371721 45.102604021110011 83.197821774867066 20.748090676577224 20.309414450634623 1.8832170306211042 80.982174504574061 82.91865965636417 72.389567138655963 83.737647202978536 82.16267874737018 21.606615726774304 0.26619965584173994 82.127340241464381 81.632513628859598 80.530158573641089 81.327428753149732 54.998118348133488 175.40130448702439 49.361303712274534 48.383434249823914 95.470147558441411 78.495854020239406 79.899688367513733 84.094723597902274 84.374164018567683 85.599862593017832 79.870801378537465 65.762956706388607 72.598909502876737 81.060610200590517 80.59841605225165 83.234244000934822 80.380681031270541 87.677124886992729 81.410259664428509 79.179365632573038 80.06416692455538 79.360498912522161 79.258188088892055 81.784293863834932 83.219155075539888 84.893152851512113 82.67157141251559 80.309507143664149 79.627436958778503 80.290800885124071 81.151288247368512 81.667111745558486 85.168453666968432 84.440401510144383 79.810455054610742 80.752194756001799 82.285216494083812 82.808439682728832 84.7328488000921 83.848952721965716 86.423935484895551 86.360893263001259 80.469654550811782 81.587024145888321 82.701182851190893 83.441731682849976 86.142123592429215 85.235656541762424 85.446794943554082 86.548679142564978 83.010794829973136 81.427247659529542 82.473645036479468 83.626922939864315 78.282451179810323 85.710463285803883 84.630961937532803 103.00288232887107 81.866524773702935 82.312896786622602 83.394001733125734 84.265257688983453 80.474098632108934 84.225469685408328 84.571722867373154 85.20111341190956


# name: v
# type: matrix
# rows: 2
# columns: 320
 4.4388033362693289 -1.5491047806532685 -3.2481214291369769 -2.3617106020879088 -2.942896318446492 -0.88049109512895707 -1.7718047134914356 -2.1848560259870178 -5.8761600381858097 2.7695514600986457 -0.73607278439312829 -5.0978663679097469 -0.74118715823311598 -0.088851731786873001 0.30481265443689626 0.0054553980679680576 -7.2128553295065032 -4.4819068742017949 -0.075131229891216109 -2.7029402376580065 -0.30696655267023426 1.386453509465301 0.57591681069001255 1.3726975705871363 2.2077021309256937 0.18963793975630527 2.9908868423601511 1.1313036246855084 0.37274354582062946 1.1854981316649973 0.076597165524798977 2.4028045491121666 1.0651902210619959 0.95492287514684171 -1.6635529413819272 1.1846471602046553 1.1842828165128729 1.0501239213529707 2.3230836291447954 0.29442774545925382 2.7159350430514451 1.2949164724825615 0.0057665141498916966 -0.64021210134914941 -0.15898589256206311 1.6961192366017308 1.4755942188035118 0.813189815671715 0.11528920011715295 0.41413754864311952 0.56229828007824556 1.1077134875196124 1.9002723043939489 -0.49707332880514665 2.6878368904858085 1.0431103744519323 3.2096118484262801 2.5807933735430915 0.41424577626277748 1.1122004042809528 1.3269412977513197 -0.18344842384867932 3.1422837619536326 2.0784817920102241 -1.8868631966799148 -2.3593315465487188 -0.81234380301506637 -2.5555409142093808 -0.43307080993931601 0.36589001270556915 -1.3511649254844904 -4.8083481724781443 -1.2738330629954739 -1.2217543173984529 -0.63275286452584856 0.33939598920741504 -2.4160698473768627 -0.9995863549361319 -1.4969120290117868 -0.22986483411938663 -2.4556848365688362 -1.4599217540591638 -2.6443408741830998 -1.4093201217763132 -3.446205748727551 -0.061369395994399806 -2.8340723480219543 -1.8323466296818889 -0.213864329661271 -0.66554844301835436 -2.7403045483079418 0.45386306525276682 -3.2117828742311243 0.57770572161103095 -1.2245911240421536 -4.4054060926149345 -1.0531576824999873 -1.0145708751481513 -0.82834200331127239 -1.7820490033968712 0.45565067349963917 -1.1013046181349273 0.10745661583640453 -1.8214790565742658 -4.6072208872826765 -1.3889275853827641 0.76341500653208805 -0.86071256096957838 -1.9766873840610217 -3.4819838167713022 -2.06251318941773 -2.8490502903894996 -1.8914429485684978 0.30576921252815115 -0.61461557067523198 -0.60677349896117172 -2.9388626702563387 -2.377242495966239 -0.98235940944024569 0.31468397972708984 -2.8186141707015389 -1.4971659759970382 -3.0047541954200025 -0.4943241852560129 -1.0302155860532203 -4.2712417877098003 -1.080362083986143 -0.44232368909433084 0.63942593884555221 0.77747336798775679 -2.2048296424513487 0.38054179784875641 -1.4460014445120331 -0.36869950583433753 -1.5332149681855927 -3.3513333769763451 -2.6829474240152158 0.32786561008784215 -0.66423097791708918 -0.26415823193366156 -1.9847982299806091 -0.69417684749222264 -0.66243519524796379 -3.1420302346738094 0.91316374458488669 2.4689053982098423 -3.3052369035009281 -1.5072933253811369 -3.7665129453552919 -0.87414926901861645 -0.75591389467038539 -3.5807828038614513 10.35078207216706 2.5247204974085697 2.9794398013476497 -2.1238301666041313 -0.69086065522475248 -1.1170866597507554 0.28301216482355873 -6.4354590018548752 1.428751227491432 2.688068875269515 -1.0927374258639764 3.8388029645462636 -4.4909580253557078 0.25053593384970657 -5.2667451814680284 -1.5431255239656714 0.17198524974923451 0.32637402189399201 2.1127384179793678 -4.1277961337683182 -6.2003622527276434 -5.7604459103811294 -1.1946868770402617 -3.4395214212676981 -0.31910471256220463 -0.605844439322751 -2.5549836287804921 -2.3303954400517544 -0.00090637047721691994 1.836854227805647 1.0862742734625994 -2.9642624155779274 -5.7702912516331297 1.9063454546835059 0.70359610302073317 -4.2473805773145923 4.1212740099702989 -5.6041044962725444 -3.5240091226834953 -4.3634039837522547 -0.96490796505758358 -0.32910728733358979 2.5327848163482951 2.619163988765167 1.0570183824625705 2.2678984534756372 -5.7199792473839306 2.7900351269563872 -1.3279880275305365 -0.81783269067494635 3.5785901699853166 1.8789538667632302 4.9417272710334785 4.3533004262227397 1.8462699774302649 -1.2163526969116942 -0.92497966394617792 -0.080915045052800033 0.035765506218417342 -1.2577734264079219 0.34416084446679224 -2.4627066549838763 1.6829069071463947 1.540507048408559 2.8679732817896357 -2.677071452899785 6.5956358754980622 -2.0535117825161868 1.4999973055172655 -4.0778283734668985 2.1051568377151009 0.21570095705707684 -0.92266956557525615 -0.29359834609591118 0.39590346024085349 -0.71214687294367274 11.385883112231276 2.2904421219497553 -0.19468645214849192 2.1220642952292499 2.2728166734052841 1.4393585460337655 3.679083279305964 0.96910151953228751 1.5478558405216003 1.6009586893458954 1.6039025045154522 3.4068130487910122 -0.055161770365292156 -3.8653379513087658 -2.7148475145388384 0.32659979568921571 3.0183211696818217 0.79445250808365253 2.7538907784559159 2.0029266589879824 1.0525901023577902 -1.5319640347077002 2.5658104403021356 2.6893345001424951 2.6837173944490789 1.7056252725143941 0.0038636944348206075 -1.1396072695747648 1.4488398156661673 1.9491859938399558 -2.100086601167332 -0.2557239222887519 0.42129602952688572 -0.13760687254289417 0.45558723772816556 0.95788426917277025 2.4748318375930984 0.88167391345715806 0.51532177851477956 0.29430611054380207 3.4088386001953541 3.311527268035463 -0.95866661853004309 1.6402438681372458 3.1093175072054007 1.3736961183962406 1.3827160856861664 1.1093698254802415 0.1004274534797225 1.4087661426745151 0.20223924461135903 -0.47571743887694568 1.2529793604946116 3.9945483796881027 2.4228584130497715 -0.38920196741652935 2.5895955436598954 0.7220675009121188 2.6207769435812294 0.95683659188964054 1.3100768638381488 -0.055193592074838725 1.206556099806853 2.3105018939516464 4.3482864574587028 0.29823912492169041 1.4420303873375491 0.75797263859516018 0.4127046002244863 1.8529547593828106 3.2587411187316264 0.83452947952148071 0.55907181462954147 2.4012259003908651 0.71872769858887131 0.45704962584163888 2.7421406109867825 1.5952669219752333 2.2849010748918617 2.5102955397636433 1.8761662892294972 0.69896500541475226 2.9433984552954278 1.0795806053282941 1.5430287861217951 0.68225735443938784 0.71900206060601546 1.4428565186859383 2.8469577080548762 1.1369416935537604 1.685256183758729 3.2760351622268487
 5.5987895625229687 -1.117490105380994 -1.0952477825505278 3.1959294126884794 -2.2107281905587142 -0.92870834155630799 3.8486939801220199 0.29108599795669898 0.76575285469188414 0.95985307749085536 -2.8170380462706892 -2.4818021420503786 -0.81039780598378297 -3.6920719339629313 -2.0377283455833175 -0.11200043242230964 1.3623668888499836 1.0634697339613519 -1.1884049123767162 -1.2819800913098114 -0.66176954201863636 -3.9084797951241792 -0.28594072555821071 -1.4876143662250794 -0.19811596411400534 -1.9360448762617062 -3.3358844102284695 -1.3688265063269536 -2.3248330788648071 -2.0143850403058225 -1.8863316855641648 -2.1580217951819471 -3.9424968399204001 -1.3575735504779309 -3.0266338582547121 -2.9258702220421724 -3.313382191878711 -2.7164185021495202 -2.1960823043926849 -3.9812092859392814 -1.7085990807824716 -1.969707919504359 -0.8636914917231644 -2.5406820571921731 -2.0837070757048313 -3.0630822844400307 0.46755830413836175 -0.31682460150626335 -1.5789140830661628 -1.1906181376867222 -1.511915700213561 -2.8248193587158852 -2.2433082456761517 -4.3711491570762195 -0.71343581490385732 0.46633821976289208 -1.3186389159191565 -2.8624243468958199 -0.84045987170625158 -0.64543320714333507 0.83084751862337636 -1.8997020461565475 0.94088383639750695 -1.2856791542318373 -1.8836761736704115 -0.0051075419280448078 -1.7265138833734746 -0.70265671128496998 -1.0091209654806319 -0.76282968158818432 -2.2786231642947397 1.2975106343904557 0.65592681871147784 -1.5661536699688576 -2.61449994136589 1.02484573931898 -2.3319044135117819 1.2785110640901882 -1.7273211257430379 1.4207800020176973 -0.066378519740013534 -0.03645161686971668 -1.9931680411564565 0.7491992157215509 0.99089398681033525 -2.0420763296510289 1.5156450753607329 -0.46227280791493841 -0.0012653435015989936 1.117511588919244 -1.8117117504159659 0.8856155162103464 -0.24381246644523888 -0.27109605804955789 -1.49226967336615 0.39969388184687993 0.01417986437599025 -1.8899000343936594 -2.1621624187331547 -1.2914586766414033 -3.3043239668570701 -0.9535059546119542 -2.4567282446909262 1.7308371626304966 -0.85540043909932684 -2.6165345120366927 -0.27777034216649549 -0.2856332142603184 -0.50694512770259992 1.6205015403401262 -0.11460509907334138 -1.978504735456728 0.65051271272438893 0.3881577872518685 -0.12937923357613329 -1.5613965978175213 -3.687531650874182 -2.6475606563366556 1.4511542305423721 -2.2431847870079307 -2.7144248099406005 -0.35987596852578924 -3.0177384393902376 0.31542830294152446 -1.5616498810661217 -0.40499512089385303 1.307056258973871 -0.72511442034797113 -1.4985947257817349 -1.2691811014173005 1.8514941902986168 -2.6926656091875101 -2.1966034672903998 -2.9349164322452426 -1.4547178011326476 3.6013507885559317 -3.8442330580889443 -3.187812414084906 -1.0429710216641901 -1.2143987563600565 -2.7731308529788539 1.4642416284406645 -1.7866339213438533 1.5120815234880927 -2.2838047469617213 1.9577413211152108 -1.9440862629784657 -1.7015904625857847 -1.0217706371337192 -0.59114980899706293 -1.2144434198614853 5.0607827261952822 4.0790060925250726 1.4185131051560027 5.6950017758415452 -1.3785220602766075 -1.0259459242834281 -1.8745282114869155 3.9756514192921975 2.3201763138030134 2.3537925922001923 1.593465076162033 -1.8251991583933622 2.6384232558318375 -0.57544047495579731 -4.2072347007047108 0.098305687174558634 1.5416915098026345 4.1191132380258297 3.1659957421313387 4.4578638495802121 0.92440464755083362 2.2047334601186703 4.8349241614172458 2.9453708658843212 0.47235854189812765 -2.6530697814681132 2.2451266115974788 1.8796050053527926 -1.2119480632422528 -3.6971050442258657 -0.61531015575267445 -0.093875694251633293 -1.5223548241135887 7.2161940694279778 5.9957003488919911 -1.199897729026953 -0.34463303353037 -0.13236925145059047 1.24116650387654 -0.054856577398775093 0.13112100076711569 -3.5696686552074697 -1.7657659987058207 4.4806091023851753 -2.4145174710960688 -3.281194611556653 3.408774102088036 2.166874621511258 4.4351460013733561 4.7572581687696731 -5.2642734906875202 -0.24548858496133921 -3.674930579920948 -2.61776128797894 0.57800968471241798 -1.7046618381457195 -0.84917341692855697 -4.1099686889748108 1.1944443374143714 1.6565910898757468 0.59530418947443497 1.4358141451713595 3.4453463041241488 -2.3712649362442932 -3.9517889493904184 1.3209791979216832 -0.31548926940683703 -2.1580322323446333 1.1634070885517667 -3.3089054445987585 5.440488455974358 -0.79192188545445674 -4.1377686475204447 -2.5976670930922872 -0.97031812234922887 3.8661286669480912 2.3167886499463757 6.4048507363207285 -1.2674055479780622 -1.7810782170579154 -0.90406535915309016 4.9553758204151475 1.5273722674578882 2.1006829116154822 -0.64009403501452389 -2.1713119489635462 1.3561658491872077 -4.0373863935836658 0.21381394543386245 -4.1843783716590508 3.6190648965486725 4.6912505164315021 -0.86904757239246655 0.40023036070099161 -0.81940030315974965 0.69473676978690935 -1.7651499666059438 -2.5963168385022799 1.6097555286515122 0.14566420973661864 0.91335252486110718 -0.19624513058895929 -1.8402992821317965 -3.503413192050755 4.0361142509800016 -2.4707597852759333 -1.1969361236655021 0.86357808203941411 -2.572967545542757 -2.0320582176237751 -2.3001397819026113 -1.9736590902914088 -2.1455769710568213 0.083594646495252306 -1.072369632113483 -1.9795123299974435 -3.055408291147685 2.0006294285684669 -1.4546295242563705 0.018634354796572078 -1.264491648033329 0.85470601108576161 1.0767813392969912 -1.2337848721878266 -2.5398926669724919 -0.5639901008696202 0.91756988025142572 -3.7664613176258781 2.0078385351155426 -1.3921656290651667 -1.0437505352369407 0.79986190098925469 -0.43217138812016059 -0.65458033872315813 -2.3762313810883477 -0.82659906987129228 -0.24347115737806738 0.13459853741626565 -2.7152021622629641 -0.80865093262709964 -0.17875931892133071 0.83516854321229561 -0.70893470419480487 -0.365133386285106 -0.82338775388471075 -0.015259827617153908 1.1945744884225116 1.308969921770363 -0.98654227655117377 -0.018322665273692904 -0.90144127020146958 -0.25629717978284661 0.74341227134345822 -1.3532960358145187 -0.74759413682931075 -0.099885803865421591 -0.56756879283629291 -0.83522602856003691 -1.1557806081154907 -0.8850178560003974 0.86129832952167451 -0.49350135952526003 -0.43689914046384543 1.1034436801228986 -0.29773782484720696 -1.7164088236994788 -0.16017201289602978 1.9014934823535674 1.1433026479240276




