# Created by Octave 5.2.0, Fri Apr 02 16:03:12 2021 CEST <br1@br1>
# name: ptcls
# type: scalar struct
# ndims: 2
 1 1
# length: 2
# name: x
# type: matrix
# rows: 2
# columns: 320
 120.36106848689178 113.39377242922846 111.18327196994001 110.13806724004111 116.12032578799347 118.3816196630769 108.56450447280325 113.3056842715678 121.35073950943624 118.06343370967207 117.47162057671484 112.81575114855957 117.48982027436547 118.50131833377132 119.21454633473839 120.15432009086204 123.09736881679788 120.89878036510908 116.45588277729273 115.4134080531236 116.73976980485409 129.58307400208432 119.4851330968844 130.77557481866253 126.69873541287208 123.62034175260587 128.56571183800719 127.02647039800635 128.38357104805087 132.01418117242372 129.68579344456003 131.92046026389031 126.85455521257254 124.31067937039714 128.0493440149427 128.55318439334636 129.18846318299003 133.13222614275026 131.13036243428468 130.06120128214729 128.6043261030847 129.39730722539286 129.64995190258387 129.84096003447553 130.19607037265024 131.84013693567482 136.77531057333084 134.66634526083712 131.03106594801358 129.72003423625182 130.58955558909875 130.88198696328649 132.52262544235674 131.74538432097361 135.96156019661939 139.89486408348728 133.56327707502061 132.66787918157956 139.53552762901393 135.76500907125833 137.91138166873137 137.71404996385428 138.76069478279629 139.10285960312447 105.21688004904996 105.75558339879031 104.73362479250109 102.05410937825836 103.05697837575917 102.3110099274479 101.92008575301088 92.373542611316111 106.71169829857132 105.77050502548603 104.73995024658336 103.76061979530797 103.91408330365671 102.97809085529758 102.9325721587509 101.75406055467239 108.40870598900936 106.61802082710688 105.61998337797414 104.7974035501807 105.00975863556121 103.89313308184754 103.72664866011991 102.73255759647367 107.92635158053265 107.77302851983366 106.75111690736908 105.90220216643064 105.94219994541531 104.71011353095149 104.5824907542415 103.49910908152464 109.60728121270935 111.64906530752886 108.91351407432047 106.86270885897532 106.89727026914873 105.8556583022082 106.87112277507526 104.56464962295092 111.45731029782934 112.1243133496894 110.49855317656723 107.86940928662683 108.89715580769817 107.93836712174506 108.3150296978138 107.47979122595989 112.69085308485828 111.97939359613255 113.00961537672548 110.13742135511056 108.67919082061213 109.07750810092617 109.50099040040055 108.60582762913442 113.08978698486895 113.88648675159848 113.14236492984762 111.29576081402793 109.71792293121692 110.13862333410043 110.25121474963449 110.4188039185555 111.43967763363936 112.54306986213484 113.28514247397227 114.10308971480853 110.79810177698785 109.95175046861434 110.99861727334705 106.96008157031191 110.24283019606581 112.32297278863797 113.4248256329733 113.93078999558803 116.20890747033623 111.79226507713074 111.42410011371447 109.38529660272226 115.30980937000982 114.14115500891407 111.72049198479232 114.30704430151214 115.38889797059512 112.68057294934586 112.21264863652846 107.44316584447991 115.34603735615002 114.29074552828227 116.39835052661772 112.64792293783026 114.68837044456343 115.67627270324169 117.50001082265015 121.89795232418209 114.639920542372 115.18183804522687 116.30038804204696 116.84530991857947 118.03895958364434 114.05067884256265 122.48374097309683 122.05448423493706 115.13478792699475 115.73935790074663 116.9223414609379 117.48991252960388 118.66479940237468 119.82667244442706 121.60401338434919 120.80898150045799 122.64992511050714 116.19985756841677 117.36600575665199 118.01517595734772 118.63151028705386 120.93582765474247 120.90226276739762 120.22054614298534 121.366643228244 128.10111407498709 129.12590540023717 119.38622897044098 126.24801436263469 121.69585718741922 122.64513142046889 121.87689558115308 130.11307675071947 128.9183544785742 129.02860600843155 127.30059211881334 128.85910580865743 126.51999153184674 126.75504105454471 125.31925882939089 128.54882278538486 130.22054893647484 128.91152574008902 127.91468951983903 129.63216376104171 128.38637450264619 127.66720616698869 127.8676871929883 131.04071547899335 129.46928143262559 130.18892057628457 130.10106432997765 129.04363016603179 129.00649723512015 128.83954506095711 131.77896886579683 131.41712151159598 130.7504627986676 132.01030256206855 131.14055496040766 130.32367413975334 131.73032246313022 130.9855410198704 130.84596508390331 130.03334159314417 133.57748980695851 131.91589707925581 131.31068859033633 132.47719800050982 131.91373816674178 134.32423995706631 132.82086061651196 134.90390347633186 132.78346660165866 131.8283820379342 133.17186739204649 134.24321827057207 137.29526347618025 134.36831841558723 140.55897964534853 134.43067679277885 133.98998214175745 132.16720823412086 136.61845719318137 138.41842515441695 136.17329948891779 138.37183222757673 140.38962382872057 134.94694117289816 133.62917681059452 137.74386476657565 138.44059345889693 139.70014262711203 138.3340433853254 137.28061485486899 132.94662584590273 138.83615466156192 139.85182374900663 138.53240910249201 139.03858819269567 140.61109640344256 138.23249949864854 140.66443815086049 141.88758638002219 140.11544843017148 140.42505059869174 139.10683329074442 139.82346537359825 140.70640816312951 139.74786938363602 139.51612564593839 141.8989388991823 140.0707155799231 141.01682983011284 140.75521636516771 141.62495704148009 141.76590390666058 140.64183626162935 141.61601242993265 139.37274899744074 139.54778919086934 142.19599452225214 141.82961789037734 142.77768600823532 142.6615682063003 141.68993379541004 142.47059537726037 141.57435963181319 142.97901107078343 142.80420645770852 143.93535555411071 143.80594212829507 143.63931079862513 142.62417956732642 143.42385949652285 143.25400968378167 145.36519742470207 143.93439111331523 144.82692610365291 144.76351685098177 144.54754646604238 143.61004310686238 144.89949007266867 144.39252649234845 146.0084939249702 144.91564057215541 145.75209849141947 145.54871540411534 146.59476072658316 145.90427397951854 145.62403428457409 145.42030056125739 146.54477298551308 145.80881465768266 146.85257197799274 146.84973838830558 147.84180177189356 147.19771224907677 146.8357239773496 146.42907657530137
 77.170770437937165 88.133612200427933 93.010989165491424 108.4771121472964 90.540411654912234 96.519106500158301 106.21574692819617 99.734065740217446 73.963559088288449 80.081257906773374 88.751012047953992 89.307046370812913 95.83343047223515 95.332193224951013 97.432476758020456 96.582901010769632 72.792745558123443 76.076590412261268 88.399920131953152 82.440052366528946 89.617913003314101 92.191347335146801 94.061338554593746 92.321201820208429 83.962323124119195 87.408262393556285 86.512399696678557 91.910517025855626 91.714843341520151 90.969146855643245 91.033845383739475 92.117032811335349 85.121344317417922 82.008048380830843 88.959143317046667 90.600104998200877 89.396786517847772 89.46649136851947 93.316983205254672 93.410242510422989 85.433484718977567 87.555167720766875 86.587745643772848 88.59489636146732 89.833957445738776 89.5586842077754 96.693192687227622 97.231565527166865 86.855581330127919 85.439226147552915 87.795929025097251 88.898134866999371 86.926737469158823 87.730942652901717 97.617977417020199 97.008153415350677 87.454145168942446 88.463906882963897 91.985405634947242 96.468270419803446 96.497233760244157 94.884333025648118 97.227186094577007 96.177269001701745 85.122767297007229 86.376679316530499 86.978327496220246 88.001589439916813 89.299466369364424 90.033762064722723 91.129418457343689 98.812175747728716 87.07590683909531 87.557163749096674 88.033453376659736 88.467063228432608 90.086693139127505 90.781833225578922 91.874032561874031 92.307634896270471 86.880274187852208 88.314391262538351 88.680820722705036 89.429774296154307 90.608348671702274 91.330370674503456 92.481678329459925 92.947547765928917 87.999520247841986 89.042523452957326 89.425623301655023 89.984123639656119 91.104511933333995 92.059986677617431 93.395269006900506 93.721043175747724 86.923178620394566 85.647817210042618 88.288266376765634 90.52503906452614 91.63717059881867 92.179218271662478 92.795064169690193 94.549484691382887 81.721562614899199 83.12171848776471 85.963278468187113 90.892446759991245 91.071835565364466 92.023473714432157 93.004417824054386 93.71371044523535 80.820628711366254 84.24158474982687 85.290158092566472 87.917777331308841 89.698304732498443 92.332198525340942 93.315712204543189 94.12084583616894 79.488216656381198 80.380689312634033 84.188629808180423 87.380572608639483 89.038829781878434 91.32753115740374 92.463003609525046 94.012901333812408 79.283910337760432 81.997149124446835 82.895259265763769 84.826395735389255 89.373460797458463 90.241945182345418 90.580894410217056 107.38779880080729 76.247763352908294 78.698340977512373 78.455414654857208 85.998213048577085 83.289417648305573 89.216389722815222 91.696367332962609 104.97593245724612 72.585656659534479 70.718248275838562 76.646150436458953 79.329026229273396 85.422768133095033 86.477881570677496 90.293867558954219 106.39384341416489 71.301847089192179 72.041901981675863 71.781314717094105 77.671834928220349 81.117706395459123 84.353552239595572 81.658920010410455 76.709499278532519 69.171587744794721 70.115339257318368 69.938948118772643 70.799405803797072 70.887584711322219 83.534013371725536 73.888884708106588 75.056039322195318 67.916624516641363 68.986394254753151 68.848760621777899 69.729267849821824 69.652215186469604 69.621902781229934 70.020928153101735 74.985360148867017 60.783482977729072 67.921146559438483 67.885329147624745 68.728988725272259 67.763350851792197 69.260018604750655 71.959393635164034 70.88319916954741 60.574700239560237 64.039279140045096 66.822767011674557 68.635987644949992 69.723955513063245 71.185038887847412 71.600724753346412 72.65754479134111 66.302510817022053 67.843413901046773 68.966649047847326 69.877538311105283 72.737259536790503 70.865486606875351 72.261539446886701 82.813661872320353 69.94727889069236 67.444451261708807 71.544218811606001 72.175014472095427 73.538550855254883 73.805497116147222 83.53116906975518 84.556779429266285 71.03712385112442 70.646975064194493 72.589390121866685 74.880276918744059 74.556363580576331 76.400447893537788 84.237087060455153 86.030026354622834 72.216645395581466 73.742733144690291 73.075016873153061 76.417421233918276 77.245641311524068 78.501461390683346 84.231090055440163 85.352293737819664 71.465788459496167 75.922838661490914 74.187057387803719 77.486878314835408 77.539464513401498 84.876501294324186 86.152176500673221 85.786779039300058 73.261492584863774 74.830512660411699 75.303327032589323 84.730555832627942 85.100889259050746 88.674822580706234 89.132431666593334 92.972367737188165 76.648488993607685 78.754223854902506 76.480527727162368 86.215613866156971 88.456761875611349 89.243981751993232 91.935246484240807 95.903115745656109 78.200992617343417 77.486675599354257 86.395469469840251 87.438666514663055 88.478957033283294 89.549209137216735 89.730873426580345 108.4018079207314 79.475654290749702 79.152835759776181 84.11463388406905 86.277922037203552 88.976980921892277 90.629717353880068 94.114874892292491 94.867125132726073 83.09122745315841 84.464649728974464 85.106048046977321 87.394854390225476 90.446448213695191 89.726990746880887 90.795215517586612 96.074021529774086 85.702341996849526 86.682440956954025 87.903926126244187 88.577507825210631 89.729174187647772 91.496943218669813 92.062891388359276 93.360165457174006 83.986985716462925 86.281165328906994 87.478758120182306 89.227432231654262 90.267953624130072 90.807005957243405 92.751930457822894 93.543299700681018 87.064185402159083 88.124670920563858 88.646685907100704 89.715371879899081 90.751990652228116 91.598196328531358 93.340748855338575 94.791365450015363 86.698924780783059 87.620232416025829 89.325825196219895 90.359846160405155 91.618188982234159 92.078964532884427 92.721741499201443 94.080851126503404 87.567080116096875 87.942240545776215 89.874117316358635 91.080450254191817 91.5092252176062 92.263112747699267 93.738283676324414 94.865797088913638 86.503420200644911 88.729822447746159 89.151869582708287 90.487394211496735 91.124884041931978 92.412069426989234 93.528037839760657 94.52453564370775


# name: v
# type: matrix
# rows: 2
# columns: 320
 -0.33418703995758087 -1.7795269386198029 -2.0881591255393133 -2.3617106020879088 -0.10142579495608547 -0.22818739381108283 -0.47949251058796072 -2.1848560259870178 2.1525735969199791 -0.78696499071751169 0.80186761878171342 -1.6956856045882132 -0.91795454546787547 -0.13992270853995478 -1.3614844933961343 -0.73015475332690238 -3.0139671054147867 -2.4093344932258423 -3.450134002255564 -1.9502265014849356 -2.9896458231775678 -1.4242835426085378 -2.1865159269234145 1.8684483132644509 0.69872469887968003 0.18963793975630527 0.74046445569859398 -0.26776010105106796 1.6945503378348012 3.9986092850916255 2.0824703225148049 3.5840870829143716 1.4320069941403133 -0.37947071054322595 0.34468779347728751 3.3855082836229817 -0.42360101825796126 2.5258875370198965 2.9991868384305054 0.70531852291368635 1.1181614636009434 0.4268839929327175 2.2950117670137056 0.76104843170106073 1.8976500962004321 1.1399250513018977 1.5949041777318043 2.6456496995428336 1.9288375214784954 3.2703033137326352 -1.3860660025279892 2.0075157383718394 1.6258283546075751 1.6493537928054687 1.5465209673416476 3.0861944209074186 1.5171636991594011 0.49726388948391498 1.8397360253832342 3.9735600114545533 3.896531343008967 2.1583122920091933 3.0247840477398555 2.2571867598546684 -4.0324568290536069 -2.2468185456178817 0.048094558900180419 -3.3940808860544833 0.30611167612684204 -1.9420036625300312 -1.54597881848265 -4.8083481724781443 -3.7315848868097294 -2.1288299566684121 -3.8810580338989169 -0.25241612399278268 0.050008695350373278 -1.8646903046449081 -0.68382680848105148 -1.9691539534496738 -1.009356359448685 -1.6781550161132683 0.47526693119944152 -1.0807858444094591 -0.85838652923170367 -0.68439891916666185 -3.1750209517073427 -0.21479911163534143 -0.87559577996588778 -1.9951449380213178 -2.6629038081392462 -2.1865305499216601 1.3334475030350259 -0.20265037950523496 -1.9244767971790482 -0.9475202495467816 0.43963183801279848 -0.40606744175285658 -1.8058596016317288 -3.3258537909119927 -2.1212322896154694 -1.9997459539933577 -1.5084224497041814 -0.87353366438973634 -2.294484619665651 1.259734269017919 1.2794224525557938 -3.0262802899050767 -2.3363326855540061 -1.7821385499404274 -1.600052347742293 -2.4153927622618512 0.35044396969656311 -0.86983747860361427 1.1770667547272124 -0.43235015110235153 -2.4435653867454845 -3.1301613024845847 -0.71731249295401922 0.3189896159780502 -1.5069438414746616 0.60145963906430822 0.89749098392547433 -3.1641002096384105 -0.089336720506439538 -0.95130659121566374 -2.137635297705613 -2.2391475985933411 -0.11051850422950835 -0.36487650788482057 -0.22060300012410247 -2.3074495335815333 -2.1970033981063799 0.94147833365193967 1.4571153816310876 -4.7739458905592898 -1.1191587120605619 -4.0660315249418844 -0.0095193888374864449 -1.4302419394812189 -1.5373554981194888 -3.4756950776767765 -1.3927406590283722 -3.3269645972621031 -1.604035890388156 2.1392531315843217 -2.1660994280796988 -2.2955986784934757 -0.30782248479010682 -2.9803785138087515 -0.60447361589471482 -3.2655481305936713 -0.75474108230115033 -0.22004210024731852 1.5077482327601173 -1.5660129523193558 -4.0926092128125893 -2.0687746722086175 -0.69052947099001771 2.0996402679721902 -0.8892145407310279 -1.3500562131976996 -2.394418906521202 -0.20548611197099345 -1.21442059367345 -1.4232237232622134 -1.3764132563834048 -1.0910209515999743 -1.3903642679992705 -2.9238566328757161 -2.4733033999493688 0.14964610638503217 0.33380023456758662 -4.3196433205927232 0.16043666986744268 1.1520232884367898 -1.1817027789614318 -3.16187254027066 -1.0520078643340893 -2.0439811923477058 -0.71573143085960422 -0.61305783374223377 -2.6484603340427011 -1.2380193621739968 0.45024972697619986 1.9063454546835059 0.82829530479927704 -2.7944611318223922 0.077375694836400971 -0.60608388367016708 -0.18618213368061415 -0.0032324536587344278 0.4456186219210525 3.6632073956415616 0.564700490534081 -0.02622937532967122 1.3601731370609258 1.4640594303722598 -1.9149402709434216 -0.74404855606441034 -0.46948139241740033 2.236689299058864 1.1500069207633934 0.30913900132421651 2.4353206984015237 0.12363847505323144 0.19613578512203403 0.98915274241596873 2.1580479210173129 2.1719673499753704 -0.6933044881282765 -0.1602190145978955 -1.153237091694634 0.20809787757642056 -2.0044836449217471 1.6127929115939896 1.5725896718464918 -0.75896504299894796 1.801484924249342 -1.5387908254361204 1.5903201508473279 -0.21762286860643815 -1.5379524175473271 -1.0814253201265718 -1.5388492365182522 -2.0277620719446854 1.8278951639224423 0.33436508557245254 0.96799210873449992 1.5565650098730539 0.83699670597054865 -0.60172302613017958 2.2728166734052841 1.1590592441553256 0.39044018278601184 1.1213233639256697 2.7030064077229192 2.3650801990828754 0.71258554236590499 0.72603842684824993 -0.64807726791176123 -0.29294640132656286 0.75839833502192056 3.6031323130806738 2.1035329861051046 2.5353931466712551 4.3646212018731916 0.90134371673592684 -1.7146735182350166 -0.11128638074611569 3.580299647893495 0.98423857539205462 1.7993025559073414 2.1210030956896815 1.4445842364293773 -1.1396072695747648 2.2533324880044243 1.1446933215016959 -0.73746852708300947 1.5439661955610338 1.7997244061719075 1.4359831411735278 2.5593009497681622 0.4512062627190529 1.499010972221904 1.2965255916782021 1.9995024242385104 1.0230532927865652 1.3052669392699807 0.36773214307603408 1.7585667386921759 -0.066701236454600188 1.447090261703456 3.0151689537986552 2.2015717429106858 -0.21815720169285574 0.919294988577531 0.27142052788105214 -1.3100565962484911 0.80463735986398699 -1.6460050502920323 1.70442102786869 2.2051694895606788 2.5908241589460368 1.2408682177495567 -1.3276256229065957 -0.77250343044858416 2.2676558142594492 2.6599289503220409 1.0566246222733466 3.0543772285600705 0.22395921602274446 1.0286569670414289 -0.74267112788047152 1.0712894568943039 1.0440234187862845 3.5955575701007909 -0.4280513372768634 1.2470561788724905 2.3605141411518993 0.80238207713561605 1.5152111183374759 1.46612610919574 2.3027755443797369 2.3569475202742285 0.62537374474348395 -0.16412027679493679 0.56211934169546129 2.0720913917788923 1.7956230781756783 -1.1402153569635411 2.142896198292807 -0.63576102114269406 3.5731474889019017 -0.14328515200430467 2.0508703754433961 0.83453800577072479 3.3443966180515656 -0.53836314635049032 1.1322635285074627
 -3.9503055807474294 -2.6285306207840846 -2.1109043897135376 3.1959294126884794 -2.8065690260521019 0.19097244288947046 3.3034210939064943 0.29108599795669898 -7.303862181419893 -3.7592600104381786 -1.0813851049677345 -2.2198364845124599 -0.35687754062569121 -1.1292709765325328 -2.4586869374813003 -1.0920911283907251 -8.5781913770012874 -8.020824699575142 -0.57201309636785291 -3.7870160835828153 -3.2346973352727808 -0.82832676349929124 -0.70300644333152817 -2.0921629507270283 -3.440832816805405 -1.9360448762617062 -4.8942614055823306 -1.2351222709349716 -2.4484907882144196 -2.5028965061189377 -3.8339534873310117 -2.9763140728019337 -0.73023690481923975 -4.4301636871452921 -1.6985243540595807 -1.3935760430436428 -3.953257269488772 -4.9741436796340261 -2.2409610340400077 -2.3394813283714266 -1.6710732181339141 -1.3593193264308809 -3.5292762695840887 -4.3523007253731558 -3.2991345086806558 0.15288698897497441 -2.2214105480711499 0.38961280123040054 -0.62852457472450296 -2.5303313258897324 0.40573738102808377 -2.7948722901948493 -2.3192532435832662 -1.979881465101057 -0.92915890894291753 -1.0825885162773004 -0.61361815807396602 -1.9566346874878742 0.43015012449079704 -0.27121874372752952 0.92845096353072554 1.7379231607010219 -2.0517275561790114 1.2462399792227048 -1.0875572741963559 -0.83500918861818496 2.2540253726420558 -1.9163492591976461 -2.3048071450199443 -4.3771343443233466 -2.3103204528308701 1.2975106343904557 -3.5262617749188143 0.052393647067698682 -1.7601698026928219 -1.0236004924609587 -1.1128327025254667 -0.63138500154131083 0.2898142849685767 -2.4516010880932915 0.85037233445601057 -0.40357396683640107 -1.5689667423282163 -0.37719312906747393 0.5379891921420431 -0.1126679398739992 -1.8981765555641277 -0.45400374663621668 -1.2825019783839393 1.5901041720767228 -0.8738933213749156 0.42100701115777145 1.245819307552299 -0.089549044666079713 -0.67596467268578619 -0.10401693456909225 -1.965127515087534 -0.17902218103708473 1.0870251398081197 0.47435610314223653 -0.60357806336940989 -0.72285732041930739 0.97856354568358683 0.94825450722752624 -3.0753212056510373 -0.36856201600676564 -0.3145057134050584 1.5014586109752588 0.60168428544991015 -1.6262223949594694 -0.088476146475983508 -1.31782394722415 0.34076810682698783 -0.95060476830587126 -2.4597021429822488 1.4689025470095098 0.65778316624429034 -0.038648170084243205 -0.65149678511140374 -1.1469389482617651 -1.5713997784685703 -2.1305922198879927 -0.32010954218859933 0.88602720762115483 -0.065311446027877917 1.0509062112661069 -1.8146909158143187 -1.4542403857361819 -0.83705914577356222 -2.20988576924423 -2.2513463314635511 -3.0465713317282179 1.3930217410498451 -1.7489466382037195 -1.4729681444316658 4.837170208658879 -2.01760948313943 -3.7128537880996473 0.21345777851456049 -3.5549063227335838 -2.2235572667865835 -0.91665116990356554 -0.87681069737217276 2.4074111684422497 -4.9553438994849994 -5.0657968070097938 -4.3072360200599098 -3.0967310749425181 -3.2211527156317215 -0.75539395886314686 -3.732806135938449 3.4749065473536409 -5.0147174820748726 -5.5819905497157869 -3.3852367952519558 -1.3953961531448853 0.65440740918444706 -1.3579258667576857 -5.6350816903916456 -7.7984245649458437 -4.7100029274983841 -6.0625612838609522 -4.8769111729098311 -5.4120862923745845 -5.4427680352011967 -2.5722020542370752 -6.6009929642805725 -6.2998783325073946 -4.2845424850364919 -4.037338432268136 -5.7828189856158581 -3.5508123000839644 -5.1549829820685655 -5.5339942918502594 -5.9156546639109422 -5.3411452670952402 -6.8193664462483143 -3.3878599470980264 -5.5089283303157028 -4.6102488828077544 -4.2947664241523063 -4.7251811686842524 -7.4709914432938644 -6.7310981836769299 -7.7788601629425678 -5.9957003488919911 -5.5133038041557079 -6.9734116488088436 -6.6613151128956991 -6.155161780629105 -5.192910256729296 -6.2341684775483017 -2.8497993788335676 -4.9033581330884504 -4.7494582638272842 -5.416673075704276 -5.5104579166348504 -5.9345618756691527 -5.2630317892270497 -2.4255234640481551 -5.0882318427356603 -5.0803453016046758 -6.1008256520421655 -2.7113473444728773 -3.0070719231276639 -5.6442148776242682 -1.213587434032527 -3.3666161369644301 -3.7543146554623337 -5.880272606252146 -5.3462970833896968 -3.664582613400901 -6.9525678444089181 -4.7975353739704296 -2.5187716892196503 -2.4854835319165609 -3.6880044849227827 -4.2266834181533408 -1.1367079226668626 -5.2630645285021336 -4.3656050873789836 -4.6235758709271195 -2.954163436674734 -4.5234917620617949 -4.7628829709583007 -0.86671417953102536 -4.2445017566301644 -2.3965589496692861 -5.1114975565081311 -2.5131781318561375 -2.8251985126560188 -3.0288767966365611 -4.9553758204151475 -4.0096068228100705 -3.214900606050584 -1.4989723817670648 -1.7749547300536641 -0.066122096984992162 0.28425934939986125 0.88151746130213104 -3.443028256800635 -4.6193261798249416 -6.8629996895829537 0.14253929398188953 -1.7624570033852687 0.37608338667269042 -1.0262422498350547 -1.6952165014695892 -2.8436026026431898 -3.759420028174016 -0.48226880417968376 -1.1651013883514754 -2.5760642078085914 1.3036189627212889 -0.44393092390395306 4.0361142509800016 -2.7585103464644294 -0.90918556247698934 -1.2318499338191526 -1.3850516379489639 -2.19422565953312 -0.643004336188851 -3.2575429885744196 -1.3854979862735464 0.24569079311196229 0.86271500243298282 -3.1373976314332168 1.7300744908480219 -2.6153919801991528 -3.5234130811853968 -1.5921707401933594 0.95852894224938401 -0.29464301076509292 -0.52942039157804399 1.6392239870030363 -1.3749841313647846 0.36729630687852755 -0.3369747882273228 -0.28880451243818406 -0.11442073851685955 -2.4399282014449462 -2.9146974972932886 0.49148849812904005 0.3453046123622302 -1.3181857278644291 -0.79010129900987136 1.5970045618443196 -0.21796678444848636 1.0329453917662244 -1.0555434641309407 0.74421160399774733 -0.81065509918938194 -1.1487503966583819 -0.87923663269252417 -0.20684998052681239 0.10315312937021909 0.16568051720536045 -1.2560933498598079 2.9806477041079211 -0.25890464830957072 -1.1768949092814276 0.41431067558554768 0.67675767174710588 -3.3739907296046221 -1.9139685560269408 0.28899049326403603 0.70245987036383795 1.9896937432799684 1.0343077647612731 -1.6394782671067138 0.25547137163991207 -0.42942119495690201 -1.4431392529900378 0.68583798002928531 -1.2359155458055415 -1.5667982878189355 -0.17562489519148233 -0.9629612849210516 -0.13267238994491667 -0.4859766907127932




