# Created by Octave 5.2.0, Fri Apr 02 16:05:27 2021 CEST <br1@br1>
# name: ptcls
# type: scalar struct
# ndims: 2
 1 1
# length: 2
# name: x
# type: matrix
# rows: 2
# columns: 320
 134.64797982681102 97.37185927944634 95.611621354274646 83.92307955686546 100.09278005783767 110.27571135618342 75.068233699614481 89.053782383097399 104.44890997317292 111.54764006559562 100.74058100457452 96.843691576343005 109.60533321861826 110.50128287675957 109.16303284802396 109.94891851914721 104.2234644295108 106.33668028629869 100.06462758025394 101.21365446951226 101.70316496380148 143.00245235269909 109.30807163542383 141.87300070408318 140.44937026217559 125.72532288388655 141.98511811715923 139.24330136828888 145.50373415457059 145.96755009652395 140.45622300605953 148.31850956652733 138.4439261814592 119.03539863581743 145.0753677007624 141.47939609930268 142.87883780620973 143.95034649473877 144.82221878231459 145.9896939025495 143.83861156201326 146.35246279391976 139.2933014194077 144.97439984736062 141.78364672898027 146.77248480027242 155.9972444127711 155.15304722955347 142.75363107358183 140.8978697419285 139.87202174918659 144.08102348087715 143.84463443149454 142.27734213227632 156.35548051752417 157.19837958778342 143.64901987238733 145.8955692594038 158.45884074227621 155.39365513875421 154.3409121550917 156.94353487872371 156.71540855670921 155.92927097340865 85.039178687322604 87.099898468819006 86.028516767063508 73.483852769543233 86.850952027077156 85.372202783167239 84.922138514430642 39.000877896809641 89.467912563757409 88.718760924680396 88.160853862678522 87.063322609100453 88.464678538418809 87.847796702313175 87.543275758633015 84.293035165830958 94.791570137132993 92.568510976237135 91.65193728631742 88.893901119101926 89.952356863098402 88.739308156361034 89.844722029518877 88.062229715585943 94.385950351770191 93.552734570754225 92.759726149014583 90.643763846247381 90.989581600768986 89.582763412459258 90.37908851271068 89.055325380291436 104.18793446318047 97.783612801172936 93.179922835514873 91.810004632026036 90.615251965012092 91.452201580211081 91.254053152158392 92.344375068211619 98.669862807726631 97.909686252456353 96.646902343473116 91.850119711825101 93.099417951037893 92.14636950953107 92.516205745489941 94.360226661827326 97.078855606630185 98.369745674774293 100.48433605277586 94.682448817350007 93.019680782271251 95.415061470612557 105.96729462135221 93.152477664111927 98.196346010011865 98.994077754660836 99.646539470560938 95.842499816182936 93.819621902513134 94.160695991876366 95.376809152745025 96.750489421739744 110.65359493824278 98.295026996063726 97.899773347614328 100.00141447516134 94.806936532715056 93.9655949778099 96.833346516908421 75.397078093032846 93.396932651333358 94.575396645752733 96.856719223856132 104.71368266330934 99.680413504614037 95.833013032025264 95.10240989821348 73.791011556053974 124.47517475966379 108.10045754297249 82.021366598520814 97.850308973260383 99.387771103975993 100.78986227659189 95.91066096883894 76.606667609688657 112.10395121140607 109.62661368764195 111.12244861416949 94.079683222240746 98.934169111472457 99.126336365429907 106.93028208510633 102.23178261549239 109.71115527263208 110.21939038381548 109.92284373559424 108.55516679600525 108.54061354972649 99.126250468783368 103.23391189735017 105.43566228562332 110.7863889017455 109.09071762750808 109.00198872886698 107.70855110320086 105.29339231228205 106.37256778434313 103.94955911352126 106.05763797683939 117.83659885233051 108.06863706131305 105.30649195750419 107.54380805363346 106.85717130546824 106.56502661290082 109.71931634208943 106.47315944879462 118.06084060938528 149.26154862196199 137.24506073001703 105.47940941601658 137.19608997633512 103.57961833522062 104.48262251227472 107.44007563043114 138.08653603001045 136.92235546453395 142.0580343568576 137.07922372136792 135.95468723780812 135.93846476217294 134.64400120719046 120.21258593612012 137.86717267641308 138.93298569510625 137.03521793973368 139.18800434480684 135.47944179678777 137.87756317952082 139.17919025140083 141.5999039757437 134.67191498391625 137.7167561851127 136.66665501787546 136.61087844341137 130.84960875759816 133.3985856843023 140.36730085550656 143.62517553273466 135.79982544925295 135.62033897436112 133.9266056126686 131.83914164897999 129.14256797934249 128.44897286356922 143.23124038947267 138.15429464237366 132.77224705461302 133.53515843171266 135.02052909274715 130.23015747747846 129.7857487559543 141.08975170184956 142.4454764125251 142.66142204927849 160.13216855113276 132.88597185095611 134.42508297769206 141.50392156209563 144.41652712024734 152.52421390647555 147.24653872145475 157.70220189476373 140.1335613759079 129.51204641185362 130.73680580897096 151.70825176424876 153.5435836862396 148.0060842618374 156.35968547948693 157.36474689975276 140.64823376859371 131.20429489986728 152.65624051292642 153.04989950902663 155.71818338620085 151.53173973818539 146.89971485897678 120.29698515362142 157.75290186274694 158.65316303333964 133.28250781769617 161.78897497678804 156.57989581967223 155.59282710323708 157.0311000686599 158.05552730263847 156.77157709870758 152.41961235428295 155.41211619591047 154.78616180067181 157.87390156193007 154.71706124627187 155.66372061995057 157.63257498656893 154.86917738202882 158.69455200839212 157.81865243715208 156.2507823962415 156.58027040809074 157.05122884265435 158.78566840251349 156.53937039920999 153.76673629038515 161.83615809465562 160.76391790624544 158.87726400744683 158.91657763733127 158.15492969890803 158.04107434772345 159.28359067836121 160.73048881618001 159.73725627414672 159.90268096210099 159.2213471878533 160.85421316373638 159.62231530370056 160.31852183464551 162.68706604028003 161.73489996561449 159.93379415556615 161.05177234195347 160.3007324947155 161.17635910407094 160.11292385283275 163.33775951907901 158.49786310810279 163.17870833876725 160.88655456837469 162.38467256874193 161.70681243674147 164.00041923385709 162.20447531838406 163.0313806564761 157.05145579024207 162.84899222542441 161.93378602413995 163.62239438261918 162.11447943765816 162.76124240320465 163.81196966262198 162.82497325593832 164.15346889589017
 6.6148210380736714 73.165687547059051 80.614782416090179 143.95192862813261 65.254917037988392 84.091107366468805 152.82359470665833 102.96512031755022 8.4321937013877335 29.440383429726911 67.644925711299038 80.158421639746422 89.019159524345469 85.112648892643179 83.735028936874883 83.07420278787653 5.9019287713246387 7.2232177909254487 69.657803380197706 66.278930215929506 65.13403827014875 65.369123096345675 84.767359439602615 66.059608388533363 61.251027035695756 65.918164267041433 59.95639102466631 76.616791718808955 62.724080166205198 64.724789763996625 65.86300571107185 66.022953973617732 57.769059794048843 45.433047169836314 64.204329917398184 63.594545856647407 64.146705348638704 65.951265039359896 61.673318968132534 63.66814080063525 63.73497615693725 60.52301575667552 59.81201939466181 65.309308540593193 64.967986088295817 62.886511250450248 90.040360834837628 90.920980035582232 61.06734663571541 59.923636002669205 57.544799623012487 64.799526698724065 60.76854010665641 62.163205201223228 91.199604446506143 90.406088980476781 61.842599102257971 65.730952736801754 86.331764167932434 92.023380869883226 91.79501596549153 87.811348586749517 92.304444307946923 88.718668480284279 79.857805822510841 79.766335143819063 80.892922613140499 79.86122117749288 82.098886371707991 81.988479726588693 81.010179063198322 113.21454378945954 80.508962803964579 79.488876167381761 80.533732724478654 80.768139326987381 82.447443284856391 81.499022645233154 83.151024454395269 81.987126934980438 78.964901703267174 79.294216391842681 80.132192419606369 81.367172371355437 81.600051706956521 83.489720185778197 83.847248774348387 84.319294384717679 77.917953273729538 79.704031488648681 80.345012466909949 80.63140442335748 81.880982822444935 82.685210449782602 85.043245314902265 84.660973366116451 79.890021107742797 81.937604836223173 78.276674864624113 81.181947844051479 83.099279211221528 85.476911373880256 84.400938422261987 86.167055250082768 67.845027118391812 63.396347447756753 78.782713925598344 82.588452615596964 82.825687325970293 83.754496690935568 84.955731919264466 84.579335209627516 66.760375733914586 80.862972942766561 70.657479770130564 80.081256708706491 81.568773882653844 83.544662403938318 91.58623964830393 84.122924676320466 65.32421818165777 63.560647486168804 68.683448078588412 78.057203617102203 80.747716652015498 83.249735261713553 84.777341522145889 82.427964748584543 61.447533317785066 66.34294838794213 69.147572555196902 66.576441012718504 81.362326926945343 82.156117246229485 81.254954737635316 151.72801640789717 47.040717222073994 46.860376052092484 61.364231495914517 67.489741231684505 67.576661671223505 79.456624642884933 82.508999930476847 124.2557335899685 25.659043946405198 12.035724674409467 54.45077766449613 61.988599082802232 70.847406169899756 68.830358585398784 81.757160363585626 151.82026699971331 12.585306466527156 12.612734452955506 10.913880312998952 47.940914621841159 69.583092217894745 64.57511831956613 28.570002143476337 8.2068470339795923 13.731923013050906 11.72958787394764 10.667737340476242 9.2022651412249559 7.9939943618820157 65.834651651876101 6.7123805680896522 6.6952024231093272 12.682407121065111 11.582619990339026 10.283332680032865 9.967756679190634 5.1616509509788342 6.1212199478298466 9.4256901845417147 4.3012623474484091 21.149389359809703 10.954904632289454 9.1922710104658094 8.7939725081058597 10.766352405605483 9.3684644672939399 9.4426675674716574 8.299855064219491 19.878515164348332 2.5129947326545325 26.673028786083083 7.8763921476895256 19.35990557792314 7.8585382269423727 7.1897985817143883 7.654543061907324 23.031054799411724 24.570696846120374 18.256777834813434 20.661929233682763 23.541907894074118 20.384242133721028 0.47393582074196955 44.937734895277657 24.033766173387725 24.166573087019909 23.279671792865425 21.219558123113593 22.524560285685933 21.436593403431043 58.756661115882736 61.049436805665835 24.996363181950805 25.593022132589354 25.753142615674221 21.995036502729512 21.202718118489457 22.683246917525818 58.63613299115211 59.48522129282226 24.987407617316748 25.996978512440677 24.062405099335827 23.286833431858447 22.808862547626894 23.743393002902611 62.840009780411236 58.948604159725846 33.689551312458605 25.225266337056382 23.933361714294502 23.080022843357689 21.878815339594212 57.951859033798399 57.794658078521003 58.841615467274821 18.256820978251753 23.734625032011632 22.989819292550226 58.947438820429397 62.790626907806505 84.186403941348203 66.423136602287428 87.101310841205901 40.32257333764376 23.914104975026177 24.130020032128101 82.22820286963254 83.867100920767939 76.896268806038591 85.655160839708287 86.061379187905956 39.325956721595233 22.147129870666319 83.010710629017083 81.965477311181942 82.367300813226237 83.467515097439716 65.282225250079193 153.20267610662154 59.291518073847108 58.625547387429208 90.720468107230047 80.878629068224456 83.114973240237504 84.809586249858683 89.065713829006725 89.435417968811819 79.707839660145197 71.660989683005781 80.022185575293847 82.940400181494624 83.804920480551317 84.210093144990836 83.754868716696691 91.44002678369479 80.984241015553621 81.971984900861628 82.6545518024259 80.814658949879913 81.840384357266629 84.865821195353689 87.401134432462015 86.74319567103386 82.755819107620553 81.910082660484761 81.435432830093063 83.067623850520434 84.297418187204471 85.016205008958849 88.331515126398685 88.35669033246343 82.634624610651116 82.203524358842188 84.583379071912617 85.521500511591029 86.728086026838625 86.707977245801402 88.89313640707789 89.809449188603168 83.157306882642501 83.497190110523334 85.020224336299393 85.830080486805116 87.892653901451013 87.662349140195474 88.805496951039004 90.764149753126816 84.43974079691219 83.872437499461896 85.146589117922616 86.043274088689287 83.51312817898625 88.535557732883333 87.664266905306889 98.265741516498736 82.252909386135101 84.194213634546074 85.482257573224558 87.065366850001197 83.465005201289756 86.857372528589337 86.146412916253993 87.946961265552289


# name: v
# type: matrix
# rows: 2
# columns: 320
 1.3579693284185725 -1.5491047806532685 -1.5376326332250965 -2.3617106020879088 -1.9926948768078196 -0.75844962459194742 -2.0201982516715189 -2.1848560259870178 1.5705994411096917 -0.62397535907694635 -1.8046981699262021 -1.5760568264262935 -0.74118715823311598 1.1539119216912157 -2.0229540662536589 1.2216617828400409 -3.572985090818992 -1.1155397795786777 0.73944861998846789 -2.9991353830761862 0.3004901140166738 1.0131552553240448 -1.8262816770192747 1.7588628893263953 1.1354188986220646 0.18963793975630527 0.51018416566597324 1.1313036246855084 1.1406947702410233 2.2156011002662157 1.8812952137238981 2.0650499113899814 0.19589089113772212 -0.28698068267614474 1.3871038630346828 2.1464699986123787 1.5172406663475038 -0.082890780589952723 -0.50337224842600581 -1.0646747740877052 -0.094672835947211598 0.21751111543957496 2.6119609767753054 -0.66816113407112654 2.8488421700679263 0.44252547614920701 0.053957358070736296 4.5857961809545991 1.1784624369968628 -1.2388345332828232 0.96017810638298029 1.5170705801803792 -1.1684489743161639 2.6131469137020229 1.552421493890056 1.7546146294561953 1.9920792024450236 2.6469701284880851 1.8313885403955996 1.3597950556840921 1.3598965455304506 2.5829811851217088 -1.0562191629125857 1.7533491213976851 -0.42264222483441621 -0.41151349631252859 -0.80349598535410549 -2.5555409142093808 -2.0244620393918886 -2.9587123444040273 -1.4302646275944659 -4.8083481724781443 0.24754046230229143 -0.80819745219089545 -1.3130408337900481 -1.5905146817476898 -3.0402554068214025 -1.6296868160056877 -1.8842460142396507 -3.0326805209223968 -2.3393710421952969 -0.69497301447298676 0.88256444305405668 0.35307174084064558 -1.4282359100192632 -1.0822517806127618 -0.64238595589743197 -1.8324920285630208 1.2589178006960766 -0.61444980957392148 1.61801242241766 -3.5946005730225665 -4.4724984163804686 -2.1605339283093326 -0.37602721243309717 -2.3404628430150471 1.0957960171126855 -1.0699044293739546 -1.638039945193779 -0.94484454373420368 -0.90135438508548282 -0.23889808405674962 -0.42922543472987446 -1.4987742348737969 -1.6359972773183422 -1.4953897443013757 -2.0820086396017636 -2.5927075221013891 -1.6496014862065225 -1.2132753955843241 -1.0857535968312853 -4.0920546197689358 -1.3243344599577382 -0.47076406930359765 -1.3104928206695505 -2.6814719320670504 -1.8489726582631716 -1.0635785718008246 -0.98235940944024569 0.34127546927104357 -1.8673516177857572 -2.0263093140264363 -0.33533731885832824 0.57799177871918284 -1.6280967022157795 -4.376934587599731 -1.3178174112569323 -1.5949906587209963 0.63942593884555221 -1.6145652500765246 -2.5142270300431773 -0.7807328180623988 -0.7944562117187427 0.078747310114364311 -0.65317550991631623 -3.398598630598884 -0.54829620903575038 -0.1199681330647345 -3.2040382833591576 -0.94314333146569318 -1.5739617775431067 -3.2752810544316757 -4.0931660784767461 -3.1420302346738094 2.0503194377782759 -0.1064609933079219 -3.3052369035009281 0.2441907055496591 -3.2320533937365452 -1.1588249609361549 -0.94223413121336774 -3.2851240120588168 -0.83784614058473461 -0.21022967329857617 -1.2325220996677517 -3.8106476384310337 -0.68044424424489702 -1.092052304127882 -0.91553894821569615 -0.8850230525470052 0.77738111183133152 -1.6306017491368399 -1.4957811633611673 -0.95608729614590693 -0.43636960578047435 -2.6294474571774145 -1.9974130020083158 -2.0798095474997336 0.73244979956092104 0.96128555279744488 -0.82959795010719894 -3.4449429430520855 -3.3210931731474926 -2.6356103776865933 1.4388367280287384 0.35045679606095292 0.061854131139178176 -0.73305447719798578 -1.443662730330542 0.74981942421988768 -0.76143535461387857 -1.3731378298239478 -1.2501251357271383 -1.9647815063989924 -0.79330718312441195 1.9063454546835059 -0.57958493730850702 -2.9858963916271626 0.46586779661849154 1.0685572191999906 -1.6614837075671367 -5.4286586071287006 3.0425882762865606 -0.94077138313228714 2.5327848163482951 -0.15855812739427794 0.34197027503843014 1.2498420139752966 0.9259881844467065 -0.6470191278987002 -2.3597462527268149 -1.1809317181560943 -1.0179404454008874 2.2276883160629057 1.1139028434107445 0.44845943958427686 0.46557411874764654 1.104806271366753 -1.4614576397620442 1.2530685433588435 -0.094226209482179843 1.0651142588625329 0.00022350511743834955 1.3522643634950025 2.1882952067004293 1.0000667513503387 0.85028971342279958 -0.45967258506855868 2.1495492812980057 1.0406750620508778 -0.13705970121687108 -0.41272156294419721 4.3228021162714505 2.947300826206086 -0.92266956557525615 0.43238667354009014 -0.7626896325148842 -0.66412816249011475 2.1525705110388165 1.1803022011526818 -0.87374940619596764 0.27161626783309156 2.2728166734052841 0.82003741494020055 0.7115757978875823 1.4346993250305273 0.88409446545950976 1.500727327986956 -0.040239036364600911 0.62851121953962619 -0.33716349725202366 2.4511657930491757 0.31474115881421411 4.0302811790631168 2.6502669494715261 0.79445250808365253 0.31860000513131648 1.3784264511374094 1.33459182924453 -0.45552720883025977 1.1178453559027077 0.76633942027438218 2.4829256354040554 3.3447103122897719 2.1966719818304083 -1.1396072695747648 0.35582064639464195 3.0422051631114742 -2.100086601167332 0.83664830339057206 4.6261756098467002 0.18713330309401655 0.68801182890516055 -0.63921496873298389 0.77459956964769139 0.88167391345715806 3.168889866841226 -0.40031366416481767 2.0119096228720847 2.5858556797061922 -0.68375508626237513 3.2499034160882356 1.5527667754654384 0.4269452015286711 1.5141916102133195 0.83420261778085514 2.9676579488131392 3.6066043020126468 -0.31609992192985448 -0.72490913235820253 -0.0031091839646255059 2.3394958467283504 0.53892325836673949 2.6643112622346981 4.5757436723611145 3.6535516007166118 -0.54120701970240714 2.5415973853196929 0.49003841953648697 4.2320587180694176 2.2374066187768546 3.786456555280227 2.0690338695292452 -0.051657927551281964 0.11173368546556615 2.5835946468934985 -0.096493381031725389 2.3738530270547025 1.1826194997315871 0.49563148149722169 0.69112793816781093 -1.3972427751704948 2.9447611513031915 1.6543138837375271 2.4181479440043367 1.1456980077042942 1.4169143502568176 -1.288207775211202 0.88518556256368786 4.7595475594513017 1.8573157296949474 1.0795806053282941 4.2741907205351319 2.7186080145065246 -1.8487832587421174 0.46918287256157787 -1.3832580637831817 3.5436186981222453 3.5596621678130096 -0.59768926643921028
 -6.3445512990119379 -1.117490105380994 -0.10593216273770586 3.1959294126884794 -2.9161970707681388 -0.01667553850632823 3.0382178599000849 0.29108599795669898 -4.523090421742296 -4.5400459979297505 -0.53227779747175052 -1.4623619338993799 -0.81039780598378297 -1.1211399020171386 -2.4141091457864325 -2.3611513737008201 -6.7485755090831736 -3.3014633289965727 1.1635528624357161 -2.3569251034939294 -1.9996202494381761 -2.4892393576499767 -0.35921011942557207 -4.2413590197028084 -1.8473549838373167 -1.9360448762617062 -1.2934890308479918 -1.3688265063269536 -1.8089000792173948 -0.37030693853555952 -1.6024462698737822 -5.1900790106641805 -0.21979890613974445 -4.3980286339673231 -4.1925641872361945 -1.2688375065881614 -3.8454790669867793 0.1087560695558355 -4.8865758557128842 -0.29527370746020126 -6.2458071349675981 -3.1707437158221845 -5.0708024553196633 -2.5625170426296231 -3.7153185509706539 -1.8819567220924758 -1.9503265525421543 0.02828790666471873 -0.37586330910022647 -2.3319856680645836 -4.0874942697822538 -2.6113285230787988 -3.1109856675025278 -3.3036803754647925 0.97265363047981812 -0.67416311047390365 -2.2626353832300308 -1.5539301820437177 1.7930294138552711 -0.14447354060244272 -0.51543411127988392 -1.6922560667183937 -2.9604836470201126 -0.60337928314109746 1.7342303500430574 -2.0351900794176978 0.93601159148061419 -0.70265671128496998 -1.9346068474702052 -0.87886581408773035 -1.1723085625111564 1.2975106343904557 -1.5413954361201234 -0.20472590801830537 -1.9179680669632568 0.34877711282522011 -0.27739686934788255 -1.9045514285668657 0.40809101511254958 1.0057556027621462 -0.56080642314294693 -2.1633939597770513 -1.2463858438804614 1.1867085351474396 -0.56354221899802437 -1.8626898419548079 -0.48197973866529586 -0.51011881817319704 -0.27662000062387143 0.97208188274543639 -0.3264879454663413 -3.3993734188411397 -2.0044325394433296 -0.56889805378664082 -1.0948818830965119 -0.54335790280928697 -0.76998383527079506 -0.31091277011599955 -1.3266890861258762 -0.53278156754310002 -0.006464572826019116 0.095515959047796292 -2.6708203685065239 -1.0413775902230824 -0.80570370006139991 -2.5886673575553982 1.5854214488038241 -1.756538440382335 -1.1350562389583592 -0.46636080048892725 -1.5591575562428921 -2.2299051640860275 -1.2571726538040362 -1.1202209448094633 -1.4280522442544972 -3.2174638363884376 -2.043793466436985 -1.9479995946270656 1.4511542305423721 -0.68402130581243881 -0.7291970959734797 -3.0343168179057178 -3.0841352893371514 -2.1151950082738655 0.54725909351182156 -0.78492560210138462 -0.82877945818702348 -1.9237065566852622 -1.4985947257817349 -0.83685895431882118 -2.3961989971306186 -0.31781960786557523 -1.0604685710663802 2.020089010330687 -0.36298146511528073 4.8691167814519316 -3.7838058704753204 -2.864639190452698 -2.3427730246596492 -1.5869886814609546 -0.73791865612667107 -0.74821046923063883 0.72292052778349247 1.5120815234880927 -3.5162276711970275 -4.0770436774901304 -1.9440862629784657 -2.5620734966128258 -2.843695589382623 1.5698453056459505 -1.3295034914176238 4.6034928535211934 -6.2315573462026208 -7.1450623116545371 -6.3113777242935161 -1.7621224715224488 -0.4185600558587324 -1.0557336417264291 -4.8047683630626112 -3.9465813201265476 -4.9458986299707277 -7.55968666020404 -6.6542668923648858 -6.3608351870452813 -6.1123345244961742 -2.0409363768558495 -3.7347593797076262 -4.7950252317686992 -4.3533468580830155 -7.2857596412964298 -4.2671693865535136 -7.0607702919476498 -5.7574255028971395 -6.8883844700087851 -5.3758253435803969 -4.3701941670579325 6.9842540618882936 -6.7608273066628746 -4.0106468296247959 -7.9277029575794087 -7.2757174030676843 -5.1956189134806507 -5.5649693741849333 -4.2121130325564726 7.7352780938138661 5.9957003488919911 -3.7552869747481039 -6.7694114771853 -4.1083775258674953 -3.8068833173600463 -4.4865410823278671 -6.268266426722966 -4.8303779703286178 -2.8765511987693504 -4.4806091023851753 -5.8499861577122276 -6.9288111044499034 -4.5416414187182959 -6.5093544091306157 -2.3082168577786675 -4.4312045768219175 -3.153156506923255 -5.0824743073728111 -4.5526458445607645 -5.0669735444486861 -2.0112516328909442 -0.6093444609484624 -2.1057122906853625 -4.9230161248098359 -3.1342012630040887 -2.3760563161373387 -3.145661783487447 -6.2166383045317009 -5.1937604990503763 -2.8703287686974011 -0.54741381571487424 -4.3614321513966408 -4.965628917472376 -5.0875959153796 -6.4977776081519556 -4.8739626511002365 -6.5657671228256103 -1.4371492338211418 -3.6168364697286619 -2.5976670930922872 -4.4092172275124852 -3.3373497101310661 -3.2314427401746015 -6.5900769532950942 -1.0329306265926879 0.2929708190858531 -1.5542570933238598 -4.9553758204151475 -2.7077117882562489 -3.2435416225271547 -3.5260449277396941 -1.0510072051967356 -0.53860039774903867 -0.32299279400468267 -2.339374004758302 -2.2415041909366762 -6.1077355630704044 -3.7643516493546221 -1.9274190467223693 1.7835941031029194 -0.81940030315974965 -1.5402072531690343 -2.2718921964415504 -4.5391910192246634 -5.9782568902116564 0.95365931663119741 0.36733961976111573 -0.36433305154984991 -0.22367607892632943 -3.5493078439341437 4.0361142509800016 -1.684646477874306 -1.9830494310671098 0.86357808203941411 0.71736107579020769 0.73044563373601956 -0.90963894009264523 -3.8097341162171205 1.7144577363010005 -0.89970240304440185 -1.072369632113483 -0.24110458705578511 0.59991762074802546 1.2482250237470349 1.4401247540860018 1.3656635354414999 -1.584955006524513 1.1930913829095502 -2.1537042026990987 -1.6860010021542222 -0.3922510838926222 -0.25309510511311439 1.1448720794890423 -0.041261806696831708 -1.0764490559608084 -1.0271102052170138 -1.9198002283877804 -1.8362713507925159 -2.5529271059143439 0.17400226273918398 -1.0724747882045547 -0.53344348973212219 -1.4766908292704881 0.55931728440300776 1.7455271230715543 0.16047100037079609 -0.75025616108113691 -1.7738780345796028 -1.0538864786115716 -0.29064201210158352 -0.41799535717734965 1.4243394581290278 1.1417221788211553 0.52435313425396257 -0.89315153961560212 -1.1511139039006688 -0.20223019693819363 1.0669148308445973 0.018207625961842666 -1.4641710949211828 2.3931168496851782 -1.6891442988747321 -2.7548829258117751 -1.506946789626352 0.93823446575305702 -0.46818981136623572 0.86129832952167451 -1.5751425482798755 -0.87520471738238403 -2.987192115342661 -1.0825751735167188 -1.2943392947136865 -0.28271380365377285 -0.27356560753105341 -0.39574073130677251




