# Created by Octave 5.2.0, Fri Apr 02 16:04:20 2021 CEST <br1@br1>
# name: ptcls
# type: scalar struct
# ndims: 2
 1 1
# length: 2
# name: x
# type: matrix
# rows: 2
# columns: 320
 127.24704698691593 106.03486913946611 104.86196448271117 96.794402338244495 108.21907706917679 114.9929691847687 91.838615289439502 100.96124772473377 114.71355934320387 114.94830577256097 107.9149947316191 104.23657992246699 112.69494236127501 112.63124420467371 113.2414671466459 114.51352450913792 115.19026791380777 115.75753690136027 107.53803049922645 107.24880976385313 109.27663911728419 137.50339673956825 113.71476839591743 137.44759327035328 134.29667604055467 124.69179611222171 135.92474199221837 133.07769661374965 139.69716060739239 140.69081846768799 136.06417116956948 138.78579791656867 131.83731857208033 122.75275100984236 134.78593693963981 134.27354263975724 135.6041169971364 137.51068808836055 140.88924202235367 141.79820528345499 135.87537294708665 136.85055268161625 133.50809723385146 136.72449230236305 135.1812949139217 140.65007013870047 149.86153838313555 147.54538233029882 137.3987538926873 135.05570658775068 136.66056949216926 136.28184129137358 138.03179374761945 137.67779144180727 149.0919348411006 150.37546687836294 138.48358322415922 138.7106651175786 148.79919728937472 147.97075774805316 146.5117597873344 148.20587216436584 148.39800598362274 148.67891565332246 96.410088941177435 97.469432417334204 95.639404773035835 87.41155075198796 94.706554585563282 94.010301251128226 93.834497557672293 65.206375436818831 98.653690831554414 97.751602458615181 96.614265904829324 95.77018144239328 96.551739083811754 95.022086116230412 94.953583635094859 93.216967761821479 100.86566629668157 99.582473661542309 98.526205573018089 97.324496627440809 97.217286838685297 96.146070147073516 95.912166409620781 94.89958319296052 99.797238896790375 100.52470337813311 99.330081009296123 98.186947855789441 98.071972195923337 97.044218380917044 96.65560312511198 95.650053089715684 103.56722796086936 105.39558423251091 100.60076053418064 99.351390537218123 97.805612059319756 97.525463852373306 98.685382262257718 96.515868427412215 104.85688218331087 107.99147386780189 103.52804403707545 99.140855576340982 100.18555981037964 99.943680042240771 100.51007755760897 101.57549621389401 104.76919747043954 105.82250936148168 109.82912302543475 101.63184753803742 100.42112362097407 102.36490402004394 104.38879782045518 101.31159938291712 105.47661051630423 106.67228356383536 106.53746974626644 102.09239066106619 101.52241411740535 101.22422744424625 102.34677939260155 103.38538283824414 107.16304452130397 106.96738969745812 106.07672961031234 109.02429489772048 102.24493111988841 101.33370753254934 104.3729061346846 90.771865469356015 101.84916126902921 102.82197616509853 105.53547448149713 110.27858786109435 105.85328094120267 102.74900493596988 102.44516954750651 90.915076335022604 113.23640826452208 110.41363909659721 100.03490772259846 104.76916290201659 110.35777194016862 107.17462034669032 103.18844129488497 91.897867517634737 111.33319761275098 110.40680685668852 112.34342719468583 101.79094537909567 110.79241870220901 107.72909983364028 111.91996935287584 114.17674547202279 109.37431736543459 111.48789544348267 112.58359169499921 113.50793225639808 112.84549462609469 106.64029376516692 118.1929637536613 116.86517162482689 109.61175436656333 111.50239825645163 112.37205678949913 111.71470339257492 113.45203967287345 114.6475267258582 112.27472707300458 118.30113089318 120.45670807682518 110.82357817203332 110.21184288447245 112.34398073616958 110.81522465884771 111.30494551429265 113.89196602673108 114.00507057932266 119.42715051820994 138.87196589394279 137.49953083819133 112.60515419152902 130.92366209990197 113.43608418560217 116.18427350574356 115.19987329792733 136.37533930134933 134.71635441656548 133.32331353652867 132.09197303112913 133.49696026723953 131.89875503147849 129.59736560196131 121.58553252972828 134.20642439169097 135.35150003285585 133.67902941341578 132.95457173725902 133.40721541398878 132.59068637188133 133.14712901889186 135.33457236607529 136.51636869393857 135.7550586578742 134.7591127336058 132.43162870628544 129.69190664267978 131.26038132742954 134.81342926646002 137.72083255929547 134.50033367140665 134.17242956888938 133.18231959491041 130.41005929905879 128.5476199526295 127.49802779753966 134.4504551958828 135.64125935751463 135.4036975006712 132.14593772755896 133.30912577902089 129.66531484812492 128.22880943500567 136.76683133031028 139.66040617517803 138.42010688555928 147.74531768107286 132.21571532507735 132.35090877409502 138.79028245946571 138.72435824053355 145.36549137694163 138.80397677698625 148.29074594782247 138.2200455263301 128.75872252106183 130.71362142596163 145.11573772730469 146.44036003383161 143.67631809276926 146.99994674724908 147.69431974462682 137.1257652088122 129.09882647142555 146.85698697958418 146.1407484539281 147.50357918580883 146.24505413106183 140.32848286487484 126.50784477281064 148.41372153066888 149.47310270360913 144.13160858259249 150.63279305213976 148.36902943639592 145.96020539767244 149.31683109191002 150.24669299902112 148.01641542820803 147.61448952595589 147.67830383346671 147.90781018273151 148.22555309728259 147.24772517832511 147.31010316949221 150.24715196217832 148.77789107915956 149.31706728267139 148.70153061339977 149.76891385468213 149.27176688904098 148.29494366964863 149.3773536926619 146.36281689739207 146.98478394474512 151.73563293121342 150.40119248050397 151.0212008074385 150.5684912409499 149.49513535178099 149.23880036557892 150.18851776181432 151.53013704108099 150.86893953996085 152.03797762056763 151.63033379018583 151.52899507236569 149.83493570971351 151.00414112999835 151.24273166495283 152.89216833092976 151.97266330475583 152.78218663773791 152.56934051747081 151.89861333808713 150.86420687197159 153.09636060045585 151.34772497003812 153.98850310706234 153.10020977827165 153.6098820747076 153.47275276204201 155.8257255545725 154.30901948255283 153.74831318349021 150.99982056506755 153.81848484871352 154.01224919922609 154.84297778274623 154.48463846879812 155.65155805772193 155.50587286655335 154.9353997405008 152.14084038639578
 41.192625617688236 79.115069628580144 85.55536080538937 126.53411332899051 76.314888635288256 89.349325878293257 128.84065446586817 101.37870162867962 37.327881885724857 54.183634118440899 77.380071687096631 80.798486262829044 92.179039076538032 91.094572464136917 90.14463386045766 90.475822060318578 36.165928114695149 37.145132472551545 78.530483853941277 73.875493202330063 76.434356268058821 78.480175134190205 91.166425884364926 79.673193706158003 74.608289715828107 76.469608842672599 73.275520839708321 84.076896178296508 77.097655954755027 77.645128516906922 78.415352869195061 78.821579805079182 71.4099192846694 63.626350893466295 75.751195742685667 76.953058067630224 76.475477260024803 77.344680119936385 76.509749382806831 77.749002575016817 75.499085678219771 74.780388096242561 71.616827911325899 76.258765249170352 77.599175364332154 75.481299701670764 94.243638339477201 93.664429375780401 72.712984542367295 72.00038606769246 71.892203273313967 77.41751594362502 74.328608155132684 75.510175916730645 95.190465057220194 93.263075895752564 73.368405845067855 77.746591042414039 89.123166679818539 95.133983920080311 94.355601399198378 92.888888384954967 96.132337644492836 93.843568158390738 82.989486858197338 83.216690546743379 83.853465178777483 83.690700254001328 85.042407046158459 84.191483781099578 85.871301930364623 106.14311083203314 83.714437745269137 84.277645993174417 84.406273355501426 85.17054039829803 86.028855981985046 86.102744823516034 87.184092181925024 85.082095298469554 83.237630190627186 84.86025170645874 85.197138970653228 85.277231642082782 86.869676956553832 87.155758440243147 88.229447321946637 88.680363574550896 83.721879447230847 85.577919702899123 85.914238402184836 86.349418556602714 87.607209731434921 88.098825264160254 89.118074845291545 89.58239702400563 81.856813765768152 81.200552141651855 84.414598061491048 87.100844630589918 88.708792353953129 89.885546683599117 89.649561147366299 90.236962407948411 73.028799535626732 72.805008076418801 83.075682049001912 88.405428404270637 87.903214448505778 89.085769054809944 90.004870092076558 90.39704487582992 71.981054676337848 80.220422012741111 78.516013774172251 84.063705667039144 86.719401620573038 89.000359243647665 87.53841186692982 89.294725063552562 71.273983671357115 70.564944967699105 78.080800766732224 82.955826757196547 86.074557804648876 88.170111151912963 87.809074395373642 87.188962419117487 69.619385342455587 72.766553781671291 76.331060669620811 77.489725928891801 85.117431543199089 87.17416562432274 86.533259596423065 129.32201549426333 61.951192718693122 62.654120131357196 69.323544401223259 77.189362672275507 72.405336176195036 84.066641527170333 86.678183750871412 116.01488928695112 44.766685465038996 42.022214563118133 65.046047797725478 70.366678984127361 76.052173368227429 76.646408802011706 85.723416222220138 130.02519830707837 44.308849966505235 43.157977503781915 43.715975473830561 63.074288097812229 74.894696055756128 74.95278339693742 54.755989722168628 35.598023693865322 42.751581080991578 43.003178180209197 42.427633033080319 41.644588818569595 40.297122297745311 75.247099218171613 35.082789122942287 36.753632542277629 43.994505588363701 41.881261443679634 41.199694789707173 40.335078802292088 39.385373906984206 39.361230503731377 37.131125278837224 36.215228014752299 19.392380193596516 40.966842354810971 38.823967376086394 39.377587083457094 39.880211181186915 38.886604388920439 40.351469642181868 38.41749336729837 19.485822681764283 30.163572168806247 44.5653324407631 38.32879552800339 42.9780738172011 37.324480978624322 35.905253104893887 38.419679711031485 45.368047936839119 45.663526624853361 43.048017731884407 42.385192868968289 46.067794212697066 43.663711707557752 35.949917350503569 63.293469101663334 44.027591274749746 44.753815306773149 45.046087848661507 44.060576804643055 47.17370162068611 45.375971931696277 70.463346806845308 74.314107395337786 49.402093974700094 46.577213753306182 47.000861376386126 46.501517053877897 50.947548198834546 49.369058976956701 73.389325239426327 71.33794585207184 49.172494902637808 48.013925157742804 50.016105496264508 51.980957424640998 52.733950042825221 53.749347351645767 70.743956771226465 70.978750888637776 47.895910496920116 50.095716492896564 48.780537902230925 52.770951010664994 50.437923977263104 70.65082471643683 71.899713134427614 72.156838668043449 45.263619199516214 48.996648170968548 47.795042682758087 71.058949152206097 75.293761621051189 86.232641554559336 76.475674043001874 90.769444902682594 58.418603773435677 53.912668827625332 50.210092308564079 85.148191737951066 85.642765628616573 81.362000458263196 88.625790786491876 89.535553317339264 58.184715181182796 51.765562490519628 83.722942265365077 84.527611749954346 85.065432835259884 86.957120255545533 78.852824449276284 131.2058534387678 69.161662894541564 68.744345270465288 85.689636638485496 82.92985154807792 85.843310823555058 88.10181623771004 92.719696580090101 92.130598444230401 81.964751174156362 77.505404178017343 83.009906730814151 84.129783552061113 86.918191475589353 86.375344000432435 87.545966983520856 95.276820818945382 82.830078503568387 83.885390180922826 84.856536720134073 84.868485100912125 86.614995114323364 87.980600600639519 90.227377015604688 89.990467688764525 82.235449009703686 83.044981737894901 83.960905574572251 86.117373238725676 87.805991292972408 87.612195159607452 91.488603841468219 91.023380518938112 84.107188440099705 84.960936019027443 86.241167444445949 87.263268110814678 88.440928977932174 88.761675545427224 90.36961395067469 91.385987100599365 84.606308723601032 85.166130449185673 86.971934416783327 88.043606212889117 89.650929384083767 89.332932508085079 89.918116465381146 92.838160305566547 84.966314506645887 85.659748137246055 87.680621814441409 88.823711632453055 89.334563908952603 89.509083612152622 90.758545594255423 94.05585885300404 83.945406948062811 86.642659814105045 87.412035211393871 88.413661618431576 88.205053531819203 91.408596200910196 90.390255026894607 90.677588860906639


# name: v
# type: matrix
# rows: 2
# columns: 320
 1.3579693284185725 -2.825432883824794 -2.3990590009716168 -2.3617106020879088 -1.8639700413123053 1.063005927995349 -3.884909025923998 -2.1848560259870178 -2.2795806455099297 -0.62397535907694635 -0.83921979374732469 -0.26927491978237356 0.83264766986962213 -3.8210881681378668 -0.47103423327956678 -1.6367318874487236 -2.8592872192859988 -0.7746551244696317 -1.3853078116435509 0.22826455708585675 1.0832404240274567 -0.5568827066882599 -1.5310191304642009 1.6153415450521029 1.3772526120845459 0.18963793975630527 1.4775694951390976 1.1313036246855084 0.36043143020780544 0.44312797244776309 -0.29725600078592213 1.393584272562078 1.0117605494279742 -1.6828245333483123 0.34275708001873179 1.7428012932220964 -2.3677407545623357 3.6947831496434094 2.2850375220937034 1.0391194311089371 2.2054720662771659 -0.14216913693255642 0.22939697415783805 2.8078733388883594 1.676075203511284 2.3130276786787958 3.5540246406707285 -0.40222586909915059 -1.0948785827798317 1.8469400981889219 1.4889990661186627 1.1280130003724411 2.0134505524155286 -1.5966677604505304 -1.0403931032279583 2.9480265945309108 2.1339415526630794 2.6175401819335202 3.1930096900749865 -1.1733236160918366 1.3032804397372817 0.18588606451757517 2.4969622328771535 2.8554870970422161 -3.0382059689506047 -2.9990346260607814 -1.3591515229165185 -2.5555409142093808 -0.76327814601574517 -0.35456775954724296 -1.7035736063616866 -4.8083481724781443 0.091957771893793089 -0.831419008854554 -1.704160280708203 0.30077158726930719 0.5291546672964984 -1.562049126390662 -2.9163280064284747 0.34379601628546197 -3.5917930265702478 -1.0180824421570427 -1.8716004032112694 -1.0344881538432353 -1.5782270644013148 -1.9387009409272169 -1.046472208907117 -1.1591652041201093 -1.6368037657405112 -0.81774184290316043 -1.3547854978714648 -0.73294058368362613 -1.0221877646759818 -0.13132742659040303 -1.2652489630720063 -1.1603449188189408 -2.5463828714673986 -0.66733755748692214 -0.99750287070551213 -2.6230238829183126 0.11673118049578118 -1.6036374000690798 -1.9464496201472767 -2.053592981063149 -2.6718565046169633 -1.9944220852337695 -1.2742077413904414 -1.1148111903426843 0.89337593602198995 -0.45405066913509701 0.26955931743583728 -0.45957647872835045 -1.3070708849628263 -2.2617882104028451 -1.8204394691571713 -2.8123054635563038 -2.0931061194422802 -2.7415556126491754 -0.048266087033677837 -2.603720415863688 -1.7999201779886129 -2.84071400206789 0.10184547858896048 -0.85570994853870874 -2.9317890915565541 -0.96541795279499831 -0.57518830460490111 3.8272263264128026 0.65790489372373462 0.63115296355993711 -3.8628665230972485 -3.2899458158375388 -1.9887706691320464 -5.0152007088313422 -2.1648974600787225 -3.5892799765170094 -0.69023810635074434 -0.68251101504442058 -0.3954830207240066 -0.35898060174343638 -0.58776437184282493 -4.5794706048465246 1.4828650921424795 -3.1420302346738094 2.6777034871277317 -0.30511825430209583 -3.3052369035009281 -1.4354234676015449 -3.6508636911063523 -1.572874394155841 -1.8615207830108362 -1.229731891888205 -2.1555077713735313 -1.0466127195425063 -0.52846237230611637 -3.1061628591363517 -0.34209140993092196 -1.6324982692758048 -0.91553894821569615 -3.7950061821344376 1.4616594041409581 -0.33212598545965133 1.0392609140657256 1.6131987486648198 -1.8191123782221683 -1.5787766287402645 -2.3027289151834691 -1.5184309088868977 0.50512356463812969 1.1670892613540398 -0.43153278234520864 0.39196958497781859 -0.74952865096349475 -1.7118526878191309 -0.98320516808539482 -1.3624317091265652 -0.23431525981792234 -0.91447861982284806 -2.2555540378908434 0.22334971851460739 -2.222867967021577 -4.1172810440475809 -2.9332275386242248 -0.52158273425927804 -0.49713779216731252 1.9063454546835059 0.73781553851895709 -1.5426609221930994 0.91647153899062084 -2.4207626137975269 -2.5442064801723903 0.6580028818040905 -0.30572625435243811 -0.51259796235064314 -1.176824283753823 2.4270661180309592 1.8937930013678623 2.7204497899062678 0.9259881844467065 0.74882472277346768 2.3970107253169539 -0.3239681836749066 0.26563007262001109 0.85858792365905745 -0.11850633913158587 1.265900354950809 -0.015529806293631321 1.8052730532602186 -0.49238590775909258 1.5328527850234306 1.6991431208656729 1.7719521908482978 1.0647227567282642 -1.011759204579042 1.2279889372397996 2.9811281357715305 0.02143687122785147 -0.76807968395104287 -1.6073379991520818 1.254326881154866 -0.41967447052535339 0.4146494747448613 1.0719905384627912 -0.98552899400216532 0.72783740842972444 0.55418990590834283 -0.25015865910782098 0.44759349466439263 -1.4214943891218568 0.64326026266892589 0.8762949489716334 0.67280561242386694 2.2728166734052841 -0.66786295469244106 1.4509620807233168 0.96301691835630943 2.3334517745882635 -0.02701098319361224 0.053175792105112821 2.6848697457175037 1.8261021808670719 -1.1378771900675653 0.067447445752589263 1.4206065327144219 0.85666369053107017 0.79445250808365253 3.7899870501987016 0.75342898222768184 -0.82867384887456663 0.13349472498392762 2.6342179918877338 1.4577166067776972 1.3266937360355782 -0.053770429479479749 3.4408722414195339 -1.1396072695747648 2.5349528781899946 0.86307293131612539 0.93632031878871025 2.1242433914538248 0.80019919327968647 3.2412279881741988 1.3618418427591317 2.7032462731043121 2.6369783262734079 0.88167391345715806 2.3518721237950593 2.1331145659293842 -1.473114717225126 -0.050113327791659883 1.2223773974307801 1.1037753757127995 0.3601489627210005 4.7112959314431304 0.60381183729972021 0.29013015896728583 0.35595368998717702 0.25376924529372824 3.2258718699416513 3.1597536449621915 2.3878388535088875 6.2331671502211243 1.6280365859394108 2.8838626266793499 2.7575125634055633 0.40292738348120288 2.3004756072751 2.5784804019877834 -0.20106936181917359 3.4555308591970659 4.1735439294356036 -1.7415407118593464 1.0994960082719472 0.14860078450961905 2.6600502229257477 0.85082964951038187 -0.02091535182751468 0.23810830714960374 2.178705766585852 -1.1737832536188415 0.89053074904471896 1.1357411490439941 1.8211997212201883 2.4060803708500678 2.3421011693235148 1.1523911365121438 0.43208387527001552 3.0488868736091361 1.41540394314899 2.22465169848584 1.3600930988229751 -1.4239251839028035 0.17346486205242451 0.50288182164661932 2.923223227503164 0.16238258881584941 0.19656391934069128 1.570084555671172 0.044568973751107646 4.2148794291775493
 -6.3445512990119379 -1.3091326587419714 0.03744667985161812 3.1959294126884794 -2.3565045126404232 -1.6005107031981081 5.504863704988062 0.29108599795669898 -8.0299459471627515 -4.5400459979297505 -3.8197720894693132 0.66878822543721606 -0.31294207948643865 0.84201905047896075 0.13776975581898429 -2.5872915168438446 -4.8331172026995137 -5.1326765925345006 -2.1002930695094815 -2.7235884129162402 -4.3932798333632075 -1.8981492975205008 -2.0280050902418689 -2.5968007640944566 -3.1618385738156873 -1.9360448762617062 -3.4396756456094471 -1.3688265063269536 -1.745415461126838 -2.0019509833696505 0.18029061748100048 -0.48091652545871155 -3.382591848705057 -2.722428199226413 -2.3391458415853572 0.00048239953000362573 -0.70850590493414978 -1.6131655029929981 -3.8973033508269359 -0.78303812962353825 -2.8015133231260805 -3.9670316423827892 -2.8231341456530967 -0.52136794300697475 -1.4598560185871201 -4.7812120686667976 -0.45891452698196222 1.3397235714093358 -3.848459587517473 -0.70461837291463869 -3.2589815300073139 -2.7830384819860114 -0.74274240101577704 -1.7581415746898374 -0.46233784682434564 0.49031245235129295 -1.1988280271712395 -3.6100175314904592 -0.48565533833775471 -0.57152939253442225 -0.94063261144692611 1.3499498158547976 -0.30482322689647456 -0.22137198746729164 -2.243468623787547 -0.33762192122888296 -2.2540647414432553 -0.70265671128496998 -2.8435166221748318 -2.5573835197376411 0.2296884854451175 1.2975106343904557 0.088850846380623974 -0.9094802834701694 0.62319560170605515 -0.89982143731743502 -1.0406092658486716 -2.0030968410127494 -0.35150977856004428 -0.39382819788477269 0.89168954625011021 -2.2634391146945267 -0.21383535906430631 0.25925712702890191 1.3178007812917085 -1.8896756337483027 0.24240143379539608 1.6774613246661929 -1.6182877674029219 -0.66045665319783897 -0.10232186112934497 -1.732949353303741 -2.6093235095298595 -0.81137670517838312 -1.3236620548435616 -0.12535664154436307 -0.79958716916559314 1.7888529067081997 -2.2336299315560204 -1.6539406346908587 -0.84407789441894598 -0.6914551667167923 -1.9113910300538999 -1.7812301095992502 -1.3719774059986507 -3.3436628680312745 0.34359189463876993 -2.6874696740902193 0.19521361972876891 -0.98768677420512407 -1.6268920224941623 0.30907181544764284 -1.0768144900508636 1.4763127991186535 0.80777130259158614 1.2357793522773706 0.16625300902836226 0.49411963467368147 -1.1888242596130052 -2.3164499437897628 -2.4933864963803476 -0.5994927887556516 -2.0394735705792013 0.12189429884429642 0.094219600590466024 1.1580056731256463 1.0758104076606971 -0.7832689639426309 -1.2610816350423701 -0.71917894489275236 -1.5589515005964485 -2.0216321543697222 -1.0272061519565572 -1.9337129791051311 -3.0850641614185688 2.6655385009393764 -2.4436808177171776 -1.1450410645126596 0.29155579306653062 -1.3658937473605095 -1.631452358971669 -2.2875319529695224 -2.6466381838061559 1.5120815234880927 -2.925333145677552 -7.3355379618552252 -1.9440862629784657 -0.076601600962173846 0.93717795470114051 -1.2951015263554559 -1.5528961521567959 4.3404252889457524 -5.6677686463857277 -6.9003450214923623 -4.1343461221295046 -4.8218456502206095 -1.8932926396482819 -1.6565168390517884 -4.8047683630626112 -6.048181289108264 -4.2471516143640891 -7.836293381945227 -5.9154253593793387 -8.4446357425178107 -5.0141125285527472 -1.4868954541905395 -7.1795237567654961 -3.5491661663770664 -2.5929177866213 -6.6624470817241814 -6.5638775733270789 -3.9912960228613867 -5.3495691422901972 -6.3833547676664093 -5.0170898109435198 -6.694574834337061 -6.5475935808013856 -4.0847832248948626 -4.9459299762088227 -5.7782922173578033 -4.7923013111451036 -4.6629667134488448 -7.1555720903884339 -6.6556664130787011 -8.0506330283894858 -5.9957003488919911 -4.0385375665770065 -4.0597013195403342 -4.3783401918909508 -4.8850374469426736 -4.256936357368283 -5.8754850294295968 -3.5074415042143481 -5.3614298450963096 -0.6980986496068643 -4.7563789179617038 -4.6888424057476765 -4.1048313286760312 -6.5093544091306157 -3.9838172925196025 -3.7790879474695633 -7.1912869879645225 -4.41119943285441 -5.6421202826361725 -4.8756030320597947 -2.174885662503613 -1.6220812444639436 -4.1825809645207723 -2.4770996693589558 -3.151898546008562 -3.1721003865970792 -4.5966305891561872 -6.9960979605517464 -3.9193417836308475 -3.5046866270115111 -4.7408302889023686 -5.098845900389616 -4.2920485363312668 -3.6355468153207298 -5.8149548578434791 -5.0261159973824174 -6.1044699377912428 -1.8841386770687221 -2.1726301143796336 -3.0765526725137518 -3.7176594414392174 -4.935979713566617 -3.3001064176640726 -5.335098190880454 -2.7035846908581318 -3.6123020939350479 -4.6729875953705431 -4.9553758204151475 -3.489661047151448 -6.8225813082787221 -1.7022696485242641 -0.32637413484971561 -1.5693197684981937 -1.2369457272595443 0.54133190725312441 -2.8856940124598043 -5.412634068927721 -3.9586021138561431 0.82690190740863145 -0.17322866322968078 -0.81940030315974965 -2.3209463027832147 -3.700315709348748 -3.8950011977015611 -7.036088051070954 -1.4865531718321106 0.22463398162410239 1.812548890197941 0.71299446391176813 -3.1702722942559567 4.0361142509800016 -2.8807410711591976 -0.78695483778222663 2.7608401851864093 -0.96224120551550696 0.71208281837067866 1.2802422864735383 0.72697000418199287 -1.0744165899367342 -3.4850092747774171 -1.072369632113483 0.098505346156703505 -2.3941114808236432 -3.2346724278145951 -0.17561417425639086 -2.4732865602068177 0.79868785820440824 0.9947580517258835 1.1622722345452188 1.6549790044980863 -0.46800116093338734 -0.71951969094470491 -2.0643478011174898 0.46493399281536224 -1.108081644287942 3.273863878910475 2.5954951396902888 -1.4801308404957623 -0.95937962351445416 0.077330587777197701 0.30277884139350086 -0.0047098140959477147 -1.9602926461459318 -0.71068664156773498 -0.10089457815944439 -2.1095097400730003 0.27948411877579121 -2.6847909891512263 -0.38640562525598826 -0.56036313111993696 0.043593126596134735 -1.9682179770826804 -2.5424570354134812 -1.224671303008978 0.13946981247429124 -0.75066241462561156 -1.5689235684100218 -0.059930786137360179 -2.9631037644969571 -0.052237414976961799 -0.90468070037259896 1.7197150714865088 -0.24747934791045526 -1.8685247360450139 0.050180925954474154 -1.4316119597843351 -0.81037839802375533 -0.81191202389773065 0.58196321274754581 -0.7916793791332688 0.8097777203978086 -1.8031541137029525 0.2257648749813809 -1.5131810160226316 -1.3989767439942051




