# Created by Octave 5.2.0, Fri Apr 02 16:04:57 2021 CEST <br1@br1>
# name: ptcls
# type: scalar struct
# ndims: 2
 1 1
# length: 2
# name: x
# type: matrix
# rows: 2
# columns: 320
 131.45675190502072 101.01225551398198 99.028932136132397 89.473099471772016 103.08664079301518 111.14081499664634 81.67741671913096 94.188194044169961 108.59043026064138 113.01398215942471 102.94613901111201 99.82377995201486 111.34723498767332 111.75647666416684 110.21586672927107 110.06033184546008 108.30613777091253 109.76648543633571 103.35645980938794 104.00874900753398 104.87199020764567 139.73646407298938 111.26609560462151 139.87369477399741 140.10545542102187 125.27967372546226 140.07515402671643 136.58473785027655 141.89192033261273 142.89777543525145 138.8809898890658 142.75720467331661 137.36253790528571 121.05341496273489 141.31773078475251 138.46825262115567 139.73854918794652 140.82254259811904 142.19467828754384 143.98586124096224 140.54679195070113 143.12500394221539 135.58063781424732 141.61017723957318 138.95873178282244 143.36988407254441 153.03644002497279 151.9101105760974 140.77957977961657 139.38651862182556 137.67232233702509 140.1294482494755 143.68579410607467 141.12173344492533 152.79110506858567 154.13526407167464 141.99481024362143 142.2837123118467 154.24846943638147 151.68604909715344 151.15033044929083 153.09626531768387 152.74373496896951 152.04558544323021 89.014553949903771 91.284593148925779 90.296746005220342 79.489373917936831 89.634701757563207 89.245600304856026 88.205116629604476 50.300496102134858 93.718516006188338 92.532141900252512 91.497527066122373 90.455447140003841 91.633611999542197 90.71972605603078 90.771789945887789 88.382045670514785 97.672284918688007 95.682851773552343 94.847137636458001 92.365598888488549 92.832701061569665 92.039798639015146 92.686164662054509 91.55745375546914 96.906253973161114 96.819213496913022 95.871827933292437 93.777618090516754 94.072443765464627 93.276455853842705 93.461871807599636 92.411132389007506 101.90019283648311 100.9822265268007 96.643042817651491 94.968906669233675 94.270044102133539 94.499026512444757 95.395521770696362 94.497401235899531 101.23321280962993 102.37006141615265 99.947713443904391 95.048195001366778 96.165810177971395 95.38522350461767 96.376474364509178 97.338469378902957 100.11290662945397 100.77717018136657 105.16436928228593 97.934030381516493 95.974346945419327 98.300090510123837 108.27862109053275 96.336008837211452 102.82612946444561 103.41977705287111 101.96771003840192 98.914243159936319 96.886431415770687 97.196925476766708 99.095359528467398 100.13027289867038 109.15094398195524 101.43164486701741 100.88623542851299 104.10610012571838 97.968900409351505 97.034074331184399 100.04243691183193 82.351424325153133 97.606300878914666 98.147938138281205 100.31754942315379 106.8131955314926 101.35842077202254 98.701612981259203 98.146393986591789 81.17478260753586 119.65692408088188 109.06295551991474 89.788673321746955 101.31709649886491 105.65167988370537 102.15604307595541 98.935312678981177 83.497352459725747 110.65406084633611 109.92402708792301 112.28248281124087 96.823216656379827 104.3414404683774 103.43173159898299 109.08179861341061 107.16588094267186 108.75036949030634 111.01681672684529 111.35157747535622 111.45149376787992 111.39374293484714 102.36904797096918 108.16348632571082 110.11972649409753 109.61845744084181 110.25894587740545 110.55960587209395 109.64530634668658 111.71267406379249 110.96699348966122 106.50891181929347 109.38113750618575 118.27952630402311 109.48252144073854 107.95360003013478 110.41223730538049 108.56204572421399 109.01696997075361 112.50870388456211 109.59332543208555 119.33682782985797 144.7816368034583 137.74117731893946 108.44410962821526 134.73281490158874 107.8045469993166 108.89161997539807 110.60859957512594 138.7171993814961 136.61245007020105 136.5588848781849 135.31989466052661 135.44969587146295 134.46239535993504 132.46792897374303 120.38946916405359 136.2722186900908 137.95789113961368 136.06632967674372 135.87174650106547 134.44971214111774 135.03758114766384 136.4516462956698 139.96153057680121 134.79568227952635 137.70638273754074 136.77503494252437 134.87699987997229 130.11073916658378 131.41441092279754 138.23642521198283 141.31128020074871 135.45527167872265 136.14450416448022 133.60516064156207 131.11819332048535 128.46554018030378 127.42542884704585 139.30874840621232 136.63681057335097 134.94052053371215 132.5125802425224 134.40533642546777 129.1741976502347 129.00655570969275 139.03049454319842 140.60413314824584 140.30577087962217 154.79104936862987 132.60636027221398 133.48125714628407 139.50104870874122 141.20472348186584 149.91265900437168 143.92950416713984 154.099235673783 139.42359328919406 127.97981261418693 130.95483653649316 149.44390975616128 150.89817131460924 146.13912086783554 152.477206014888 153.22135551139064 139.01424527512529 129.59459494555463 150.49291516804689 149.05634658216206 152.11631878888994 150.79390832588777 143.36243258643691 122.97506223712503 154.75721235818884 153.66349188555822 138.2177113304366 156.82029804016258 152.89014302484105 151.54756460031376 153.63389162869626 154.84136582196663 154.39013127446586 150.34767865766486 151.4677024695867 151.90231875171463 153.90177023812672 151.83827612224101 151.84076834747674 153.85335021480594 152.96182889308253 154.78132513737685 152.88651150647289 153.11091084027342 154.12971130689931 153.50172413765125 155.18219066165989 152.40078901268404 150.21510228057642 157.95294355992425 155.61367045983064 155.12908989688989 154.86594947680746 154.52130157006206 154.34998773592258 155.57096805507328 157.05909521289902 156.02809996930094 156.46653784182865 155.69972731420557 156.4798962805489 155.35454697996013 156.70078857019104 156.02384567054281 158.15434447563817 156.18375627849477 157.57232081597309 156.71662545249922 157.65351508130607 156.31471360151784 157.80171116870443 155.3118157522845 159.18260325579749 157.31927149106139 158.42802688328214 157.54314130745496 161.09661464368691 158.77613405128668 159.33606183314186 154.51444136771772 158.99639498713745 158.39046882296489 159.61698251751741 158.29056985125203 160.81714280823743 160.19744262845694 159.28446208402517 160.22495195075697
 21.524516590751677 75.79178929470352 82.46238431424166 136.44149450831961 70.178809048821705 86.372397524754589 143.05380311341406 102.28106822234913 20.436106923471929 40.109491524860694 71.303922189854887 81.62732594405206 90.922959787423039 88.545879185572502 87.155868135188243 86.033932103434623 18.336758364946281 20.033066827275722 72.290010068643085 67.977153705679953 69.04536729493671 71.555423155400888 87.414685860430623 72.818291848292418 67.806443266392293 70.467869726258542 64.641151089551343 79.833534008679734 68.815710397910181 69.384463165750859 72.407326162892929 71.529196465049907 63.020277727994994 52.556677062265017 69.863316947956022 69.391901291868322 69.574701728189979 72.161488898960357 67.430465763937747 68.81430946477056 68.858112112777022 66.512551102669931 64.419733933650775 71.296153253964746 70.485609989911936 67.987980038572331 91.642901468047583 91.967060476580329 65.714722342165004 65.443772426476897 64.314687719998645 70.578395897956909 65.495236424979893 66.989516645214891 92.700453952100148 91.739333843254997 66.323285335727917 70.372719376974118 87.585596901203118 93.119732816165367 94.176639797501124 89.529666221213589 93.846528263834713 90.901746629672957 80.844374694683637 81.367730732108299 81.240793719987707 81.512464449014871 83.34394629891375 82.331555509446176 81.983187516622834 110.16539379864265 82.060989378036339 82.158745056678995 82.556253358617411 82.371720044763478 84.106588505093313 83.394731911067467 85.140757921484692 83.04409202827263 80.559315294277226 81.817239502907356 82.607264301071183 83.279950599982655 84.331393815509969 85.251570800459106 86.191926566746773 86.344419839149495 79.528612953230578 81.914403036210715 82.901367383476256 83.095757127533858 84.447792175877069 85.23589596886778 87.079721463132614 87.357797107427999 81.515494015973616 82.393364618241151 80.86208227474954 83.714119937609325 85.4636623939722 86.564278339677017 87.1070758692384 87.714161814114959 71.14774971820664 67.099455156395706 80.323684657360147 84.810354260334179 85.156706849772462 85.868053962876488 87.563574093004675 86.990076810488702 68.962412952504238 80.943734543151763 73.052297862102861 81.994189576152962 84.031335999699976 85.744005213999529 88.174118688273097 86.326934998104377 68.079158829558523 66.903757019907715 71.883538561580053 79.835446068502023 83.305661971071189 85.635955323139953 84.980227148172574 84.253198336791527 64.96923092337201 68.522161173395972 72.232205359285885 71.046251291320274 83.08631364207325 84.450649907253776 82.997991956381227 142.02019447390154 53.261506588786297 54.206841213744596 68.000027644443747 71.191710173551357 69.81623583795097 81.123208321733969 84.375232580923836 120.70234200976834 33.922178973718651 25.345891544832959 59.019380382494106 67.373554635088723 74.133130431383293 70.526910586909665 83.603468412585045 141.89743591400108 26.788850542106911 25.991517820968987 25.766437088990472 54.138493794735304 73.815848912611713 69.01993202263958 39.861207796673931 18.712175024463033 26.357855692006876 25.658134629036837 24.67861363429061 23.108098715819803 21.847472549211169 69.328677428371648 16.891433584882854 18.983067673471336 27.391425924734268 25.002747097764416 23.915281703139513 23.233431509355956 20.841113857933767 19.909350716298508 20.178394300335949 17.929612019384805 3.1492412185982079 24.298371063208947 22.576160933738265 22.305870101889699 23.719583664433866 22.400511606100263 22.809677193532039 21.46622041390005 3.2877627396596987 11.576901087241573 35.246194233781139 21.533557222447637 28.173099209475122 19.541024830547357 19.306375373884105 20.974493382228992 33.893975621733773 33.579822537842972 29.405723380199991 29.218907618304495 33.811641037652336 29.894429548427052 15.770918682198737 53.573781908452027 32.524402182754748 33.031714183813591 31.473809866727937 30.37053418842083 33.338594683506074 30.97995763085941 65.154190066420384 66.696436927583335 35.671039880102754 34.060866768843631 34.856886600190037 32.15788459438312 34.629733173204826 34.394392089323894 65.266831111993923 64.79681498735556 34.885162965628858 35.879190875994823 35.486469536826576 35.436997827319345 35.831531507211039 35.897039397919372 68.518607065624053 63.893805716936363 39.794068981223901 35.766962099651799 34.519014227224979 36.613267222822152 34.622082716124503 63.402823224278698 62.61714096966773 63.597748072558453 29.901954156228172 34.685508493652129 34.006979349431219 62.380142016180933 68.013320125959197 83.893449046822639 72.289690663668068 88.805191754393178 48.404001915292049 36.798590124883816 36.789128477290703 82.862205012489639 84.156429370845075 78.821859518465715 87.1346720409976 88.003447770353418 47.179161887826147 35.545554306443485 82.950198864276643 81.723722932792512 83.96239623757549 85.287787188617315 70.663025732668032 143.71780761681305 63.221977126134327 63.314173721154248 88.691059614439737 82.295321746917949 85.773691153269297 87.939543085658258 90.7413655250445 90.868557584582035 81.110566034794786 74.181058318469482 81.706188368379628 82.743165624262573 85.428100018078382 84.985029097158488 86.365461813170441 92.874816642724468 82.328926189487035 82.687171672121977 84.678895431772986 83.600127401049548 84.415578381322788 86.771152091453075 88.216045302158363 88.740937749403287 81.953650576105176 82.67497471965865 81.766319840768773 83.804061819400502 85.199231177343805 86.361453603565309 89.915197951259657 89.937326388407314 83.362392070551977 82.984264050297327 85.173547500078229 85.957397917105794 87.345417426054766 87.123081745165223 89.986902120225338 90.951419489998756 83.654775774958111 84.032715611526683 85.643008658721044 86.332351513446014 88.688661973112332 88.402923779631053 89.8099552820605 91.963573670773059 83.952525923061344 84.509862736606621 86.277162968360429 86.887024985594408 86.664981046328677 89.043452696589256 88.136797112884523 96.241690442121467 82.964150055249135 84.87099593728027 85.847396779853597 87.686659385147152 85.624040266217094 87.468217873993282 86.969625248888718 89.005124850459723


# name: v
# type: matrix
# rows: 2
# columns: 320
 1.3579693284185725 -1.5491047806532685 -0.79664107115373106 -2.3617106020879088 -0.093074153347074584 1.9508344757255007 -2.7185110535426507 -2.1848560259870178 -3.4031958200444703 -0.62397535907694635 0.80094899617444759 -1.1750845470738991 -0.74419213006348339 -0.20715494670033613 -0.06594000448191252 -1.3065389905562768 -0.72138015491720919 -1.3526396050846354 -2.384536616393961 -2.2391866945733141 1.066904165789917 1.7595902437951825 -2.5581409252714393 0.582964906958365 0.93219316598328961 0.18963793975630527 0.43489519701032764 1.1313036246855084 2.0545056012247134 1.7930288873290172 2.3677882160555712 2.9603837601508203 1.4631039962036572 0.86167522680440678 2.4567081848205214 0.69221314460987327 1.3447083784844303 1.5875608502061878 1.6324918173422609 0.11403185004026231 0.72104453436070304 1.1598305614301705 -0.24547063790116658 1.0018592586796213 -0.89169821176503605 -0.89285395941147527 1.8276535533469787 0.21889975897696254 1.1782841194335743 1.0758141825788212 0.88054611592731113 -0.96638176120161912 1.4416636098503355 0.67336232711829869 1.1604876451261406 1.7003349288834491 0.29609902862753701 3.8158686314832866 4.6480035700469671 0.239903293924494 0.44316417585474888 2.7411744379855181 3.305132762973841 0.5594553401203004 -3.0603447401718187 -1.8471016015436392 -0.49181503301233498 -2.5555409142093808 -1.7492360308079213 -1.7606554352850372 -1.2151991451726027 -4.8083481724781443 -3.5659682748896535 -2.9018826923666294 -3.3581528712869937 -2.2368857188771334 0.45063715463472026 -2.4742599187065704 -2.025148404108998 -1.7728574673325859 -1.3917100164180167 -0.9771110876474568 -2.2123203694791602 -1.0360497907588284 -0.040243636531364257 -1.4850369312857894 -3.8007752238420252 0.9165576716395325 0.26897694039623415 -1.9977048079043001 0.17863388422858134 0.039989990089552653 -1.1503038847809193 -2.373682658812835 -0.41959543724926601 -0.60115205085595513 -0.38103748086797196 -4.7666032504450984 -1.0797111980917309 -1.3185473044680398 -1.4217735526748256 -3.9646516540179837 -2.0391456420899274 -1.116282818887163 -1.9734221684115785 -2.395728513514682 -1.2533437351132728 0.21020747703721826 0.41708055106848202 -2.7788770757853505 -2.8462549176249254 0.46424494497968427 0.024127143541514899 1.1580253225907953 -3.2100318446748819 -1.651932500548813 -1.9041659782065103 -2.6573807836037124 -1.0245257096590401 -1.3762582246717079 0.4423522667696923 -1.2600276191538797 -1.8572739525730064 -1.2509575343205521 -2.2901549948161617 1.0122161472548998 -1.526521401673852 -2.1587702675518736 0.63942593884555221 -4.2777596345577011 -0.47049204792066063 -1.3651013238019696 0.10421422353318363 1.2883286002560919 0.1624149112973553 -2.0687661604569696 -0.65817135646538916 -2.4690810059818751 -1.9874135666175958 -0.78118626071335961 0.04845040875075262 -1.5419976609429815 -1.4511399146914283 -3.1420302346738094 2.0503194377782759 -0.18742340284650849 -3.3052369035009281 -3.3179733184608811 -3.9195223733452718 -2.2980081270773045 -1.744249947911805 -3.9166436803296087 0.99317497782737207 1.9486375465032393 0.31543468194940477 -1.3516596180842539 -1.5893482203418043 -1.5233432567544993 -0.91553894821569615 1.3514434524454095 -1.8458715445289224 0.1610809010610588 0.68220451691340889 -1.8720079126959155 -0.60118221903765301 -0.37045568273877794 -2.6696787697176863 -4.431853975311558 0.52200159933597046 0.91641836112502695 -2.3847420051805126 -1.0610486256871057 -0.95140086656273049 -1.4491634797064836 -2.1598122625756919 -3.2692190551451854 0.61391344997559139 -1.7548652257184498 1.6102992895078498 -2.8375329680194583 -1.4063068447971385 -4.3424661490034637 0.86830840987590074 -1.8322023484409315 -1.3453665019608256 1.9063454546835059 -0.25496479301935016 -0.55316979483026507 2.2915737831228231 -2.0842559699355361 -0.35618815903351481 -2.5821598830595742 3.2135969099077673 0.36171676180925205 0.37612154001420744 2.2720104967203945 -0.79700203759396959 -0.85176153078926908 0.9259881844467065 -1.795675037379252 0.093464149659226059 1.2735562019766538 0.28730403706826996 3.9311495355404036 0.12289008483458649 0.44653582833131911 -0.35658167004763613 0.87217964362519251 2.3803252422053487 0.23192100612268562 -0.3041490431010791 -0.51548059424130277 -1.8873957321810129 2.4851482398416542 -1.6087116284704892 3.5091424319511848 0.49937326138252036 -1.8599104288284301 -2.4117225513030598 2.8746090391843335 -1.5163128517906972 -0.69990510678398554 2.5619077600700377 0.50737788953596163 -0.92266956557525615 0.50134977979903195 -0.43888464945381994 0.85831401997752022 -0.11908675629538573 -1.1069305391845794 0.24027605044156325 3.4711860614716072 2.2728166734052841 0.15979574693316909 1.5781227514525955 1.4819116989189121 -1.4361044932350719 0.67236605978734587 3.2502621824409084 1.4295697358367403 0.12820148533708503 -0.36984777238868244 -0.50774523320017451 1.9572518134990731 1.5979553457502595 0.79445250808365253 -0.27648323523507984 2.2051293853688438 0.86922684665542149 1.6270409528590473 2.4806144345032197 0.7593160198490394 0.38100061494154613 3.0062911669861405 3.4468491520441713 -1.1396072695747648 2.868256213983289 0.52976959552283276 -2.100086601167332 1.7041564769222357 2.2820843939680082 2.0010089306227394 0.74769535988104763 0.44281899890321652 2.6857214814829207 0.88167391345715806 2.5937119886945474 0.30931768548935357 -0.56460389521742149 2.7636412311457317 2.8567241740272822 2.7505126124633037 -0.75357047239931807 1.5225790045622363 -0.31861507909125308 1.5258136374689146 2.0662499960601988 0.76811999816068366 -1.963377708943437 1.1013779815792875 0.21315662613857556 0.62814887480778137 2.6998416307778279 4.5995373994932267 0.50858205470608642 2.4887291565235019 1.6297344975252324 2.573824978835777 3.6426934967268574 2.4798916379494083 2.9426689806084791 2.0398613066972149 2.7276810516697751 2.1497274339383101 -1.2165472961045332 0.046812954653634387 1.1274654597154941 -0.64506312647510378 -0.077002913774577034 1.3964712105747084 2.2583431155192089 2.6139976694356384 2.5300903194434889 -1.1716263706910075 3.7404087736353597 2.4038516964664396 -1.2100749608272525 2.2975132154317808 1.5360244107036436 3.6233354304273178 1.8691512255645575 1.0795806053282941 2.6014313070673718 -1.1717589800214976 4.6212396828466407 1.8799418519601385 1.834777539644012 3.0046398136931831 -2.2600816619648785 2.7344860853066648
 -6.3445512990119379 -1.117490105380994 0.48204509688289388 3.1959294126884794 -3.2281519306849762 -0.022060120932532359 3.861058377996704 0.29108599795669898 -3.340235624784254 -4.5400459979297505 -1.6588087740761175 -2.8064866953456331 -0.79329240530915024 -1.4760440318373567 -1.7267178746956124 -1.1774680083077556 -6.0707216344964152 -5.3785233805503294 -0.61527863997406107 -0.41741082261143486 -0.80269999247223778 -3.9942834756849921 -1.9139603614474821 -2.1877985925160228 -1.7027872590152249 -1.9360448762617062 -3.6516207451362197 -1.3688265063269536 -2.3925693008116391 -3.6531001197120547 -3.5803919077252488 1.0841991424167763 -0.45717315671005149 -3.6701933643131586 -2.6033439837559391 -6.1039174589313649 -1.415376226205963 -2.0942109473277575 -0.2371886218877533 -1.4420679969968071 -1.9174442932140936 -3.4320832902414855 -1.594344549953197 -2.5182935631475631 -1.8119925310816525 -0.49480797305415203 -0.96094529292402886 -2.5882619930717756 -1.3850568585688268 -2.7868310714717599 -2.1601066217236631 -0.46761207455005116 -2.9336492370473084 -2.3528572235341447 -2.63921958561895 1.1708993027091947 -5.3270612559700758 0.62964631045596342 -1.7164665853195964 1.2076986397882685 -0.32715051114393412 -1.1840788613033664 0.89290760334995922 -1.3264666846908095 -2.4012768378737701 -2.369109202248382 -2.6363903748129993 -0.70265671128496998 1.1812703417095629 -2.0437456549751216 1.2149283858711069 1.2975106343904557 0.72070419391768781 -2.6180488284708687 -0.71971791373900074 -0.10830238939192784 1.0840550374841009 -0.43890805523363929 0.49924286776350035 -1.1533458428939354 0.014913893575206895 -0.47587544079745842 -1.7439163095593031 -0.7072868859359196 -0.22079432273511509 0.56859614529063907 0.50583738512479415 -0.53233660507501612 -0.29528215620095111 -2.9388046617930446 1.0185045186555408 -0.93061355805150492 -1.2665453478492004 1.5808543693087529 -0.12530734929247955 -2.5055053391591615 -1.1927587966657662 1.7295454819643779 -1.5323554158317074 -2.5472152709302414 -1.9256226250195692 -2.1809970743776574 0.4956057818115831 -1.0373122262321797 -0.97617562570029126 -4.138978473706616 0.88361416629653267 -1.266884785943337 -1.8581224699100392 0.22870916665155983 -3.8897191667760009 -0.31049485034904689 -1.1742012245005937 -1.9148969206486892 -1.8495980465691477 -0.27907737727718829 -2.3315588165018393 1.3010485117469179 1.4780131476521767 -2.0255667786638916 1.2641471022220887 0.79959987567886914 0.3602517433923495 0.34229286155724237 -1.615842123184225 -0.36907641116877138 -2.8344370523957072 -0.83217603003702179 -1.4985947257817349 0.51479208969236223 -0.91977080190227845 -3.0657375850004271 -0.20371156551846184 -1.8201505666977631 -0.12919504111980107 4.4170676947641949 -2.6851070559296391 -1.2323121403886192 1.1933584315721961 -1.5505294543049881 -2.0922266218016592 0.91553860593098857 -4.3790868613579601 1.5120815234880927 -3.5162276711970275 -6.0181629828814156 -1.9440862629784657 -3.7364181328912021 -0.91472944422681779 -4.3211727787914542 1.2978238573714242 4.2327014221123047 -6.1821017392983864 -4.167321152766851 -5.3601549298923121 -4.4931483361321893 -2.4153350368825257 -2.2686691514444748 -4.8047683630626112 -4.4847958555071044 -6.1630111890064967 -3.8888065421430915 -7.1939565458168531 -8.4158086509476711 -6.3521046164265309 -3.1246809989973272 -4.646171533813245 -8.381803552189762 -6.0496841555005716 -6.2843076352832865 -4.7064993239208714 -7.0896321267287066 -5.4244942274211452 -6.023368772379234 -4.5313672261377498 -6.8098174756344116 7.9224220037153188 -4.3894933061041463 -4.75499382058186 -5.3766354135508623 -3.9015826367866402 -4.7463955690051973 -4.6188721364279974 -7.4090209531120399 6.7971101519868649 -5.9957003488919911 -2.9452732350945299 -6.9363050168921054 -4.2466950840103115 -3.4482591964248845 -4.2217086109349724 -7.3190143939773487 -5.606082815333516 -2.9958800989151699 -4.7846611458294923 -2.9814994708007938 -2.7211680182573277 -1.9887189818136692 -6.5093544091306157 -3.0360521274328365 -2.5948231934139026 -4.5856326894463475 -4.2000715828497288 -5.8082752230786605 -3.5881500913815394 -4.3204952863342818 -3.3681207574100727 -2.3520982240546129 -6.284343326274163 -3.8545723345278597 -4.8229686096152253 -4.2463897407245801 -6.4427339808023119 -3.9634988868697061 -4.3277176027096642 -2.487402096277421 -4.8924703181410134 -4.6251049667191895 -6.1177459688125859 -6.3459842282999901 -5.1411884875221601 -5.8654880710008594 -5.5467119605126287 -1.1688920036672064 -2.5976670930922872 -4.6431359832669594 -2.5401624472792914 -7.969597464633023 -3.6715119531101164 -3.2300286814418491 -1.5208267901103487 -2.292426938245359 -4.9553758204151475 -3.812255539685069 -4.8922528315548401 -0.98404360394406887 -1.1682502379237019 1.3848022800523461 -2.5893937468224033 -0.32886000090792844 -3.9083596028651102 -4.0464402216840307 -4.5878997828081642 0.98940083580141391 -0.27396613379396834 -0.81940030315974965 -1.1842279007447638 -0.53579397022430864 -2.8723356072962427 -6.2473586079876142 0.61748569510334583 -0.96620107369488306 0.32057703528129444 0.20453733315642175 -3.6383140360464963 4.0361142509800016 -1.2373462533682891 -2.4303496555731345 0.86357808203941411 2.0638990718674277 -0.90180480790857631 2.1757203586654925 -0.18159616095807432 -0.5617805457063294 -0.66761866561410788 -1.072369632113483 -0.49792309600750856 -2.3682289983619351 -1.1162088750905368 -1.5753732324348053 0.37348276149883763 -1.171808557990351 -0.7964873146448449 0.21733856406502985 -0.90424163717458728 -0.098344477042853984 0.14009325021551386 -0.45246210618812416 -1.3951701368823288 -2.4915176509956645 1.4839848843419299 -1.1482607132568339 0.38742110931854756 0.35820870784515169 -0.78727464320000395 -0.8650587326725746 -0.77234921249331234 -0.19807641509264703 0.62165535838966124 -2.5470672786311037 -1.4163297363317349 0.33876587324459739 -0.34166320091384672 -1.1551467071045998 -1.4932873729071565 -0.47449586975879837 2.4618847117430245 -0.69391016938059713 0.84722744887748602 -0.76782261626146253 0.60409268504280567 -0.90766939599331342 -2.2289084505546159 -0.74892634642399281 -1.8270248636267128 -0.68220582230031157 -0.58114086614052107 -0.86486572348303958 -3.5697439940699009 0.578589485534171 -1.5855556629415075 0.86129832952167451 0.79548772255316469 0.76948726632492648 -0.34302834063630411 -1.4490896393937593 -1.9624925854709148 0.72398407077008764 0.49444147679429962 -1.7971415144764622




