# Created by Octave 5.2.0, Fri Apr 02 16:07:58 2021 CEST <br1@br1>
# name: ptcls
# type: scalar struct
# ndims: 2
 1 1
# length: 2
# name: x
# type: matrix
# rows: 2
# columns: 320
 189.51117365440228 77.001131413853273 77.861788055995163 52.866585139409622 82.487487871066705 107.14386279281629 31.117276485879806 60.322925641353329 43.098512391701568 115.5503853871128 82.06215481495839 78.172003809451397 99.858722087866965 106.01130913937277 105.36827327370625 109.41980964940582 23.196018856469163 61.689585591362288 79.143308577744222 80.103645091034366 81.058728201147076 155.22776369395774 106.34522160193795 157.36355220838445 153.89643335149992 141.59504188742653 154.42438773490085 154.11994403291106 162.44850137454401 157.24525100223141 150.95414137199162 156.09419929575472 154.46665106052637 143.36674120419565 161.12253816960302 154.09333469709458 156.39249852586806 159.36755048107597 159.20001020016653 156.10933593332581 159.34091303940696 160.13509729951571 153.64254741579376 162.34534029485752 155.44335513522719 168.11643396398259 175.48250387199928 174.98330261644043 157.28896064870804 153.27561173983887 145.01498378262096 158.29453062107083 160.21971067932947 157.06486169152998 176.71817962958397 180.20450815315166 158.17455603956864 163.87173065317199 179.2151973247438 181.30345040479745 176.13882830791079 177.80238930433035 177.43698339297302 175.90302552345455 67.35901011142542 68.247741108878145 67.547206212704054 39.878489747681186 68.613835269985927 68.414323708516605 70.069045143214339 24.228900571278515 69.643361056069637 69.554129846779148 69.491906754150165 68.645918537321222 71.199343720486596 68.112869436939874 69.105811807369989 68.943964116536492 77.342591141432038 75.216741870752813 70.638181719508907 70.18382025863184 70.523978663298649 69.480702268801821 72.238652955628027 70.567849418155603 79.105764355909287 76.168313551471854 74.961648787852582 70.817371934560896 71.696817507685211 71.21625772945066 72.282875239210327 72.068438389852759 104.15392449367413 52.782447453444888 76.349137463299542 71.869719227685565 72.468117598511881 70.923847495417959 73.288332719776008 69.85213150067878 79.676069876150308 81.873922786605263 78.562396374034051 72.658370478755089 73.594315036829983 74.244920350056702 73.200042178874384 75.282880163420813 78.893227323328901 86.097089822206698 80.269245826529968 76.995353158429609 73.68499408269308 76.331208050561358 93.04926838721704 73.457390499186374 64.10102366138733 83.058463520068926 78.014198863286936 78.429172103651084 75.951913505448175 74.559792961663732 74.555881723292586 75.867274083766588 117.67430682998908 78.108588127975594 78.698954819087675 80.701792514338891 76.744369660635726 74.760722232617312 76.986841298345311 40.676960481595991 74.980985602741754 73.748347768391099 82.728228131770692 97.671928160334772 80.864007361788595 78.020713575833739 75.676160895166703 32.47331397010214 122.13243163828618 123.57723153111435 38.557501317489425 80.785513174097829 79.746149158422483 81.488489732745876 77.332249779433681 40.821182674430609 228.13838075752682 129.02502461806077 146.58955331448772 74.42498660420469 78.993350852811403 81.945742154733793 106.73563293795112 24.316097901916606 128.06050338328961 117.32234701168338 100.18577823648801 98.230109729850824 63.213351438321531 80.998603764928731 44.069285582050043 63.867455568990039 121.38370631520887 125.43613616541643 120.66357901170993 65.541097955262444 25.373656247304183 25.965038227967465 89.381539119953317 64.375167964916599 118.94542029178902 102.83566997080511 91.77202646707002 64.140425549022353 94.802515694026042 125.34705308449179 122.92639726272077 85.866654665971893 91.015122208591976 174.64113757328144 145.22349865992527 62.667243394886171 166.37280310997826 42.862345352583596 43.891884638041276 64.977591235500711 144.71221656920224 148.07057455884308 184.64336930411054 175.38543271836528 174.52659033078822 155.95160091240024 124.35270556835412 126.09570570941017 136.7516594972611 137.94730085335942 153.96773445367464 173.30567169241675 165.64282096569784 153.54177313393467 154.9373660793039 156.31278783448673 123.21386114218153 130.78260549748975 158.40770397589515 163.49847445932463 157.41183522331036 117.07442039773991 155.50222364432321 157.92704451651963 163.17438945756916 117.8156282896573 158.47091812212136 123.36673323958095 122.64577565220118 126.77130341720172 158.18412647792141 153.35426990032545 116.74721212263195 121.82887661645108 158.44086421144493 118.19493050115996 225.42862501645993 156.48566606432291 161.49178297596603 155.92934475813442 190.01970780641491 115.79345986217017 159.40505344877101 154.91559943553855 159.24840000594241 172.7049719559397 169.92441359327165 177.71621833921174 147.71421775855973 88.744010164275977 128.96632329074325 174.43959731439639 173.91083476597981 158.45313474316694 175.11520739061913 176.56008074673733 146.7116151246606 123.71987337392538 173.33118439128597 175.46566286818626 174.56627324561245 173.4102054402095 155.1432323688235 105.31114955869697 194.66756487217307 185.3375315244258 105.66636901236143 182.04526192250347 176.45842930157096 174.38518250483344 177.07603832340234 179.56049593946764 166.78878000869872 165.32333444994151 161.99305671167846 177.89002569036862 178.15938756411117 173.85355312440498 174.49251678503734 177.29287778702445 175.35862590120109 181.03666783547487 178.35355809279395 175.66415340607111 177.2762298141497 177.28328164361872 178.95060825988745 172.33017142912684 176.33236957294636 184.32986769812837 183.05187088191437 181.15654538565468 179.97886621070893 180.4113455395881 178.56827041238466 178.19397246789029 183.53722832131615 181.82121609497162 181.29358259268028 180.08610626753099 179.20686131060742 178.41293010735802 180.16997630485486 183.55580368878171 183.0491846803495 182.53134093288065 180.86423982536436 179.52312239510286 179.2281664588823 178.4207587092973 181.97168285037333 180.72802338720999 184.60780157540475 183.68692495379011 181.88693084417383 181.4232983222557 184.8098183951931 181.42494825689297 180.68224294101404 171.24794075032514 183.61917695382331 183.17046099937218 182.46701158283173 180.28853797373966 184.14517979621499 182.69045714181115 181.84953710571719 185.84395841917072
 74.81681194227501 58.470692661303829 70.56903524676882 185.97840040495853 48.08404602227457 66.273850839583602 192.04835529876235 106.7929011906967 8.5404523284517442 19.003210208013105 49.063779971276155 72.83832950845914 78.362428375661153 66.548408805049519 65.697543730293987 78.297394820234757 32.839733900643175 12.679771032024565 48.109532825205321 45.895227943030775 48.812058925454117 33.576160975113901 65.359625762231133 33.637408847663487 30.802993089261555 44.540810828247437 32.725883776237509 58.61672316060146 40.019840866818896 34.754876924975456 38.627867992180633 35.196493755213638 29.092381080669309 32.166088098611318 30.74305005832176 33.903055368763312 33.052586570696192 33.427988516527485 31.30527049281125 34.155470649186796 32.326628449991816 28.773549405769653 29.759630402598617 30.191788443114959 32.58163697758453 24.10430868506662 81.857976483930997 82.978181289883096 32.373422321002025 32.868085477900181 36.591235156314141 33.054005415796681 29.934850156555108 31.031326476619853 81.789360491541828 84.061245783111332 30.704968307016486 59.371054086434263 76.69163754950722 83.907731280525667 82.826737810994814 81.796191166218605 83.156817056961557 80.914371346341838 72.210184565277871 69.31516397242352 73.430485196307671 70.621285424082586 73.990458133815281 72.831494221908031 75.672446818661854 130.27680863169022 69.8752298293455 68.336407653939176 70.947800726899743 70.293502574596417 72.751101408123546 71.397697278197981 72.057823950274951 75.22160030281421 68.470180568823736 68.059627291932259 68.24739646875318 71.85154764143148 70.447926930371864 73.183590775920038 72.044367153547199 73.561471687542024 70.471715360815722 69.015865556640051 69.173065380704159 69.355130790046189 70.052797551040413 71.487537361555326 73.248679590911763 74.328512699073968 65.887695195404461 104.79668469546711 67.982177225113205 68.925469367552097 70.871286613833419 74.736082671348044 71.59349426485575 74.409486083018692 47.13306653989131 38.586323549906524 71.423749744360279 69.808725289570035 70.549774402318988 72.73330068695374 72.624092669552127 72.475226444140077 50.413250153775266 70.371970406566106 48.056290554137469 69.759605660674211 69.289171192063833 72.259040996221898 110.66891777994154 73.673313429016162 58.130183811929804 47.037996291690753 48.288270742214735 68.255420890670578 70.109646951293584 71.654734607045725 73.773152527324612 73.261482791520663 46.632676033937777 47.149203264459267 49.139919465330578 46.845179415439702 70.935321217368156 70.63219589386641 73.043327368202426 196.45545592378951 10.804006792131787 10.673316854638932 37.82199954766034 49.535425807139717 50.347969510605623 69.491328199718495 71.303084297325881 144.13960562382414 31.379040688197364 36.902650305569303 28.886043306336102 38.591666719869401 49.107310178928486 47.718005875367659 72.042454845481501 195.40387203309584 51.284334568805917 42.703572490173237 66.780620370406837 9.7657211975134857 46.300069154263866 46.770528720935154 51.507308034464977 32.942074785348389 11.04114073908837 21.741841494753086 8.7653634140669645 41.435458386626877 3.4116952400248399 54.261982094322157 6.7895121219393308 4.2800569369876831 46.31892132826863 34.156441262192139 33.934653973600234 12.03753821772605 32.719807542129644 33.563545916727563 36.921799337677996 3.2274759956708636 40.686101012312783 26.439819387658865 13.004672514458266 5.3488596604419953 8.4103053860158017 12.211239153381392 1.3635850500705045 29.019006481319611 77.709622467155228 75.602750233329303 11.165187729114392 4.3296223411870729 3.2016882848184895 7.4242385426320814 7.8149764855267652 4.5956443114267467 12.143459757837171 22.096840107290983 29.700639282147616 8.9843398785464785 8.3592404053910343 16.724832445908223 12.724460757505849 84.84542672910932 14.84416533433652 14.490638392056491 23.459143081797151 8.8933824769591823 2.3880512143805506 22.2906848685098 30.240889502257659 31.944516743687771 10.850693010562519 8.9065892215275717 13.01798507645514 9.1565375325994882 5.8783813565151553 4.9586871829234855 29.292659384358952 29.615009092976909 8.0022821737466021 4.2388055186887348 6.1956972010530889 31.40971818602533 9.8790497115922324 35.079250786966881 31.887471941642708 31.777219938663286 6.1029341996563096 11.373775120157154 4.9891978673008746 5.2379887982791224 21.861066856155901 29.906829586298183 28.936044320057473 30.901334453646086 46.906371060209743 10.119979465687656 5.3847221571157684 31.364568516764908 30.259849639065234 79.167234807685986 14.214362541252676 79.873777604223804 4.4349118571443862 48.414914605190397 22.103573867370507 79.430425148901207 80.915960214934842 66.121154819478306 80.227209502517951 79.748351183259544 5.1667191609247887 9.8120393362914662 81.917418882308922 79.187249013892483 78.217636506194353 78.221855039645163 34.737269251466728 193.72242149296073 53.467063656429147 28.525104103785068 102.0765198860354 75.257279056447615 77.361542656298013 81.979584031548256 80.795792125397725 83.026058750163912 79.461600722590731 56.531569661215869 59.226362199931636 78.109409502433394 77.001576595662442 82.964749039325383 76.721489797597371 84.795907478041215 77.547409201425126 74.416628968909563 75.882629195293859 76.566819894228772 76.277541629146157 78.931373120869168 78.044204342718913 77.879693997121734 78.415724286273843 78.896755692610085 75.900284151152434 76.018742637902349 75.753768521227187 76.744372048239924 83.768997059731319 80.881916939449937 75.015687165913832 76.846281654869202 77.86923944851516 78.04934599983369 80.131077551593748 79.02255543588052 82.010829623656932 81.31424001197945 76.95144592349655 77.926059883146308 78.853853459271704 79.098416501234439 81.292232926029712 82.650829487254498 82.976386186215436 82.904725674783876 80.263433201476644 77.883223870607083 78.881571722444178 79.926124125585346 77.897355239827903 81.95113479643085 80.979850715437237 109.59181454971622 80.062184050296324 78.926113678673204 79.923448365839917 79.830307727238093 76.889885107798548 82.160482332954615 80.940363083318132 79.78974734554285


# name: v
# type: matrix
# rows: 2
# columns: 320
 4.0452272840958052 -1.5491047806532685 -3.9196956426757361 -2.3617106020879088 -2.0816156150947021 0.79262450321990063 -6.2106094508590788 -2.1848560259870178 -2.4838945106140606 -0.60100659307165627 -0.75295156020980492 -0.74329553438099716 -0.74118715823311598 0.14124076417705642 -1.007864415754903 0.0054553980679680576 -6.3517224586911833 -4.4819068742017949 -1.4615311472196353 -0.88085009963037209 -6.1546389860805837 1.8177211445837178 -1.236572736652535 1.790316377921181 0.81514963798750661 0.35029495785484888 1.984127670400033 1.1313036246855084 1.7875350110661496 0.10074819227783915 3.0128946453212055 -1.449918306217457 -0.41452637714635066 5.2435936435317503 1.5499989100548746 1.2430596682121515 -0.70125034747758375 3.3093906222659308 0.98101388844395454 2.6212270345753197 -0.78398915209216036 0.039535265278898224 2.4117049534318911 1.2879072926677784 0.37967347521573447 1.6961192366017308 -0.1757248535143609 3.1501384664202847 0.27540020724948167 -0.84600145747010591 0.56229828007824556 2.1411971861623509 0.75032132848116584 2.2754382117706857 2.1495071478452448 4.1806699451244178 1.4283748901897539 1.3848448894082224 3.0522538379722284 2.9398624860959579 0.64175319632080363 3.4013437006019025 1.8690222462940067 1.8594072367024874 -0.46242015923185525 -1.775406970790401 -1.9401646741001517 -2.5555409142093808 -0.92401140336488574 -4.7788674635355219 0.66955178186191522 4.8083481724781443 0.024465585082733755 0.67812704582872352 -0.0026372310455340803 1.1999050297477374 1.449716762643835 -3.0130449236117407 -0.052745203610566498 -2.0387474249002873 -2.789167153793541 -0.98952257608385252 -2.2046601251895503 -0.26249982080476492 1.142517101005343 -3.9514182528259125 0.22772940613281523 -0.96553749084795371 -1.7629031844277803 -2.7094246555482733 1.5391406176122355 -1.9828325739911588 -0.93849887908795593 -2.3943218957989019 -0.89036347334727695 -1.35718910942652 0.16880084072157367 -6.2008401770682422 -2.1821370377824785 -2.1276724238195417 -2.3204692770530198 -0.76736202465416914 -1.4547443655108667 -2.2094420479658559 -1.9176983902749707 -0.71635558790707143 -0.13253265920410792 -1.6711815898024731 -3.0605197647187379 -2.09556263048096 -1.653095774351637 -2.9134909042186785 1.0589082130764753 0.83635664410673316 -2.5446776649448748 -1.8395839715404074 -0.7361119815552839 -0.10273298289484109 -0.98235940944024569 -2.496470649177994 -4.708855312620055 -0.56556537754987402 -0.78837687015907432 -1.8855175470515679 -3.5510090694090599 -0.072932236854985427 -2.4868495522182461 -2.2135909120813571 -0.91901916719394472 -0.5810901103207321 -0.93792575974279524 -1.339069397589183 -2.3596021529064664 -1.3024282562462013 -2.548698933248049 -0.79012946147600838 -1.6685817616280856 -3.239267952274306 -0.76043901411197812 -0.26415823193366156 -1.4718871372841265 -1.9899057404951066 -1.3555389691221833 -3.1420302346738094 -2.702068213928404 0.71109349501497576 -3.3052369035009281 -2.0836572866619334 -4.0071812142155769 -0.8145156791264343 -2.3793429872037399 -1.703181981994123 10.35078207216706 0.19756493752138243 2.9794398013476497 0.42893773337087793 -1.4212249931704501 -0.070473857197429393 0.28907770316144898 -7.9355809729916293 2.1289798520658563 -0.77894882957280687 -3.8979409362357114 -3.3913228914080427 -5.1099466683581767 1.0137137855549803 -5.7660201301368552 -3.6218604109424937 2.0348274944037255 1.4399889824269394 -2.0852349674428252 -3.7883259683974826 -6.1605093858715492 -5.1613096769157218 -1.1946868770402617 -2.8254437012542937 0.85973893404808166 -0.86365086495798538 -2.0628606792712292 -2.4763094056516848 -0.75816249943952441 1.4179517764088403 0.99616988720600141 -2.2070062866156208 0.5599963309348468 1.8353670372751272 3.6284635104434759 -5.1708863095575586 3.2287382153391566 -5.6774216105875128 -6.3436825872715046 -1.5498086413143195 -0.018239296173221724 1.4096056935038199 3.3731830001526024 2.9294485209010976 4.9973734813828319 2.0498604029075538 2.2177944730379067 -0.3069193709385597 0.54720814546231067 0.23292272716667103 1.3585869539653321 5.1164646229123392 2.4325876239721445 1.4294937116243098 2.5851989347219519 3.4964242014696341 -2.3703045289472091 -0.19023854147997604 1.6670029544563978 3.6667466560754911 1.2786390230379452 -3.2207256085807598 1.6043165701879663 0.70846790946646343 3.4604562917567718 -2.2750688674594142 3.0894742558233039 0.50958514746210903 0.0041991410578982105 2.1458771831507666 0.38500182370723357 2.5311974548731726 1.258902732152454 -3.0320694194557403 3.5295265986447446 -2.6691275527508491 9.7918552122602343 -0.66837955759297252 -1.4411544955831759 0.047793670997448183 2.2728166734052841 -3.090973361697769 2.2500557414805926 1.050086099995605 2.4785444141560435 -1.2942317782992836 1.6181343393369052 3.1526511885466739 1.2046326474634499 -3.8714034896466614 -0.018388054878221378 0.21830834454040768 1.4661120743475378 0.79445250808365253 1.3340821759653168 1.0654800840501426 -0.093137936949682254 -2.6983590287431931 2.0353416177271444 0.71872669164230374 1.549447818149043 1.7514624858280576 2.1655376244911562 -1.1396072695747648 5.8342632862706818 3.1356876186983644 -2.100086601167332 6.2390124887595144 1.6681513030744111 3.26163856708285 3.1475969260206722 2.8394281182040926 0.48846253060245814 2.830174483264996 -4.8411269873771756 -0.83033195296537121 0.84832336582036461 1.9391730969987271 2.7774659110860784 1.2943920598942327 0.72588065099210164 0.713098765197271 1.5179938642835209 0.55996968071409481 -0.055815619210864628 0.38232451966610648 1.8423686524336391 3.084869136345485 0.2019626666860779 1.7065739545285494 3.558726791980261 -1.1479215293157425 0.87962851986118862 0.50510690008743553 -0.81884303362223976 1.7030395068913902 0.76350677028947689 2.9161452881032686 3.1873466348332626 0.19340602963918779 2.154512726749521 1.3457001642659927 2.9133279623309507 0.38310396848243289 4.4796583433935133 5.8904227350113141 2.134312825269097 2.7781692255847865 0.76884516501830225 1.6965814395045444 -1.8398595342631103 3.0288966164861275 -0.21037808227456145 2.7588535744273446 0.52369186472463958 0.003008659781023687 1.350454017487563 4.0364038134719014 -0.17213335109898417 1.0795806053282941 2.4412661911116178 1.0590964200317057 2.2101026864393014 -0.31076581950936716 -0.47251007242897991 -0.93608128566442372 0.31696612554268955 1.5011542829070179
 5.6746610425660311 -1.117490105380994 0.74977652778967385 3.1959294126884794 -0.76850991637543919 -0.022547093501890453 -4.6342608888700507 0.29108599795669898 0.70337663641951431 2.2802740130875314 0.086952486970947318 -1.5021280881274681 -0.81039780598378297 -0.70626672792371348 -0.7719373615294941 -0.11200043242230964 3.1639906322158264 1.0634697339613519 -0.72018473076565892 -2.0303873974074569 -1.0115500459946205 -0.62310312567887394 -2.184377643339932 -2.1847317945713689 -4.19889910722463 -0.88210704781953475 1.192318651257009 -1.3688265063269536 -1.0139704414147523 -1.548551107876545 -2.6884861982767987 -2.6820302468645165 -1.6900445421526937 1.6694031693815439 -4.6898719962022462 -2.7120307369926642 -2.8480493045010853 -3.1268631480875326 0.10745598719182908 -1.7263508848366278 -3.1534546605646234 -3.4841326689749272 -1.3388488403468273 -0.39052110054973149 -1.2823083607256838 -3.0630822844400307 -0.54847778329937058 -1.4182384103781767 -1.7362347960286189 -2.2819175033518864 -1.511915700213561 -2.668298165433042 -2.0890523719616119 -3.6921432200412454 -1.7153431387510527 -1.0964160653955601 -1.5541462768637662 2.6619441496812297 -0.83770318359291673 -2.2234382374975312 -0.28030286242354768 -2.4042166101869298 2.241854104524923 -0.52263204077670389 -2.2884868841106436 -1.3190413867981357 1.0124358302640006 -0.70265671128496998 0.88127285522554033 1.5206074009275861 0.78973110656985934 1.2975106343904557 -1.6187102043320127 0.80573061517481304 0.0044417510205356087 -0.72174954845785777 -1.2590517914490249 -2.1959107792692736 -2.787310290970892 0.15888141919017684 -1.347661929478756 0.41370996148285949 0.092243090465487038 -2.97032035332946 -1.2478764941276996 0.20892842706118386 -4.052830065060939 -0.86173075467394977 -1.5447788736931991 0.18403004437075587 -0.85727615672092772 -1.4957378595193058 0.044658838550325666 -1.9222981186626118 -1.6399285617389527 -1.2937958180120546 -3.2451406559897316 4.8970965420429486 0.83756380285627718 -0.89317369131782665 -1.5980414314667535 -1.4211247838794765 -1.6222136616378449 -0.72801970907390723 -2.6247266498333377 -2.4399364573386202 -0.36428501049585399 -0.33199444731745331 0.59486654754364965 -0.016700963127479679 -0.7986797494066793 -1.4981584387384335 -0.59225113112300465 -1.2511771984691764 -0.44827781386636273 -1.3162137174530586 -1.6663882042831892 -1.3307260952046498 1.4511542305423721 0.90554563527755116 0.79862800313806859 -0.037455481435592491 -1.4957803017492421 1.0576276587564044 -2.6529408423296728 -1.0922980839808838 -1.6816043689494486 0.70570318484245376 3.8620357615178804 -3.1693535932526506 -3.1886318346419666 -2.9695718541526466 -0.75822714885091302 -1.4847815651363434 -1.9556961413780491 -1.2714489776953684 -2.2175187306096276 -4.1038979247880452 -1.670357816061117 -1.2143987563600565 -2.5951910344439573 -0.58108706976608915 1.1538050335946708 1.5120815234880927 2.6937431094034303 3.2193689319130208 -1.9440862629784657 -1.2508017228869153 -1.7288938044398432 -1.5699919340756583 -0.67479611592354571 -2.0737361523456666 4.0790060925250726 4.8120311240586187 5.6950017758415452 -2.0891508770527816 -2.1161388194139659 -2.2980680176935881 3.8793708077086242 4.0312688852842404 -1.8896500028491148 2.3527586518369832 2.4361773678480465 3.5401989572604635 -0.49059465427230947 0.28904425432282665 1.2483351970248189 1.584809019820081 4.1491065127601665 2.4196968647369825 4.4371531307750134 1.9668184924153542 0.23894559082790442 3.2879957158609705 2.9453708658843212 0.32849819277167636 -1.4238569325053376 2.182676113160066 0.45209373950366916 -2.2456447028189719 1.8249665120869287 -0.47009351173444719 0.27046533535377848 3.9997167321991984 0.16374669928492003 -2.7771455815936603 1.606276417237942 3.2663632121716453 0.78621775452417231 0.4771658293182896 -0.37850919441840747 -0.30799002357872612 0.5798570253306542 2.5207145001160329 -3.0378440954242603 0.79488643814788085 1.5416494096249835 2.5554140728832921 -0.10517693421055152 4.1833626856438144 0.80557076184057153 2.1241167383082966 3.7883004777283436 1.0668700877467379 -0.27146739276843723 1.5462156998987953 -5.4567204321108855 -3.6441734223923894 0.88053232040968765 1.4029848457557814 2.0033045347491587 0.51203167022213181 -0.34585980577770359 -2.2539661553630808 -3.5954649643098917 -3.7027084456531307 0.82810271033843685 -0.33466021600146811 1.6902537340465114 2.1227559596782837 2.003813672805014 1.9946810751027388 -0.11299383391816152 -4.2291288564928786 -0.41953652080462889 0.510069740499697 0.358721213956055 1.2571117063155204 1.9077300108608601 0.50875839971359893 -1.5268004269791213 -2.997877928256361 4.9553758204151475 0.65405078510978476 0.45276613696523077 -1.6984795229508431 -2.5230689828089092 -0.027126606069493985 -4.0377167529329059 1.2674940015801766 2.6154035674734422 3.7153455081322457 3.3848254212749538 1.5856308802357713 -1.2308546375646632 -0.81940030315974965 0.4781571619165299 -0.54651749730810284 4.1830185105412347 2.570892800970805 1.2341026045579109 2.1877115424864959 -0.19487785253101708 -1.9345822820241323 -3.9027729726152494 -4.0361142509800016 3.6665063691707065 -3.7171418296795462 0.86357808203941411 -0.22639419129829969 -1.1852570253865515 -0.65881513422770688 0.1137231763530351 -3.3110667305914938 0.28908030533995194 -0.39629386386608167 0.13246488152840089 0.9944238590135972 1.9907755742397737 -0.28571068152776485 1.3550577178674452 1.1558211678864379 -1.0938068834121319 -0.17173524715928312 0.00076861905996177676 0.87140123523737989 1.3959009951375765 -0.04685508540657303 -1.13967111863465 -0.63347491054844485 -2.1324878423566722 -0.5029730111121703 -1.1738162320759284 1.062521484714444 -0.30445893863161932 -2.1820105059849721 -1.7524992576652609 0.15480039292581893 -1.4280434249869209 -0.67936522658679221 0.52122379981519262 -0.85739045193394281 -2.2817224788432444 -1.3072623222774149 -0.1871482887388638 -1.4086310661287313 -0.8778391685442325 2.1956945170222433 -1.223974609074173 -1.0147860463535017 -0.42513450562746247 -1.9358546559712171 1.315738054107598 -1.3170784072971189 -1.2173960916223157 -0.4572715904511695 0.57759982476344862 0.34029034561146065 0.02057718066450346 2.3414348267813807 -0.99535030858328022 0.86129832952167451 -1.0502964903931049 0.30430940175040738 -0.96117857755109437 -1.5736673746637058 -0.30208029390525187 2.0087392993291422 -0.81470750954862736 -1.3406512393665742




