# Created by Octave 5.2.0, Fri Apr 02 16:07:22 2021 CEST <br1@br1>
# name: ptcls
# type: scalar struct
# ndims: 2
 1 1
# length: 2
# name: x
# type: matrix
# rows: 2
# columns: 320
 174.74609406744452 82.655363863238421 82.829292800546355 61.486828837030444 86.371523777602675 105.80025391314591 47.500132436596822 68.297650136208318 62.797935679188356 116.23609404751754 88.369995995537849 83.469825313210833 102.5640552154139 107.64692520534602 105.98804200750838 109.39989744645941 48.40682937031351 78.048545682197812 84.236218413994607 85.385789068259456 87.353850129530386 153.11828901815045 106.592267574122 154.43460725721633 150.10218048676521 138.64538610773491 151.25246442505781 149.99068580280681 155.92849507025826 154.85292252455758 141.62815510009361 153.81195435426534 149.43074599597693 125.74803263724799 155.12875634806741 151.97718120282786 152.81043066116041 155.66569455659939 156.14930662859868 153.94918068513005 154.34101535849112 157.14500041656098 149.2671311805841 154.72883734718101 151.72100546326811 161.92559875038845 171.42006008231638 168.70247601386828 153.20345579240887 150.9285674804089 142.96259506033363 153.88668105267973 156.44361782712511 152.43953790956073 171.58617805491537 172.56223849778038 154.786009157764 171.02141806966387 173.3638456101796 173.30684041518339 170.37663932463997 171.71599362630687 171.14718483643523 169.81679525321971 72.786847854516324 73.723256754443469 73.481918889712787 49.206214084547838 74.551887297398522 73.944676885556191 71.922024878874495 6.6784297417334288 75.294632598380815 74.05230025452984 74.639378271009264 73.490220506395701 76.107843578114839 74.456537837549462 74.978265178739846 73.978327712823955 82.59168605246559 80.044472210312989 76.921105241655169 75.42799764814734 75.750788521442644 75.769675846157611 77.200417293033524 76.713179807201115 83.079449496888216 81.54029479589272 78.254017510757919 76.402654087581269 77.162978492252535 76.540841884372568 76.833502673426878 77.61793870878212 107.1625669130395 75.415514099741571 81.894682748056724 77.699113146337083 77.960699765443252 77.830546337215964 78.462232873892503 77.171448670346223 85.517281888031931 86.648496592103257 84.095997411618669 78.426806795089703 79.081843484394284 79.078854836571736 78.002613687572179 80.099150677954384 82.009295844103505 84.444640520338865 85.887086507966842 81.995408253393734 79.615483016389064 81.515349955514552 96.63488023167281 78.644855150421023 80.843482361946059 87.295680707567911 82.986336167856606 84.134323534318142 80.760938048728775 79.834676327281173 79.916695542680102 80.957437725736995 116.72814135727751 83.760399602734964 83.074882401369933 85.554162136192232 81.367960246113142 80.166415495909149 82.627705154632125 47.892721145060101 80.256033776319256 80.113135569651234 86.199799604656405 98.636105706894512 88.100343441902325 83.001158429456794 80.967100444262073 43.941724326659113 127.84942800065647 118.8522858710148 50.621616015266198 85.535017289399462 84.443408293473965 86.806221963712929 82.140159204839534 48.991877324551538 190.35802619411055 127.47467972259653 135.71459803957828 79.133179358307089 84.765403391990603 86.455063398010239 105.68049932141363 49.578690011268378 120.28972692325037 120.16551023961895 114.41326265374758 110.60843828349286 77.841025394590389 82.257207806119339 61.092423550705334 76.648816063478236 116.38301202287666 120.36747008937022 124.50281649987423 79.300382545483842 47.051550480100751 47.28703847679072 93.742146221147237 76.137090392545517 117.6815325532411 105.98799562789934 99.301467946410042 76.173942450128379 97.569808816982473 116.80178992919902 119.29037717442361 93.922227612121461 88.971135600678991 167.70136732762751 138.9274809781673 77.076191432548441 156.18716102210516 62.120779678957895 61.900107816451218 75.185305863114422 137.82900145077477 142.92551377755149 171.3385296554502 159.2448142007276 158.61055131163678 148.51451254660606 119.83306552383189 127.21596141333876 136.19077597895298 135.66262110467045 148.78254870470388 157.75433304723921 155.16462374008438 148.55046445350351 150.30051565704281 152.10372575128829 129.61724626934094 131.35585225113417 150.90399013537348 150.12933462562503 149.45451094095094 124.41134329800386 149.12573177798572 155.83736922853436 151.24229147278277 125.8960741219831 150.42649909461656 128.03524237304345 130.45578249236908 121.57876487353184 153.57873720813132 149.26898417446296 123.0295140437853 130.81610715405677 148.27332000378962 124.06221111642429 189.68835349170314 153.67987460808226 154.70958914419484 152.28416432981811 181.72392694848489 124.72032385193413 149.19644996783092 150.39487517394056 155.49111344653227 166.30538912225671 164.01822325468635 172.18156082711729 145.54979074184169 102.8746329014831 129.03343969104614 167.47980678862319 168.51229398379473 155.55338308865342 169.87464649310076 171.09235136848227 144.81908644800265 131.49032603126386 167.23351698717019 168.8377837008311 168.97098040582895 167.89655287482381 152.79084427236864 109.47071609264938 174.93480138512535 173.75250870126922 113.33168510661784 176.2445054789182 171.2339869607512 169.10658721294098 170.4783596252403 174.02976073165132 165.00789458236176 160.79551453210075 161.22666921186274 170.89856319425812 172.26376959074369 167.68003090766936 169.2643895718399 172.26764827334841 170.07715252084054 175.21210486535554 172.19457573267584 170.4025496049691 171.30137458641403 171.67564917970077 172.79820577131463 167.96047750703642 169.84154091765922 178.26142127084182 175.78081075114963 174.70132618404352 173.58717953740799 174.30475936237363 172.81973425944577 172.87030376186553 176.92591807197803 175.37018398726829 174.97507289511208 173.89551340877225 173.98976285890947 173.39348605591181 175.14524270748026 179.37551833001012 176.63254020881257 176.15086590897351 175.63865576348016 174.49959912632394 174.72959409114415 173.50040398500124 177.38239104443124 173.61465912629544 179.24739335439028 177.24410890678442 176.639184278465 176.38933270603914 180.07297715178908 176.26581537474257 175.91916923846046 167.30747154087243 178.72303771633023 178.1354165555482 177.51394641840855 175.17502583715489 177.87496115324993 178.02300371183514 176.9126265638497 180.30404750106496
 54.104299136910932 62.549531545943111 73.71434988967772 174.31325804865324 52.935305226330783 69.984117638423101 192.53663639078741 105.73043729815033 4.7787059252819644 11.690841071004558 51.829309066528765 74.53522152969434 81.320380367501286 70.685373808433056 71.73397649478629 78.706196398580687 22.823190425525894 8.7981065030650996 55.243991690637898 53.35998904477615 52.471143736642873 42.512686150653899 70.86158874790118 41.827933324196003 39.63652915311426 48.187830145020833 39.40961833112069 63.612939908693441 43.137860684877282 42.889857136486533 48.013514023657187 44.751973300726171 37.654006435375756 27.576043869433505 40.823969482684866 42.432434171213529 41.445089976467536 41.943875424071535 40.480157793067114 43.386501754037631 39.725363760264891 37.899473949454311 38.94606502726419 44.057505767913874 41.471618221359989 35.284559023272983 83.641329128817816 83.649709402695166 40.026951151812554 40.663737457482355 42.109727462092508 40.888970649330041 38.86194716869683 39.288342936440657 84.783280443721708 85.218101709372476 38.530225808842381 40.985690013591821 79.173299510110169 86.11389993261821 84.583034050523906 82.398721381373974 85.890680610479009 83.494116718360004 75.395126841878181 72.605593028120097 76.553653027582826 73.185982420276318 76.450860418415061 75.484335861370397 76.463020892249631 125.5408948161661 71.736784242856345 71.603567937809004 73.117549544506616 73.793467337834286 75.091257246040087 74.393999936440849 75.376841962572769 77.902255469555797 71.405444336242141 71.742580796298228 70.959499718552181 74.166766123778245 72.928558623607813 76.281617389434899 74.716034758237356 77.516184534940578 70.23493325856883 71.776861465275971 70.743065179668079 71.957874759654615 72.846178499621729 73.828529079862463 75.916011837158862 76.657208395117181 71.797551253358591 86.922282317007401 70.509225123788909 71.742559579890525 73.694621474431059 78.082275228627722 74.660160621585106 79.173231008932717 55.694886434590302 45.898166187944213 73.591419998522639 72.625686108881013 73.687977716352179 75.523451515643657 75.655273396548765 75.874875437006139 55.450427847705754 74.906690886309505 54.541968312346533 72.841330931313479 72.726626681469966 75.841797000680302 105.37220483846038 76.727328365026253 55.224127664536937 50.859986196862152 54.883441200257934 70.446265152779389 72.613239897424648 74.707261573368356 77.009796587403713 76.76953774771134 47.210883422862828 53.96529582966005 56.05264342069416 52.256232459516902 73.79101457991105 73.651306682132301 75.743650759571779 191.46110064323841 20.080167440376968 21.17498823245964 44.781750830084718 53.967981267855265 54.310052236416638 72.519368722409212 74.920973134750042 138.6205080630981 18.929422200686247 25.20463513956555 35.981958166206439 43.888073185853656 56.358329205472614 54.007295543274608 74.604494328814212 191.22700228153712 36.395962331090942 24.145447669427575 45.993863888586361 20.686460664891726 54.323883505999881 51.618112962225027 37.347604586330881 23.210353309206333 17.938363249487047 13.154272415548217 0.1266839785783922 28.513732192625895 3.9845646834855821 54.172189475309274 6.3878749136575799 4.0321080279754957 31.235466572377049 25.005320877078617 25.843485318137901 4.7771352596301817 22.76655274848731 24.129032653339571 26.171195677199478 3.0070448140339856 31.147756881808469 18.473051574625075 11.354530365270245 1.8010510738822845 1.7491776168984521 10.689944733558479 0.37638657602919368 14.420040408792415 77.111947014760986 59.499142870710656 7.9303690154390578 2.4652352719527482 2.1285700477569613 6.4961660564641761 5.4225876736897938 2.1905062642480075 7.4005240449231984 12.896232181867118 39.127640307554046 4.0507121836455262 5.212949738617227 7.3826288147636925 9.9558731269407712 69.57615292651225 8.8270567929065304 9.8127549191570242 12.492478483740564 4.5508691739873957 1.5823306310336367 13.786365418227327 36.95632069771532 40.46894964674334 6.0885983300484341 3.9367335315794558 7.9953575303612086 7.2236149902353786 4.4402723114626861 7.7283240307561778 36.599155174783419 37.878279003887734 2.3558592651318602 5.7075732994781347 3.2955813544339376 20.337861982594706 5.3934028426590563 25.392956951981581 38.967723601279253 40.352384774803099 9.2144091557211354 6.4029025564384385 4.0132411977903919 5.5572909303056841 14.897852316514596 37.840728751813415 37.296817499107959 37.742042807910146 28.819249315693181 6.5341579530362495 3.2433002705666367 38.504920059408235 39.365705004730614 80.191399038652222 28.952028689457585 81.252347651391347 7.1038545910104585 34.853903500507236 9.7489610797169775 80.827809117944852 81.417811780649274 69.111965926014051 81.485124731255297 81.306993478059169 8.108290129441146 7.4059177267750371 81.995481323182545 80.299273611663608 79.241975666706068 79.822779193916119 43.876113841191781 191.54576149095374 41.776683925719553 41.297270400613144 98.92445988659513 76.214318406593804 78.521688066534551 82.508410538791523 82.314188456795193 83.971078386667429 78.408650027345587 61.4734781779364 64.680860182882512 79.497876598003003 79.215834519189954 84.137624307678351 78.025011220026528 86.484137476295217 78.747899523574603 76.663124372189458 78.116029705087271 77.848904936045713 77.282252977063067 80.263775196902017 80.116862628562686 82.732022397676104 79.8317911964605 80.159286171270978 77.619051348878074 77.858106765774409 77.903305153319096 78.837859086527658 84.012541928595326 82.155334764393814 77.547799433959952 78.774840106319076 79.832383073028893 80.120437748637968 81.982248289788785 81.113602476053003 83.944454361249242 83.032212982520605 78.627208925682453 79.607500579754628 80.729301942761253 80.995613840702376 82.879336845395656 83.043180430447507 84.474726549458083 85.032557693867062 80.989929828894375 79.823087531042489 81.041887441664684 82.044676885231624 77.640877484390074 84.308604949452373 83.21316371451384 106.44807564696004 82.231395689270613 81.309664669536062 82.261495383919225 81.888147341678689 78.739442900230472 83.216594559867659 83.394933058764479 81.805616197763172


# name: v
# type: matrix
# rows: 2
# columns: 320
 4.0452272840958052 -1.5491047806532685 -1.2387650520960825 -2.3617106020879088 1.2427390334971506 0.25971482628943865 -2.4207270988099703 -2.1848560259870178 -5.9704135201469652 1.8846482384350065 -2.4419258809854574 0.41312603846216289 -0.74118715823311598 1.5968714694426538 -1.1325398137519249 0.0054553980679680576 -5.3573918114173527 -4.4819068742017949 -4.5911467928826966 -2.2432622003416269 -0.65782845908275556 0.09308577202963364 0.20925618636410348 1.9908051094349095 2.3711908042370484 3.2865924376512514 2.1477868506422779 1.1313036246855084 -1.3389692413569216 1.3026436795998739 0.076597165524798977 -1.1193998206273437 0.41868352691992883 0.93680721215592933 -2.0914374587808546 2.807222616421948 0.87498348240930002 2.0863288828625621 1.1233098063349836 2.0277416489113 1.2181158425272727 0.26324978662803789 1.6946339409541671 0.95972207200239223 2.5772595187986629 1.6961192366017308 2.481945506233024 2.723623466468331 -1.8521602892825171 2.4958760746764654 0.56229828007824556 1.1953123763457298 0.26663408741143724 0.38461680286819921 2.5536920732566921 3.2384881510173829 0.0563491483340623 2.7995091791062787 1.9587791809451085 -1.1038829438034663 2.6813886335201222 2.5708595982211295 0.26143699800833753 1.0044688997000917 -1.9412643222608827 -1.8464928309416531 -1.8371989931072168 -2.5555409142093808 -3.1233714067593565 -0.67839520814515142 -1.2884359035248805 4.8083481724781443 -2.6953183936503593 -1.3887838039179403 -1.1094869833703127 -0.5766813281933052 -3.4645873571032348 -2.3672146098120974 -3.8392032141727443 -2.7539302223566104 -1.5157650497071313 -1.306933891176238 -1.7737332796918661 -0.077639978693994749 -0.91518062279172008 -1.6813206739526447 -3.954288072570407 -2.6474809863233557 0.14497029976298101 -0.1584684679732267 0.50246465855649791 -0.71866795688439533 -2.3891201248858391 -1.2152571352270345 -1.3663003307195323 -1.3717136770233205 -2.0750737126331731 -6.2008401770682422 0.1459963385483927 -3.2854073587386106 -0.96198348959732705 -0.84051058338829154 -1.5699035188109254 -1.8523591511576263 -1.6590088301159502 -1.1588759373379982 -1.2794319703211494 -0.71674511518961348 0.18941197209887684 -0.8705528316562875 -2.3928260662784409 -1.9565099516116691 -2.3260481210231214 -1.226447308710531 -0.1021530514837784 -2.3084758249651252 -1.6950774379678 -0.1558428443623194 -0.98235940944024569 -2.5130374801849618 -2.4777035827232408 -1.1975675564603547 -1.3433082926566871 0.22609614195583622 -0.12840711146244743 -1.4730959284570606 0.040253819435103658 -0.86695485645609593 0.63942593884555221 -2.4601865272004044 -1.0053558963587825 -0.39254920723099901 -1.2494459730398977 -1.5227839379854089 -1.804590585500939 -3.2191949853785515 -0.026469602481690384 -1.8049614234930325 -0.70125104821071638 -0.26415823193366156 0.099523105045887683 -0.82472069385220648 -1.2666558786398916 -3.1420302346738094 -3.043183529869399 1.8040028554502023 -3.3052369035009281 -1.7003249031322736 -0.83396377059442517 -1.3561167916431589 -2.6499457834197888 -3.0639988101406974 10.35078207216706 1.7670819465546246 2.9794398013476497 -2.6474809545567877 -1.5992824020657612 -3.367048130851813 0.28907770316144898 -7.2415196051445188 2.1289798520658563 -0.77894882957280687 -3.8979409362357114 -3.3913228914080427 -2.8482025594447538 -1.7153138186412389 -4.7944650031026921 -1.8363989666733516 0.042929389344929764 -0.39106123934400283 2.1776264121120645 -3.3071473780312344 -7.2154106284078487 -5.7948004495004577 -1.1946868770402617 -3.1515451560607688 1.2931919330673862 -0.86365086495798538 -2.0628606792712292 -4.4017241415540846 -0.75816249943952441 2.4874409255952732 0.99616988720600141 -2.2070062866156208 0.5599963309348468 2.0712909729583764 0.84269493934318229 -6.2590128893432331 3.3836956314344304 -4.7985300582705577 -4.7076102570896872 -2.7385500143685904 2.8018206712575209 1.4096056935038199 4.1224956098333454 5.433628698460824 3.4006575494044879 1.6194907441551738 -0.954457520255243 -0.3069193709385597 1.4375761584466926 -0.69173668214817086 1.6887192613198709 4.2090003773309581 2.2776302078768706 1.0993614042697659 2.9786250680560742 4.1574602638124274 -3.5705028384066102 0.33136764608599595 3.2179591370644753 3.3629488658743005 1.652096520706285 -2.698261172120938 1.0974487791788059 2.5254301967201092 3.4531831551814598 -1.6657060344039742 3.2116285059134424 -0.095266994866268884 0.020746130975809549 2.3043935455435447 2.0091623818751292 1.8207931925586274 -1.4401021213819398 -2.8326121115680416 3.7737311262950346 -2.0495295815817691 9.7918552122602343 0.77399283368797633 -0.7003777444532745 3.0703535187803168 2.2728166734052841 -2.1457619934654586 0.70072386899263095 0.5296135136937925 -0.64655345855897506 3.0563872961174154 1.6181343393369052 1.2178731227062247 1.3339043581361141 -3.8714034896466614 -0.018388054878221378 2.8608600469101879 1.8513582327695794 0.79445250808365253 0.82326942464396069 0.47161821298036916 -0.22240964762234683 -2.6162949474375656 0.21602759751982376 5.1284335635571585 2.253165564400565 1.2265346151820613 0.1676564130697018 -1.1396072695747648 1.2930458691942275 2.1049799403119045 -2.100086601167332 3.5811736588154117 2.0613323245876312 -0.8691630727463604 4.9219491658887753 2.9796693814921071 0.4571322959516213 0.88167391345715806 0.51532177851477956 1.1654114959420305 0.53901148968966928 4.1722166712163107 2.4409298203393797 0.1420417005221887 1.2033521558764864 4.0271170434259762 0.17504187341851368 1.1563582797076926 2.4273264569303032 0.19946488929996078 1.801983324424943 2.182865035010416 0.55811842360294883 -0.39081008177261778 1.881104137878991 -0.69587839662386042 0.38203946340664741 2.461145549843387 2.103045767350217 2.5473623363286721 3.0028144179060692 3.0954373659473187 -0.093926015305504762 3.6692517715806585 4.3990996070997648 0.39834879727045258 -1.9696157210774961 0.93498727887299471 1.8746830598259714 3.0503933549555899 -1.0580554042986625 2.0190289389517035 1.1970914756859949 1.6490016931814939 3.444053562597611 0.25001515688334502 2.3461519239391189 0.45199541657995518 0.3147130854843817 0.38640350506151733 1.3787913084209393 0.32224259118260501 2.0779380743179146 1.0795806053282941 0.56449707309285313 1.955592201917673 0.7548034496618391 -0.35807766444672423 -0.10770222422410916 -0.039057334707361599 3.3696258835946384 0.38697634430646277
 5.6746610425660311 -1.117490105380994 1.3136781889791715 3.1959294126884794 -0.22849638278864537 -0.2671042764354809 4.9893000851128306 0.29108599795669898 -0.035081508707181845 0.65744447130272887 -0.94135254857587536 -3.6788573462823333 -0.81039780598378297 -2.3906306010731342 -3.3405826422312801 -0.11200043242230964 1.3519451757559768 1.0634697339613519 -2.3469092215714045 -2.3548142073374763 -0.68176050584628645 -2.4710784899038245 -0.44770440588759325 -1.8936830002109613 -2.3718689977796124 -1.6842615605321667 -2.3666012505639626 -1.3688265063269536 -0.73660548622209154 -2.7014096569929515 -1.8863316855641648 -0.66843906568865319 -1.6360434615741557 -1.3839981828105634 -1.6055152191204356 0.051778462972168593 -1.5695490035443063 -3.3338845616629085 -4.5452003549915538 -3.764199462422043 -1.0742852488040346 -2.6322072508546674 -1.7898869700404774 -3.442444708967912 -0.94961119657660076 -3.0630822844400307 -1.4676098527616819 -2.1209212473119585 -4.3856259992980018 -2.1850537614768064 -1.511915700213561 -0.55565873850576941 -4.9136714378793211 -1.5515718748864988 -0.37933887863605414 0.066192271746719739 -2.8113910769547852 -2.9787160882173089 -1.4995529168203861 0.36373321880065135 2.0272663455031918 1.4585096573695564 -0.48544435587801199 -1.1314194365089942 0.90581634537891853 0.75112410940706209 1.238153395508073 -0.70265671128496998 -1.0083632265559428 -1.9946797893074424 -1.9303938349752376 1.2975106343904557 -1.5984723443304547 -1.9641151530545278 1.7348789343510522 -1.4610745688573594 0.31368117026281744 0.70237918996149107 0.69309120729368034 0.27183653292935733 -1.332310031605257 0.25372383865099651 -0.67204399695517303 -0.57044553424146249 -2.4575050021853109 -1.6895818520013823 -2.9941011283126904 -1.0812961400576544 -3.0014820135874962 -1.5810404425012297 -0.36016619554230167 -1.0244704109875973 -0.23797001807232734 0.5029951379824471 -1.0320867457751144 -0.97414281281608994 -0.48424755665728775 4.8970965420429486 -1.4495387628512106 -1.2304053220473612 -0.98445767815389451 1.391129695431885 -1.2169494495102644 -2.3597129771953522 -3.4602257674204826 -1.8207483558338002 1.8014404404316138 -0.37986751572280153 -0.86224981050868488 -1.879964390139967 -1.7122365983477366 -1.229575155066303 -1.6349877701699069 -0.55783799127213762 -3.7608945650263972 -2.8686969839803798 -1.2744271931738151 -0.077835933912732247 1.4511542305423721 -0.052390910645488953 0.59396319917534179 -1.7178974842302628 -4.8022224013712034 -2.2307402536825283 -2.4534874097389241 0.6068366153525957 0.82644444487660484 -0.65720701301708329 -1.4985947257817349 -0.067756882337053098 0.19199690895495353 -0.27341224250347501 0.76891640686377616 -1.5602381414277466 -0.45872908576517885 2.5844125615815079 -1.9716848227623751 -1.7857321666817496 -1.2238894444450739 -1.2143987563600565 -1.5727283059717097 -1.6852923059077207 -2.3222828193595295 1.5120815234880927 3.2179330604386207 2.0413215732369316 -1.9440862629784657 -2.3164581960077886 -1.8505273597710197 0.10973615947941874 1.5492039700136253 4.9371148481789033 4.0790060925250726 6.0696738027171175 5.6950017758415452 -4.6531505430063298 -2.6288140930295745 -1.1040526204245174 3.8793708077086242 2.3958565633442261 -1.8896500028491148 2.3527586518369832 -2.4361773678480465 3.5401989572604635 -0.31372106956077472 0.3408164745323965 1.8214182792869043 -0.19487585167552196 1.8951112210594223 4.7087854923164185 2.72039583884838 2.4060786062320783 3.4437387611849908 3.5306603239037462 2.9453708658843212 0.52057456738600316 6.1907688464950317 2.182676113160066 0.45209373950366916 1.4991270241472556 1.8249665120869287 1.1770602147219866 0.27046533535377848 3.9997167321991984 0.16374669928492003 6.0062512266845944 2.4916809977263479 -0.66533627622564195 0.61359210403429187 -0.077814003075789284 0.34184570084027444 0.85041253620535939 -0.33501918076265164 2.5207145001160329 9.0079295706801279 1.4486735886764399 -0.46746432295575785 2.6594369624611294 1.5617942349986416 4.1833626856438144 0.86415740428901888 2.0950017214647576 3.2604274699741014 2.4221966697989239 -0.098841742278554995 2.0740887076530394 -1.3271791494629461 -3.6551782402997368 0.73931571202364832 0.69777038295190696 1.262383011801967 -0.54425261699622018 0.94215273431128599 0.14149342937992213 -2.1254596777283878 0.80608208419933003 2.7918139164208204 -0.50691466105174121 1.2717516873792909 3.6948804009467549 0.87888913163451798 2.2998413793559629 -1.6939997645942668 -3.9250600602445687 -2.4708815847115075 0.95967671714002434 0.16321836438169246 0.55946491500616369 1.9077300108608601 -1.6170267705805721 -2.0803392569306216 -2.0932381778062648 4.9553758204151475 1.1387994547054447 -0.49176979237686219 -3.7249737711048505 -4.0383466250422355 -0.56838328237711122 -4.0377167529329059 -0.048460613652848289 -4.0464445448494937 3.7153455081322457 3.3848254212749538 -1.9466253503399551 -0.78248552378451275 -0.81940030315974965 1.1435187058546528 -2.1788631353189705 -2.7517665907324149 2.4423841287379227 -0.88232827315208529 1.4177669897428187 0.80592256809102114 -1.3706903877071981 -2.9187839300256155 4.0361142509800016 -1.3554720882880731 -2.3122238206533714 0.86357808203941411 0.4827174939303141 -0.45599379012259039 -0.66163098184839986 -0.003983500125117112 -3.6641423862455325 0.25238755039096444 -1.072369632113483 -1.9795123299974435 -1.1602456285999394 -0.98633070010095625 0.087523358083427635 0.041094923324561869 -0.38228642726356021 -0.017901260166680144 -0.82570995509951195 -0.93676396149364327 -0.16850211427109618 -1.3480896550355355 0.17345587796714193 0.13248072858718871 0.33745084496824518 -0.39511478262288507 -0.51973936533064891 1.1572420553353784 1.024191149425683 -3.033619010515952 1.5227571418378885 -0.6652846806772359 0.052701364078897306 0.9231990200970398 0.059106651479311642 0.3535377954256535 -0.47086325439357513 -0.28248071053791957 -1.4913738212168683 0.38101668489918566 -0.88490500571573061 -0.37651562839891611 -1.539892745984814 -1.0344244717129614 0.04310584299308122 -1.2686408609537705 1.3337948744519514 -0.72575831447980821 -0.14394288711142778 -0.17400506631843707 1.2372905248032264 -1.292523570136678 -0.76393847713604313 0.16817252223799678 -1.793856758586122 -2.2335029707046408 0.86129832952167451 -1.5677652514820628 0.031356085970101401 -1.2600559669829487 -1.2702271577905613 -0.46862186108412102 -0.77027699139043015 -1.5292828694135421 -1.8643310197185587




