# Created by Octave 5.2.0, Fri Apr 02 16:06:11 2021 CEST <br1@br1>
# name: ptcls
# type: scalar struct
# ndims: 2
 1 1
# length: 2
# name: x
# type: matrix
# rows: 2
# columns: 320
 148.5026071240045 92.027447786191885 91.323708108935335 75.775177979662217 94.392513656430467 108.66521465623717 65.021871867523814 81.51602909343768 92.857948922764919 109.39492507678268 98.113865070844511 92.315209603841652 107.04823752271773 107.94212769780094 107.96235668708228 109.13150360283754 86.338449032936737 100.44821260315481 94.288347148463245 96.149653370978626 97.316160961323348 146.76027139367332 107.59559554454978 149.10553704468498 142.9445179068737 126.37957377604135 145.02572045344806 143.14629887345592 151.27762573139972 150.62261068687036 141.16474224866417 149.66335429885734 140.98905531504548 119.97142205391501 148.88357528812105 145.92866169799166 146.53323446774817 150.22003413309679 149.06364411196051 150.8671871449161 147.81796399653604 148.40014455328352 141.91116480708871 149.14314828702931 144.98423616331698 151.66407736895158 161.38605139788373 160.31456672368395 146.2689436853253 144.18210764162242 139.6854684706108 147.90512090813323 148.07484302800745 145.99575913331 161.15156795372511 162.34474503538459 147.03674325523701 155.16918416997837 162.84792219028427 161.43065095747627 160.06669208174793 161.07253723112197 162.44206211000321 160.5941082982244 80.783396493681963 81.535211178373004 81.101428032062685 64.66723661551859 82.13211274513607 80.158217690750632 79.999988840778357 22.412076701759144 83.97928578429034 84.819151160819743 82.79137875689122 81.910616801069153 84.19214909079551 83.137717850067077 83.272967589359141 79.147954404540386 90.389042949307509 88.194479738512214 87.291645798944302 84.023065037043892 84.930389572119822 83.866763122795263 84.641093089143155 82.740904444027521 90.385535970983412 89.242035938067787 88.218587485409188 86.152732414133609 86.062611530412937 85.092503690150593 84.990827058404051 84.358629865234519 108.16786453075201 93.516116844576999 89.465596677274547 87.04629916850871 85.813754419653748 85.473338673905559 85.916204868822703 88.863247928063672 93.827856748937407 93.630611387774067 92.140294520672725 86.919902903836274 87.719483944833812 87.022902981573537 86.286374443973102 89.965871992310284 91.124749470340632 93.202470742974725 95.533173405185011 90.07505233477562 87.914826526190339 90.992520809310236 102.57815465878443 87.425988151827497 91.5832295932656 94.538735630267539 94.389940192180944 91.478662888968586 88.985748702220206 88.825346832425154 90.297886657454782 92.046642922644295 112.85961442726065 94.875410178070936 91.414391033626842 92.982768742710434 90.391060160417055 88.6463362732121 92.404855297492972 66.095291666016706 88.864809627262787 89.441724414161698 92.638542577597903 101.45983816975168 95.535085061244644 91.016950843205834 90.124240391208289 62.951007246431629 131.54877682000318 107.74577252509424 70.618299281444138 93.654893447307174 93.281913958283781 97.02372454191125 91.351882399633382 65.92628878335951 128.09365197267974 114.60556533524937 117.63299517816279 88.293232145068473 93.204830312359547 93.56212187395441 103.96199020553691 87.579709711791352 111.76339298288799 113.44946164814787 127.397779762722 109.67915024605786 101.21112450133406 92.421580749011369 92.515784595053688 96.714429983296668 112.81163397356711 111.10556307999201 110.30915405054398 99.795131121677343 86.193823601918666 87.147317083371206 101.07394184005295 95.45640994627054 117.55205351966561 110.03628191569433 105.44940685565221 98.794054807646816 103.4116882199054 107.19270568066742 112.78731660387837 106.26351513380358 110.42138439280465 155.83844044061635 135.33143182235037 97.821704491759903 138.75538469100357 93.672876705692843 91.555100376894799 97.732158128050955 138.41629785908123 137.48003212058489 150.79614197326487 140.64744422811015 138.34816325036863 139.57573591466468 131.34147152166176 121.45475169143407 137.33848357704551 139.13742557544896 138.41879706802095 140.469644528358 137.95044709373886 139.45422496989281 141.77423115141701 143.88064019022599 134.90080022439602 136.34728600654972 136.16727294617471 139.20339504750731 132.58501342737082 133.89040596877609 143.12507735739229 147.47958057725398 136.42780249912519 134.35055407841961 135.15183722419687 133.04821924894773 133.2939295986678 130.40693103345208 146.99090920282686 140.99968908733513 129.58903705338238 134.69757979004541 137.20575958615353 132.77656451558647 134.11436742228469 146.32694572436927 147.50584900002104 145.34043690971228 167.97338607438169 132.07756580150345 135.99929639748345 144.53431962763744 147.98783721448214 157.60942327268788 154.27124119816281 162.6376468972384 141.46035690353574 126.32219145863547 132.95262508705332 158.44151144704639 159.41174032966154 150.74694541473374 160.06952429741543 161.79487905627528 142.76256598633969 135.07155647718281 158.66314520479162 159.781195935905 161.2610362931936 157.30291856171797 150.98309442076976 116.36534007358421 164.70308570195149 163.42616823693101 126.03720904367299 167.03402418807585 162.49315077764848 158.78312021521646 161.69126290668007 163.41393842146559 160.29081852619839 155.46138735570099 158.10897245183847 161.57307111976658 163.21633801535057 158.21295284923934 162.04973945788117 162.45925190310055 160.81191511191457 164.49633230600199 163.69879051274546 161.37185945794928 163.32987921777217 162.59394373102745 163.61361269750353 159.33588220745199 160.49877104704947 168.07031687587195 165.87738541713853 164.88203300719692 164.22258828493102 163.63072976680738 162.68131436353761 164.09489346497071 166.06010568298726 165.48968011481838 164.7649039137176 164.19899668935938 165.91686214849108 164.75415789039985 164.60281055622366 169.63643076298032 167.61248833106603 166.50665282540751 165.81107401337977 165.2908406341119 166.52320249750852 165.32050036908691 168.92557910017382 163.39759611488185 169.58935428906739 168.16729027212509 166.8763301007659 166.35495741500498 169.17495293347758 167.90985675046738 168.05373510445858 160.77600887862889 169.67449822606088 169.2733753314179 167.92464110941006 166.98727016501891 168.58526388776266 168.49500198030307 167.39307331304292 169.41513960202232
 20.100462717644472 69.310346683495894 78.422298221043178 154.97788510190063 61.494693867185433 80.140537034675404 166.52525009011634 103.969367010505 2.0257536440930437 13.777224736869069 62.299558988958665 77.922080600891675 86.223287093702055 81.138193930672387 78.771306576894489 78.845935253890261 6.8009298194384122 1.1711847177199042 65.082303260819273 62.145469163763927 61.593524730072993 56.692548160492407 79.74918176426705 56.859623152479926 51.834397711465051 59.238809443938962 52.720404434502505 71.894340271977384 56.784034147422283 57.768062135405913 59.42582072132155 58.944421632429254 49.341856835085821 35.790366676900632 55.611200746928759 54.742331798614394 55.694803834496717 56.755209380059867 54.513698013122337 58.866466013158991 55.31348452892901 51.549504645957093 51.832304729795929 58.022838157101681 53.938938843044966 53.816206844135586 87.013844318604654 87.213538422249414 52.301133607429804 51.849033586015864 51.236580629276666 56.487174533025772 52.971850007872007 53.488931158513537 88.21645403885617 87.730367789896448 53.349012028649376 58.461027106568011 83.94147621434162 89.501165471478259 88.325876490567367 85.200557489432455 90.060430808690427 86.156089861618383 78.783092873503207 77.684763043782127 79.896959958585342 77.437055523556339 80.105732089488455 81.159036053298337 79.68309136770614 117.69095547810561 76.979776129519124 76.242862365933235 77.655671879158248 78.827898272982495 79.337736868946024 78.973193954948371 80.205327646830995 80.755760395591665 76.384233259835327 75.852536872007278 76.534810702767032 78.097371025516836 77.393957828512541 81.21046816220742 80.410097390340198 81.201665027469744 75.246556730828132 76.968443318620345 77.239346094178558 76.848848889668773 78.00425615204388 78.657480334855919 81.496045582721479 82.345067846344065 77.729382765066475 78.238533265479163 75.923302437267225 77.647190710031424 79.531885473930544 82.619138090150628 80.836197108064567 81.932352277104798 62.432170328664 56.264283364634366 76.891998632237488 79.131256262887533 79.874493169712181 80.980711026427585 81.957277845924295 81.19933168531395 62.165819906104005 77.201132861889064 64.463787272745734 77.769684559872303 78.352271963184023 80.683580236064557 96.592721743676535 82.093483439126501 61.171431623305224 58.75278026164149 63.424229096269094 75.832125268215179 78.084860461230221 80.489527624204882 82.357986153379528 80.395386059496403 56.277381513839622 62.49798516380104 63.297323970713258 61.70064409995863 78.960817509505887 79.360199874581355 79.044682920902559 167.07806329457242 36.989631503102942 37.933216409918181 55.841343344426768 62.014630280642947 63.41740458502062 77.206374639159677 79.990000768556726 129.47241484600426 13.52805848077506 10.310342992632483 47.743680057222505 54.896994272355769 64.571584735911159 62.82595363451874 79.565404118057927 165.93091958689209 11.223977035683665 2.6360359960575588 11.31509318260775 37.902701996032349 63.361545466313181 60.759581374264968 13.363088070447132 8.0101414160716029 8.8363426962280123 2.1809810901397833 1.5622252310917633 6.0290404432233355 2.6689085859102142 62.65237420796435 3.2880378436465851 1.5386869491667343 9.842325286222815 6.346365006763941 7.1092893681274614 2.1074026920207474 7.8569132235638968 5.3918296911422585 8.3260542880565112 2.0036204455705211 33.806409487778332 4.825138927413489 5.1963925219292229 1.6052832260000827 11.113676232638452 5.5562016798488871 0.3439682749295182 6.044610858907185 46.042137594572452 23.198160936331512 10.814814087464311 1.9863668155302456 2.4044522123627985 2.8289458485453842 2.5234492265445492 0.86740667161012175 10.537003681092669 8.8725458891330398 2.7986764315848065 7.692499241952361 8.0860542711055068 7.5861693442255298 3.8395177994952845 43.405611820670046 10.042671660572111 11.396987164119411 9.4604060582512766 8.7444030058249425 6.771043429932436 10.178670103131948 50.208685697794238 52.873740883602473 9.803807323670382 10.606415421601529 9.6190316677218828 8.7680656890642261 3.7181668481713737 6.9083546192259959 50.796226449130955 52.064911804763987 8.6082382420501382 11.875798920822502 8.7878606138411328 7.7518428950058667 4.6477170533461054 1.555974532910354 54.432012263800381 51.124355069248779 24.727599841290541 7.8285007331306167 7.6778806786820226 6.7736038082335366 5.9197412284282507 51.035959617285009 50.986519509808858 51.713926116774246 1.1607743978193508 4.8638344575715529 7.6032321231306499 50.709318004445876 54.073726578922695 82.566474285846212 53.379246127957387 85.050335908840864 28.087060562312974 13.114341374847996 5.6567755648418032 81.65679608881112 83.512181466913404 74.069337760134943 84.343851998877355 84.350013473694275 28.168071021869284 6.9063706755063592 82.768463192576206 82.291461289403514 81.111853021418995 81.468705953051213 60.307554348862972 167.1272702725106 52.639747020023542 52.623767555404825 93.69981249026263 79.586032792062809 80.473611891962534 84.678248368294959 86.033707404868579 87.153842868577541 80.674591885020618 67.961314452218645 76.656909779373777 83.209418357324694 81.763686975062697 83.747942922050356 81.911461873409607 88.887104260860198 82.212393058389196 80.031616847355153 80.792920378744626 80.060489903162434 79.606437216890654 82.820397794604872 85.449660068865143 85.732799877733555 83.246258927165968 80.105830310225201 79.804793395315372 81.31505340319795 82.265810331937999 83.197879722156472 86.195388357561228 86.383718474789575 81.177650856041282 82.259214960531338 83.194256927248176 84.156132615056649 85.587254501954632 85.245717496356122 88.111002838019743 87.268530216479704 81.397231164988028 82.315385484463746 83.42881190034791 84.361719942543971 86.895254691811331 86.507861304179627 86.373673846288213 88.249597711724533 83.849970752486669 82.329608010376845 83.300800853302221 84.666281496821185 80.12773262736566 86.609137585299266 85.489237812030055 101.23722075335047 81.585875715062542 82.628847023958741 83.417466557268583 85.670339681558033 81.192563328543272 84.309118019887237 84.477996153591093 84.989537174356087


# name: v
# type: matrix
# rows: 2
# columns: 320
 4.4388033362693289 -1.5491047806532685 -1.2834083443872975 -2.3617106020879088 -0.11384720072981647 0.11383410103599828 -0.21815747673963493 -2.1848560259870178 -4.9515688914299387 -0.62397535907694635 -2.393648666015292 -1.5713193109694816 -0.74118715823311598 -1.2327064868517619 0.63410982151656448 -2.0911352036934341 -7.030382206690259 -1.5578204807976235 0.22227509885258351 -0.13320883486821355 -2.6421235937652132 1.3206485997333786 -0.83553994826650158 -0.48883308395844233 1.1219686307858279 0.18963793975630527 3.1706214089630578 1.1313036246855084 2.9629389673372333 0.88432778164841397 0.076597165524798977 0.38591686868226871 2.1838218030839234 0.95492287514684171 1.4388748588041687 -2.9172575941302918 1.3728686589489485 1.4044381354561826 3.1659133733367892 -0.39143132626756189 0.25720280559899567 -1.4588280582364386 1.189210932948003 1.1984503119951437 1.7646838070703963 1.6961192366017308 0.7352964956894622 0.67112245160803274 2.7533761211297967 -0.14502049420581462 1.834856070483716 1.7483043987640114 1.1676060969549953 0.62367228611928627 3.6495634146328988 0.79592100602273674 2.862648845605388 2.5807933735430915 1.7012322092251386 2.1855754799075919 1.9351862559452457 1.3266058015493334 2.0902080522775757 1.7497254872450212 -1.7679942162848219 -2.3514836537095629 -2.2997543980202204 -2.5555409142093808 -1.1516022775114452 -0.48044367541657906 -3.1703782616076674 -4.8083481724781443 -0.75043839225965159 -3.0268693932116664 -1.1840065289724004 0.28299027793589138 -0.95341059102329651 1.2784309553025357 -2.8624244241988914 -1.7950990356225538 -0.92150351938489994 0.2787652390537611 -1.4856387855018858 -2.6346454473779204 -0.53094667066151724 -3.0334169598020306 0.36039123516023241 -2.6943230403216174 -1.0196816106718691 -1.2665257248253214 -1.4174212003087538 -2.8865787023699188 -1.3641045995321761 -3.2842150553639953 -1.8937199268345779 0.17720712477073958 2.2751220700381958 0.62757778622501226 -0.86815948544685617 2.2690497741326099 -0.48149054286676163 0.50774422786834461 -2.876180813618284 -1.1326815246992226 -1.8981835847442787 -0.60510243418567689 -1.5656123669607593 -1.4910903739314003 0.33265773130638404 0.52857767239034559 -1.0765117646017659 -1.4043458869278231 -2.2986888860846943 -0.75767659708622237 -4.2947506891646965 -2.410949883804939 -2.619473765442057 -1.8977368902561047 -0.98235940944024569 -0.55567744552306231 0.18821780881664527 -1.618346018686152 -2.9362228019879537 -2.534511025894671 -1.5732731263929092 -2.3696969377042492 -2.8973968585733929 -1.6675668008638014 0.63942593884555221 -2.7552241026592057 0.11507856204017922 -2.4811063521017576 1.4001597753289272 -3.5448417257847455 -2.0805108410454651 -4.3139124444719377 -0.39779951063677527 -1.014623545164542 -2.0701288019645414 -0.94314333146569318 0.18237111936258169 -2.1062864141454196 -3.1567626844556185 -3.1420302346738094 2.0503194377782759 -0.018888538791593794 -3.3052369035009281 -0.88522065253077575 0.23889067049925625 -1.3207493099018255 -2.7547091817646594 -4.1718509731176479 9.2096492148494384 3.3207844954998289 2.9290544254613664 -3.0664889247301965 -0.50520342315622835 -4.4699177043115226 0.28437119807721983 -5.9236915362712868 0.74675282910041507 1.9346862241538834 10.259128706175632 0.65433611619023357 -2.8571214470616644 -1.5131192651936105 -3.6110441774017006 -3.2180971614576408 0.99047938426750493 2.3198226989060724 3.2150190122065108 -2.347457499521945 -5.6350907481041927 -7.0199580034043683 -1.4529014560330804 -5.0385142705481618 -0.31910471256220463 -1.3177089130600175 2.2845068695011976 -4.603164835079034 -2.4261126527597159 0.090727070324438538 1.0435929264869768 0.48780131452544173 -5.0913061521010965 1.9063454546835059 -0.77538244879583029 -3.7118169555211478 0.29073861035588694 -5.4185084917535944 -6.5830900786195503 -2.7152407010740114 0.75996926626994721 -0.75208604546637547 2.5327848163482951 1.7088549504768413 1.7386146746895939 2.6804801881402232 1.6432211349370793 2.7900351269563872 0.26015117876411492 -2.7782237984387606 -0.42648663439830442 -0.36309057368740882 0.87278852102087912 0.28297983709800417 -0.7230172171864151 -0.59570335822177811 -0.46243839697659395 0.42477380051660096 -0.31111511463880626 0.92728145974891185 2.2914198400173849 0.91361114223019169 0.99800812989069643 2.117831563526646 2.2498873257491465 0.54129530841657481 -1.1300835236157389 0.39318200554365662 -0.58407634029626809 1.7456678147629672 1.573232683298009 1.656275205086422 -0.92266956557525615 -0.8286978335623012 1.5115066938466784 -2.8728851666094313 2.3438871676097026 0.81648340180172774 1.9450219700763289 0.37554918451030522 2.2728166734052841 -0.27502998488574787 2.8095528293785863 2.7388247217714494 -0.3917937607679649 1.489873344666564 1.6039025045154522 -0.36111734806547136 0.98024417950090448 -3.8149525754224811 1.0476478545346388 2.8873661842394434 0.21657024721314982 0.79445250808365253 1.475756069002631 3.3760732728006877 0.017184152491598714 -1.4076792131905869 3.5311817251997106 2.3303712383324799 0.32532963310044172 1.6525621069049974 0.37779552836470953 -1.1396072695747648 1.8496241277652092 1.548401681740911 -2.100086601167332 2.3853807987850848 2.1489673851787674 3.7120464052044597 5.1190421992943227 1.6376694973978012 0.47560195313631015 0.88167391345715806 0.51532177851477956 4.0113123531024932 0.49913411675470226 0.081138141518919876 1.4397317269882779 3.0551686205976645 1.4526793356483609 0.072819730852141121 2.3439837341753695 -1.2076119474520832 3.0070170251953039 0.41916166430963742 1.3797730818644449 2.2502744038667837 1.3938169956436681 0.43853130364268694 -1.0125613655398533 1.1341094068510633 1.7312462506071022 3.157215754323103 2.2271723298917414 2.4854124222676663 -0.58829932054626988 1.0955363481576861 2.5139523026338049 1.9605571842110525 0.52518696427901401 2.1165860950130053 0.69050183840371093 2.2169813081613192 -0.094967713425087252 1.3915368050810579 1.4352687172972476 0.79363414934997645 2.6484415196369162 3.2079231283865139 -0.24303366286018421 1.5586583455137784 1.8418738161993171 0.83737127233583031 1.6294101377155981 0.45767227643253122 1.2234082693809873 2.6830254475632458 -0.77109587483664843 1.0795806053282941 2.2139023985563231 0.59948773138011968 0.26662192059959899 1.502172854399068 0.93713995008489137 2.1854080242809188 1.9915843439857099 2.3260883754459156
 5.5987895625229687 -1.117490105380994 -0.91069206538567149 3.1959294126884794 -1.7989011103284767 0.1660577998189913 4.1364301882232795 0.29108599795669898 -0.042310726548262033 -4.5400459979297505 -1.6961614332330264 -0.70111486063016248 -0.81039780598378297 -1.9698783331396643 0.51367495852384193 -2.691368631657777 3.4393162065538689 3.1931433920791674 1.0216889069833615 -0.45251756176567426 -2.4168991639279569 -3.0109491932803962 -1.2040056450020364 -3.758583359143 -3.3417058235244022 -1.9360448762617062 -1.5009465089284233 -1.3688265063269536 -3.2361444860450304 -1.0130550042803415 -1.8863316855641648 -0.85509658355054818 -0.60032269799976068 -1.3575735504779309 -3.3165100295174232 -2.6896309936493137 -2.9682595719934826 -2.4480621054606262 -2.0884033881341741 -1.1196669008865898 -2.5012601996234056 -0.55804922939084312 -3.0051700162585235 -1.6050383547240532 -1.4252809604549599 -3.0630822844400307 0.28452247563221422 -0.44125097580582051 -1.885916630831338 -2.7236472287718003 -1.6923591140942476 -3.2269642483844847 -3.5645370391474844 -2.2987562393345025 -2.8982400109296842 -2.3771490942641362 -0.51013419111169001 -2.8624243468958199 -0.90877754837596247 0.38364561183508528 0.056825087183777767 -1.5152031793155214 -0.12781246687917022 -0.58330992536861004 -1.5255299319306348 -2.136671894403523 -1.5235281845223994 -0.70265671128496998 -1.3492117417419338 -0.40750190512197448 0.33962208706573632 1.2975106343904557 -1.8094135077397886 -4.339323892097811 0.067355155857856952 1.9888268443891799 -0.063161456874770316 -0.12097223238735473 -1.2136238602484062 -1.0400851818806491 -0.18385125841523836 -0.95502992348804083 -0.48950682496879394 0.17456573494476474 -2.3709529599602139 0.10018979329916614 -1.170879378542893 -0.87021126131327464 -2.3513477279052934 -0.31304933845339977 -0.89810418321216412 0.64181256821105381 -0.19061673407904964 -0.85396816748990922 -0.58377493406468506 -1.1129850820225482 -1.8567500632504534 -2.277666588369692 -0.25792554899984765 -1.8051122285206886 -0.69578428483235155 -1.052167379718872 -0.42072766584203747 0.75710304374019521 -0.52577441115747992 -1.975680733381312 0.060040193256715196 -0.1939034042219461 0.38121495828879037 -0.11849503537902568 -1.9740140530236738 -1.4972511865692419 -2.882137451762981 1.1851183851178211 -0.76978837895530661 -1.8463317837276099 -1.6938446744260491 -0.25877772929681281 1.4511542305423721 -0.87699843440898351 -1.2779773779156549 -1.0944423894085333 0.74624903510402352 0.61972803251584885 0.24488561727077215 -0.33612838886560259 0.11959203784472974 -1.3024844436921352 -1.4985947257817349 -0.65166226534597016 -3.3320487515859583 -0.7550980144439986 -0.94901701883274359 -0.99840626593638071 -1.6098023992357005 3.6375924652947722 -1.973577718092389 -1.4859528217167244 -1.5935530673489537 -1.5869886814609546 -3.7325092798456874 -0.33400265597882273 -1.7145624925430258 1.5120815234880927 -3.5162276711970275 3.1413217421236785 -1.9440862629784657 -1.7918621955563994 -2.1780555437594753 -1.5652622377923884 -3.6602857943569393 4.7368048413551804 5.3255055829953539 1.6948632293596404 5.8476518687659436 -4.951036992641356 -0.95905657638864428 -1.653355459671352 3.9811488631171201 2.7785214756692183 3.3711289426592481 1.4256263088762746 1.8889400912694194 4.3692013263520471 1.6555018414016689 -2.2166301510319633 1.3241353401656102 1.3429743945468022 4.2297850547675235 3.7501415505358708 2.7504757838554665 -1.3513835219388048 2.6844317310263826 1.8199314109394598 2.9873404674379849 1.203439919993303 -2.6530697814681132 0.96032998930172464 0.37532271427354236 -0.62857186433248513 -4.6038582473212033 1.7161103847736294 -0.20238705116951425 1.5160782227464746 7.5887839945288658 5.9957003488919911 -6.7115742756497738 -1.1006180287550782 -5.3422207117402865 -0.27262945527898147 1.1383571762411713 -1.5513599792615149 -5.7697521128125633 -2.2698232536047724 -4.4806091023851753 -3.7216497748305812 -6.0276364745517927 -6.396177160712063 -4.8527083052122446 4.4351460013733561 -3.1656966168214242 -3.0571123659415509 -4.9754382124926169 -2.3018763299896774 -3.6294153989191313 -3.4753452914626535 -1.854651909102349 -1.2714180427211406 -4.7649998160063962 -3.7793110141051036 -3.0171405237882185 -3.0542051476167371 -5.2411827717673205 -3.9645392604300604 -1.4261584623887855 -4.1322713229440584 -2.9289111440768232 -4.4663735958514055 -4.3735600614400516 -4.5329351511717935 -5.2284697032657661 -6.8272906653079124 -3.6012373682209855 -2.0513572129645699 -2.5976670930922872 -4.2449694395335191 -4.3568386805838735 -4.375032678393433 -4.8661409970552603 -1.8848717051294519 -2.5133042959596823 -1.5838998531780666 -4.9553758204151475 -5.692517152021118 -5.0621802727619141 -1.7303533261394437 -3.2094754817264484 -0.41017475459305019 -4.0373863935836658 -1.0046994718649744 -3.546054253415198 3.4664148036242786 -3.6014675698168581 -1.1320306893071956 -0.38919064306721929 -0.81940030315974965 -0.67047502335073805 0.5330952277366775 -3.2346409567461398 -5.9625872864994491 -1.9324702175619364 0.87297231248543161 -0.46582754617225341 -1.5530583378150191 -3.6056777727886287 4.0361142509800016 -1.2366182337444116 -2.4310776751970149 0.86357808203941411 -1.0205840178520356 -1.7845572755842367 2.0166112265739566 -1.4002769560530524 0.80767741809360871 -1.3815762997919561 -1.072369632113483 -1.9795123299974435 -1.5624805362485996 0.072201302045899557 -1.5729721830363965 1.4175957680962707 -0.40896945748031105 1.0465870455398389 -1.7467921680740774 0.9072767569213307 -0.43501320462704801 -2.0744748534646256 -1.3450457851078561 -0.75087231635064544 -2.1529394779603983 0.73289973563701605 -1.11916903096998 -1.7038965316274997 -0.34842763765669171 1.8383755722889328 1.1913930953770198 -0.71194843724035695 -0.48259437926538939 0.45481692124714995 -0.34583500941843071 -2.4484803283590724 -1.0757552572225906 0.085468740097902368 -1.3872394714248104 -1.1792126864983468 -0.48585612614667789 -1.6487741713493749 -0.53313999549431612 -0.96043248408045179 -1.5806420773076857 0.25999998390595341 0.70660980433983533 -1.9516289614135893 -3.1497125625511027 0.48931548267091257 1.7268078057199612 1.123442467868832 -3.54731910426093 -1.0713075033719559 0.74086680303271579 1.1710997794910307 0.86129832952167451 2.3125799661551798 -0.044844117810452847 -0.078831709789242504 1.3753354022965747 2.0532188006561038 2.374906800662298 -1.4491638755372491 -1.902866386115899




