# Created by Octave 5.2.0, Fri Apr 02 16:04:14 2021 CEST <br1@br1>
# name: ptcls
# type: scalar struct
# ndims: 2
 1 1
# length: 2
# name: x
# type: matrix
# rows: 2
# columns: 320
 126.50016385628572 106.71897515664904 105.25498318923943 98.093343169392838 109.41992790907165 115.32570004983488 93.244969678416297 102.16291853902734 115.70283694039072 115.29149222005289 108.62070384025698 104.20719099535751 112.77473918780485 113.4703141835669 114.22741279119029 114.99186161686566 116.68245159358715 116.90194722125922 108.26757461275398 107.4382663007262 110.50905446780209 136.97103240599745 114.05920887496212 136.28155634345003 133.07189273357397 124.58749524535645 135.43397407027342 132.4554796201723 138.95256097528909 140.15554735176022 135.8345465149294 137.9214669611512 131.83734349395289 122.94687838315367 134.00157312090079 133.77933244779933 134.8198535784812 136.7808005491226 140.72964261531325 141.30783691902127 135.02374707206215 136.24685000508467 133.46226135041812 135.89163543245229 134.79040213212832 139.4728150184599 148.58426932064111 146.49476268735702 136.84680481725098 134.47615857610305 135.58880350846246 135.78770122014319 137.29941278121976 137.28565428598588 148.88834434054775 149.09477956713891 138.74416962842298 137.95230364500168 147.35893593293579 147.44566010027975 146.30034747559543 147.38659526350878 147.71539447611596 147.73760264805838 97.540961803693264 98.238442649602135 96.437215891190093 88.817098254803483 95.308457639239947 94.311362593754765 94.900922285863317 67.850966931681398 99.484749365611492 98.54321379442402 97.476179784685854 96.397311822510389 97.162296798891134 96.011933722643363 95.624877589686292 93.080660116837748 102.00113044325694 99.884197858884789 99.125022436249552 98.234859642152614 98.026711301216693 96.726600734743158 96.401691264028671 95.438419341197502 100.95888272064752 101.16685622078599 100.13432703902683 99.233218974045457 98.974474071435438 97.607492154940005 97.34978453203631 96.225335323565218 105.03266211359799 105.38356974016762 101.96313229125553 100.16170707191601 98.621890035152646 98.470545160093394 99.618182593896492 97.035994910698207 105.82653969604532 108.29954246461192 104.33244200211058 99.815151389790842 101.05989801264096 100.74641958715608 100.77219553224093 101.82877466404889 105.5962678075969 106.46829128990528 112.0531656900104 102.89751460545725 101.03417786371546 102.85936877645358 104.24045456823022 101.88903385533999 106.78086953195168 107.71564187550364 107.40754005362422 103.28318323921441 102.17132731515332 101.81141065369941 102.8898985859972 103.83339709987104 106.98038378951949 107.06793100330789 106.3856802069614 109.71883985614743 103.46488180143427 101.99781221896953 105.01608848979841 92.16181304356418 102.38214221705822 103.22855440625563 105.88270780711487 110.95161108918023 106.77521208802301 104.06772058968284 102.90637737958282 92.643192964092833 112.7473870269923 110.0883009970197 101.88765053047382 105.94370888042958 111.54555015959257 108.01442274169781 104.54004158215859 93.888722046330841 111.99725582509097 110.02137580133045 113.20020389783343 103.27992526825213 111.13372303059558 108.30654568393371 112.42351577439386 115.68473954950983 108.97637266882388 111.09213825933057 112.40385222502947 113.38961556667803 113.57320055139041 107.1973357232548 119.07182004816121 117.70399405399684 108.9457252934741 111.59434058291694 112.49554218395282 112.73333494012718 113.79300431627254 114.93627033940767 113.51990835919558 118.57676906264899 120.66029699061374 111.63416705682712 110.93275986698993 112.92145863590717 111.82100684963159 112.35922159251714 114.62430754512017 114.88671161942834 119.62586078301325 137.82347589386745 136.84734864348846 113.76951773322308 130.3082145993061 114.46271873176019 116.9440094090119 116.01876412553368 136.01631009480442 134.42386153507073 133.41523435416403 131.5714924347196 133.62332765470202 130.9968832886116 129.08807210051617 121.90510505223313 133.16039994226128 135.22960958134618 133.15524657329587 132.09925907877218 133.22092400326846 132.49061933528287 133.21573708852935 134.19247469220196 136.5026988543656 135.16448280545208 134.34939155546459 132.10959688665471 130.1151723796921 131.24332322126378 134.03698331107699 136.86732193091748 134.70331008450214 134.09392114757597 133.61907924421473 130.06958598592652 127.92365430351158 128.11064647323079 134.34333087316199 135.00053897875233 135.49566322670597 131.74114247483263 132.93690891148046 129.01324184951983 128.14338469250899 136.35159951421349 138.87400684680711 137.8384487916243 146.49526851069984 132.48970715881362 131.84536054008663 137.9896020389001 138.43153192467241 144.47019506340183 138.27612843770544 147.06352274011746 138.05306531118129 129.32320366244201 130.61954318910961 145.04415425242007 146.1815967077867 143.24072521843527 146.00506736889645 146.33240961111227 136.74415984136522 129.03449817407 145.97139303115776 145.77725314418538 146.99346091995881 145.68535595854425 139.19543497719195 127.13462877107744 147.67531793756103 148.34259210148861 143.25310525756944 148.77959718155978 147.93198064848065 144.76276635344365 148.42318276138005 149.66172625756192 146.81763762147028 147.12956887355591 146.39437505452693 147.1182608170439 147.93512189287023 147.02477777909064 146.59976686715345 149.76294399864787 147.59884136958428 148.24627251126677 148.05468804758004 148.92480463391894 148.83994835449414 147.53283577706844 148.13040820107807 145.30989412451626 145.50882792768684 150.20317427205063 149.25447578690549 150.04483974679627 149.96855087371034 148.91688420433445 148.39710056824993 149.49648869443712 150.32719885892419 150.11867864629446 151.23216996301574 150.90894954072206 150.93686467499629 148.91358833363162 150.38180599119022 150.57633420812175 152.35577835281975 151.27797312615968 151.93690886182321 151.80227267064785 151.01903278529991 149.96902607300476 152.18342313891435 150.84639063898027 153.45803667990239 152.24244230683064 152.80760911214759 152.6993510833486 154.37390416802518 153.28057466730206 152.87997330715731 150.99289521611101 153.4307329076758 153.05218522696046 153.89667710437647 153.79243703939906 154.86277030693756 154.93391632088543 153.9541162482335 151.42852294783185
 44.682128832144514 79.714713409451221 86.45739044516047 124.77635215201144 77.083834071327715 90.119884006197879 126.85196390601546 101.21860432980277 40.443395142607535 56.680659417301904 78.084137893708188 81.444896574492034 92.760038662612914 91.017844672197569 90.211026974881094 91.365714711037711 39.403744700289387 40.550670382002487 79.602853432010875 75.177153703383439 76.802222270741012 79.494011840449105 91.987238518092084 80.676359324512703 75.320380565121084 77.534433524617029 74.572042751323337 84.829750756776903 78.450306424353826 78.812638827587747 79.410938318710919 79.987665114825447 73.107654483707506 64.973494016386539 76.762085041926937 77.988868612665414 77.598590262883377 77.965228015844957 77.799062819248903 78.974616959712577 76.261859099291769 76.063859207138975 73.004720378374756 77.02823428619692 78.689418740309748 77.52003776164365 94.740885738813091 93.129081368352033 74.543508101741864 73.515361668530844 73.522625510053899 78.183468680290517 75.473022725424229 76.738578727261952 95.856191004231263 93.741293055503093 74.933740412369048 78.97954614541797 89.613823984289468 94.976949612944054 94.774125935960271 92.000430879166132 96.45821224496504 93.72248956117825 84.398840503807207 83.582806716893671 84.386079988754773 84.077161445208603 85.835956985105383 85.306829464767091 86.843556228173384 105.42947998311855 83.725100028880235 84.74908224614731 85.479011637542428 85.527144513106691 86.475141645466778 86.659703509604 87.864379855275018 85.069662568772813 83.65644620984034 84.79443450133661 85.779967957219071 86.311809209953964 87.335985860296248 87.520001709418651 88.604675617470519 89.145359385449936 84.454999752418132 85.628521223549981 86.074819323304254 86.847097815969406 87.918085196995463 88.307500443019237 89.384327765477764 89.953750366145812 82.24448948668784 81.118916679166603 84.849800399703113 87.437692163449441 88.949137234715508 90.230044511274684 89.884614036482148 90.619144641925288 74.201606796454769 74.493583446961324 83.231677177853129 88.702260393804707 88.01210428129616 89.26529216314843 90.340645873899902 91.222487740137453 73.10565401062108 80.837023295012557 78.988114338035146 84.283596350079648 86.762154506213136 89.253363631841182 89.30516106850294 90.023047064117634 71.700798024753212 71.206254963794478 78.862578697546653 83.230021263903154 86.055375363945416 88.810952329001324 88.063282318525395 87.466723775227209 70.05647825534156 74.106496573264508 76.926627081219749 78.21574530292142 85.774519588238178 87.345292216880736 87.568207964734512 126.70034984404238 64.114367225306196 63.452028419566382 69.408799561381841 78.309141944053096 72.85241933174585 84.259970494596089 86.7295702152703 115.18324444903193 47.727630240081439 45.448620161586852 66.077511087547819 70.900771318824795 77.343455309547721 77.012143733797416 85.326115112033222 127.75459939497189 46.814433005917685 46.646955050921505 46.764432706917731 64.776801600653428 75.391154649944966 75.930481217308341 57.398612321853172 38.869015281211475 45.212798567739888 46.058426337593581 45.769642202374754 45.120885227604269 43.987848179288136 76.206868999129625 39.106507408796404 39.35736636685548 46.353112307342492 45.011075915191427 44.393499624079979 43.185844160334788 42.910613849401543 42.607281173611121 40.040398124755747 40.107703228141965 23.03082828160435 43.751381184625835 40.808601974850532 42.095724787676765 42.12445953618839 41.115844869017771 43.667619337924705 41.483712718293965 23.876399228811415 33.461207360696754 46.902285997987534 41.423035878401336 45.408241569470619 40.525935397224124 38.345895422492745 41.601714587613792 47.862904301856311 47.616346752035263 44.700337023032738 45.200078064995488 48.298658339662339 46.364918280258429 39.530062275525708 65.634760999203394 46.102905804640983 46.791477291393377 47.307718957743511 46.267335808720894 49.410916540276119 48.257788364626499 71.844727417254504 75.588679131056395 50.60291373031108 48.662792482808413 49.330063705679862 49.336298107183943 53.843044945733446 51.810407171220078 74.539813057352347 73.439501612434256 51.251806656667924 50.416932778020602 51.615717284577677 55.228273476112676 55.552579430140739 56.806819495084476 71.553540694416341 72.650141734238602 49.954774130147442 52.762559168419159 50.682988402947878 55.842683179428114 53.862405406298635 72.576572022487156 73.579656659849931 74.05141974621742 47.989075900744737 51.719702612864481 50.711074743787194 72.870517719638045 76.478121843769159 86.886720077290292 77.599870995171599 90.834305796626978 60.17875067267979 56.914377615081023 52.684727690177901 85.92096009926 86.110442921179597 81.812596558414228 88.755461219364719 89.911757598035436 60.153950647527402 54.756723657344658 83.355115045492241 84.886811493472578 85.368577277449546 87.070974304601677 79.599510418326943 128.98599060072752 70.436962894176844 69.486278020747775 84.899141204271785 83.13783310392094 86.343076923653356 88.356686729518344 92.921438779165072 92.581595365117565 81.257712891836746 78.095207475679061 82.269957952128138 83.952244170329678 87.562092072075529 86.817178114797812 87.895485022070048 94.652874786318662 82.355315566710672 84.113396692500132 85.139441389675568 85.699723227385647 86.882394542050065 88.530156472425077 90.431290233486891 90.470421778974654 81.59437999509629 82.998493986049496 84.571622927182389 86.529603025745686 88.354160401186775 87.92976273620944 91.51012220317709 91.459975676034588 84.230088068378663 85.43800206904892 86.427215542481363 87.656432659335621 88.962289331531281 89.057565366123697 90.898368309820114 91.926939677643702 84.837205317880134 85.271667032131688 87.305611458853292 88.35333243540029 89.987488278296837 89.450368714837495 90.212738461116416 92.953690904247281 85.593536638992873 86.08984418911011 87.941573955240202 89.036402159327551 89.780062304841323 90.167140516871427 91.168587118975552 94.364140562352517 84.300245593680003 86.883981287366097 87.796601649514727 88.878817697970092 88.672984340474557 91.981500564859502 91.184366253657259 91.106308872914383


# name: v
# type: matrix
# rows: 2
# columns: 320
 1.3579693284185725 -1.1162954245304701 -0.27109607435173416 -2.3617106020879088 -1.6723887133537185 -1.3919795452751704 -1.5933834332754224 -2.1848560259870178 -2.9383950253299083 -0.62397535907694635 -3.3736736585094085 0.15335207529557851 -1.0560266667798981 -1.698010782380591 -2.2486496899722308 0.43584031766497611 -1.2613755911696498 -0.67214801469083962 -0.64661768979639456 -0.91020232105740639 -2.7024074282825397 1.3223942890610121 0.39460654527752587 2.2274424226441574 -0.41866644922133683 0.18963793975630527 -0.038355528713499468 1.1313036246855084 3.650554816956193 0.8994587674015958 3.4133367275051021 1.5594003438315034 -0.97352007514696792 0.7758111235841133 2.614844138259353 -0.84046274749632688 2.1135279547419872 1.2652809138223167 -1.1277377249552514 1.5958587038762588 1.9119374433190368 1.4506783738499012 0.087893975766379279 0.65536120414048826 0.57656276343492674 2.1636290741633206 -2.561456057491053 1.1651509369193762 1.0220728516958961 -0.41417877339041936 3.2159172928734603 2.109708554673706 0.26757217931499672 2.049067246084133 2.0547573878349668 2.1638393515189165 -0.60941535310139983 0.32918095229407018 2.8324672531675312 1.7847605629349823 3.6439969720676211 1.4564091860856159 0.0025116354173893192 1.4268343201452938 -2.0620607121994365 -1.3816380461392646 -2.0359501925663257 -2.5555409142093808 -0.83736113503919429 -1.531195673521061 -0.28322595557298486 -4.8083481724781443 0.28467849082615904 -1.7416418212345735 -2.6799058013431858 -2.1651455882878632 -0.0038913596119866251 0.80459244381532424 -1.4601510386514271 -0.72694764688005176 -2.6237372817658899 -2.5820902868465367 -2.0633698040612822 -0.009116888478405534 -2.5577354800109124 0.13429535043815019 -1.6203208787841481 -2.6565149034334947 -0.16686898592928773 -1.284761256976664 -0.17552776585063457 -2.6277885797887883 0.007147969866814527 0.33739965887999307 0.63727700134885379 -2.3289319893614451 -1.8368927231944356 -1.4175843751144837 -3.0831510885904594 -3.887410482159297 -0.32004893989705852 -1.4998628902251849 -2.2155329906907424 -2.5410216251697042 -0.67404609805793936 -0.25495484170109373 -4.1256185988103145 -0.4296016686348364 -1.774050510678963 -1.675735009756177 0.17261694013341455 0.73805724414559204 -1.4203579155953758 0.95748802193207472 -2.8551114809127025 -0.81550586846556539 -2.7607723947055991 -2.0074072999343846 1.3599315908538825 0.056250846809171612 -0.35622000826136446 -2.9041885609014932 -1.4592061073088556 -2.102043113384287 -1.0970539043095733 -3.0394946062357957 -1.9018698831911829 1.2467765259560233 -1.5661628813362938 -1.9309121713811903 1.6918303819270715 -1.4409107955901197 -1.495162934523411 -1.0178825353720686 -3.5414424971030423 -3.413199556015893 -1.4741144516040905 -0.40512372826368925 -0.876951545431645 -0.36365714707292313 -3.803705748554099 -2.4836938236524455 -3.3813030750068824 -3.1420302346738094 1.2431741195190873 -0.8077288546445196 -3.5217800022634491 -0.10246256851124744 -4.587902722621525 -2.144297167556787 -0.76990100079324819 -3.6973379050378985 0.62224900824432239 -0.16836561063396893 -1.6781153883024498 -2.3831307019012105 -0.46610232538782481 -1.8074110122525231 -0.91553894821569615 -2.4247077346104224 1.1628358396991574 0.77551275011806386 -0.53253429855096301 1.3694264184996587 -0.16759920362366265 1.9541022653725246 -0.16417734742897361 -3.7650875885184512 -0.21330645426588249 -0.57925817521587986 -2.6776033030893354 0.95273808921341385 -2.2382196842999114 -0.59737010059930662 -4.1776552159217806 0.49165054822758569 -0.30738421130884475 1.062051723372724 -0.22133201165249178 -4.8189797688436906 -0.31138421186580484 -2.0969630889145967 -0.29842385121598114 -2.5642961463665594 -0.42406884067638762 1.9063454546835059 2.2674146817215726 -4.0644998063711171 1.6773245212150274 -1.5259574311205111 -0.28316961505150751 -1.1214288421535104 0.80582239367826991 -0.92725467353068614 0.57721638098129124 -0.46604511956568162 -1.2135011698043057 1.2894040763995316 0.9259881844467065 -1.709810934158958 1.6940427745393472 -0.92095577938962858 2.7166021614933258 2.1127119132491883 -0.49191842802799701 -1.0020320872996253 1.1244505694970239 3.3547037007917826 1.3096164609662702 -0.015473671466594299 -0.31440531889871642 2.4659743772931311 -0.2422393818850466 -1.5754975027725588 2.8520382273366365 2.7402990756347312 -0.63827943314117719 -0.64363339150588106 0.59556853875792914 1.3791114786238226 0.23651563931678546 -2.5999884039305345 -1.2705495946275389 1.5127529541761593 0.18543492617181936 1.2937868261465091 0.76726210294863439 2.186512355151669 0.66604490195860666 0.96065070773876593 0.66258776079972703 2.593695481176733 2.2728166734052841 0.15786310870231668 1.4506452714408282 0.25151111803472742 0.20458695781593864 0.86967740869820165 -0.87998262500667224 -0.2595505545275319 0.078986461136809016 -0.24829487162680869 1.1171532935905633 -0.067910951172452133 2.3211204838354771 0.76630942598018048 2.2708515648335577 1.0572198297781012 0.91844187085569451 -1.2434282293038581 0.90861253488029614 0.49549070191078931 1.5389705990901277 1.5328033461015607 0.070811867933983946 -1.1396072695747648 0.52630617144351033 2.8717196380626087 1.0729328543672638 3.8064711195384611 0.72229713139465457 1.7141472451132067 1.2759055651233122 2.2438097557091332 2.9332591349323227 0.88167391345715806 0.83839687654244932 0.018228539211775273 1.6944273910998549 -1.4023627747532914 0.8828755792670181 0.81774636936138889 2.7463538133070422 4.2229053143868374 -0.7738216589239636 0.55912860954356136 3.1166202147271473 0.44017856653809506 1.7326687508092877 3.3414888763425745 3.7361752319392849 0.89143497364328472 1.729955240022049 -0.02097800353613672 3.4045140324827168 0.74531592016747195 0.72440942617693438 -0.080797256521429384 4.1995488809371349 0.29096409123661615 1.8694543746772814 1.9654164337714481 1.0824984939888407 0.75041103270078413 0.66377582364663101 1.4139062469606842 0.082430032841251846 2.2708160521823291 0.93602522146964973 1.4768555878257534 2.5935186757040212 1.4098627446280068 2.065982614106975 -0.47210348314814016 1.7142628634521164 2.008776463987973 3.3777284669462397 1.1811295547577356 -0.46049913789173169 2.6438927990035133 2.3798574895508477 1.6030690098075022 0.2176211669022686 0.60035678329535014 4.9888445347216752 1.9717403799850877 1.8518845999218896 1.4697318277886526 2.5944291956948082 1.7656980977055206
 -6.3445512990119379 -1.874187147084079 -2.321036790993992 3.1959294126884794 -1.8944799832767454 -3.124011045105874 3.3219648392081309 0.29108599795669898 -5.9145841374588848 -4.5400459979297505 -0.93225076552856523 -2.1591371496847342 -2.2641061970382679 -0.80217803257320242 0.50858643586908114 -0.62357349708404741 -6.6093979370470839 -7.3870770421158323 -1.1139641944189442 -3.3113537928995966 0.38008575174334469 -3.2965860200335513 0.75632175245999789 -3.4281291628821373 -0.89283884741880248 -1.9360448762617062 -1.1564845719211887 -1.3688265063269536 1.6812760139704985 -2.0093086494457175 -2.3281564066794069 -2.9951005604684551 -2.8259313504443404 -3.0468619671440433 -2.2415943182003981 -1.7918681221517367 -2.116291213802338 -1.2743788486764536 -1.0842131660843817 -2.8375712524547465 -0.11978260296974944 1.3890031147870887 -2.0373666738445029 0.0038194727970124742 -2.0010182625368613 -4.4849066906657331 0.30303166350273625 1.4643426696304824 -2.6991512527053185 -3.2527890047810417 -3.532146822475708 -3.3562516010914552 -2.4537791919668739 -3.0155443865201041 0.36291880342906352 0.45248172737046055 -1.3906177191118834 -1.7476632977096107 -2.2660110298345741 -0.70703145806692835 0.6897403480756088 0.18636639205505409 -1.1758962679039173 -1.1782160071186727 0.79861033642099621 0.27095411134209318 -0.57356588384318508 -0.70265671128496998 -1.3640014904823086 -3.0510315527901808 0.11118101104727274 1.2975106343904557 1.8177836942960583 -1.3226603288375569 -1.06228204609382 0.0080057177830754681 -3.0509050178004431 -3.6946857649710156 -3.1301567363518199 -0.14403767612754317 -1.8220434504497673 -0.4893052676079484 -0.34409854317492183 -1.5747006310112788 -0.75131907687487198 -3.1659427641972271 -0.38217717261002404 0.74994152016338034 -1.2816518520679698 -0.40794481040451069 -2.0630587366694915 0.65261451607252918 -1.9961412010054975 -1.1976158394705165 -1.367547539942489 -1.3878735867096661 -1.5315975433390583 -0.081626314988989437 0.017980145685861669 0.81793093948698437 0.62991590579409551 -2.0721068486424055 1.4381050438648226 -1.3063433627706413 -3.7356790872206296 -0.50076254681342869 0.26618638459223792 0.61017248198642193 0.79195929423995626 -1.4486300761448063 0.67305785521640238 -1.4221202773728059 -0.97741718818961454 -1.6423458779227103 0.26668154905444907 -1.2029690519256275 1.392521153640669 -3.7785847888625921 -2.1280507382646614 0.98533958510044561 -0.37937802855076674 -1.1816203697427528 -2.3906671393538876 0.81465802568507073 -1.188696201824321 0.26957354229734887 1.7605928491743019 -1.7525454955212507 0.83045870858308435 -1.9003858851504927 -2.9204722062928936 -0.36475204635655634 -0.94855285209411655 -1.8157496323869806 -3.3095477980632886 4.8771158678353759 -4.6638900948080773 -2.2187382942658824 -1.1036200864871888 -2.5482111484802377 1.0143507391703175 1.5655644129073631 -0.25246761114539013 1.5120815234880927 -3.8817017254182966 -6.8646796241861194 -1.6826539954999151 -3.09242891035725 -3.1541710850431453 -2.0056905410960919 0.010875872675226484 4.3117467878296845 -7.6914340576464362 -4.0944694535817936 -5.0494134623709899 -1.7893714108550387 -1.7730819674783107 -2.2194079710874965 -4.8047683630626112 -5.9151189179514159 -5.0780526579372234 -4.4931494009811672 -3.8527990761295956 -7.0836195265693132 -6.9035876824134315 -0.87006920134843679 -8.0162365898866312 -4.8184848541297391 -3.9583353885991506 -6.5253130088210147 -6.2844833913939411 -6.224078252922105 -4.0037249848076408 -3.4762672985127039 -3.9680429864847695 -6.2959121981426618 -6.5869576046468588 -4.2036953605582124 -4.6137368070912252 -7.3851263891922017 -3.7252106974067147 -5.6997280920224735 -6.3952397997345214 -5.3199776117925763 -8.0112690045440171 -5.9957003488919911 -5.2350865235569826 -5.4211987203099286 -4.0316299677285548 -4.9221441080186805 -6.3594835428374541 -5.1658548140498732 -1.9665254628323661 -2.2297387527556354 -5.0291084429955299 -6.3348985198581804 -3.6107099167624832 -5.4491482092430585 -6.5093544091306157 -3.6593835246019739 -5.2845592596966187 -2.725588975556049 -3.4214824920784177 -2.9481566964042139 -4.1682401728459517 -5.6986643841661557 -3.4020638888957309 -4.1320838900272614 -1.4211534883216175 -5.0124574738110388 -3.5828343704667285 -4.9558815395873461 -4.5598717047999173 -3.6989294195486409 -2.5189499706019958 -3.926838970823427 -2.677556218801159 -5.9332856250969357 -1.903445871843672 -7.0448735686455786 -5.9592003572656012 -3.4196485625088555 -2.5489124022388889 -0.37288127750350269 -4.4989857645519944 -6.5069298462118992 -3.8090750822038926 -5.7780694057598225 -7.1949354966817634 -5.1875567807248686 -3.8483296801541851 -3.870190052782434 -4.9553758204151475 -4.4963010054423505 -4.5078434911427596 -3.5725570195851102 0.95449363733827564 -0.6255932851903071 -5.9853086242446416 -1.1800662376555615 -3.213587459221428 -5.6225831544130562 -6.2958932787430415 -1.8345279153953764 -0.58377992992481431 -0.81760906385496512 0.18171742162455495 0.094972274896074807 -3.5671077509399374 -3.9649052586423341 2.2332434599347559 -1.5183431896622275 -0.11233575283030277 -0.6302038367935987 -1.951801246536403 4.0361142509800016 -1.3023300309791641 -2.3653658779622568 0.95544653881849706 0.77230162033524219 0.81489015776992679 -0.3404193830725572 0.102261483136733 -1.7749296375609098 -0.54780623757749058 -1.072369632113483 -0.11974669255431405 0.21986175175448711 1.0452658984984313 1.6551584930180594 -1.2940674288735432 1.2843290568723837 -0.02265270359804759 -1.0961786685142347 0.98242624244100107 -2.230959545924863 -2.4917760458514415 0.66924428092046906 0.57831891926414525 -1.7703763368454091 1.3133112616242402 -2.093695592513364 -3.05164877546824 -0.068584924666070801 -0.16270199880343425 -1.0686077553090065 0.32715755328012969 0.49458379322232349 -1.0563224583445019 -1.3283677297507575 -1.3736446570436633 -0.2730101237430137 -0.90043982514016419 -1.405952114105858 0.34873394532453483 -0.19119972047691919 0.0027888395036402558 -0.30044044509363821 -0.098746735967376265 -0.88213436886648011 -1.9312529063377435 0.37491078715345283 0.11326956295266108 -0.83687838297828787 -1.8242947057616128 -1.4235424049878467 0.17123630616429547 -0.089001967479115762 -0.87801126112524208 -0.95432866069995115 -1.6571402323453281 -1.1129605449360493 -0.9028766210002801 1.5677410912357546 0.065865666274737861 -1.4413273959949753 -3.0462185896187233 -0.97535306290372081 -0.86767722598023034 -0.60422125725756326




