# Created by Octave 5.2.0, Fri Apr 02 16:08:00 2021 CEST <br1@br1>
# name: ptcls
# type: scalar struct
# ndims: 2
 1 1
# length: 2
# name: x
# type: matrix
# rows: 2
# columns: 320
 190.32021911122189 76.691310457722579 77.420678939470051 52.394243018992043 82.062126152811857 107.16692548031259 29.875154595707947 59.885954436155949 42.172418915435699 115.43018406849832 81.698460106898665 77.816131671681063 99.710484656220558 106.07331902609056 105.26184756496299 109.42090072901932 21.787988296050166 60.793204216521985 78.750936551253503 79.759872436020757 80.65040462413323 155.49049114731659 106.32495855245175 157.47927104091931 154.36756236493028 141.66510087899746 154.52375631383703 154.34620475784828 162.80600837675743 157.36313115636645 151.55672030105569 156.28711577164813 154.86409843971919 144.41545993290168 161.44678961777888 154.31330053166056 156.59681002916753 159.93423246115967 159.45587397568664 156.37794249339839 159.50005952223847 160.21748466360489 153.7235046167861 162.65143779185846 155.72899213901871 168.45565781130281 175.79490207247645 175.41808784807179 157.53949352193334 153.42602293566139 145.1274434386367 158.47783331680353 160.31573006800184 157.26279242938639 177.06634149333334 180.34908655887165 158.39898717116114 164.13945259225974 179.56771039431482 181.80498610361875 176.56940837360111 178.1767790823842 177.48558765616036 176.44992732092248 67.266205468024538 68.059944132348079 66.958025428156716 39.367381564839178 68.245915417158699 67.987502256984229 70.078321222821856 25.190570205774137 69.442248603464051 69.331776481319949 69.225755228924982 68.407497409047537 71.072863431811996 67.930679282901195 68.747612648875219 68.776330637146089 76.982249329365246 74.948457183043971 70.67812907908241 70.176062847997258 70.458943811176383 69.069328545903602 72.058784851616352 70.165669919743507 78.4124036473345 75.830381499747929 74.751053407043898 70.483347286212691 71.437276664397587 71.30683012664872 71.87109344905349 71.667743680711212 103.96718646883168 51.542279418031228 76.080950706758742 71.551635727000573 72.331735582615096 70.581606013356861 73.084739560496885 69.485049786401888 79.273772484614682 81.595295728374282 78.261086789613998 72.396108843158274 73.233839467522444 73.913322965682681 72.852723480371452 75.042749319430115 79.140966319926378 86.264361151027941 79.908551381002255 76.61281203335912 73.644383053907063 76.218958403981318 92.852796505329053 72.875949723112797 63.159252598863304 82.836408047206206 77.57420024925932 78.040051453616641 75.57632877165733 74.076028895922974 74.275072945743702 75.577824383597104 117.4905029965504 78.27257992504785 78.193874450042273 80.604182057960386 76.217048538881969 74.318340504146377 76.778556865626399 40.510835739187883 74.472181754562399 73.419134060958839 82.587796752554354 97.619096513947937 80.53285965037459 77.632905313440872 75.109617016161948 31.844907923167476 121.76947077229234 123.7194502301176 37.896453936789328 80.492481233809031 79.244910465834863 81.021706188985803 77.140493164498849 40.488645128144675 230.20853717196059 129.06453760556471 147.18544127475673 74.367221763709992 78.649446780794307 81.791873685706449 106.79344847858331 23.031680751763822 128.48629935370329 117.1665572457691 99.406190049240905 97.551845151569069 62.340971650798764 81.201346522039472 42.853528996406645 62.97359733219988 121.79067181408969 125.78468302897129 120.24653201822109 64.783432761582844 24.006811633639835 24.902506053309583 89.142601744545431 63.702296988178375 119.11736807859862 102.66293979781365 91.359454331215773 63.742274734141681 94.650883194138018 125.68693370900776 123.12563124016171 85.425253408648629 91.127121474778988 175.12043080459716 145.8566918672156 61.95119251277508 166.94052001803709 41.895909971810987 42.945966313001144 64.380050906127963 144.80106820476598 148.35249569754399 185.41249415343253 176.20702183691509 175.28456165925741 156.36157299298139 124.73543967587214 126.0343218352223 136.8449098653158 138.01007665983053 154.17322300065254 174.33476857043698 166.20736922550128 153.89390072007467 155.2974218928945 156.70363265337596 122.73738443839991 130.74455778919415 158.74110456678656 164.23377533058232 157.94945738886142 116.49584950921071 156.02234785448741 158.11718547997842 163.86452917587789 117.4962306592566 159.03217524502847 123.29119749228157 122.14882207079107 127.13992978676242 158.36290443899568 153.85524996353217 116.76253289039032 121.38230446270836 158.8033760402152 117.69637439300379 227.38699605891236 156.58934153001536 161.36994953838283 155.83619883991577 190.47427114109601 115.17526518983085 159.97320145534007 154.80631234917246 159.25746215452315 172.60409517474642 170.24804046113934 178.11207187035833 147.77831171474901 87.96972946634682 128.96264567976775 174.32780166474814 174.27844719443326 158.61202524478412 175.35604463463747 176.72188215096602 146.86982011057415 123.52510356349754 173.54556816383061 175.68597284432369 174.97300774548773 173.84633445548366 155.29004579905978 105.08322810478177 195.83441752942744 185.87018079887375 105.2463516921282 182.93492099250415 176.61910306258858 174.75516364593514 177.58216923960637 180.05964846971696 166.88647251481939 165.889369346595 161.03407835299726 177.89888890315248 178.41340842210266 174.27473800571141 174.90588462990087 177.59931344138911 175.61831294309488 181.23798973960365 178.54341461407694 175.9381994288577 177.61561133976082 177.33723959388411 179.2018057179753 172.68776979659961 176.35121312490389 184.56249452273434 183.85170861664545 181.2960259860794 180.16909365814706 180.75854380265667 178.82124672836019 178.68571356765693 183.76519938147663 182.26278791493414 181.81245243754128 180.41871838135796 179.19392345479901 178.72794362619581 180.67683669497282 183.42989100481759 183.54234185212857 182.96359114168641 180.99942525188891 179.84355352035223 179.72968452732198 178.99694220505125 182.27870266588704 181.18722117545059 185.08881104679682 184.07139125251049 182.2253540053527 181.52759329701965 185.29008133536584 181.80605429260615 180.92694924178261 171.46385687139104 184.06402865623042 183.42246251293884 182.70940528201393 180.37553665769184 184.64722963076238 183.03260365351966 181.97012243917354 186.04309107279187
 75.951744150787974 58.247194640227704 70.501825700721142 186.61758628749581 47.909587058950315 66.089040383602722 191.12150312098791 106.85111839028828 8.8807846078004218 19.459265010630663 49.007520777585263 72.416974764337738 78.200348814464434 66.260653587157137 65.554463452765276 78.274994733750049 33.453942939260251 12.892464978816864 47.729985643106801 45.730658757998413 48.637320786491813 32.923267753498386 65.238626482435436 33.38892869770563 30.111250610195889 44.364389418683608 32.224589591371362 58.342957859336146 39.817046778536024 34.583002653985801 38.090170752525331 34.88221337495802 28.522940694221528 32.499968732487652 29.767702656635898 33.830999716210897 32.469347000859706 33.152219359891632 30.80651497764967 33.709968560894445 31.959628730194769 28.236147934693378 29.240727527054727 30.104946610262154 31.840108068947675 23.4916922281786 81.743154511770939 82.691019697769349 32.087873513378824 32.397905315790339 36.288852016271491 32.776791791972776 29.428031156157786 30.37686590492239 81.810676708526486 83.659322209600106 30.260963121138399 59.902474785128327 76.667524056128315 84.300471389424928 82.834390678072751 81.683780539245618 83.296773037874019 80.871794181558741 71.951001992497041 69.036731673630172 73.856690434254347 70.480754081825395 74.075900693004186 72.880973503136872 75.377554933045616 130.53631075856825 69.760839684874298 68.613599025817905 70.810536274228951 69.990625706468364 72.177855135121362 71.003984114664959 71.761331299604322 75.135926649282368 68.700943867584186 68.229040853633322 68.147625506668589 71.676274967971921 70.33512929721293 73.201048859478732 71.706057070784638 73.407623304838566 70.174727281229195 68.853457256017876 69.25735233890795 69.267201797421549 69.934873836730432 70.988763481581032 73.084106197477723 74.265993355981792 65.238286530145331 105.77610400387586 67.645301886942462 68.71577933765488 70.570099347250888 74.483327713824409 71.295747076222455 74.238699945152518 46.660496390365537 38.128671556989914 71.36592990462762 69.388344345698869 70.218152032692402 72.415439742050324 72.546178429196701 72.384054751765007 49.99624591678662 70.121734966872282 47.654994359883823 69.820127046134857 69.215545413647646 72.017239359351152 110.95914862605009 73.615980731990604 58.2899094125573 46.970403502575152 47.647156467109504 68.36352478228747 69.971422138201547 71.285658548164264 73.586456731035668 73.385769211515324 47.405083186241235 46.752489879789429 48.932378504063827 46.488345439894097 70.954876571191321 70.217732453563542 72.96871556627903 196.19408171518825 10.46862946768292 9.8180790817786363 37.473459682606446 49.292546055867632 49.836496407931513 69.525557729434013 70.954616797620588 144.44202192852146 31.917770781635401 37.546524091951888 28.497226053740388 38.325639378582601 48.715172700260716 47.585187453682884 71.56702898217037 194.99620921568891 52.100135787310847 43.665978714984853 67.919620725575328 9.2742227883325512 45.661551822612928 46.500111310453399 52.283182196006571 33.703797587285585 10.663210738518579 22.212393225120476 9.252598887636605 42.143498178078985 3.369749992543686 54.319790945186817 6.6395297033638485 4.3687597054987446 47.148742630820664 34.67946701651865 34.822084599755158 12.430901916209121 32.853999547127827 34.19786223601286 37.510873510854978 3.4087701300079107 40.401329625811606 26.876354610290853 13.095091262358979 5.2782475388688574 8.7752986884331907 12.086851264943846 1.417678117141264 29.818949827759457 77.742371807012447 75.356840686466043 11.577991662332076 4.8322823836812265 3.2702534710707858 7.6030003236481294 7.8559385374063648 4.3626329439574549 12.167882513133197 22.600983007314209 28.922378632720303 9.3299741693909102 8.447963597840868 17.235915260484948 12.727946522035154 85.682099266237927 14.993847226835868 14.926893999586914 24.009932332351774 9.1397061807688385 2.4224361004794011 22.806798853480604 29.482320299627357 31.366010570476181 11.179988458827294 9.1871861906787196 13.418645983404993 9.2562486366081771 5.7877906962584946 4.8654444715858709 28.581595076369059 29.236783223784808 8.1705979458500231 4.1280526586308 6.2182003039838687 31.834287906403649 10.211022029660592 35.439100620608308 31.384181681346341 31.41830756550663 6.0643680981348487 11.37783620674483 5.1830608153724684 5.1303402340254012 22.242612858328016 29.514846705698634 28.563697511978333 30.431708269443085 47.897446224292842 10.25078962270964 5.6901230222080761 31.197723659964982 29.550990183646817 78.871519644623291 13.406819190666106 79.715689541522252 5.0938075388995765 49.157983706816871 22.780538951625495 79.559384651643441 80.802976283118312 65.957274758846211 80.459210128566539 79.809192639086021 5.8675078947725332 10.345620225026927 81.983920177862743 79.301830375107642 78.589971784344868 78.047877053140169 34.369426097811967 192.91519864276427 54.200364930263149 27.952367568191619 102.24923550244309 75.060007205281565 77.258221341389387 81.784146729384034 80.681742082171439 82.638843613763839 79.519416783658528 56.452310888442568 59.253823307479571 77.996252797000054 77.068536394784459 82.879984284995388 76.814246480816962 84.899589858153846 77.646494823784323 74.616761568206115 75.845020356282845 76.21175086122058 76.397133676937017 78.94775604993265 77.801930441306581 77.832323385519047 78.398458302308711 79.074825020803146 76.067193024579353 75.721201313357597 75.716315803615416 76.614010496254977 83.630855902060546 80.756309991332373 74.408105483682135 76.791744386438651 77.835491056874332 77.858236757387075 79.686596012193917 78.739097122884331 81.803481976182979 80.957631313607578 77.061438689032229 77.972909701594205 78.80627885566328 78.784459940145823 81.373268006563393 82.347072366827774 83.22047629380198 82.778984576690618 79.993012388613963 77.99180856435342 78.947509856985235 79.709445642102665 77.769272237083982 81.838394233337979 80.662401434042252 109.76407421562067 80.01844202507769 78.978116617344057 80.007576564525209 79.69109107803699 76.851183956671207 81.979160028417667 80.775448695064327 79.493436981094774


# name: v
# type: matrix
# rows: 2
# columns: 320
 4.0452272840958052 -1.5491047806532685 -0.64624447932734075 -2.3617106020879088 -3.7089077565275379 0.33490684351111677 -6.2106094508590788 -2.1848560259870178 -4.8060335948441972 -0.60100659307165627 -3.0488275500311235 -2.3127613591164855 -0.74118715823311598 0.26405489691489126 -1.3127733640630532 0.0054553980679680576 -6.5295026739413915 -4.4819068742017949 -1.3203554316772661 -0.44208257851836719 0.089850823906534483 0.24755868977735493 0.79125634467386008 -0.15017619057913512 0.43108816216806367 0.35029495785484888 2.1062489438168344 1.1313036246855084 1.7875350110661496 1.3598744974433388 3.0128946453212055 1.177316080719617 2.2409522722160569 5.2435936435317503 0.044153929451161533 0.27931047670268205 3.7806597425521047 1.9599427056698815 1.3411197082689206 -1.6225690340974539 1.1910007411021992 -0.056844833261310831 1.2434294027566137 3.2171768418987567 0.9913810557295083 1.6961192366017308 0.4556893652251679 2.89492627875978 0.49341690179329656 1.2095801658821053 0.56229828007824556 1.2389329370243727 -2.7477579072626788 0.039512589768204973 1.8588647303025239 -0.76222633160633302 1.6084142904910315 1.3293554749027776 3.0647653995368991 2.3802751510454123 -0.12962799098856465 4.9042592594023446 1.4888544683616298 1.6674520476693129 -0.21378653602438935 -0.62745663673178353 -1.6085389734006277 -2.5555409142093808 -2.8296781130343915 -1.0309350996383069 -1.2715830568177997 4.8083481724781443 0.082941220899566986 -1.0463068098774297 -2.6971241450576513 -3.2337047494515829 -0.081094257271552617 -0.086597227900191934 -2.786470537919004 -0.088527768510028998 -0.77049726972187793 -0.88746609356629846 -0.45887586386853119 -2.8137503525702616 -1.5767479418053461 -0.67054918271019226 -3.5077759719821953 -2.4177460722360671 -3.15299778120115 -3.5599978810941368 2.0614319612458818 -2.6548484469789861 0.05968742997825302 0.015875640287764836 -3.8546635469530393 -1.8545864973479211 -1.2192157653257225 -6.2008401770682422 -0.86675463293185617 0.035199751671777559 -2.1046617747079699 -2.591510979802901 -0.79462719439977214 -0.67744583637375566 -0.99934006300299494 -1.9797086402030146 -1.7309742005897875 -1.5511166935443705 -1.9508428448667776 -0.93108545440559254 -0.37293299843446026 0.12021446936695168 1.4837656431769433 0.83635664410673316 -3.1302640140388296 -2.6704894865262485 -2.4269610629435214 -0.97760294925747571 -0.98235940944024569 -2.4730104625189409 -4.708855312620055 -1.6083935065547903 -2.8455588624586658 -2.0815524745574674 -1.9717217763113963 -2.0330969800095029 -1.306672550027983 -1.6552287338529448 -0.91901916719394472 0.55179827685246186 -2.5041652608439953 -1.246111129861726 -0.55741834234601373 -0.7924382058110242 -0.55811858398057079 -0.80997973981971216 -3.4054744108718595 -0.27842122896118554 -0.95815779447479443 -0.26415823193366156 -1.899537974196341 -2.7914222554332171 -0.095985312458301691 -3.1420302346738094 -1.1688305267705812 0.71109349501497576 -3.3052369035009281 -0.62258545400317422 -2.3200098872175281 0.25127370509332603 -3.4971149693175758 -1.6833317036504203 10.35078207216706 0.19756493752138243 2.9794398013476497 -0.79501634069846783 -2.1550503974617095 -1.8804496833725288 0.28907770316144898 -5.8556859335604576 2.1289798520658563 -0.77894882957280687 -3.8979409362357114 -3.3913228914080427 -3.8527504724253374 1.0137137855549803 -6.6815223949127471 -4.4256639930528623 2.0348274944037255 2.0810918267583229 -2.0852349674428252 -3.7883259683974826 -7.4690405449899 -5.7548933419783257 -1.1946868770402617 -3.3859001003621758 0.85973893404808166 -0.86365086495798538 -2.0628606792712292 -2.338412520024332 -0.75816249943952441 1.5620593650067218 0.99616988720600141 -2.2070062866156208 0.5599963309348468 3.0937102079824772 2.3137725775584079 -2.1531003250606044 2.2891557785016463 -3.7203429426450052 -5.063119906207981 -4.598427726153214 1.2964516367118475 1.4096056935038199 4.1580264672413314 3.4590829561210716 5.80096083794934 2.0498604029075538 2.0325145744880171 -0.3069193709385597 -0.61386421628882615 1.3939950889178081 0.73872557372612579 3.7832428311258526 3.3721700608096548 2.0493550918635157 3.6779908570633149 2.0802616272251844 -2.8075566425843199 -0.19023854147997604 1.6670029544563978 3.9256572126517852 2.2289522958361165 -0.87688125359627989 1.6041993491538027 1.2499227878929882 3.2015457351804777 -2.4123248563154371 1.5410119464251644 -1.0236525396957121 -2.1479425228665727 1.5047743388193833 1.3312990663611823 -0.13347949351017752 -3.1987221711999334 -1.2296189286084618 3.6523920284843183 -0.41809101552692385 9.7918552122602343 -0.13056818780447285 2.1633517397249769 0.54469875427780401 2.2728166734052841 -3.090973361697769 2.7253393482409893 1.252033462691186 -0.38054782981336249 0.16599929394120086 1.6181343393369052 2.2785172831700207 -0.55228241762981622 -3.8714034896466614 -0.018388054878221378 0.53746568771059899 0.15209136344283838 0.79445250808365253 3.5273613955713188 1.0539635547673245 1.6637771281435845 -1.8702434320768828 1.6279178945705355 1.0374635851924645 2.4075369564368829 2.4027410175673487 3.0667706643631671 -1.1396072695747648 5.8342632862706818 2.3508441516096314 -2.100086601167332 2.9069958872812274 1.4915680551857411 1.5646407389379067 0.053269436106790011 1.7923548267220142 0.48846253060245814 2.830174483264996 -4.7856375728717264 1.1457580270510443 0.94965141555654586 1.3271823185245522 0.50013779968802152 1.7056978651141352 -0.52060054061766459 1.0761466561619399 1.4405793671575189 1.0941584523399865 -0.12239674876667425 4.3677291392475919 3.578310853783675 1.299800898319073 -0.9952501040613182 1.6536864163018214 4.9795001877590899 1.0493777839310949 1.2955846946818768 2.7211852390789195 2.4135505572448412 2.399627272133265 1.6342236757090212 0.97971773228040593 -1.0635042423682128 1.9079143737253674 -1.4339863564550155 -1.4567000611284395 1.6893218157536525 -2.3680333022384459 3.665917267982457 2.7274402749510802 3.1980497180512839 0.82138933411863146 -0.44585981645318018 1.9839669843401251 1.4506542683353896 3.7490189962847573 2.8365440600968039 2.1568220172902532 0.63334475656442601 -0.40656179947082877 2.0665736899190708 5.9059751974428778 1.9566740350309071 1.0795806053282941 0.63597818531624628 0.80292889916703891 3.9629825101915399 1.0376216640118283 1.4589629862191744 2.1566915129317441 0.33655303419027682 2.4811313220620126
 5.6746610425660311 -1.117490105380994 0.1143818706625398 3.1959294126884794 -0.42228858041273715 -1.9690478086455896 -4.6342608888700507 0.29108599795669898 0.46578834218624798 2.2802740130875314 -1.3600440054592779 -2.1102670264261083 -0.81039780598378297 0.35872300376708677 -1.8492975765245148 -0.11200043242230964 3.1742865635341539 1.0634697339613519 -2.6366546936740338 -0.93813057506085429 -5.1523531417207584 -1.7111222841375386 -0.34809722711335117 -0.36508028421899563 -3.9637156290611251 -0.88210704781953475 -4.1066012661390587 -1.3688265063269536 -1.0139704414147523 -0.86065590422788452 -2.6884861982767987 -3.1390780597313217 -3.3645409100438721 1.6694031693815439 -5.4276563186948685 -0.84046764729719348 -2.5125284904395735 -1.5601444020324455 -3.3716591420472088 -1.5523235737412959 -1.4865703420751173 -2.6056169531462308 -2.9598352644137744 -0.52736542505034045 -4.4685920352686344 -3.0630822844400307 -0.70946375892923785 -0.090025115018811802 -2.7140350258488102 -2.0558314858501392 -1.511915700213561 -0.99142498308343485 -0.39399690877785998 -2.4591280210193496 0.54147640748359427 -1.3893685854912141 -2.9027896394669095 2.6559446616187063 1.0578799226034463 2.1082454698309609 -0.17797786011510025 0.025519014386572968 0.64171262321173284 -1.425245123037173 -2.0577397803175836 -3.4171411862439043 1.7293568897663736 -0.70265671128496998 -1.0357001647147273 1.0784065264234239 -2.665603873308958 1.2975106343904557 2.319375943666437 -0.11606735130079358 1.0362038238585947 -0.63172723431810374 -0.8921745541326167 -0.34138974842468278 -0.31685962116710475 0.039541621857577362 1.8867325487948323 1.0410494867896081 -0.3181848682085035 -3.0329086780203007 -1.0354766244570988 0.31532135012642626 -0.081414136361431189 -2.2654408086772095 0.45912020676509757 -0.10730355970355324 -1.5006326089486957 -1.4024858178963409 -0.050293776240058208 -1.9355487172330543 -1.7891832472111286 0.8011274200666666 -3.1225498737683979 4.8970965420429486 -1.3860548056070543 -2.5429135374823209 -1.1573565384716995 -1.1463193381595878 -2.2229530008859038 -0.83055742066329374 -0.78042005440326789 -2.3279818426500967 -1.3909143566193647 -1.6136945088353956 -2.5960340719953865 -2.2937014531752977 0.23869121580092859 -0.31469738127341701 -3.7415211019558319 -1.2511771984691764 -1.2741570294901163 0.011202555244292631 0.77321539650649262 -1.1418038256665517 1.4511542305423721 -0.79451322073931696 0.79862800313806859 -0.85077632172620643 -2.7392280308422041 -0.13436793030393249 -2.7464921084876512 -0.12124257793475902 -2.1632297756076695 -1.1636319129478809 3.8620357615178804 -1.128927718261179 -1.4034935903099328 -1.2244368122707017 1.4804349439100766 -0.11977150913397587 -0.71584030993045067 -2.3416736829485041 -1.6527152281368915 -4.0991966438545759 -1.5939332812422866 -1.2143987563600565 -0.23079715031953599 -1.6159666182997503 -2.4410625689317826 1.5120815234880927 2.6761740269325784 3.2193689319130208 -1.9440862629784657 -1.4391808723942694 -2.0467002259078839 -0.12062247507070692 -0.83971511306187185 -1.0035114470925328 4.0790060925250726 4.8120311240586187 5.6950017758415452 -2.6586556604589893 -3.5997231000736103 0.37226273326480019 3.8793708077086242 3.1160039486352282 -1.8896500028491148 2.3527586518369832 2.4361773678480465 3.5401989572604635 0.11346133420912802 0.28904425432282665 0.15480407032459592 2.4202662239189112 4.1491065127601665 2.8183904503161075 4.4371531307750134 1.9668184924153542 1.8138794525106154 2.618030859508945 2.9453708658843212 1.0922974408063357 -1.4238569325053376 2.182676113160066 0.45209373950366916 -0.94908947886831296 1.8249665120869287 -0.52288809416104243 0.27046533535377848 3.9997167321991984 0.16374669928492003 0.24718883430280797 2.7471357869555808 1.4695029671767781 -0.28404460084704186 1.457330022812972 -0.027553966979599224 -2.0109974431494453 -0.56100234438698249 2.5207145001160329 -4.4724122186657134 1.2709607689294242 -0.09000733982703564 2.5554140728832921 -0.10061189296107181 4.1833626856438144 0.8936950173912469 2.0359924827576235 1.7024777707960828 2.2224525064172127 0.79879496260277638 3.6320384068310547 -3.9949246403570213 -1.6781150491638104 1.1156230388130939 1.4029848457557814 2.0033045347491587 1.2734404115583695 0.95826492155167398 0.072402490697884181 -2.6672343858525358 -0.33233932057054699 0.066693969002198469 0.15501444510170698 1.7264198818874976 2.1403250421491355 2.3760638407325838 1.595987489523615 -3.3558874630477815 -0.96074521453396056 1.4466535700030256 -0.58430164769443116 -1.4032119284149625 -3.4251216916562721 1.9077300108608601 -2.8246979750036671 -2.904901577630381 -1.7834736781984535 4.9553758204151475 0.65405078510978476 0.87440840416588461 -1.7480578439483008 -3.8000906812762874 -0.67233791621971162 -4.0377167529329059 -0.78709268342490624 4.0005315001019799 3.7153455081322457 3.3848254212749538 1.5280925786817803 -0.77680978202384099 -0.81940030315974965 0.31110175020852421 0.9534142105454354 2.7978905779126966 3.1061528440110724 -0.26062693120873154 2.0525152977328514 0.25780638257132515 -0.026355225857107371 -0.8920128847604083 -4.0361142509800016 3.6665063691707065 -2.2825737064380904 0.86357808203941411 -0.31248163964799763 0.26291806184484207 -0.485696750883026 -0.31692467755261494 -1.070852425494921 0.28908030533995194 -0.39629386386608167 0.13846436959092417 -0.50850800244762495 0.51999819218422527 -1.0572479725458888 -1.8036313731078006 -0.097297440049603834 1.5279078197799052 2.2789759543088302 -2.2938993708480213 -0.96520242374367204 -0.83008887997527758 -0.21926558572026811 -0.22879791734905591 -1.6565996147882125 -0.45163024681832853 0.53290971635612239 0.026343732365402522 -2.0740479889399857 0.75801226362653806 -2.9098707192027606 -0.79960771733627545 -0.11368365065422571 -3.0435877566100276 -0.237571409397314 -0.68132595484889391 -1.831867098675563 -1.5411818174088754 -2.8211027668454509 -0.17766004512122796 -0.94536226233424947 -0.91928385113952615 -0.88944119596016991 -0.83291703273265505 0.17582936428770135 -0.5082631655203449 -2.2573113748589266 1.1802325575577797 -1.1868588548693226 -0.59514768248755179 1.6899387917727255 1.1512747897982651 -0.9145532744352679 -0.4419374294346467 0.48339459349407454 -0.88423036796076304 0.86129832952167451 -0.5453697731644922 0.63905135439450134 -0.30004266769839316 -0.75551700233869157 0.88980403243192641 -2.5496390689327559 -0.31484550589087557 -2.6558729249429573




