# Created by Octave 5.2.0, Fri Apr 02 16:07:06 2021 CEST <br1@br1>
# name: ptcls
# type: scalar struct
# ndims: 2
 1 1
# length: 2
# name: x
# type: matrix
# rows: 2
# columns: 320
 168.24971868046592 85.133931512283965 84.981783425954504 65.265565800371078 88.701776627387758 105.89950412795888 51.904557150062054 71.793419777789637 70.977266975824918 113.35395557694515 90.779259276089306 85.431145635617085 103.74995466858516 106.68257023756333 107.38971224029848 109.39116880955139 58.161062977408996 85.219596680920233 87.473602411055282 87.746650422567384 89.759246873913412 151.71261420819252 106.95412872096894 153.06956177772298 147.34803742782623 133.38683820749577 149.41624816831768 148.18060000330905 155.60392339767125 153.87162051527602 141.50559963525276 152.07600583198555 148.74199965950498 124.22082884831798 153.4399843112048 149.93025397089102 150.35687989481673 154.24702236734856 154.46071754179741 152.70305027075582 153.27966948084008 154.91685523400804 147.21052000557142 153.42315664902839 148.89980055068071 159.21180797182663 168.92154616696601 165.96304799189468 151.50956616442244 148.40739877925964 142.06291781220767 152.20835679167118 155.08619227172488 150.59681196934719 169.0246037351624 169.98914464965972 153.06784157063899 166.57305294675112 170.43286887827094 171.24184379479496 167.63838752385965 169.14383510818672 169.55237949857221 167.12202746559058 74.326301812738279 75.672144318577864 74.831325595065536 53.295079547283905 76.827479845834773 75.9932958060744 73.726435737812011 1.0149273342315668 77.497631459830174 76.373348989617185 77.062297171143172 75.371423639907448 78.593697504912072 76.489024627923754 77.268710934394633 75.675941566597231 84.280058360440989 82.080412076965246 80.599881251117992 77.766097230126789 78.261145385613744 78.118943393347791 79.713652013346959 77.513653777261041 85.430973133437803 83.348767457029112 81.663010951414549 79.4634944961755 79.365025741744432 78.935563417172247 79.251401886040512 79.802394313194739 108.09097395723447 85.333981722168147 83.892098072996134 80.974882775381928 80.029243785500796 80.87713498302989 80.779869270474649 81.159901543096083 87.17081095242942 88.407507552426722 85.975660729674743 80.365984099680759 81.126943611330717 81.339934837335079 80.358734886964328 82.999012874444446 84.539638512874149 86.328360870444399 88.51300951622521 84.225032960624546 81.618624470768481 84.023394642895042 98.206655286776709 81.081258588395244 85.137112152681752 89.426289615979755 86.520906171821011 86.290140568192797 82.780218069320199 81.899725743704536 82.35113544839993 83.641743690914012 115.70505985512429 86.582599491326931 86.000008025825437 87.565217719773869 83.581471567946934 82.280264208685779 85.075099921693777 53.143086145101769 82.045106093739633 81.726454532622142 88.182756900744849 99.058758877989192 88.637089140294762 85.191430011155234 83.21291133285915 48.968972702136142 129.99258929894901 117.55790494962854 55.909995060866976 87.489772054877037 85.879492475940737 88.793464306073091 84.292052067466983 53.263361041971258 173.79677487864041 124.64946105663908 130.94749435742619 82.897047246766078 87.623292511630993 87.730497809040585 105.22140796922589 58.767018309862628 116.39953597269586 121.40630735686676 120.72879701409497 116.10692952408733 83.23813340741593 85.577680763052285 69.288259950923035 81.854640522132129 115.32937155973018 119.30449810848357 121.00559490173974 84.238141316963834 59.763428514809512 56.607194527544493 95.653645224410326 81.605511060044691 116.5251361360344 107.36983701183105 102.60204503324402 81.686481676487531 98.782868816086662 112.68858573732295 117.61767649252505 97.453437670707572 88.046451572885175 164.3873017708944 135.20202739345638 82.721809435370048 151.74455385848668 69.730673491016802 70.348676449314141 82.286166492236887 135.61175044497296 140.67014466794421 164.73569884847851 152.6020071667696 151.21456450500366 146.19926805331133 121.36571856630655 127.70703240684171 134.42592124660334 136.67539101111066 145.83635289560621 151.55561962048884 149.91735822783178 146.9647378834384 149.68759669692392 149.50808680892786 133.88237889353368 131.90189649506985 145.04238962048251 145.10292294520102 146.68908420458996 128.18956365559143 147.70541441890884 154.09831170942539 144.49652787583125 128.61966712049389 145.59229675683235 130.91360191432852 132.67771810163612 118.51340444280341 152.11932421213638 146.35831788509785 125.3941781765427 133.80981646724686 145.96477818103926 127.85529939723151 174.02138515208372 152.2069359359848 153.46323360842513 149.28564457676455 178.08742027103611 127.77774566396026 145.46682207159517 148.19581030323022 154.14604450502574 164.10052338100826 161.42920831174484 169.17468712539525 144.32495313231269 109.06544551204669 129.36794696391107 164.88921955492725 166.12243858436113 154.28225907571598 167.26298845370459 168.36934835254564 144.33652583492932 134.97619034006973 165.13292952985788 166.18290822048448 166.51048567497762 163.933966212652 151.13027953573535 111.29408772397099 171.7353235971506 171.51514519403395 116.69182366848366 173.56663785341016 168.55162369323014 167.05771675671076 168.1671395255982 170.66317989828934 165.59668219111023 159.38483627057354 160.40215436623649 168.39470358824167 169.58212647598734 164.92168877588551 166.64462226867434 170.14401143416598 167.59498823112551 172.39279248227498 169.692040420289 167.64159660066508 168.8057202689449 169.44452552855202 170.21009896703148 165.765311775762 167.32838350258382 176.38035548577011 173.12952750268869 172.02490666509928 170.71858955543908 171.68726945044702 169.63646535065192 170.18257299026652 174.25568206587505 172.83364323297553 172.53132852223089 171.38388052473732 172.46154274076724 171.10366624654858 172.36231400972025 176.23554096281765 173.97174685505161 173.50073558667086 173.47162420112284 172.15368629732643 171.8923791476266 171.36175570972625 175.50418686970656 171.16526082006698 176.96813721939606 174.92625917013595 174.49763817705292 174.18875774248508 177.62247142815738 173.03979426376816 173.51399717106213 165.58014257234521 176.37014962014851 175.89899267132213 175.30254514212848 173.03465869119617 175.651450713933 175.94059958946465 174.78180091206272 176.53829255358329
 45.020239838585667 64.337515714552111 74.372775258076487 169.19977098835503 54.546381836216533 73.112152760960541 185.41328764796771 105.26469970141768 5.6573182001192928 10.190716636702648 54.012018613209449 75.597005775825735 82.617016857075043 72.013104385440727 74.312275347162441 78.885397090458355 19.744843534309812 7.0965549287268539 57.881112303363714 55.702167710804964 54.500382763651402 46.034905851645526 73.2352286920013 45.688263288590143 43.413286657083212 50.882648641873182 42.962671642428283 65.803062318817823 45.815468792694688 46.514253991635542 51.031644720560159 48.110230090887455 40.595789603926974 29.749164377275477 44.590142586011652 45.581106725327643 44.628726996435773 45.486510586944902 43.997839682365935 46.709973397797981 43.558659838144983 41.134821693587121 42.141271321120456 47.621695358311761 44.821217750345504 40.185490678377143 85.137933852944073 85.247497155784984 44.147115226867449 43.780252827285501 44.528792582433709 45.050780122008213 42.37386696720219 43.431896045336018 86.308805257272724 85.401613296809998 42.405282901693624 45.708462958412596 80.577066368229623 86.92609730319144 85.496767824567087 83.234747296548392 87.550478363603801 84.432725659237178 75.827526206119131 74.475992574618004 76.777942301898491 74.310233158333844 77.679826549918019 76.593512719642916 76.798241616245974 123.46487780114184 73.671365736167246 73.579485784852793 74.726924460007481 75.691381776872433 76.631311130907065 75.53606644251694 76.654794792961766 77.655709437078684 72.410925814854693 73.013781947066207 72.209089362767187 75.649830759410023 74.647541447161714 77.629527059837429 76.423209108992367 78.586763908849051 71.728033414856071 72.935704820165753 72.039712668401037 73.002274991005478 74.536009234853395 75.597422837897994 77.519125537113155 78.461590490370853 73.478277928992767 79.082035457719385 71.262871352875749 73.252585535960677 75.417036976533325 79.223563953846607 76.177778347861619 80.479635814547635 59.122897082234402 48.784494690983493 73.768430615807802 74.110364162158945 75.158495121328045 77.052357756533809 77.327269552308792 77.003245598978097 56.927848488530607 76.656801643979051 58.194439389283232 73.584142642919062 74.053253315146094 76.690236051709462 103.05035806959192 78.107888368506821 55.596828657346187 53.352004533320944 57.141390313530181 72.581848334532935 73.95875782147148 75.933694279968591 78.055688548601523 77.841416911658897 49.608634984112889 56.073497255030141 58.097302509591565 54.674443635121072 74.662317420928574 74.953131616345999 76.590660524812023 185.4874894330186 25.82045407306471 24.65479698320809 47.668570277032579 55.911019278031944 57.105251023177203 72.994871970956694 75.743212611256297 136.20117762551956 14.625530598431522 21.017142558332516 39.092496186971019 46.692678829925129 59.193364426447161 55.847244816651894 75.681963022787059 184.30663824277977 29.869552583051131 14.427145454843949 36.881861047240704 24.923273333376262 56.742987202444752 53.319016026222542 31.054791779141709 18.674430221456262 20.982325577552519 9.2819284186570528 3.8858813115550332 23.102009089459759 3.6656088650612579 56.63257585958025 3.9170396942739507 3.7420655744230906 24.386321901512346 20.723334739191589 21.50593491284674 2.8233175021655028 18.024258144233666 19.330075917857112 21.458602291784757 2.6689978443182456 24.806333890023026 14.980769793569165 10.631180382064537 1.4228022609441273 1.1707688024406404 9.2548616702208442 0.082328495043353531 8.0204936372736437 76.845021275408143 49.889140908016415 4.9501586590293938 2.3862906742482881 1.2622425130327442 5.5963367701982323 4.6340503551512908 0.37686954370629888 6.9443486571077999 8.8630889816813134 24.762727421013029 3.5258390514811286 2.1981090410420778 4.8294662993921129 7.5649325048949043 62.882772629483014 6.9419647497940362 7.2420445487468506 8.5182825721708486 3.3298114013600673 0.94037969248419684 9.2335800840119671 40.001679671040328 43.978543940430136 4.9232351616660264 4.6310247782489542 5.9575735474359988 4.798964462931294 2.2088125588442238 7.2186854097821209 40.979137550073489 41.762215364793128 1.6433580893638395 5.6277819548566743 1.455023297218117 13.58125204663283 3.6653627234127062 19.388753809640853 43.12126072656924 44.264783223404145 13.103844585231277 3.5449304739086513 3.523352739042382 4.4267830069696474 11.845484299137107 41.712762417680516 40.931893382953987 41.881751013604529 20.890648003028385 6.2923892197947762 2.6457299127048541 42.678313171138875 42.885543756975046 81.582449268737292 35.412375494150147 82.138891292473488 12.477473730792038 28.99517020235152 4.2263130650366909 79.810782147937999 82.562988578984147 70.423006411070816 81.848985290281433 81.427586407418772 13.6035641681723 3.0279029618976523 81.730988277045228 81.454544607696022 79.94089074980505 80.396620764788665 48.6234595585005 185.087978689382 43.886487610031537 45.055780170607491 97.542734955333643 77.527574892041898 79.03123619501595 83.328978078808873 83.739747517119326 84.50948821407539 79.016710342970143 63.189269589318215 67.848079910880202 80.352208012591888 79.850057103177505 82.788242561559997 78.594949437267232 86.573397431419608 79.369534320265302 77.513080855811879 78.714051877868528 78.202278759966276 77.98344113056072 81.024708102323089 81.728056504223829 83.660940182428632 80.630371039685443 79.936690218684717 78.571903362997773 79.018042929746088 79.201919072624136 80.100219698912341 84.242104652529733 82.96733384886916 78.402116629983212 79.682615443002504 80.868812067566409 81.167168526769231 83.57750102059903 82.316645472878292 85.628695653407675 85.213024978938407 79.482554361171367 80.509284901056063 81.588311712701866 82.076794163800685 84.558793941893938 83.471345217171887 84.50164898956703 85.48850180016025 82.77140418109957 80.08960015240028 81.20469234517239 82.489124323798009 77.572147492679477 84.596655850450901 83.53602948609371 105.06999831972445 81.942468686413548 80.957852227336517 82.102311176642075 82.587681496083974 79.097854421862209 83.207095180408302 83.585195043283406 84.168852290483201


# name: v
# type: matrix
# rows: 2
# columns: 320
 4.328591367587733 -1.5491047806532685 0.60974549216853791 -2.3617106020879088 -3.0510851092406699 -0.71358650420174929 -3.330770268683644 -2.1848560259870178 -5.1743280137815075 1.798807854927774 -0.92433944423463055 0.05906011535737174 -0.74118715823311598 -0.020326756863922348 -0.80117397626880216 0.0054553980679680576 -6.2428535356294326 -4.4819068742017949 -3.2587451076938527 -1.1162191083166937 -1.8513620669169251 1.1533687211340735 1.3140158940193476 0.85548165598988235 0.41846820701734455 3.2865924376512514 1.3890209766517918 1.1313036246855084 2.190562034327046 -0.77187071979573352 0.076597165524798977 0.41997392272953393 -1.2825974699292539 0.95492287514684171 2.0540265363712029 2.6140237453081898 -0.23936182542128637 0.36196503457434032 1.4051432837997084 2.797056962718536 0.4020423539809343 2.5590425376041224 2.6360442723550519 2.1270330274082951 0.74478427422988536 1.6961192366017308 3.7207396191375306 1.5813215296584173 1.0101308976254022 0.53616359568481042 0.56229828007824556 -0.061492695994535308 -0.76215827513220968 1.8496190476715479 0.28181666110455139 1.623068276511652 1.1664852583623395 2.511827989128363 0.49599936429101787 0.97386940664390564 2.6884077338643895 1.4770138025232864 1.8340994504021231 1.2742035096450386 0.51317656915117604 -0.30672494929804256 -1.8906296256332513 -2.5555409142093808 -0.10828503746158083 -2.9074597804798628 0.81846800571129152 -4.8083481724781443 -0.63387536961095459 -1.3217474757032808 -1.4442274647227933 -1.3814859520235057 -0.65612001310077561 -1.9975402925536057 1.4593872316622443 -2.1711075538872304 -2.0781884480552169 0.84099828345899941 -1.6806776221588986 -1.0851662850975139 -1.0895643624584461 -0.9516235452191133 -1.9364321125154951 -1.2409904353557226 -3.4867065687574996 -1.9653198180866891 -2.9528862527788764 0.027090278850706799 -3.5376279290367338 -1.8529656089730342 0.29357141839770007 -3.3189934821555811 -0.92069970097377818 -6.1535551536920341 -1.2883658776118168 -2.6881530004943359 -1.6541167812277442 -3.2398890613201887 -1.7456036710555827 -2.4980258333457859 -0.88050371449646425 -1.1305706784962448 -2.1729082168670373 0.047442936962123768 -3.2317160945657277 -3.3328161174088988 -4.1062150109483637 0.16302891038785594 -3.1027140529195951 -0.28000169818655263 -2.0048679365744118 -1.9874296055070477 -1.4477752800847214 -2.8946148744381257 -0.98235940944024569 -0.53177132324137577 -5.3610894748515081 1.0001998879210172 -2.5575004185301613 -1.0014471525943904 -2.7728889286911476 -0.99381740974915822 -1.8446514982827631 -1.1496456557454469 0.63942593884555221 -0.94203559287189476 -0.74357374641433094 0.36254103850548569 -0.97186570274679118 -0.37604390003130339 -1.085947239116922 -2.4275675683555926 -2.2153442561141885 -1.118724322286168 -0.97270161373068964 -0.26415823193366156 -0.15319236440286604 -1.2764908322764088 -1.9760814084932508 -3.1420302346738094 -0.094170378885116313 0.51958650060258915 -3.3052369035009281 -1.457179596454055 0.36172436071396175 -1.7651903716647603 -1.6182625176840548 -2.9455830572899964 10.35078207216706 1.6898526926431452 2.9794398013476497 -1.1448434021311464 -1.5346366960500435 -1.2224925037741854 0.28301216482355873 -5.8055020117498 2.8172925318006743 -0.75840861381049984 -3.9880453224923142 -3.4997445555089763 -4.0679728779321582 -1.6824247519866924 -6.1215956885213698 -3.1628723581723404 1.4582073242330043 1.6577525906641275 2.3986331166416326 -3.8730681579186093 -8.204680567115771 -5.3560863799751486 -1.1946868770402617 -4.1694224607298089 -0.018140287834754385 -0.86365086495798538 -2.0628606792712292 -1.6596871981500811 -0.75816249943952441 2.573281309102502 1.0862742734625994 -2.2070062866156208 0.85324045232216927 2.0712909729583764 -3.2435511984420704 -3.8744738223483433 3.3651291342864247 -4.3850472123367998 -4.5900479239702188 -3.7350842302246368 2.8470166694134367 1.4096056935038199 4.1268127163193284 2.2613582253959152 4.1578044625949016 0.20475752510990644 -0.97499773601755002 -0.3069193709385597 -0.017107184981640895 -0.29579441641958443 1.4779468801153426 5.2514189019285062 3.6689017403018465 1.4242001639955653 0.51466287982763481 0.92836478802939337 2.1516186142823317 -3.1711404689119989 5.1344987921772995 2.2783922866032396 1.3473986057406959 -1.833282803567138 0.64945292703851032 0.83096721860501177 4.7885654015361627 -2.0238673195968264 4.2160210467272687 -3.0442801458505544 -1.5983862737907353 0.61703697324272888 -0.53300957706974283 2.9119975105620126 -1.4033162898860481 -0.63482978617257912 1.3405311186791131 -2.2642042944801322 9.7918552122602343 2.1311661800856179 2.3914327923441134 1.0794830201175878 2.2728166734052841 -2.9606597894569968 1.6815971476091174 2.309322332205038 0.077001238967752114 0.33850984131433226 1.6181343393369052 2.2199242805451385 0.72781874702582383 -3.8653379513087658 0.41021560842349342 3.5116648026095199 0.13655802931408734 0.79445250808365253 0.88569766475592449 2.8544332039120408 0.26960958496667592 -0.18017180378554573 -0.48466953243518696 1.3439250261799731 3.9692682192699813 1.0552805447524005 0.8733933087393162 -1.1396072695747648 2.1430743732016344 1.2549514363044973 -2.100086601167332 2.7846872376755627 0.24656384324646641 2.7470912087024137 -0.56469001831676635 3.2711916219669468 0.68159541174334648 0.88167391345715806 0.51532177851477956 -1.4460351546627122 2.4282804303117635 2.4697463830624797 -0.3345517034718542 5.3065364308613754 2.863319827220975 0.54804293032079987 -0.2438899810772753 -0.80943248409475776 0.81006787806105562 -0.3726435362237609 3.7936794257455135 2.4451314195588809 -0.37544893367459076 1.8847577066778427 1.279140764953405 0.74248800610291554 1.8983846235073014 0.35036513105919254 3.9975385451623628 2.8107602397649902 3.1583655883650481 0.78833656691802589 2.9613846519060738 2.9467188237987791 1.6366151835932117 4.3957550679198789 1.1945004926258858 2.006756873707495 2.2367391862164472 1.098142822793116 2.4558908274269737 -0.19682464413189016 0.38138670353457904 4.1413456212713804 2.1639858170712096 1.7104974443827179 2.6064322118021757 1.1369513073928523 3.0997270375987771 3.2207241541989529 1.6811760732007399 2.6653149123724393 0.10240151882231746 1.0795806053282941 -1.0032983767074786 -0.17406565044454939 0.30282750193782382 1.6918400697483345 2.2124142785000815 -0.57499357342938784 -0.18331150840056695 -0.10237426775488012
 5.6784110534065633 -1.117490105380994 -0.0038106363227509502 3.1959294126884794 -0.18783529670528071 -3.0887171988069437 4.0468479795613508 0.29108599795669898 -0.71498944138148524 1.0468664614757281 -2.9815667286281227 -1.096919287282154 -0.81039780598378297 -2.0367965960973575 -0.046631997030230549 -0.11200043242230964 3.3560250434783434 1.0634697339613519 -1.4020853383723619 0.73817455461253245 -2.607247029767302 -2.9674839784566198 0.084308027966135707 -1.9872399353333716 -2.1092287884059493 -1.6842615605321667 -1.727098134835735 -1.3688265063269536 -1.5154052650534031 -2.858540203364333 -1.8863316855641648 -3.1091685706855077 -1.4175078547177367 -1.3575735504779309 -2.1826885323141179 -2.8550972290794605 -1.5087708620198637 -1.1857619450116763 -2.6667352920524916 -3.6976606796228371 -3.7080853239257094 -2.6822483579734442 -2.0691942889120041 0.47465846649760007 -3.2224235616148098 -3.0630822844400307 -0.26408741817775655 -0.39663023895359267 -1.6595631927410661 -2.951972422430547 -1.511915700213561 -2.0277958161428513 -1.0517233468616607 -3.2085306454504248 -0.094299273224670813 0.67281807731461429 -3.4885812371474678 -2.9522663562227769 0.52017928043338602 -0.98021467166805853 -1.9956691638813921 -0.69780762395148566 -2.6803462768475383 0.51509727869621336 1.8402656437919644 0.46472821013540189 -0.4837927291400676 -0.70265671128496998 -1.6965823690478758 1.3416938223424562 1.3717522773648985 1.2975106343904557 -1.7644260114970893 -2.8141008756696464 -3.1468616082030829 -0.89980624874452031 -2.1631413762105591 -1.4320395950265423 -5.1314180423883018 -2.6275990076913751 -0.7716278639294103 -0.73429786253670104 -1.5556157535967123 -2.9372254568008094 -1.9969251410463018 -1.2375046640047671 1.7849518704609788 1.3184154054602408 0.2676377688274309 -0.7243666879173436 -2.4414795356904357 -0.19128275638899228 -1.0259553070538021 -0.21614092957172801 0.10402257147888846 0.14484450586443018 -1.8424317183163852 4.9599614264138649 0.52737752626046119 -1.1953126784114345 2.0544470336644793 1.2912229371620287 -1.8691384025851623 -0.34475794140572907 0.57845905444446943 -2.239619393188947 -1.4112093876675822 -0.099195482844084415 0.25039218612223174 0.4877251580946777 -0.52517011789507451 -0.95956972631986304 -0.72856397358205893 -0.21067199516348661 0.36701021870455108 -0.44145653048432587 -0.31302071351863259 -0.42318634758408968 1.4511542305423721 -0.62015429440590641 -1.0445456905203925 -0.46645457729100936 0.38068828171900848 -0.9291811231857573 -3.181448518087469 0.63185819522677922 -3.6471059251922564 -3.4186685367526231 -1.4985947257817349 -2.5823503285657838 -2.7050752274091412 -3.272917636850194 -0.89419322332238638 -2.2890834665871225 1.7779073300825066 5.1446634928343062 -3.592506396674525 -4.1295383899742415 -0.9375371416105982 -1.2143987563600565 -1.6674783647254716 -2.4463404481369095 0.76219435628093479 1.5120815234880927 3.9898429070296721 4.5995868096422408 -1.9440862629784657 -2.1839394614871273 -1.4002819565543865 -2.4283566996757631 -0.73754413335710267 3.3193160224775817 4.0790060925250726 6.2607591914097043 5.6950017758415452 -0.68852274580167994 -3.4446449812234321 -1.3028477537473178 3.9756514192921975 2.996000063125523 -2.4091536326023437 2.8625474075280422 -2.2595877267458992 1.6759745758640638 -1.0319456492306032 -2.0324201420957317 0.64889731118643867 -0.27548783962119905 3.2830599568661798 1.4978515836207928 2.8288447782536381 0.30868400224400394 1.8768187775195639 2.4933569400654938 2.9453708658843212 2.7128327771897944 6.6889953992742788 2.182676113160066 0.45209373950366916 0.13632285927619747 -1.8249665120869287 0.78763822454898591 0.093875694251633293 3.9997167321991984 0.20538108920511922 6.0062512266845944 0.77805780325848573 0.1533848113843799 0.14806358581309448 1.4728700057753179 0.64359059276394026 -1.0662368329522809 -0.13806763907849645 2.5207145001160329 8.9777298278450584 -0.73978393048077595 0.67319855384066785 0.03793192781249749 1.0520054793075815 4.1833626856438144 0.99807467948754347 2.8378024925958982 2.157478340661676 3.1741191787738878 0.66255890932846107 3.1595219115448834 -3.8839540408559041 -0.9103018913470946 1.1754449854419253 -0.31730520315811173 1.2415894482059737 3.5418874034439249 1.1273704076493738 -0.79623595391303459 -2.4547625836385962 -2.8036644367645218 -0.034577240780075388 0.25491209730920183 -0.76146994985665628 2.9229705543556923 0.62023468863923714 3.3151892024720162 -0.99079076018926615 -0.87251650298497541 -2.6161930048086464 1.2833691113222239 1.8672691788389071 2.0747811693987526 1.9077300108608601 -3.9328068893801693 -0.35875050564791305 -3.5725166136821174 4.9553758204151475 0.61890642419948105 1.0347330920691615 -2.8190374437755645 -1.8977018333408135 -1.1719618013145507 -4.0377167529329059 -1.5914196928135198 -1.9886958910295558 3.6190648965486725 2.5443009989841237 -1.3988687500881787 -2.5980791413720263 -0.81940030315974965 0.69932417668329905 -2.0790419177752524 -4.7919993191317758 3.571475951437542 0.1028368103556707 -0.56103368007499466 0.45495211787008388 -1.8371718769209608 -2.4165606523085001 4.0361142509800016 -0.73942361761835862 -2.9282722913230863 0.86357808203941411 -1.0000520183188746 -1.1712757303840935 -0.40803092446581951 0.30723211314051974 -0.62506839472610443 1.0195729752615934 -1.072369632113483 -1.9795123299974435 -2.662588342125622 -0.94738111032493522 -1.1959034707476106 -0.0068452514428737343 1.0562445665240983 3.133876188047747 -0.88695691473571536 0.52871978192330327 -0.46281334387232981 -3.243953693762172 -1.3350623185178943 -0.40448356939145197 -0.21460450722354468 -1.5171178757102279 1.940814310060385 1.0133242761950547 -2.4893459780264893 0.91661413501681599 -0.5728794872767331 -0.90816624069217267 -1.7722156669766036 -0.84089381173198285 -0.23039210427518636 -0.47216221074315223 0.81168906345896485 -0.96571561989844912 1.6063637130735522 0.49809775573724158 -0.65620795799991882 -1.2410847734456854 0.43572984067456633 -1.5676038000561645 -2.2112773685277856 0.073301661528922105 0.63159959286667844 -0.27887576102352801 0.12686014643156357 1.0603688058608207 1.3716081335096511 -1.2897473154967047 0.42243743159744779 -0.10080302412906046 -2.0314502350605732 0.61543359830614064 0.86129832952167451 1.3198884616132776 0.33250937297893918 -3.4453477985147147 -0.63631502055000411 0.96621131221630174 -1.3819777352003124 0.34577044150534914 -2.1953993840668855




