# Created by Octave 5.2.0, Fri Apr 02 16:05:31 2021 CEST <br1@br1>
# name: ptcls
# type: scalar struct
# ndims: 2
 1 1
# length: 2
# name: x
# type: matrix
# rows: 2
# columns: 320
 135.05537062533745 96.907127845250301 95.3375592913209 83.214566376239091 99.748723615387206 109.93809753485277 74.485155018291664 88.398325575300902 104.35718466434528 111.36044745787275 100.09992918153031 96.190322210223513 109.38297707114864 110.43649825327995 108.81685345920447 110.1590859646049 103.54567118954617 105.99900607299502 99.82300640757569 100.61723831558166 101.62363169414152 143.20424274512388 109.17684852459567 142.38814179410357 140.70853940518955 125.78221426581305 142.21923405706502 139.58269245569471 145.73423561988565 146.29346913198006 141.02434760890921 148.65267919055407 138.64239749917948 118.83289469282883 145.43359989984449 142.38478355227443 143.31767918720783 144.28542738781064 145.19827652809838 146.25902754184747 144.63910685328227 146.34348744084954 139.96699254360607 145.29348329575629 142.19404833187588 146.94019476127704 156.60811987405458 155.7216797498719 143.1492086607135 141.05546330614473 140.04227761832985 144.26534600226228 144.18909083218151 142.54362222421247 156.67527973520981 157.61477763934144 143.70966302147318 146.35953281133203 158.98529392482519 155.87865300854381 154.85539613106212 157.12596927236157 157.2078522091584 156.32721028210574 85.166050801792906 87.321361959664827 85.240774258698721 72.717190495280221 86.125134970865261 84.779519515236117 84.193487289094421 37.558373445065996 88.685046353571437 88.538815236880936 87.640509976299811 86.366861307025957 87.963520615189097 87.246994507001375 87.101907384600068 83.68275483409154 94.266229783839236 92.162924200576768 91.296826827421484 88.45415033611458 89.461136673124031 88.459770595158659 89.669986396471216 87.684458447122211 94.58769267452108 93.217787479720442 92.340027741414218 90.348708303920191 90.424282137163488 89.262999400575751 89.722240393430368 88.657128788272189 104.51667326831468 97.559606512849314 93.228233248691367 91.438240422344975 90.620061018690564 90.930022558937381 90.642305227944235 92.012423859682841 98.152507925289711 97.393205363582837 96.216354746951538 91.457714581222589 92.674243194875672 91.636654791728446 91.766412378935001 93.975015537160814 96.355298282300794 97.824097082558268 99.929805581741618 94.195582897526904 92.477767219457846 94.79984776729782 105.67258679852023 92.93541246718074 97.66937869118199 98.437262934806796 99.385134308082243 95.527421128288211 93.350457526270176 93.697391515980485 95.110677144492854 96.48408242806741 110.8454227198965 98.101735843589168 97.238492693118289 99.660900067747505 94.424845265324365 93.498773270600807 96.496344093126652 74.437267825309149 93.203391567781978 94.283253411076274 96.28113134979894 104.43073966386955 99.132549644053555 95.14568808565636 94.582453140659837 72.848402485652031 125.09027059099765 108.42841780234161 81.029795527470668 97.6047685204191 98.935826365866802 100.52195473835454 95.518079721214434 75.538380290436379 111.56369109484197 109.42001730398692 110.88176683920936 93.221693946309102 98.484163059486988 98.699828040286206 106.65562040064195 102.03581764800209 109.88916795618616 110.20668716614803 109.7807911152687 108.14144514212651 108.09419820995494 98.649697534958833 102.83037828084144 104.55942120773742 110.52976171479541 108.99931653550497 108.59050517280482 107.354847976716 104.4826986723662 105.37267568767956 103.93543271137185 105.85260606001579 117.85589448088675 107.82202068493719 105.19757417708378 107.00388591623253 106.6604400393917 106.3870374531292 109.31164196086149 105.89467729985816 117.82210906523339 149.83345225836672 137.26208695133656 105.25304321552709 137.12491584718418 103.20628665294362 104.03483367411665 106.94401621489733 138.51311193329488 136.90969107501917 142.81786980176258 137.39692859883246 136.32001115166864 136.35512875304707 134.92179766252417 120.13488993593637 137.6210995944692 138.80655531280655 137.33149125577057 139.5825409736795 135.59256143528532 137.8765426480584 139.57710643306422 141.79743798648707 134.60654316191793 137.62077144569409 136.39821345927564 136.70681595256903 130.63851784800741 133.64718314114407 140.76653374660052 143.97492867930836 135.84531361513845 135.17810113939279 134.13276816792484 132.26113810088933 129.4031129787972 128.55231126166771 143.28935360231836 138.41042837963022 132.49544618494079 133.36427816290541 135.31547489799763 130.57713529944002 130.31714062968021 141.45918632434262 142.47419894819498 142.93416725686976 160.81401355315441 132.80540221344432 134.72341791943524 141.78343567471936 144.65360292351198 152.75548997074822 147.95161926100104 158.04234453054025 140.25553661219357 129.62546089704315 130.69618085053304 152.08349617342205 153.9547292078106 148.24442001426317 156.8980142472353 157.96821029209838 140.82548703190574 131.56219383031416 153.07380653475551 153.71430979752657 156.26391805824241 151.9061602439441 147.26969428716197 119.95510297274862 158.21134009327434 159.21413254566406 132.65248183734633 161.79076930662018 157.42032940551778 155.99653711573313 157.40031684707537 158.51045234310882 156.98420992527133 152.6841145283193 155.71887067103484 155.40088666803717 158.34036251957008 154.75848123471232 156.49599794784535 157.72610243490092 155.78303838790336 158.96546853061639 158.26747488006177 156.87178858610099 157.44426755300435 157.37238615023864 159.23489920306963 156.98782807381104 154.37292444922878 162.204449749313 161.14250965692349 159.24377750431594 159.56320789847652 158.71863832659901 158.1795737869941 159.40882158668401 161.2223686728035 160.16969499670978 160.61053425992645 159.80551044358035 161.13970692761788 160.07085444755492 160.4062105077883 163.37264574963621 162.26521931473366 160.42480152854827 161.81031880945602 160.82111628019726 161.44183679920798 160.20531340915787 164.38212686303041 158.60962072726903 163.77418999304405 161.37395117115778 162.90144350875389 162.00667038294537 164.42810622959684 163.16855513692721 163.45341930206857 157.37532997184093 164.06996494508846 162.63542802656323 164.01547110277127 162.24790714354731 163.31726273521278 164.16459038214072 163.06976004844162 164.4957007054451
 4.7114556483700873 72.830440515444863 80.586012365087242 144.91070745193852 64.515997372090993 83.673448934613177 153.96640455084923 103.05244611693759 6.9299292087930233 28.078369630347968 67.513427621534206 79.770345016120373 88.776040182550389 84.863613340655291 83.182444418664687 82.608822046871879 4.4349163564587117 5.1191411692003577 69.471407662869893 65.483664895450303 64.70458370558589 64.589885529835186 84.570332858830213 65.253106071252603 60.40799482178133 65.337350804162654 59.57674922572216 76.206143766910557 61.933710705948023 64.345809311890136 65.344647325430401 64.614490435676899 57.074025502738678 44.114293219463534 63.832279128924647 62.615439731231923 63.274870282078169 65.264702198535886 60.614575837724367 63.101532493328854 62.961888662966892 59.64017761082679 58.871566515660639 64.951361943412635 63.958781328590071 62.07573729601063 89.79081987446169 90.562215895283884 60.136039444570415 59.281263180733859 56.64235957272335 64.060946994042581 59.969298475430442 61.448575039531725 91.011368377234504 90.074391545998807 60.999207859253126 65.448745694541529 85.984656221760659 91.949420285941258 91.373615424435386 87.984947079177033 92.166522910343446 88.679378881057588 79.741173666353561 79.432888092422616 81.113307392296718 79.650424164107093 81.66823016486147 82.069302432306046 81.023493322928928 113.60379697977659 80.236337887702831 79.136141805165252 80.460154308126846 80.274372852725079 82.359052313201758 81.481505680900909 83.01076736410387 82.10659909075811 78.731083566714631 78.991603886276678 79.69952160219114 81.375606714379813 80.995277515403075 83.364498864406244 83.37402245574458 84.240011373482091 77.403420995550334 79.46020482278989 80.165394065603749 80.398787694989096 81.579401011055438 82.254764769000303 84.690820053804032 84.587767681342328 79.659025957161163 81.671468475226845 78.317657217131156 80.878101655333893 82.771908748327931 85.035198878832034 83.895861766673832 85.383130661228122 67.780315583235549 62.447887064168768 78.701650989922967 81.938559907753827 82.747489868975009 83.174060288711004 84.221207389862712 84.032071915304073 66.429261963248152 80.610915719404133 70.747608629207974 80.08331744065454 81.438698146757616 83.364302943956943 92.021585917466766 83.757095769932775 64.871222980042418 62.729513726781683 68.291950064505997 77.854170218965734 80.910336586113033 82.987136280813786 84.616111808348933 82.153699726377553 60.997954900050679 66.624993607854904 68.52844482266137 66.059460088716264 81.228789603078553 81.964473347747301 80.99733554935969 152.84264049996477 45.908980390338776 46.42424544663173 60.871657873345008 67.013644627246109 67.128905742156093 79.406153785683941 82.328995509638503 124.70935804701533 24.604175645046034 10.469888775422477 53.867551785602771 61.331858668500402 70.21123619722843 68.659904486641921 81.763924359818532 153.31608131191686 10.65490398040318 10.794802363176464 9.0310296616761043 46.985611799301971 68.774232635255416 64.215758343012041 27.128571634557495 6.9027803905439802 11.89479380218048 9.8592997086402114 8.7974152931152325 7.3286788220322476 6.1246075085683254 65.406515164755945 5.6631517586708364 4.9082907520488925 10.900350850801198 9.4780147026029109 8.5152059936208619 8.1230829888867611 3.6013500615001339 4.2574526241175077 8.2143117024548253 3.1548667910042019 23.375197159336665 9.487497593990355 7.6283708723120016 6.9302722512377706 9.0427112432521177 7.7716001530339369 7.6123888147057768 6.7835965418966824 22.068567011532014 4.3117048373221349 25.505677632145137 5.8867136632274173 18.235951307635439 6.6651223600170804 5.8568048006801714 5.7197403629513603 21.694290346594432 23.621886432575291 16.912595104097903 19.535365395332114 21.724323319718614 18.935820408190718 1.4788705019972159 44.244615198126617 22.793196169738891 23.046269862455713 21.794559059308956 19.94588165972629 20.893246071696574 20.625547169602626 57.835253199413934 60.531182261554548 23.76427915001614 24.469464741902271 24.778891034578006 20.717322529007628 19.201292724382782 21.770828716674739 58.061818247974358 58.895386263181436 23.736107934431875 24.769596441639724 22.668248874227729 21.526240146654921 21.185987893356675 21.933508068832005 62.194388245752002 58.504574541777728 32.91025118453112 23.48843630801445 22.851562491447318 21.528601971538691 20.495826448472219 57.062949448340952 57.532698802420207 58.743072638562104 16.770208232127104 22.496234119751715 21.515139504781249 58.534841949947626 61.550245104583439 84.098751723618705 65.865995909846774 86.890040573762292 39.24993832630549 22.292076458017203 22.762443093839956 82.302825045476837 83.648449516772345 76.650448715090448 85.440432789975048 85.642246300193904 38.364383169885102 20.551983297709516 82.928408833634265 81.578817732153382 82.504917739482366 83.486733494789391 64.900714183095019 154.41351038191624 58.570823149610568 58.245933538983316 90.979541531841576 80.698268529442117 83.304280736473686 84.641220697210954 89.032816762267174 89.152191600738547 79.899481701918319 71.339278793372117 80.019511054630925 83.176448542263103 83.7413553167477 84.475188991209535 83.603231381698322 91.148499446920525 81.172160340409789 81.603747612464531 82.591022014119105 80.883850433840209 81.812027530415364 84.408461032491289 87.100894720764273 86.51201092499501 82.633788916606875 81.883382341577189 81.51535452784654 83.078281092482413 84.184468093249166 84.812969368621054 88.076539099277028 88.189571212025655 82.628254574719918 82.04960035201897 84.525983134612588 85.224315453535738 86.845415477006895 86.276784822197328 88.639857048657674 89.576450849882733 83.004718494323257 83.213091203575246 84.872838451977927 85.59256566932207 87.999651795466775 87.511290427179375 88.97929475968283 90.204437894890759 84.078686401334835 83.709718505306157 85.184225705907011 86.070555948866215 82.657969588834163 88.48952776383102 87.406353022987545 98.524131015355408 81.582477100367299 84.140901600634123 85.194593301058219 87.186582343372734 82.886207159525711 86.623388509658739 86.292540876781089 87.872993448807449


# name: v
# type: matrix
# rows: 2
# columns: 320
 1.3579693284185725 -1.5491047806532685 0.15952432026230712 -2.3617106020879088 -3.7387247061276465 -0.052695484571897676 -1.1177871715773859 -2.1848560259870178 2.0725278211798619 -0.62397535907694635 -0.11133951957872384 -2.0350947136889097 -0.74118715823311598 -2.0647224522867798 -0.39207092532215243 -0.23771123376161202 -2.6507135623950111 0.1862087145961645 -1.0686949365772522 -1.6875836512877571 -0.05219130659010484 0.47997555106215439 0.51508843260882098 3.5583450597296107 -1.6341368269522423 0.18963793975630527 -2.208425783144051 1.1313036246855084 -0.47920965319684761 1.7698500009086069 -0.91087333459752806 1.1044011014951787 1.4095415852603088 -0.46901023150070825 2.6187709029504398 2.0044876935016589 2.5489078229267377 0.61871552209138359 2.5549753498825938 2.1347095155386948 2.6566256595741096 -0.48181448910730518 1.1828688310796951 4.6081183103871775 1.4119009981740895 -0.082159221637854524 1.6756610204096478 2.1505690064826681 3.7708026516677675 -1.448724121161171 -1.6198041826234311 -0.45045758244694872 1.1797211787889155 2.3979816465115036 0.32111208962812526 0.37225645783388017 1.1052393321992036 0.057054572337451759 2.008495343431234 0.59660676205881857 1.0437978929412326 0.60770739191400092 2.0659307042679211 0.0039872781350121442 0.065573786470920825 0.98785568403879886 -1.7483588096644587 -2.5555409142093808 -0.76395321514072201 -1.9546931469138187 -2.2702394557044725 -4.8083481724781443 -1.098740696469874 -1.8886400296968775 -2.8677470356331196 -2.4426246344191989 -3.0170554203114968 -2.110760397883273 -0.46068299818569197 -1.493104059436853 -1.0746600178490746 -1.7422558994656367 -2.916415826382281 -1.1333340953078452 -4.2388759362849111 -0.33030082137888411 -1.3530601527133614 0.20265881596235022 -2.3326588612039774 -1.3624314954475989 -1.424728918377216 -3.810974541022988 -2.6077599102388054 0.026038636106270538 -0.13202580893271215 -4.424275927622209 1.0957960171126855 0.37423170270667583 1.4293235751762847 1.5352171901440492 -0.55184488475898252 -1.7668261390810314 -1.8778712017111781 -2.3541067551018982 -1.6472895077042458 -1.9514807653088146 -0.88402765269256134 -0.64970271797437096 -0.61212038145231462 -0.068778583282422201 -2.8348418641092845 -1.7314530743960386 -2.3288273860366626 -2.6075337152418592 -3.6248962493319845 -2.6506350713251363 -2.0567264732545314 -0.37856809305233652 -0.98235940944024569 -1.1976336125373779 -2.7116815115043549 -2.1490429719237896 -1.9521312144133824 -0.27448963958691069 1.0972312596248117 -1.8578436385736472 -1.083455435357656 -0.67972682318156563 0.63942593884555221 1.397549439786739 -3.4056585422680397 -1.4145646562583896 -1.5224391911010313 -2.5871108574041113 -2.1372988902141627 -3.1187900669082946 -0.53965014120174915 -2.2657761448121159 -0.8063808809329629 -0.94314333146569318 -1.0624476998508445 -1.9320891699032157 -2.7010071397919093 -3.1420302346738094 2.0503194377782759 -1.1347886967688368 -3.3052369035009281 -1.1994457743592319 -0.31866261268956703 -0.69458846846024846 -0.70501602449812251 -4.4673436558435391 -0.236100221674831 0.9644239505988077 -0.39317170338057461 -1.6734856945176539 -2.4110855568760412 -0.94724728175111361 -0.91553894821569615 -2.0584684490673086 -1.3150559550347865 -2.1346196071258099 -0.50531105600267134 -2.4742797518213391 -2.9973128384825451 -0.10154330243577853 -1.4746661463028956 -0.80245956434735521 -2.268590451173238 0.74122710006866799 1.1871014243792377 -2.0139934057517443 -3.3129284017514089 -4.6444486433251857 -2.1975527006818725 -1.1049978201072532 -0.011419167864472361 1.7317735268988896 0.36263663667656082 -2.0682034686020554 -1.539482477046179 0.5436705325525335 -1.6530331002580176 -1.7886459500742735 -0.72003388412076197 1.9063454546835059 0.039984323282421581 0.13982275942607125 -0.60620401330814577 -0.64195455711710836 -2.2383287532055451 -1.0210484902149399 -0.10023297426311664 -0.93531814025926452 2.5327848163482951 0.27826120932271681 -0.13127688556610537 2.845137421322677 0.9259881844467065 -0.46498957907413596 0.47720031117932071 0.53125653898696001 0.14715383000035576 0.8455637331808773 -0.59946107965605733 1.1193164750465874 -1.3683328084599859 -1.1876795623689493 -0.88978369447062666 0.87002335003755327 -1.2372900353143361 1.1139994078039874 -0.70221345629437426 0.54648257641358011 2.3959430810084106 2.3140908413443242 -2.1140273171821931 -0.50450299098476659 2.5183722440932779 2.0179027476498246 1.1959643548530627 -0.47171592408872576 1.3961803830993222 2.1050049890776132 -0.92266956557525615 -0.50915573886830734 1.0403105785344753 1.7249571240322326 0.23414893047345225 2.9176529952317449 -0.42364550743884571 2.2373097958209285 2.2728166734052841 -0.18736048043321285 0.42503964874562333 3.0505973955832997 0.57729515495910277 2.5871391698802646 4.1043317382530455 2.4925762827375633 0.813460740329224 2.3753387515520288 -0.029362129334825387 0.88791370202216913 1.8157821742082012 0.79445250808365253 2.6069547116430076 2.2287651058189391 0.18396759166328233 1.4704567749373476 1.0163814517777501 1.7623361799516859 2.6995520740222538 -0.27228162408198214 -1.7192360483233151 -1.1396072695747648 0.98826200335827352 2.4097638061478444 -2.100086601167332 0.59338763215695933 0.97114452405230589 -1.2483374803092884 2.2953660703026402 -0.98640653310303128 0.76682281455607715 0.88167391345715806 0.90144046338697204 3.6094111406115008 1.1727569939282281 0.10907210285903554 1.8374089799029392 2.3447359663133041 1.8033951439272629 0.6933022150673005 0.47223508991955437 2.3761481514614271 2.183219975179377 -0.24533173715786966 2.3588946136760032 3.2685092919456591 3.4027017280355607 1.3230135398464977 0.28965520040944703 2.4463708023503248 1.9575855898322574 0.38797456753074766 2.6900911409165169 3.8645557494057736 1.0181833147700261 2.9179882339100454 3.0425508855297614 -0.89903726880223045 -0.16785129726433723 0.85114728606838475 -1.6312667214017604 2.8183614993918167 4.6691312390140398 1.4002806852336889 0.83484578386144459 1.094194406913473 0.83878210341454729 0.30397917058101442 1.9464876747421087 0.49833991145030498 2.6702589799435867 3.2080946598814331 0.84014771502273133 1.7389867969913506 2.5009951076413102 3.1103880314448391 -0.083246861988210019 1.0795806053282941 3.3406910903512528 4.2346559627259097 1.7505143962720353 1.6094914959941071 3.3414226234148359 0.44635503515270208 -0.40829107038240708 3.123545400971607
 -6.3445512990119379 -1.117490105380994 -1.7363566209984473 3.1959294126884794 -2.6670735437723816 0.21431610356983843 2.3978412563342042 0.29108599795669898 -4.2896368058017043 -4.5400459979297505 -2.7171513951895219 -0.55400212079179156 -0.81039780598378297 -2.3111234721571443 -1.3395212857475878 -1.1335574124365189 -4.1400254977816671 -4.4079432037095092 -1.1607139654583991 -0.54773092240826171 -1.9016730423098573 -4.7373380633007027 -1.7024000126648806 -1.718372387968701 -1.4236246367752585 -1.9360448762617062 -3.4214355042577171 -1.3688265063269536 -1.9019390645942673 -3.1415795684101355 -1.6836025933206926 -3.7536971379599451 -1.9063124874951578 -4.2295823232725276 -0.041802990857733341 -5.0708175251438412 -0.6603449731190052 -2.1288567446719942 -2.0164571650375871 -3.4391053024635578 -3.2119924746286226 -2.5792922997240426 -3.1564586229697351 -0.18228447892975264 -2.9963666351185978 -2.1022834578376877 0.84259558555428427 -2.2245110745177521 -3.4208213521199804 -3.572289611246017 -2.7959429023281217 -3.3691035501534796 -1.9463318772747182 -1.2051376083694505 -3.0936758347374531 0.72187723176735374 -0.39828920448065108 -1.4044656856830477 -2.4368502178623537 1.1802016499924508 -1.5931842623115866 -0.25481501034974913 -0.82488358111658866 1.9633944784318351 -2.6404201857536052 -0.18167773569587656 1.190442999107991 -0.70265671128496998 -0.035927539374925578 -0.52848346448612815 -0.15104194864247258 1.2975106343904557 -2.8080282026937948 -0.18041554674407004 0.99589820565519993 -1.6070213592980005 0.26905153019489614 1.753979953124954 -0.86004446844177218 0.7639088647743475 -1.6998155272046716 -0.090033556477825877 -2.8035282459614939 -1.2740874618905143 -2.0320056158756703 -0.91664381291436192 -3.1404997124526477 -0.67527500008495167 -1.9089594055495058 1.3130770569255708 -1.0674230312830539 -0.31089594910834079 -0.52697769988656606 -1.8391042159624098 -0.0015928371338371633 -0.60753115509405253 -0.76998383527079506 -1.061383830240987 2.5342383383942471 0.51881158022426432 -2.1119513611833565 -1.2320769522428947 -2.3910929176083768 -5.116727883318914 2.2792441379309607 -1.2197297315720428 -0.64023903001940574 -0.15443630106592876 -1.7637383968306688 -2.1390772766902981 -3.0719328429926369 2.5347993227632011 -0.95968841291397511 -2.2160764355902014 -1.5567817149862193 -3.292233871042201 -0.57539247678151417 0.26061619221374865 1.4511542305423721 0.17376835129482762 -2.0273091289698928 -1.8901521149905893 -0.83881072096103826 0.55675982831699999 -3.0655112771703621 -0.1291011943410762 -0.56929643080145376 1.3109046800754833 -1.4985947257817349 -1.4967520747982686 -1.8565705105457826 -1.5089146239279094 -1.949639604233532 -0.7960500841240532 0.097291821720536825 4.7493026913281131 -3.7110821968629253 -0.57678901481177403 -1.079513536702289 -1.5869886814609546 -2.6132563910016726 1.0795940908305934 -0.57324434921430933 1.5120815234880927 -3.5162276711970275 -3.50621753909848 -1.9440862629784657 -4.1432926352420605 -1.6151805410245978 -1.0331159403710743 -1.0048913741800254 5.3636835472109032 -7.3931332534115475 -6.3261721190031475 -6.1196720477360707 -4.1226963207757681 -1.6182084528947225 -0.76999163170418672 -4.8047683630626112 -4.6457305191056175 -4.760056509814194 -8.7741109852371295 -6.5001220806450206 -5.8655134270760856 -7.059214573462369 -0.60906871870601387 -3.9075480814856216 -2.1862999354463759 -6.4962215587131373 -5.8884359764523939 -6.4991232084794515 -6.0440702387330889 -7.4311327130987239 -5.7147711561267007 -4.4894078010564549 -6.1644445420047891 7.4708473321191331 -6.0664981277917622 -7.7594428782322291 -5.1082857826625379 -3.8941762633259596 -6.644755674127528 -5.3380566583963098 -5.8857784143499785 7.2486848235830301 5.9957003488919911 -2.6402112785212331 -6.9951684831720602 -3.0992757515065059 -5.2975317407459821 -2.6312703848460672 -5.8551637461949975 -2.8399937230796755 -5.4480736180580376 -4.4806091023851753 -2.3712741186882491 -6.3305183542900041 -4.4810858123722257 6.5093544091306157 -2.4766631684734621 -3.5368342021531061 -4.3321364561548341 -3.2646201805926811 -4.0119055174223845 -4.5547934609923972 -7.2193821803934428 -2.1143311590830356 -2.4957655326250716 -5.1092620156604118 -2.432848136607705 -3.9882488401303537 -5.1791772616442184 -5.0094700358440569 -5.3903057653614823 -3.9812472006532218 -3.0372352749929572 -3.0321236830666591 -4.0282109703692912 -3.294598699263676 -5.3443992662218891 -6.8577556210465271 -5.8118318169621617 -1.6422049191327328 -2.1570897208371465 -2.5976670930922872 -6.4256364930202414 -4.8083246742672383 -3.9292730212730196 -6.486726301782241 -0.13942110155806661 -2.2257117496231094 -2.4674455501265591 -4.9553758204151475 -2.2997383075921509 -5.0437443880461013 -1.3218012743812921 -2.9899724289372389 -0.50364220716508423 -2.5514476332049023 -0.021648859646908571 -4.3035797271439336 -6.3461239083116237 -2.8985484734613252 -0.061861692232117585 0.54163121497097411 -0.81940030315974965 -0.4387715165448744 0.057846373735189943 -2.4771154830174082 -6.0534692313357628 -0.44332519039882351 -1.8259703481822023 -0.1076692251956495 -0.11212997569370395 -1.1483321108725766 4.0361142509800016 -2.3616648416509851 -1.3060310672904327 0.86357808203941411 0.0047102167920114318 -1.3897635887965243 -0.54515407686111117 -1.5505185256152347 -1.2167868722853423 -0.31633814979625513 -1.072369632113483 2.0645371923156666 -0.33007090029153485 1.7366200295167467 1.1545489510289995 -2.1774112046163747 -1.8259222060497449 0.42160379580562035 -0.21091160485416849 1.2434187065840137 -0.74671560203789233 2.2019327098644856 -1.6475074807701722 0.53058696149509932 -0.77558222492909501 -0.65820965483939731 -2.206125470301989 0.24135824050199872 -0.63155488853318531 -2.4296575537464031 -0.27337275736065347 -0.66827573114715499 -5.2483088326245033 -1.7124040662350437 1.0631278868976572 0.086158059516957597 -1.1990290581794758 0.85704194092863606 -2.7342920487861062 2.2781397225467446 -0.94526804696665856 -2.2041329777687975 0.52862975876083218 -0.29162161456253577 1.1764005649983382 -0.13397444889980278 1.6561260958405706 -0.23378538896015291 -0.4436813893109115 -0.78663386910911737 1.2887964760311339 -1.7736012234990661 -0.29250041788749992 -2.0374610367142654 0.43318522263485126 -1.9729932370423726 0.86129832952167451 -3.8215680761087452 -1.8699728364032535 0.4558146345727721 -0.075368186649073104 -0.93212149957337287 -2.3348846284818863 0.30546227949516325 1.3540071943487637




