# Created by Octave 5.2.0, Fri Apr 02 16:05:19 2021 CEST <br1@br1>
# name: ptcls
# type: scalar struct
# ndims: 2
 1 1
# length: 2
# name: x
# type: matrix
# rows: 2
# columns: 320
 133.83319822975818 98.30132214783842 96.56411160884457 85.340105918118198 101.07322510404335 110.40304548146329 76.649115632284847 90.364695998690394 104.91077265011305 111.92202528104134 101.98591747281722 97.60105932147728 110.05004551355748 111.00644918132009 109.2370379068673 110.20554606445027 105.57284754909001 107.20303961386249 100.83648457996996 102.45477906573173 103.12161398681778 142.22302779185438 109.68420559943735 141.17322390690862 140.03923057886021 125.61154012003354 141.69717792834263 138.56451919347722 144.65419572041688 144.96518634258382 140.26344756013921 147.39301255089657 139.3614224493943 119.78623801538193 143.83942515835523 141.08415431069676 142.11334471944673 143.15146512904997 144.3184481271079 145.52148759765032 142.98800893659165 145.94672054936996 138.14597802350607 143.93656092881636 141.33077204699208 145.97381434590088 155.25617047719459 154.27130731526432 142.3627838074863 140.45916554080256 139.64605834160884 142.87665909915322 143.50272341151265 141.57258534980937 155.55926839442822 156.26378364247213 142.60918283085761 145.0770584262427 157.53419825773872 154.29495072481279 153.39007058487221 156.08729691701805 156.31844530428697 155.49792682145159 85.781372397101322 88.083681829830581 86.879964926021842 75.017177318069258 87.685088077778744 86.622606643007302 85.70769988125268 41.88588680029693 90.433813304209281 89.396098954839687 88.918309677165766 87.868442333915098 89.720052360626724 88.749797456884323 88.80389896682783 85.832436138428008 95.492575286565199 93.094194323302176 92.278432686904708 89.826436421709403 90.754368515294132 89.732407907140868 90.905565148420919 88.664908394958815 95.004634988391359 94.328462920112855 93.289002135101214 91.44629547287667 91.698208627584833 90.76970689121282 90.611666754240929 89.651180916461414 103.53045685291205 98.779044172534469 93.98688696798196 92.430334538136691 91.781378133151165 91.820597326758815 92.226940813461241 92.839091728479758 98.567057797317332 99.189594529418443 97.781581817945337 92.772192030712858 93.889400765725213 92.919180754818584 93.249199358550868 94.894186729578038 97.954437809679447 98.700078825592684 101.69882966499138 95.422027073574682 93.624901330981004 96.209172877427505 106.55671026701617 93.981558063046748 99.209404006391011 99.542662026771097 99.937586589249392 96.124725167329373 94.519107904058629 95.014921112523339 97.166768577997459 97.765760566761699 110.26993937493532 99.004532517540952 98.90957040231261 101.33758823720376 95.746838149555103 94.869044257794329 97.740621505590568 77.266775788396558 94.479823530273123 94.66631514934528 98.340957494167128 105.27956866218894 99.877867386512733 96.611422610793014 96.355795385786351 75.67622969685786 123.24498309699607 108.57644463280218 84.004508740621105 98.258488012366541 100.59986235903918 100.99118029910376 96.778790105003992 78.378440518252219 111.594688558393 109.85313584285272 111.91766555571843 95.593221028027301 99.730494509801773 100.2684063959102 107.47960545403508 103.01922904953646 109.44769337525788 110.56458200529998 110.34137439708344 109.32624291629018 109.59234668745354 100.2447930679574 104.47518257176293 106.67326842896132 110.80948075643232 109.5108459772601 109.27189291936381 108.26366260761769 107.49920901294399 107.90106115862027 103.65137217049617 105.74103347603102 117.87726835725498 108.40519960242193 106.43916183230516 108.33864010640113 107.38897161787443 107.31363182112749 110.32935985776433 107.28617152256038 118.45904293565201 148.11774134915254 137.68088602571564 106.24077398269228 136.57368102259801 104.43330274231076 105.48355531336883 108.25781017649781 138.31595498004168 136.9592176100966 140.53836346704765 136.52535649968013 136.14783133339168 135.37362841455786 134.08840829652303 120.02214644290044 138.03299463276957 139.18959400780685 137.14356414305888 138.4512224148778 135.15153613071246 137.22598142459415 138.38779082006295 141.23371820043502 134.75133349372075 137.80140305730868 136.80506655397309 135.94412115623436 130.27732099051994 132.78495802863731 139.40952414988769 142.82091607059715 135.8965278464992 135.91265315089353 133.68136580627663 131.69853859269307 128.98062505009781 127.94886375503276 142.37358695801112 137.18506031506294 133.32584879395748 132.89768137842276 134.98295096730868 129.95435936011643 129.17080165782883 140.43985058217541 141.77181699616423 142.14972893073019 158.76847854708947 132.51625910239386 133.84726545756988 140.85838263379898 143.387652788152 151.55926659382547 146.87800002583523 156.83922989534068 139.91434471754513 129.10053747993953 130.38759890963271 150.94930814760252 152.69385906262579 147.52941275698586 155.09645570950252 156.39403336345731 140.26899342776099 131.03939114438057 151.95459609239367 151.63416424404838 154.62361094519528 150.31061474653006 146.02573188922685 120.98074951536702 157.01622076301632 157.35102864736643 134.54255977839586 160.60702791604578 155.39145213167092 154.19195431101264 156.57393460627637 157.70513725469797 156.14245841717496 151.89060800621024 154.58612946343689 153.56403810703907 156.3980559200173 153.35726705051223 154.62566659030855 156.77503452154622 153.91878869537121 157.41637020363959 156.39582631435115 155.48197736124621 156.41885861460932 155.645420073769 157.93383296672172 155.72514955751987 152.69739678668267 161.02884878994459 159.63349146155241 157.76376911601028 157.89547107712727 156.81969177175864 157.2408784461476 158.39301154242528 159.89519189182607 158.59461633755552 159.14204956501132 158.47585041840014 159.73023445295692 158.59144009619172 159.7242570071584 160.78553059291116 161.11638361536669 159.04395824441164 160.22164688095825 159.5071717616963 160.46989911132667 159.45493634270136 161.94622334723954 157.41410595631743 162.18253947225165 160.14665658968684 161.27702001411265 160.62628968282829 163.29471091741632 161.9910924254433 162.36224347123115 156.40370742704437 162.0110579082731 161.11527509996424 162.64449763514537 161.25384259700047 162.778123585261 163.16010156615312 161.7776587956433 163.11183662078966
 10.421551817480772 73.836181610287426 81.102134831448595 142.03437098052078 66.384482822255634 84.890413351355775 150.30700232170656 102.79046871877547 11.338588196743689 32.164411028484771 68.436460126340904 80.484132210945376 89.505398207935627 85.778480415282502 84.436003268096655 83.703207939382267 9.0606446959235534 10.49804781688062 70.258723942388883 66.896601662395042 65.736449641903832 67.276175536992724 85.735614097010597 67.701418423273296 62.373026047326782 67.079791192798993 60.881319524382825 77.43808762260575 64.12865240362099 65.959704850929384 67.028100141846608 68.609277663017949 58.949113188608251 47.707635699422362 65.777782175739475 64.890606403266062 65.775513136625179 67.839448270909074 62.99916542317807 64.92994095901355 65.068502549716115 62.32399792578039 61.424666193103725 66.906581107694478 66.537519786335508 63.854798773621567 90.48114732500467 91.351193847334088 61.892156974394062 61.001358175989424 59.977006567021526 66.380403908510687 62.150640043163662 63.166485295133839 91.662960562669724 90.624767088176668 63.098384598695013 67.29570956653275 86.447555745321154 92.657582783004216 92.043402419566561 88.137668020979447 92.714287543612031 89.223114029792157 79.522866177406414 80.47251755913075 80.548019062426746 80.282815204264452 82.815702766204694 81.588835828740756 80.908926932159574 112.43603740882544 80.880518877538634 80.17524849410205 81.218512465380286 81.575858697717194 82.916212971231559 82.371534610209224 83.502980213133839 82.448966685117369 79.784192123872955 79.640979461377015 80.547922270356182 81.792641167189572 82.340655058567847 84.224265413744703 84.683506925117527 84.658381699723066 78.785017029539219 80.171663682346434 81.049797430642514 81.384925950733148 82.603037746721924 83.372532111670807 85.862850569453997 85.30161943629885 80.352011408906066 81.891038178006937 79.076018905967587 81.775266850274235 83.734851923910512 85.888304078834921 84.863493321226784 86.487228830733642 68.564101057463574 65.127211995109633 79.387862113677315 82.873472795676037 83.210563075710937 84.107895867677129 85.311618036637668 84.948309294270814 67.680475845246718 80.698591346436643 70.970739337921231 80.849107091078565 82.172180381320203 84.404104259628937 90.71554710997826 84.344235452684188 66.235430698709862 63.822362509696447 69.46140253308576 78.587656724018416 81.342661662346501 83.842699713847651 85.104431622976662 82.694807802111555 62.346690153253839 67.587848376853856 69.718485938653984 67.524636915506363 81.853159788722962 82.788879909163953 81.629208995890593 149.38746145471524 49.517073107888407 48.312895973614332 62.670214300617133 68.441934440561297 68.308935769282797 79.877071051133768 83.19057477974745 123.34848467587484 27.768780549123527 15.626416769669044 55.617229422282847 63.869081868992495 71.412320252692652 69.066204621947449 82.154314218239634 149.17091784092318 16.006673626628032 16.238790154747754 14.989937308821624 49.058379333975182 70.680765272081644 65.580094627417438 31.452863161314021 10.784817869987071 17.235937269784586 15.389415002736207 14.292397123057265 12.840704860517141 11.679170653759014 67.003070833553878 9.2840375118968801 9.4808384599330484 16.855621991098769 15.111629486824009 13.994423005065695 13.480153038337026 8.6601476804158075 9.6845815460859495 11.652546164223542 7.9798019976710561 16.556371277421743 14.597757348549173 12.268892456429722 12.170963159532789 14.065364190013089 13.004566281952487 13.122823413004269 11.598064397279424 15.639813953314988 1.0844254766806651 28.753434011247798 11.020784563021925 22.067267159285354 10.328866848519105 10.194909107772926 11.081388660933515 25.375478653141172 26.856026347459359 20.945143296244495 23.228175765442295 25.933483861454256 23.411990347558163 4.3795484662203457 46.686893660739187 26.540965971600816 25.846524770482418 25.780969523132459 24.243169880369233 25.361622646247906 24.22884649164973 60.11441103987471 62.143391172987101 27.494811748890921 27.611152030099529 27.927084830868814 24.657784829038192 24.673481759701666 25.355455174568178 61.375050034668227 60.62694703285711 27.327279871804688 28.431033485376375 26.774463597517318 27.2363845344547 26.189699447468943 26.856455622380572 64.173114637670935 60.573778563484943 35.248151568313574 27.659970947803643 26.38049348687623 25.865265970462872 25.07926408952558 58.704467594032586 58.71654188975473 59.719553421415675 21.230046470501051 26.365951162234587 25.660577412826218 59.876200375811649 64.036306851198248 84.099027845327058 67.542551116558272 87.385193313334867 42.49642990810257 27.406464232416344 26.894158430620475 82.799012362720234 83.861054728802642 77.387908987934878 86.314258148414226 86.22137558597062 41.220517277233277 25.890828098934438 83.06310243035054 81.875724084735495 82.230898127090768 83.940914884593013 66.595636078148218 150.78100755603214 60.66041809266985 59.457264913971315 90.20232125800699 81.140733424961496 83.429750206242204 85.475233831371682 89.584234920690733 89.83833677429763 80.02279783354625 72.304411462273109 80.290683845957489 82.837789637197318 84.08081178606605 84.729401889656955 84.288583756828373 91.690863314430473 81.372889323136278 82.32404078727653 82.715017500327193 80.919920780318449 81.542046955525606 84.97872265261482 87.745232399604177 87.144106693249739 82.156580266290206 82.228774797712418 81.852597487124271 83.323111174427709 84.382582109979396 85.24658494345563 88.705777019929641 88.919373756126461 82.916446043189438 82.254739833450515 84.899014167619839 85.745684740552349 87.142211519210221 86.825691050001339 89.348641370570846 89.623026782458652 83.348992240514022 83.632511975033395 85.331912574613099 86.119659941896387 88.474239670146687 88.214834063090308 89.770020760557486 90.842110360107327 84.885644217309135 83.966879376706615 85.492566391647443 86.36430684321401 84.803664205638796 88.675269211329066 87.507068463533287 97.74896251878539 82.811666882067016 84.439037418826359 85.801806225766896 87.64826249083238 83.652857732439188 86.711904419566451 86.505809402954142 88.490955312452215


# name: v
# type: matrix
# rows: 2
# columns: 320
 1.3579693284185725 -1.5491047806532685 -4.5880381677914652 -2.3617106020879088 -1.9322542643970946 0.15779059463454842 -2.4432497256164005 -2.1848560259870178 -0.64474825016551451 -0.62397535907694635 -2.0509583426018714 0.072948949833539029 -0.74118715823311598 1.1215672850281144 -1.9122165248226097 -0.33410849783365859 -1.6294795681933658 -1.6783414116027646 0.18727364222781492 -1.0720405994032303 -2.5624122588117899 2.1585620373253178 -1.2651445203400176 0.81392647618780056 -1.8266025614089416 0.18963793975630527 1.4270434028086727 1.1313036246855084 2.4727618352956195 2.4315501883872281 -0.81032355923840094 2.3884704366244995 -2.6457962795139571 -1.5921683689507897 -1.593643621766248 0.21826616508425822 1.0168325220718208 2.3107374432189616 -1.0719280453825741 3.5385032960047855 2.1347182391402968 1.3836291930800806 2.9583417586728804 2.8826419352274351 0.6867042171120602 1.6013485622656232 1.7222945125539519 1.1941410751102197 2.2760765613342659 0.69809755911392979 0.78615746042785828 1.5823513480840774 1.8405333741599019 1.1917856233361193 -1.4217139908814849 0.41844522737683582 -0.1664031480448997 0.60564235991864335 0.96862435829104632 2.2621037554599432 1.3670217299633474 2.4633179064299711 2.2890247163458906 -0.87969584841636317 -0.97748756591894126 -1.4514644134120553 -2.5989087684529655 -2.5555409142093808 0.19831513189264605 -1.1274784979626533 -1.615290083837607 -4.8083481724781443 -2.2109149670953689 -2.259727723311574 -3.7023029489957726 -1.5449954345949195 -3.0016909009879105 -2.3037554381618328 1.1808596421479769 0.39845161495795461 0.41033919534999125 -2.7980250268773257 -1.3123012903952231 0.14642363954406534 1.1438095873127165 -1.1001218443854579 -2.6645692461211992 0.13289631309105721 -0.589003188312199 0.20123273743235212 -0.33768598053936277 -3.5167464363788756 -0.62603708199076546 -0.08329894656883384 -1.7353132888284861 -0.87948167807108113 1.0957960171126855 -2.2700196152914374 -0.94785279416764889 -0.18588569167807584 -2.4274772200675172 -0.67922354680320984 -3.0688949174137501 -2.4529408358061029 -0.037177396918762755 -2.5089786229551976 -1.3953355336028339 -3.9592902672822889 -0.86693433870364722 -1.0576350372612451 -1.9482903801822571 -0.48393140347147073 0.54774120120804382 -1.0134168876815111 -0.39971001809706042 -0.33845628258508142 -1.9122373766004226 -3.138969558117898 -0.98235940944024569 0.51654681751236808 -1.772147010343919 -1.8622965431923171 0.54457114120507744 -3.0516106335234041 -2.3516504664917486 -2.5376621499367493 -1.1017720005241793 -2.8276181030981284 0.63942593884555221 -4.0388369972585245 -1.5387767278657156 -3.6307456049362989 -0.61378192838316048 -1.4308135939771345 -1.3556448521685358 -4.394828918472296 -3.6272308305790339 0.24628924506558539 -2.8232236180267076 -0.94314333146569318 -1.5019760727027864 -0.90425701718420992 -1.1247352522626193 -3.1420302346738094 2.0503194377782759 -3.4244161132133017 -3.3052369035009281 1.3809804644683041 -1.7485931213722299 -2.0248650325752884 -0.79179191028399942 -1.8658422502405294 1.2317143668741246 0.81679551829949004 -0.79224893188164569 -1.0979703950180666 -2.4983107459570069 -2.1451471019439365 -0.91553894821569615 -1.311143102325244 1.4459016415909882 -1.8548107856978535 0.065842637241158325 -2.7977121113883809 -0.40481155944041591 -0.50007543222969408 -1.1126682429465116 -0.49324361602580563 -0.46933715869379167 0.58785617087335906 -0.95299532492930583 -1.5503152328702661 -3.686976427893919 -2.4921115917878085 -1.3715941288012079 0.29849021549919746 0.64767609133297521 1.711674528442497 -1.2589289482727217 -1.5817909863560473 0.32175515375507435 -2.022555663955695 -0.91564111886380828 -0.63623488947372386 -1.3791291433182093 1.9063454546835059 0.48880566453503482 -1.2681660642072796 1.4259354757459386 -2.5345866568302693 -3.4121858720001175 -2.9237497800951004 1.7482134448455577 -1.2842810447088187 2.5327848163482951 -0.13335228287360604 0.41812072555735513 0.16929173322942287 0.9259881844467065 0.65816855837594501 1.3186569836424642 -1.0560406203245936 1.6755985404788469 2.5966256882754095 -1.2579724120928033 -0.58891464961091877 1.9066313351711683 0.96141076109581192 -1.8907692240240492 0.35728358935374555 -1.1588238797358408 0.1982572506148296 0.59508695545329082 3.295577725895531 1.6211237213540417 0.803206082337796 -1.4064641281584698 -1.5924210847046365 1.9317282993331366 -0.56374363935523975 2.4181380430706549 0.56297340808501184 -0.29118174422187271 0.11999504950987436 -0.92266956557525615 1.0847799180782181 0.62040681842573975 0.96750312813285944 0.8121147007527072 3.4619005877874232 1.8259780252351407 0.53658426493236555 2.2728166734052841 1.7964397218800194 1.1416893147717013 -1.0841860299399355 2.1405435561178003 -0.25505798748471681 0.48599483933744064 1.8496476542749487 0.29491429470473879 0.94597247342136137 -1.0991705952027913 0.58779951319158985 1.9108840661690956 0.79445250808365253 1.4114118131796887 1.7148751338491308 0.70251403728776729 -1.7382805713627587 0.12725058444744225 3.8296415711242808 0.68483062166297182 1.7016128111024342 2.478915310742452 -1.1396072695747648 0.95565273062479306 2.442373078881324 -2.100086601167332 2.5393790097386169 1.4411814938176906 0.8317636106663141 2.0701805356822067 1.6944934859511231 1.2388305932447972 0.88167391345715806 0.55951298589540777 2.2137099204619402 3.0177258759331509 2.4575515872997933 0.2258263834480598 3.0078858974710458 2.2273502310731321 0.48837554090959251 1.1995189890796107 1.9448465221674545 0.66589149432586059 1.7953228014191553 2.1129426464889423 1.0661759222543465 0.71426364095118455 0.21485421708434863 2.5914727664272923 3.642911286586211 0.68099128168225209 1.0367459508693255 0.6251929638031275 3.5145904594270423 1.4618693641950691 1.7655599027451734 -0.28700553177892069 2.3971568879640239 2.4833082361575465 0.93520511310578935 0.40735194652300177 5.0726015553217234 0.7554296054858779 2.8721697727718203 0.82352060933648852 2.7873362054984687 0.29076534904533757 1.8499851936328093 2.8393522262252744 1.6710479822040198 2.7147823361176386 3.0270625010426433 0.53173968792739557 0.7091429010904714 3.2130762729573683 -1.3784096252352036 3.1833024968424777 1.0795806053282941 1.5698487476276617 1.3279617282274567 3.5806922322399601 -1.0286449118108714 -0.1496504047832497 1.0411571782025795 1.9462890459221409 3.0905412602240903
 -6.3445512990119379 -1.117490105380994 -1.8321798354468519 3.1959294126884794 -2.0166690819255573 -1.3033959176062073 3.7266860933603394 0.29108599795669898 -2.8147777036571671 -4.5400459979297505 -3.7377979490235225 -2.1655368630648315 -0.81039780598378297 1.0076418094560735 -1.065334852483468 -2.0007186777281007 -4.805580796019326 -5.6006924239838245 -0.035021290715250508 2.5678060896033288 -1.509302859451302 -2.6575389405740588 -2.9104784410745865 -4.1473384551998516 -5.0252168774575061 -1.9360448762617062 -2.643198411263795 -1.3688265063269536 -3.9441559799172312 -1.4662702792198112 -2.4752822285264111 -4.0452844675849509 -2.4519905165281575 -3.3208113075672636 -3.0950579339930391 -2.4629701106943576 -1.0845651083655967 -3.9069352727858657 -0.91012490254542744 -5.3911926927361558 -2.5932189075722549 -1.5558382719308042 -1.7901794235627093 -1.5894191776810336 -0.8592208622526587 -1.8493962889254056 -3.3839239248181405 -0.27567814284674508 -1.0649142393184821 -2.0659314253867378 -6.3046884058632129 -1.9699240238021114 0.12464151157833994 -1.4111416141611541 -0.76808570464603221 -0.68954873378944992 -3.8438520383273787 -2.0376440755136147 -0.6830835110815785 -0.30936215920483329 -1.2054619076782314 -2.2950595744095614 0.14565634820039286 -0.73095302811933671 0.37670312025311004 0.10318640869010574 1.668542579081435 -0.70265671128496998 2.0348718838286306 -0.72501078246757211 -0.054337909021085776 1.2975106343904557 0.92541568579117617 -1.3806106657687796 -1.6865722951787556 -2.0672393818371289 -1.1578358402093487 -1.7158858818056242 -1.9127576532600419 -2.6223732640691657 -1.9162253897510104 0.50156648125624048 -1.0164680329270057 0.98427158305976137 -0.87780075729953755 -2.673716198854557 -0.27095567679992266 -1.0155591352604412 -0.67401272096691289 0.57762027097699808 0.87878931386043546 -0.41764145620647869 -1.775995541623304 -2.7430841219607811 -1.2894996623030774 -0.30659656824517795 -0.76998383527079506 1.9025346790250024 -0.45269924187117444 -1.4347070572728746 -3.5493057842050733 1.7925001936227762 -1.5340123414240801 -0.46038738648893612 -3.0348591886907053 0.72240266570633482 -2.0634547819461746 -1.2399948409631127 -0.94781550879539445 0.35234285756420525 -4.3031664052442569 -0.95175174610267321 -2.006171322177182 1.8218239476206293 1.122581938319138 -2.6250724491647386 1.1041288191680858 -0.51688794522489057 1.4511542305423721 -1.0128659104781383 -0.71463404550400822 -1.2292178366271396 -1.7505633709358681 -1.1927971703938931 -1.1800879148787569 -2.385942659054511 0.8369765584222143 -2.608917165254669 -1.4985947257817349 -2.5145095368148471 -0.24970827185249994 -1.5616920387363029 -0.41073006910826093 -1.2924669926703785 -0.93761827496992578 4.7133912402115206 -3.2703943036899843 -2.9951204753622735 -3.4016571800729372 -1.5869886814609546 -4.6724256314314729 0.77587050509830302 -1.2499684699698921 1.5120815234880927 -3.5162276711970275 -4.115485122358181 -1.9440862629784657 -2.5247168768105595 -1.6200571266390185 -0.93771132327466622 -0.66734263136602012 4.070750161301361 -7.7260003324434203 -5.1490531235864641 -5.0319120873398981 -2.1450527533982058 0.10089904101811503 -3.2121428462862669 -4.8047683630626112 -3.1642412150612849 -6.4830620823334684 -7.1631740062825555 -5.6591647482089442 -5.2597687857637334 -7.1270803666831668 -1.3362675701976172 -3.2343310415896154 -4.134385564747828 -6.3543816778193447 -8.4919108501530207 -5.7205770180518227 -5.9065072975645672 -6.2689690834065566 -6.4343959732716556 -5.766343992518931 -8.3512843863758324 6.5525017881321386 -6.6261734666387264 -5.3576825243005262 -3.2725270235071697 -4.155887245356868 -5.930364834468409 -3.4646610942094433 -6.5711351965835538 8.1670303675700477 -5.9957003488919911 -3.1024861068035494 -9.3190592305639282 -4.1540182878459246 -5.014414365874603 -2.9725124073668026 -6.6376348592341028 -4.1644154023184061 -2.0055055803139399 -4.4806091023851753 -5.665098904168258 -7.3171794757316553 -6.1280955465891243 -6.5093544091306157 -3.3854341841787279 -2.0778996767713087 -4.4232372787658747 -3.8722188621402878 -5.4156152812824931 -3.7919721678309206 -4.3551620214415969 -1.3257750129296708 -2.8410808105880889 -4.1270464130344706 -2.6816280828373902 -4.2989016680123475 -1.9917482516779719 -3.9235946440877338 -3.1291802293020803 -0.86996411049493128 -1.13826406986049 -3.9824893856023418 -4.2705162375447081 -5.4586608875808196 -7.0630506110353064 -4.6567525336589126 -6.0283951795942929 -3.4208228152622633 -1.6726055268483757 -2.5976670930922872 -3.3859080565772497 -5.0994682300118201 -5.6149711308088763 -5.0972565483648449 -1.9069596009385601 -1.3052481963009275 -2.1633154497146343 -4.9553758204151475 -4.9224328799746448 -4.1349850393920953 -1.2652393071762627 -2.5277645426557491 0.53777750484956111 -1.5008822225301337 1.042251258536717 -3.3388621491182815 -6.1368662365920335 -5.4497232337328416 -0.52794439609686583 0.44167620894978954 -0.81940030315974965 0.42191303541650965 0.50674307184874978 -3.4418330610430807 -5.9734414940667939 1.3060505725068792 0.28025136153727281 -2.4597903069438858 -1.5801756093508381 -1.2025804768565815 4.0361142509800016 -1.4331113279564918 -2.234584580984929 0.86357808203941411 -2.5209485355726176 -2.8008416571651735 -0.33292779886334667 0.83136918062531184 0.87087797096659814 -1.5390770105897156 -1.072369632113483 -0.79997266809247702 -1.3960629696213496 -2.081310082272938 0.47279701943313251 -1.3658970817546359 1.1133994211805407 -1.6545928347168368 -1.8727834237844365 0.54509518427736814 1.0039221838161241 -1.2798015195241539 -0.7591844185259895 -1.744691067235361 1.788293209342753 0.65238632374098848 -1.6102186687790363 -1.020660883605875 0.26943046402483184 -1.4153972698503841 1.1346589330596162 -2.3849451912895963 -0.22591188075260712 -0.087595353149112487 -0.44361867581573217 1.0505687064043625 -0.68489821456270394 0.15196702597045997 -1.3057471853050824 1.1647264888711255 -1.4331694738983631 -1.8492908407915498 -0.54902523623137345 -0.64453283504645364 -0.98210181947225494 0.023164963740689791 -1.4628277376616905 -1.0217179236847171 0.22786825250749865 2.7515893923834724 -1.2302569749399159 -1.1007622239431019 0.44121311075680708 -0.52018390902452527 -0.74917481358216964 1.4567866511063705 0.86129832952167451 -0.74308356104521345 -0.54068168281965279 -1.7068002402770246 0.30424074669321649 0.47799152624505242 -0.25508566179369019 0.46513023344481019 -1.0516172240312194




