# Created by Octave 5.2.0, Fri Apr 02 16:08:03 2021 CEST <br1@br1>
# name: ptcls
# type: scalar struct
# ndims: 2
 1 1
# length: 2
# name: x
# type: matrix
# rows: 2
# columns: 320
 191.33152593224639 76.304034262559213 77.15917694046037 51.803815368470069 81.591312359921744 107.16626601142625 28.322502232993124 59.339740429659223 41.224924332617739 115.27993242023022 81.271117132705641 77.690688515757145 99.525187866662549 106.15438537041682 105.05625256036997 109.4222645785362 20.396448617057622 59.672727497971607 78.327627822040029 79.444494958259355 79.915873650707567 155.62516364505575 106.13482897866488 157.53246514600852 154.60943510749439 141.75267461846113 154.89127035809366 154.62903066401981 163.25289212952421 157.90915899112855 152.30994396238577 156.66371194179072 155.20948520830009 145.72635834378423 161.3700116819397 154.46752828369802 156.78003333045893 160.28687373003737 159.67106623070313 156.42372045009978 159.63121340850714 160.52205006851599 154.2209859406461 163.29310848301489 156.04386084430377 168.8796876204531 176.33900873990018 175.669010276759 157.93243924990387 153.95787195775213 145.26801800865638 158.8174468724055 160.30922605846015 157.50654359314993 177.45648624759082 180.4491485177937 158.68296478601164 164.47179146098611 180.24329086348592 182.40248991415325 176.91392226343609 178.55942209184283 178.16552213551921 176.69625107260094 67.151257877142626 67.981081454752015 66.93485368734089 38.728496336286668 68.065461578381843 67.307248219317231 69.695300153931996 26.392657248893663 69.111503380377869 69.041150168881245 68.754249722903268 67.868933066118743 70.501695251480626 67.489636977069608 68.341560119289881 68.273505232509748 76.623591540892718 74.579953989452036 70.160141968104114 69.72724217069846 70.160085833938851 68.561070532049001 71.546995492095647 69.572234793024577 78.263596388586635 75.449974387894983 74.172845694838429 70.000828545302795 71.094171572639368 70.778108371263784 71.257926234943241 71.299632333900135 103.9970614106994 49.992069373764153 75.711451701197873 71.4433587693308 71.684721436661903 70.261177726458641 72.609255758845308 69.127676109973976 78.87975296216446 81.217661517832724 77.740718008090596 72.155554194036796 73.059527292435632 73.473223922506875 72.300947222941872 74.524744994880891 79.240079176897481 86.473450312054496 79.472956363706743 76.286407680764242 73.078974639365313 75.704560571926322 92.607206652969069 72.310622089259525 61.982038770708272 82.448828339451282 77.218179388560799 77.735264308926958 75.203703559680946 73.983956149858145 74.235936640200109 75.281839381409057 117.26074820475206 77.846829397054421 77.752029471727795 80.28366682630093 76.071947625101046 74.108563163350965 76.566592653248804 40.326082498142213 73.746755121605574 73.083061552765372 82.334006171117721 97.553056955964394 80.460817943347791 77.468492917755242 75.153568046111005 31.059400364499012 121.67355984054682 123.89722360387167 37.070144710914207 80.233793053616949 78.831777383331797 80.614839324614806 76.61998690610136 40.050070508322833 232.7962326900028 129.11392883994463 147.93030122509299 74.308992909727422 78.385007770794104 81.298849874603007 106.86571790437355 21.464296617360368 129.02659752648955 116.97182003837625 98.43170481518203 96.704014428716874 61.258322840307244 81.454774968427898 41.259706423333334 62.259933697734617 122.29937868769072 126.40602411624305 119.72522327636004 63.836351269483345 22.084966290482772 23.380994586245151 88.843930025285573 62.656845194764841 119.33230281211061 102.44702708157432 90.843739161397963 63.070863202211498 94.461342569277988 126.0875450364972 123.37467371196288 84.873501836994549 91.267120557512754 175.77862414222724 146.36360155165247 61.277731470013208 167.65328348290743 40.495827969850787 41.819610761200188 63.378123934920723 145.19671457389671 148.70489712092012 186.24479895432836 176.98660640940739 176.48975164291068 156.87403809370784 125.23347183325639 125.95759199248747 137.00912854915123 138.04089069415221 154.40606469430816 175.61081567059034 166.90993722045877 154.35807919281649 155.75002850397362 157.14535375079936 122.08868666351862 130.68894494405455 159.15785530540083 165.15063441754722 158.57196257041679 116.44570085524134 156.3535114722354 157.76003874117987 164.72947082587103 116.53558014929281 159.54104196703057 122.83898765741057 121.84798351027065 127.41505524088512 158.89140231376211 153.81142199382711 116.0841501072529 121.01300192094659 159.66472674736221 117.65905151591465 229.83495986197789 156.7131093683393 161.47787077231555 156.47940168165715 191.04247530944738 114.40252184940671 160.5174027493824 155.17432423900814 159.28644180913577 172.82423667509661 170.65257404597395 178.38415620211308 147.91559296762961 87.001878593935373 128.95804866604837 174.94563971009154 174.51729902546867 158.8106383718056 175.61288537579372 177.26721005153166 147.01041253532185 122.83010205912697 173.97640631702791 175.98839335036712 175.39156498428792 174.33413198320886 155.53763974257808 104.79832628738777 197.2929833509954 186.66509365269079 104.72133004183667 183.78586322403638 176.74219580132836 175.07851995318597 177.95605015299199 180.58050985255784 167.00858814747022 166.59691296741187 159.83766895977942 178.04636665050754 179.08841832872622 174.39235477920803 175.17306678269679 178.05040122289819 175.63945672836459 181.36383070424549 178.98366152321776 176.26350113444647 177.41596221347524 177.72288274447988 179.56346540971785 173.33614431007084 176.57406061928575 185.02474678241958 184.86758673955779 182.09104480588383 180.61958563128314 181.39389955491484 179.29981447354768 179.07490415017676 184.17808260413997 182.68676502647168 181.87908745121703 180.79479580728682 179.51352895617023 178.93400458391622 181.53120926960963 183.51040218461841 183.86031704524058 183.16522211266221 181.33301038254686 180.13139074645369 180.01268694606648 179.51689085829847 182.65057565627976 181.71419026080051 185.8826712072283 184.56881292008816 182.36095482741365 181.79763148729731 185.58080113577202 182.77676937753213 180.87146500604615 171.73375202272342 184.07330126588906 183.97292071684026 182.90765496111644 180.71125945480034 185.10660878402413 183.92065244452019 182.16097591626988 186.44049156498747
 77.370409411429179 57.967822113882548 70.422303392734946 187.41656864066741 47.755714950581492 65.751434981078049 189.96293789876987 106.92388988977775 8.7863691580692311 20.029333513902611 48.733648755911616 72.488842042620377 77.997749362968534 66.144402508130298 65.093082862695923 78.246994625644163 34.286620837525788 13.158332412307239 47.126903288846158 45.084439994841006 48.485665016726387 32.370915017157131 65.093420344424146 32.939651237873939 29.249833137981394 44.143862656728821 31.48511637346974 58.000751232754503 39.563554168182435 34.009654114828216 37.418049202956205 34.308540715900911 27.848636800717834 32.917319524833069 28.76679254170417 33.327254914437809 32.066067355803547 32.71258513778043 29.900545794179248 33.18778859232296 31.627989278326481 28.112286759193186 28.160046023603119 29.901989124218215 31.250752860021493 22.725921657068575 81.685179399198077 82.749152096850352 31.651851148256466 32.195327836372662 35.910873091218178 32.373537371605657 29.104194981670432 29.881857720054345 81.585263549794249 83.562791191456299 29.600572121027202 60.566460950533077 76.763896886412638 84.533830407767169 82.686523989642424 81.509654194339277 83.46646230937877 80.696388523363751 71.980730308969143 68.136249943786538 74.129092556589896 70.305089904003907 73.996894944547051 73.187350430736387 74.943524799967761 130.86068841716579 69.615317085399482 68.484052339921647 70.73313382626506 69.634357160836615 71.986192994751846 70.839131296234854 72.015413881241287 75.011351423979036 68.319541073785629 67.725587873977901 67.920564185284263 71.202997932244202 70.085391451185444 73.083575564918149 71.743103441221692 73.00288495553059 70.250743289751185 68.696069611531925 68.836949807779121 68.966964916910129 69.465365919450448 70.887505126176308 72.819484576586206 74.07627186347311 64.566162369206225 107.0003781393868 67.613854856869494 68.344167434015489 70.353005826802118 73.832118302216358 71.36891966032438 74.020482366134203 46.17464950572522 37.505168121346635 71.400908055578086 69.401476162979193 70.287759847719045 72.182289684206268 72.460331161939735 72.014380669520904 49.207266022400347 69.808940667255001 47.205222137472362 69.403732072006051 68.594883726744598 72.053735413426637 111.32193718368579 73.55265478106179 58.48956641334167 46.972456710774502 47.151296739669867 68.265150885634412 69.863902572295501 71.029111786776156 73.05974082929977 73.030998897513513 48.370592126620558 46.187283580460786 48.160833020683093 46.109081989775248 70.464209766485368 69.936718704996338 72.693334702699545 195.77971842520108 9.802734206086102 8.8189511204287285 37.09669763036797 48.988946366777526 49.506909394021434 69.351302189910356 71.131125555224727 144.8200423093931 32.569192077845059 38.351366324930119 28.011204487995744 37.985630867392651 48.125476720628896 47.439532959497576 71.584587636286031 194.57427622316578 53.11988731044201 44.868986495999373 69.343371169535942 8.8366041281666625 45.248283036924811 46.421936386177727 53.253024897933564 34.381255828305306 10.186663153993662 22.800582888079713 9.8616432295986556 43.028547917394121 3.8274342935347923 54.392052008767642 6.9234355296719787 4.4754234150677972 48.186019259010706 35.445536900122185 35.931372882448812 12.922606539312961 33.443348143953436 34.778927705949222 38.247216227326206 3.3117393509567883 40.045365392685135 27.422023638580839 13.208114697234871 5.2698346999988583 9.231540316454927 11.945649076509943 1.4852944509797135 30.818879010809265 77.78330848183397 75.357284062344348 12.308509767669271 5.1395179790186436 3.3618824988953828 7.8767363577145852 7.9053042438490211 4.1303532170043473 11.983897768438155 23.231161632343241 28.243525753377817 9.6887976063644974 8.5752167487169348 17.874768778705853 12.713273713688526 86.727939937648685 15.219958820069706 15.433204281390291 24.741957145284122 9.5044810767990864 2.4594946630937384 23.408403084955044 28.762993200072035 30.928155564385616 11.835608204358763 9.5420674859303123 13.919472117092308 9.3886047100440013 5.9047686670688071 4.9325494826138749 27.835857755489812 28.782862388213502 8.3732754675543362 3.7362744669494883 6.4626831427004161 32.386991377464405 10.331785136753648 35.776625221964707 30.751608532009087 30.751716824275857 5.9675710896674961 11.430979342018857 5.0993325193883701 5.1140476266826482 22.71954536104316 28.971409835748194 27.502956042645433 30.069410260112207 49.136290179396717 10.414302318987119 5.9513608284628416 30.374344357641327 28.700523360601505 78.618381590371413 12.397390002432893 79.49408825890842 5.8454603180390778 50.086820083849965 23.62674530694423 79.837785633766771 80.771037117672151 65.752424683056091 80.786416658439208 79.733827952747134 6.8154606351367013 11.01947875609396 81.689105782143642 79.673190868440599 78.646166076644391 78.046155333302139 33.894090911006096 191.90617008001868 55.116991522555651 26.942473966258152 102.46513002295269 75.164074467123825 77.573306121003753 81.877925185391064 80.57859259453457 82.422119295694884 79.591686859993274 56.353237422475942 59.288439399877426 77.343534205471855 76.764907595134218 82.706379247680161 76.360503982201024 84.642929203739087 77.363675357813392 74.201499795611738 75.651275898986739 76.318400428325887 76.470386558220895 78.427129638789239 77.717722914866101 77.562367953542122 78.616624547991236 79.134600205482442 75.75346879761311 75.684796611907885 75.592830574800104 76.71168606687803 83.393097078598259 80.583208191501242 73.777600507633068 76.662592931629064 77.670234775859129 77.64223233141341 79.532703107236173 78.520318926132262 81.546964912462542 80.851036434934926 76.898282167751375 77.739352179950927 78.650186756247606 78.661743549890872 81.356493655993631 82.314543083058027 83.468385357360546 82.857198144572848 79.910446676048522 77.861677896539064 78.566517993053097 79.661259871771207 78.267652120585737 81.822719431853983 80.688923159324446 109.97939879800123 79.859944605212874 78.778019395584948 79.78281790731458 79.610183019378127 76.866014417978306 82.029424778059138 80.750118076304716 78.808596063425711


# name: v
# type: matrix
# rows: 2
# columns: 320
 4.0452272840958052 -1.5491047806532685 -0.60953097362388509 -2.3617106020879088 -2.1650066532275001 -0.80084861912009409 -6.2106094508590788 -2.1848560259870178 -3.1720967440593415 -0.60100659307165627 0.8421526341417036 -1.0219302095799514 -0.74118715823311598 0.39342366672261259 -0.84758566041932693 0.0054553980679680576 -7.5912127693938425 -4.4819068742017949 0.56383028074876584 0.4169917981453185 -2.6506452561268103 0.37243214914493383 -1.3656374617110734 1.6912294426604031 0.59623255073535186 0.35029495785484888 -0.41492141033501073 1.1313036246855084 1.7875350110661496 1.6321036718451298 3.0128946453212055 1.5738806331778097 1.6994989206058586 5.2435936435317503 -0.33790271149588558 0.33312119739094914 2.065472912362444 2.3265427399144945 -0.10151820878295592 1.5139553257179861 0.14936056430380801 2.4057017432963272 1.7641762603761466 2.3574532590885595 0.40883928956146232 1.6961192366017308 2.7007074657332661 1.2595120464555729 1.511722568517528 3.9397877071247174 0.56229828007824556 0.52806907484799748 1.4240370399529301 0.89332619742712116 1.3401813408660936 2.9728632556755041 0.29898309331939876 1.3293554749027776 1.4994125162229492 2.1657135636582154 2.6893410952544348 -0.63128828681423865 3.2842818440883619 0.12443844990387169 -0.92654314787837255 -3.1785792780157363 0.20377354548316567 -2.5555409142093808 -0.073351580216914819 -2.4990302137157174 -0.32720508510430441 4.8083481724781443 -1.1761157699236873 -1.0007014933529033 -2.3772750033302019 -2.3799032656871062 0.65546688195560399 -2.1956209446659303 -0.83947443452872761 -2.0483388634115376 0.52902563663975655 -3.3046261365915659 -1.7650544245352451 -2.0102011772204791 -1.0902976273264944 -3.6026347704159831 -4.3333127662129973 -4.1330759042831078 -2.0745831859369992 -2.0150965798822833 -1.9145339873939529 0.98755434901308403 -1.0345828970665258 -0.59785128665130471 -4.0132612176487461 -2.0070040071689847 1.4788770302389749 -6.2008401770682422 -1.4132959108591934 -1.0854750037175218 -0.71196506252840308 -2.5123652019547418 -4.7291365780943515 -1.3520988889188057 -2.3862351544133884 -1.2812851728940418 0.11051988203431683 -2.3648942523222427 -1.138574649866481 -3.9734646972245078 -1.2226786657109834 -0.28008192861003733 -2.5642121386307646 0.83635664410673316 -1.8378172117832039 -0.96703586586811496 -3.3917655368266546 0.63980663576060304 -0.98235940944024569 -0.56953884828598922 -4.708855312620055 -1.1444036085297089 -2.0472245351161291 0.7802658547800656 -0.207235800929221 0.023012414171559119 -1.3873675844111448 -0.60090901876305691 -0.91901916719394472 -3.2096634887627511 -2.2012245129899721 -1.7965659267565011 -0.43439668566003065 -1.782289078865966 -1.1716450457401004 -0.83235245093557519 -2.1453813434717288 -0.75620259114690935 -0.83529865029692785 -0.26415823193366156 -0.59248006918772167 -1.4471631468583555 -0.56401423194358968 -3.1420302346738094 0.71223442357703504 0.71109349501497576 -3.3052369035009281 -1.4438680654900127 -0.013681166878643916 -1.5612966999453579 -1.8990662185827958 -1.6609589925345589 10.35078207216706 0.19756493752138243 2.9794398013476497 -1.577328045912876 -2.5578596125798794 -1.8270243248415945 0.28907770316144898 -4.7310675239920936 2.2591718711315103 -0.77894882957280687 -3.8979409362357114 -3.3913228914080427 -5.6617456095617005 1.0137137855549803 -4.5295213700995207 -2.7061124582987346 2.0348274944037255 -0.034363367956896845 -2.0852349674428252 -3.7883259683974826 -6.915797368908402 -6.3710448321757207 -1.1946868770402617 -2.4726331160432196 0.85973893404808166 -0.86365086495798538 -2.0628606792712292 -2.8601069799847449 -0.75816249943952441 1.6046673089890648 0.99616988720600141 -2.2070062866156208 0.5599963309348468 3.5083321373751675 1.6841388101607251 -1.6124180723611807 2.4134281542758282 -7.1328532777047817 -5.4365474467462898 -5.4412389008289406 1.9260854041095286 1.4096056935038199 3.5730107515654672 2.9316770904349285 3.5049871695899046 2.0498604029075538 1.989906630505673 -0.3069193709385597 0.47627053887088627 0.30386033375809574 1.0154007157227378 6.6066223651714253 3.2478976850354728 1.7726799498669046 -0.10451656804926424 0.87269629126171544 -2.9007371506603024 -0.32043056054563018 1.6670029544563978 3.9646441424388432 3.0180844877988457 -1.0323425145120924 1.1049253039815319 1.2898648821875003 3.1625588053934197 -4.0400155893157477 1.5924972177812116 -2.9047174900433288 0.29995470677321417 3.6202295335346037 0.42528706934283744 2.0878489100013944 -2.364087348322943 -1.982856666697639 1.5908790423156456 0.53042615551220496 9.7918552122602343 0.013644162180480035 -0.93379298146889622 1.2926702537618959 2.2728166734052841 -3.090973361697769 3.9462348710908892 2.164154599114152 0.88129620223708138 1.7574540036363291 1.6181343393369052 1.2698329098479273 0.41474512135752756 -3.8714034896466614 -0.018388054878221378 3.8414557526195572 1.6392700404612246 0.79445250808365253 0.92310591350278393 0.13280113438160512 0.69674958915624052 -3.4717224155515112 1.1125653372575792 1.7062332985140629 3.5046456372207615 1.9143745935318472 0.2239928323491932 -1.1396072695747648 5.8342632862706818 2.9358598672854952 -2.100086601167332 4.6814093928898606 0.61693178214040334 0.32856427462223697 1.6910588339168811 0.37640524600820446 0.48846253060245814 2.830174483264996 -4.7856375728717264 3.6292443702835833 2.0015173568072395 0.32424066034004695 0.15865655822999231 1.9369010703118978 1.2803128274353961 0.37973402482599938 1.7930560797651691 0.56455770957800966 -2.063012841685977 1.0670910204901176 1.8195225300006426 3.3563232775459113 1.3096997399745052 1.830585849223699 2.7783012839716328 3.9895555239411786 3.3380823433185522 1.8624913711666744 -0.82918282321545611 1.5161157027849186 1.183238490882917 2.2295722772825695 1.780885645682003 0.89072408852161533 1.2179346813365961 1.8006512022797276 1.0585596489783373 1.1337585598189481 1.3208192096693319 -0.092470860164798829 -1.2538250577906438 -1.0792849206892479 2.1978846831138128 4.6910011127865445 2.8721682774280812 0.67997572471721046 3.4465846047691762 0.92345901892420179 3.0821703531091371 0.52065518131018984 -1.3496535582336759 5.3461277463031678 0.47299166708395546 1.0795806053282941 -0.17651092557858747 1.0396366310202787 2.2245603526486883 0.42933093059414856 2.0539569880312771 2.8418820078979152 0.68938766724878331 1.7084312037305862
 5.6746610425660311 -1.117490105380994 -0.33379158780818036 3.1959294126884794 -1.3384304229910067 -1.1032422911105315 -4.6342608888700507 0.29108599795669898 1.1864356004477035 2.2802740130875314 -2.0412747587196227 0.9667968714320806 -0.81039780598378297 -0.80049047795443673 -1.8297669084208308 -0.11200043242230964 3.1458664636374247 1.0634697339613519 -2.8292476932167081 -2.3573650611577768 -3.0886630234208257 -2.5743771244613498 -1.0567423225429282 -3.2270169022892836 -2.0069719116263327 -0.88210704781953475 -1.2571164090573634 -1.3688265063269536 -1.0139704414147523 -2.70420870114609 -2.6884861982767987 -1.7432565231063257 -1.829287274994124 1.6694031693815439 -4.5772671479399145 -3.6086197559537845 -2.8699013777482523 0.84656550273380948 -1.7739520962013451 -4.511135312196318 -4.1336016272292131 -0.82411386668910824 -5.5008969993950405 -0.91949023559862109 -2.9633708527220155 -3.0630822844400307 -2.016763030783459 0.51091851997471704 -0.10910509323282649 -1.4748917105794326 -1.511915700213561 -1.3032754730371705 -1.6702756740244293 -1.8310436329710698 -1.4638941072164018 -1.1360764188411521 -2.7424778209192557 2.6559446616187063 0.67504655366293276 1.0386785813701926 1.0710309965592222 -0.57493353188174767 0.71422136794212276 -1.8822437317294347 0.70996546238737723 -3.3631918960902349 1.5835252707551615 -0.70265671128496998 -1.2975480238568051 1.9217611800956051 -2.2623331955468839 1.2975106343904557 -2.1176854758818289 -2.2793530077118938 -0.1289834208305814 -1.3145396809979899 -1.7894573637503799 -1.0956268399201963 -2.6903148829014434 0.16862887899124557 -1.6336870348502803 0.093236082675274792 -1.161710457551236 -0.92356851669028706 -0.85835016364716854 -0.10576172375191835 -2.2356493310205585 1.1454786275142599 0.62160021686098943 -0.61714195423370177 -1.5234929693354269 0.32893560735737931 -1.1976818066294863 -0.38073945962554789 -0.75685313693739897 -1.2050787753748331 -2.140027482256043 4.8970965420429486 -3.2439140795686674 -0.80496043417449836 0.31736406670059608 -1.7166817840172361 -0.31289347846193022 -1.5347887624761041 -4.0480764541472167 -2.5584259420294595 0.58665076428019625 0.039980818788891107 1.0764787361591377 1.1559364101492047 -1.1160006409505892 -2.1272085994911487 0.49498582290677484 -1.2511771984691764 -2.8646397783721014 2.1969658013853621 -2.3068500331843431 -0.55125777964521994 1.4511542305423721 1.7392849741363954 0.79862800313806859 -0.10016994495408879 -1.5671920372214483 -1.0048198359203064 -1.6381033309591881 -0.41860592736412766 -0.60312982086169997 -0.046608873264553416 3.8620357615178804 -1.0428403851531494 -5.1849079263488473 -0.7851153626211762 -0.80623108489136863 -2.8856318245749097 -1.7724560300663403 -1.8121184665395131 -3.6260399943241768 -4.3266079254121248 -1.6258187515058635 -1.2143987563600565 0.21263205598399959 -1.4207625546748035 -3.4546464769348142 1.5120815234880927 2.4701515538036798 3.2193689319130208 -1.9440862629784657 -1.1768513027513259 -1.6127190083873122 -0.054076195298217979 -0.88671318052994286 -1.533066663501524 4.0790060925250726 4.8120311240586187 5.6950017758415452 -0.45791961271415865 -1.528218754814074 0.45730705423875795 3.8793708077086242 3.8174979483263649 -1.9503156177104055 2.3527586518369832 2.4361773678480465 3.5401989572604635 3.1670693230284019 0.28904425432282665 -0.49426642335786247 0.21087986463781427 4.1491065127601665 2.2115864993301466 4.4371531307750134 1.9668184924153542 1.6464635134863959 2.1123728987387467 2.9453708658843212 -0.47603368422345405 -1.4238569325053376 2.182676113160066 0.45209373950366916 -0.25157917015668435 1.8249665120869287 -0.55041846676465089 0.27046533535377848 3.9997167321991984 0.16374669928492003 -1.6598209679802749 2.8129069947531078 -0.09190022240766943 -0.16551086070026913 1.8537966389375724 -0.49559734768319719 -0.42299506678501475 -0.62677355218451092 2.5207145001160329 -3.4705696750326238 1.9574866929571582 0.74391444186939948 2.5554140728832921 -0.073081520357463015 4.1833626856438144 0.77251652638004031 2.1571709737688276 2.9592231191944984 0.70200480069304372 0.68026122245600396 2.3752930584326362 -3.6477368927733576 -0.3090246859596294 2.9773094633753958 1.4636504606170722 2.0033045347491587 1.2325980748982963 -0.4207546432572245 -0.77507981529540859 -1.0436766719982407 -1.5515833109934294 0.10753630566227171 0.10561200852418912 0.59018941290550175 2.3463475152780342 0.57858830696703123 2.2027914405095737 -3.4556740083329616 -1.8809775714149204 -1.1618755883766383 0.79077720648954086 0.64298383269021298 0.080292209294204248 1.9077300108608601 -1.7184684139918627 -3.7031975342320886 -2.1820179712816246 4.9553758204151475 0.65405078510978476 1.3434626768516029 -4.1588778887684557 -3.3889920465132883 -2.45181654205894 -4.0377167529329059 -0.79312381080332706 3.2067452924386965 3.7153455081322457 3.3848254212749538 1.0008558514052317 -0.16234567266433556 -0.81940030315974965 -0.9440121059199057 -0.78822671617615059 3.5916767855759733 1.6668630990303506 -0.0045865211963860009 2.1605328709557146 -1.4910446071309598 -0.12023389150261049 -0.93392569351145138 -4.0361142509800016 3.6665063691707065 -3.2844162500711778 0.86357808203941411 0.51980625708853523 3.9769312452815631 2.3840965727027692 -1.4584740809612573 -0.96750921008776913 0.28908030533995194 -0.39629386386608167 0.13846436959092417 -0.87587549913303797 0.33010893529855861 -0.97445724373363651 0.52080345055263877 -2.3161893183629112 -1.1783972346690672 -1.3791210883656582 -2.4984055357667989 -1.0203874225000136 0.52328960401026925 -3.0828557541691981 0.29091762137749427 0.65210752339689604 0.93031273207504117 -0.14071627809914589 -0.24948397573101527 -0.75454814409319959 -0.28866643451544588 -0.33549369982844102 0.9106631367021667 -1.2549085946078964 -1.4248935704508576 -0.91331463655764378 -0.091941141885985012 -1.9193419482676533 0.5351603900124855 -3.0127850998602157 1.383183251527754 0.50370600581541247 -2.4946774920938952 -1.5449256995855749 -2.4809304397874299 0.9373733921328391 0.26760671041039286 0.38020953711693256 0.60856804746772175 -0.087619619211074043 -1.3326611281927705 0.53956479435579852 0.39859550813544581 -0.34966262639344176 1.3314375999907855 -1.0608330355529365 0.62672281507178773 0.86129832952167451 -1.1162580479451105 -0.74570621736898957 0.33082397857249579 0.73742705021411359 -2.3315982876201202 -0.14757709079956827 -1.2981609214944985 -0.67318667388117759




