# Created by Octave 5.2.0, Fri Apr 02 16:07:33 2021 CEST <br1@br1>
# name: ptcls
# type: scalar struct
# ndims: 2
 1 1
# length: 2
# name: x
# type: matrix
# rows: 2
# columns: 320
 179.39810544415724 80.873893365486936 81.623585514584363 58.770861644629363 85.901847387331458 106.93338956198147 44.39494791612843 65.785065706321745 56.041531941918691 117.05290186979376 86.659463112143129 81.806730902948189 101.71168998344706 107.2269763335176 105.19395844077394 109.40617115423704 40.009228214742031 72.894352776866072 82.115742635109427 83.469843623646838 86.882359427690162 153.84465603396603 106.11775062355437 155.13394557256748 151.22919752500346 140.71930449278989 152.46542693368107 151.29168497119582 157.94846974920432 155.87024083167557 143.4219047586908 155.08398281267978 150.66760910950651 130.25775709537021 156.98340414954362 152.47060285890254 154.29091029790661 156.37990083547948 157.21308123808933 154.77055340667368 156.20846155317378 157.99516141525024 150.6684229976087 156.22498241537508 152.87146944039054 163.87613587247975 172.1443335412086 171.07647661017376 154.83794975953643 151.55049337642473 143.60923808242416 155.81999433254057 157.99612506798866 153.59280923485676 173.1834823444787 174.72800125774725 155.91201397554644 169.12466206182052 174.47876528746477 174.75187307661102 172.34318978857317 173.71578036307014 173.61948336918482 172.46171510633187 70.812928480976794 72.551183176112161 71.407152220415242 46.26734203320629 72.568816949220263 71.858942071032942 70.612189062603562 12.208030140083251 73.721107865650595 73.280600696369405 73.074416856374413 71.849985394996011 74.284632525815766 72.579396210970515 73.080676015010596 71.894367984208941 81.444742105996966 79.177903442044723 75.282465584374592 73.67927838162413 74.107631694636908 73.570951031380829 75.85429848415626 74.759094760041791 82.590604999581188 80.006127431555754 78.371352767737932 74.805507872248029 75.123148286567087 74.863343646684172 75.378539298603215 76.005135722708729 106.40494395240226 68.28454789611466 80.261229513925755 75.988598995869921 76.188710776597503 75.004195246422938 76.906975894801988 73.844255683411305 83.130270613535259 85.234569709267362 82.744503380227883 76.35465622865155 77.200530829325928 77.631372781558269 76.446723666111467 78.715801753779516 80.460154200798073 83.859851190667129 84.281831607268415 81.008177196785624 77.104153379781707 79.704130116684155 95.505166910816882 77.142438648577581 75.873161942937656 86.169475790301576 81.166669580881788 81.958600215138233 79.180848559529309 77.98660049830012 78.331606688731839 79.405388946805289 117.46348118695013 81.147056892297172 82.231050940239967 84.657783300988825 80.310271724505029 78.062114713717506 80.356135296278097 44.455197876476134 78.221420290387471 77.499854506139954 84.968972608545812 98.33232374017021 86.626865413107296 82.216691524684137 78.977839992354916 40.328389556784998 126.00758403082089 120.3946866449277 46.82059357624064 84.085251496362901 83.320055286756372 85.502049267466944 80.794342352761305 45.525076085125256 202.26142557710472 128.53111227426152 139.14095381112509 78.630325130138928 82.270575600115436 85.285485968386155 106.01293868004873 41.3573930169226 122.73805375312573 119.26971908561185 109.93063057707676 106.70841695837277 74.073026934093775 79.330257457033582 56.320923112887819 73.202076913092981 118.14602140576841 121.76139750950385 124.52950625834356 75.011912876257441 40.315189014302803 41.19180722386529 92.368256312551893 72.173893441901996 117.45506269112346 104.99479713319842 96.929178165248118 71.781495604183533 96.697921942626337 119.63356672971051 120.43597254470902 91.384170382512693 89.615131381254315 170.08335194652943 140.05762726360948 72.768470736460557 159.41583214294022 56.658257658312685 55.578862347782213 71.127909364601038 140.85252742984247 144.54656032508171 176.23042977294233 164.71359236324403 163.53016397107766 150.82694990513579 120.11475729138563 126.86300413675852 136.96020589516542 135.78842727388235 150.8160789611641 162.36572184425793 158.44647733445751 149.72322696247119 151.88071867081254 153.29818140159648 127.67186232823435 131.25820185118485 153.97644746441094 154.17832365546536 152.06316154653047 121.77289034003981 151.72706156037418 156.9127231890873 154.93706056445296 123.07251335292035 153.13052823301678 126.26786823943313 128.92381636223746 122.9382682535709 154.99719939025729 150.25671323869051 120.78683463121986 128.00960302067614 150.98617415863455 122.17155373346849 200.94898698580459 154.02287435691639 156.54563242669585 152.84986239238327 184.3376661229012 122.81640933608492 152.18278947273657 151.8232666493484 156.84794073204077 168.83013727017084 165.87907774492555 173.46216591028502 146.4152744115903 98.422518888390442 129.01229342793701 169.67365738951801 169.99891635870293 156.4670034729522 171.3931312703975 172.31361966266132 145.23182169534499 127.90444009742995 168.99993643626337 170.67899681847007 171.16758974713608 169.95364675644001 153.57432251680413 108.16016773263698 180.08190665649349 177.47829450846632 110.91658551527678 178.4329138100596 172.79509474999278 171.27203125985412 173.33168018912303 175.40783939786442 165.5676236821904 161.81016197124262 161.81856681848794 172.24286259471779 173.41469795115833 169.93296547571978 170.85904039732858 173.84761600133979 171.50733286581195 177.88357283346974 173.91882938271334 172.10087776322629 173.35075591212095 172.83020535320466 174.51379363101779 168.84078614507339 171.84141285961098 180.42977626801877 177.64625434833658 176.46064898513183 175.1443736109982 176.00485403207085 174.1846060024323 174.41897354823158 179.09824783902437 177.19012420402402 176.54705339388795 175.50491846177778 175.64729483099833 174.9100473107859 177.55909634296685 181.33668046557972 178.49292999862593 178.06121691063319 177.25193819959759 176.05471048112022 176.53858055111613 175.10705437171387 179.79864622497021 175.73950680100944 181.19852418275499 179.34766291379347 178.54489306680995 177.88012214110677 181.21934386333504 178.70278843660452 177.55559519724559 168.54898923700136 180.27651761961687 179.61138901649107 179.18938059276746 176.76674951413312 180.08899399730217 179.79910324649975 178.59464504159325 182.40562472920007
 60.63015933586211 61.264417924755392 72.579223613200796 177.98857687324258 51.292109863297178 68.335829670642525 197.369114164595 106.06518619580193 5.3686172844040208 13.302525175294047 50.330478351688619 73.809369540831412 80.388422890620149 69.560661263572811 69.765010538758972 78.577395901293613 24.931849016147535 10.021096697120822 52.811311300680622 51.316320027027338 51.566211092415884 39.587741315006689 69.155503256607787 39.147733308777347 37.041494372052604 46.746078447795306 37.099757303215149 62.038789426417885 42.532389654851194 40.391781471572166 45.349083487871901 41.398042650788256 34.719738490974756 27.992580175157151 38.386890383434334 40.155826261177026 38.516899431666076 39.208768481920501 37.246358182292148 40.136769076445653 37.063579044903591 35.076133517718191 36.077644486414314 41.532905914939541 39.134621335074002 31.762014396166869 83.249750587186838 83.627867773049388 37.468924827045178 39.244758505338929 40.371024406847269 38.232812287060689 36.220510200533013 36.814286867272585 83.621988704705672 84.859772375454128 35.528605497921703 46.489023924831535 78.600202920613398 86.255898498092861 84.420309156774422 82.559042833887176 84.579969688269813 82.177450273019147 74.137488870093819 71.514693581497028 75.452861412194224 72.377927202297471 75.625358703516341 74.363467745846933 76.962525938351888 127.03303204571479 71.547005640530728 70.471856809689825 72.505133421919297 72.623132205886336 74.821003833146591 73.52824905716254 74.640762661663217 76.560424613042997 70.479609173881911 70.132879711546764 69.995248282016249 73.762610654881385 72.761171768149481 75.847232525742413 74.266580918264808 76.210388033249544 70.333226192130553 71.108933859341704 70.931014591786692 71.099102240202967 72.393250144319055 73.682798247186597 75.261180002113861 76.327145999888273 70.275793308692613 92.553943340357719 70.100894966321178 70.960110326473398 73.212261517247043 77.295522253819328 74.099525873342756 76.831048074370798 52.359113626845414 43.789664094448284 72.593232274817325 72.155637417653921 72.779893619409165 74.881104770575618 75.17769234453381 74.394949415926362 54.438169623177949 73.448491525609924 52.2584280568528 71.549838789453361 71.331054838049639 73.690382471883751 107.04103220358458 76.038713804805411 56.133613804086103 49.223283503207327 53.517759329912707 69.353856589851034 71.864249421998935 73.573347747776751 75.745294105865298 75.240467856126216 45.487499488214347 52.143874134064262 53.929858062081472 51.188398240968063 72.449212041776704 72.045074871986941 74.670267562083581 196.05947874130553 18.062497615286464 17.14752049605314 42.617184498181764 52.571422698040777 52.599628745687262 71.398661053373402 72.873612157223846 140.35940181510767 24.264354226084233 28.494962031369415 33.746258963781898 41.995881215522878 53.464083889737694 52.344444700094293 73.545444912657928 196.18359802876643 41.08681933749429 30.67349468002784 52.543115930803552 17.059445564070735 51.772367623264891 50.295124910418515 41.808881015195048 25.983462859460758 15.765265746210751 15.85994486516071 2.6749199944468467 32.584960993475519 2.8498051646267513 54.1551416156084 7.3990371591609243 3.6241258626308612 36.307504538096644 29.130770913763644 27.421527611943866 7.120491986687659 26.646652863992717 27.697695344775365 29.558372172966308 4.0406109470616629 35.374480993776494 20.983129104759008 11.874438165699347 2.8609511014899041 3.8478891057984388 11.990873316743144 0.68742171168603561 19.01971465082153 77.300255718939994 66.406331781397711 8.5324955502332074 2.5346351202460666 2.4834016077331058 6.2128704151325724 6.4627334489918429 3.9446236794504519 9.3108183302968737 15.795053857000665 37.423568619145833 5.648502596563814 6.0549762917905152 10.336297263699956 10.949004198643456 74.387020015001738 11.091510347992234 10.919074628028607 15.851903443269407 6.0249690337433588 1.8194619870765925 16.561634062969691 34.957179012539015 38.031029152463496 6.3599293783761039 5.3991271071382236 8.6013939071843986 7.5397830635876373 4.9236409682877369 7.522443530807255 33.898114408080886 34.929838044377568 5.6745250525476365 4.7118152465015397 4.4137402408560913 22.952665437789896 8.0792094293418177 28.378977302576633 36.287032143652496 37.396614388914784 7.0817939271910966 7.4200131213770986 4.1186818731929096 6.5085693958039395 17.091741829004462 35.738774785143072 33.880229765346648 35.731728333361787 34.517931509171 7.60838905532108 3.6047377728800063 36.109371057900944 36.037830741590348 79.765012006739767 24.308654423584805 80.226349929183598 3.4105610201314391 39.126550834859465 13.641510314183158 80.364504656847302 81.567600704888179 68.169655577379501 81.371803639202469 80.804290042291427 3.9836408944009669 8.5450174346283845 81.260708153409738 79.876840400964213 78.661900770486298 78.858093253835847 40.637328354255899 196.18729287958342 44.300797733504126 37.689639579546373 99.917574680939325 75.659975038324504 77.449042344623905 82.482671793117149 81.45398512126549 83.79005948339838 78.73889995924327 60.259307440116373 62.385366664274599 78.468673111448481 78.421720846769304 82.759427388051293 76.630715117135409 85.682023400705035 77.542832099924794 76.568059522088504 77.440951863972046 76.546117883592643 76.472850960006255 79.34010242683496 79.7027387687546 82.44094277926213 79.695192728542949 79.15948007373882 77.612523360407465 77.584728041298575 77.551270908142371 78.567767811840412 83.630647356792466 81.801165676372037 77.352176395911712 78.577698818975819 79.569922348965534 79.556315125895026 81.517133204753677 80.739930561679472 83.662707616601622 81.816154408142438 78.323968585907451 79.523349762838393 80.366146078766675 80.504354782059892 82.817299202238772 82.72055693533612 83.491503226169172 85.26492141175342 80.597482432085926 79.165020281891032 80.54819148629575 81.412461638722021 78.121729692735798 83.621810106584363 82.464320777482953 107.43856872591061 81.301748460288152 80.199502920738283 81.413391816138258 81.299304921769618 78.046168940362278 82.354670184002387 82.396055571915767 81.58140952424985


# name: v
# type: matrix
# rows: 2
# columns: 320
 4.0452272840958052 -1.5491047806532685 0.076843353824057464 -2.3617106020879088 -0.86763856389054606 2.5748976107077604 -2.4112958257351993 -2.1848560259870178 -6.4369194234089244 -0.60100659307165627 -2.6001906928826748 0.15150503653774458 -0.74118715823311598 1.0298444426922024 -1.1869928899398781 0.0054553980679680576 -7.8489691443451157 -4.4819068742017949 -1.0118635366316542 -0.97572977758731194 -0.40443261148252796 0.98053290775158741 -2.173334929253957 -0.14147401516128788 -0.88782385438413369 0.35029495785484888 0.98103653143466274 1.1313036246855084 1.9767811978851522 -0.84596065548968669 3.0128946453212055 1.6164377231654821 1.557375928026332 5.2435936435317503 1.6203478538676748 1.0285376764583301 -0.42231699235370851 1.7203502724979134 2.560060044569529 0.1841265833453069 1.9097501254571729 0.60738501311503612 2.0520979107336084 1.6975660214610784 -0.073625870054885287 1.6961192366017308 -2.5076555178447371 2.6852525684493287 -0.53701334989815763 0.38833847607547511 0.56229828007824556 1.6736713299755095 0.1780464395960106 0.055161640311888083 0.8737625757605153 2.1023643947777888 3.2049121605317339 -2.0231033066758974 1.2169146734758347 2.4746206744934818 3.6431940281207913 2.7131181559878459 1.7438052944557105 0.64790890419289959 -1.9489885105447333 -1.2591262464227362 -3.0318737607348205 -2.5555409142093808 -0.91088251800339237 -2.7993531386540553 -3.0933367798747802 4.8083481724781443 -2.1823210013617742 0.92372358594876625 -2.4791351320255828 -1.1970345366687423 -2.5181702132180481 -1.2954427000625708 -0.17426162853376742 -2.327735645319847 2.9060960617275517 -3.7524719683265846 -2.0308534129869233 2.0347022409473778 -1.5066802739646528 -2.166578302064238 -2.7865587792688356 -2.3341378127128514 -2.4711890125979465 0.07929938889239932 -1.3977186069444494 -1.3123310569045215 -1.4756361616325391 0.66357983432965539 -1.0184993372356266 -3.5334441487085901 -1.3861852784950406 -6.2008401770682422 -2.4831144802389336 -2.3080172405016119 -1.1094746757622072 -3.0837259164399664 -1.9300358469897894 -2.6739388286079562 -0.12449023226243784 -1.2155306161781745 -1.7765305509001539 -1.7770987031059327 -1.1809919170002527 -2.6283678270125224 1.6767044634834298 -1.4402516711080455 -2.0745546520267739 1.8213956743671784 -3.0042006811280535 -0.35710010494083028 1.1030294550304023 -2.8491724973980612 -0.98235940944024569 -0.87215212549482268 -4.708855312620055 -0.22604388461642408 -0.15713416294391599 -3.1865930685177206 -1.3270489212918608 -0.37719936329034087 -1.1514847055480257 -2.9434319402390416 0.63942593884555221 0.96543940356051483 -1.0866025510136517 -0.60801930057774434 -0.80350004878911119 -1.2907075775688648 -1.9555400266366956 -3.4844776677837443 -2.8064967899837954 -1.5245744392323051 -0.94076306179382985 -0.26415823193366156 -2.0484237392528279 -2.734026380285143 -2.4464776774584567 -3.1420302346738094 -0.23834831647784199 0.05696769661493048 -3.3052369035009281 -1.4041582107089812 -0.7054661683167891 -4.3012146431820613 -0.7375286051566684 -2.8081474008102654 10.35078207216706 0.19756493752138243 2.9794398013476497 -0.1478407513154148 -2.1288346215265834 -4.070734206853996 0.28907770316144898 -6.4107905511751992 2.1289798520658563 -0.77894882957280687 -3.8979409362357114 -3.3913228914080427 -4.3830312711744837 -0.28851723856371853 -2.9306120496559953 -2.8879199929987664 -0.85235933116357632 1.9971822064338636 -0.76271149904989544 -3.7883259683974826 -5.6333637978662301 -5.7159990010836088 -1.1946868770402617 -3.7467020183480528 2.1884806535758869 -0.86365086495798538 -2.0628606792712292 -2.7918457138957411 -0.75816249943952441 2.5386408003879937 0.99616988720600141 -2.2070062866156208 0.5599963309348468 2.0712909729583764 3.4460148384603548 -4.0150553055945828 3.2510801149308213 -4.4604036991976503 -6.4430836663473414 -2.9297008350668898 0.16420937580989059 1.4096056935038199 2.2189466083266178 3.390732666010897 6.237654659936803 2.0498604029075538 1.479997436458697 -0.3069193709385597 -0.57929558424120819 1.3594264568701893 1.0766776795987218 3.4148992992485674 2.4102457243804798 1.7114029859909157 2.1742522152005739 0.90855773308775134 -1.6861248251424863 -0.19023854147997604 2.5097434641420682 3.6794963785123125 2.0275371583778181 -2.4192019442074542 3.906997946885407 1.0012844817876121 2.6504104423751178 -2.495887616471848 3.1431501935061354 -2.9001022082578225 -3.5903079168457599 1.8662537474203227 0.1815129791093924 1.746252406417 -1.6731866284962924 -1.3882601886249268 2.5497751039163643 -3.2368958063638273 9.7918552122602343 0.80695330719039238 2.8983724468458734 0.60067226284524711 2.2728166734052841 -0.17418890741465862 2.381788780445437 1.9310466994441577 -0.46757874987707804 1.501542971539414 1.6181343393369052 3.1587628266750807 0.97910886189316615 -3.8714034896466614 -0.018388054878221378 2.7777599000924105 3.5921199686211804 0.79445250808365253 -0.8573642633662415 1.5940083899398103 0.13238584862060002 -1.8123646482572664 0.47575594710858193 0.77399034175651149 2.7077691979201286 2.7049303730973207 0.96456515086931394 -1.1396072695747648 5.8342632862706818 4.2899240105243521 -2.100086601167332 1.336014540956707 1.0841279536232817 -0.86749173483358566 2.9947146327070886 0.094441909093587836 0.48846253060245814 0.88515223240105079 0.51184345957088684 1.6229513556283419 0.78548284797969081 1.8287285198564112 0.79155294438947299 1.559834975178124 3.4486487024483585 3.6226621568922157 2.6213279154120919 1.0955614569019696 1.3387434527337128 1.592978243702065 0.61498122266319522 -0.93125398769240753 0.76935664530268677 -0.2281548492594542 3.1190346472769335 0.95501827804714989 4.2569964385230383 0.68839098174766333 2.8124150990423682 0.71092967702100784 2.6102222209077728 0.92882454537915671 2.1469535528444386 0.66079095835976154 1.4948000398515418 1.2096914567914423 2.6861423048562703 2.1709000084446282 1.0827183943048042 0.72445661803064243 0.30171872843022352 2.0607136098614096 3.196050657146702 3.0217241740610383 -0.22809565895909556 3.0946785555694465 2.0317974431989021 3.4097728523282016 2.6507637196593592 3.2492959411206184 -1.5975138329113718 1.3247250481725477 2.1278333442711603 1.0795806053282941 0.48989656425683253 -0.86034068012773868 2.5632659710365817 3.2316493423426471 0.41307614236217771 0.42573597233693483 0.48274178148800434 1.4211636678076796
 5.6746610425660311 -1.117490105380994 -0.85499933522235128 3.1959294126884794 -1.6497301736319205 -0.27317620546404664 4.0282812721387105 0.29108599795669898 -0.76248632441796271 2.2802740130875314 0.78847059875877179 -0.077629277340512198 -0.81039780598378297 -1.9471029668053901 -0.28612361511496276 -0.11200043242230964 2.1806387076343121 1.0634697339613519 -2.1362836355741797 -1.3858728742045343 -0.89689140314999016 -2.7227229676555065 -3.3096563789501801 -4.3536099962697641 -1.2251127606275234 -0.88210704781953475 -0.070428304579448403 -1.3688265063269536 -0.88889546703756439 -3.2311229612039529 -2.6884861982767987 -3.8686414925536061 -1.9952200710403034 1.6694031693815439 -3.7621928551859312 -3.1510720478368555 -1.7988323067520817 -1.1038766125358002 -2.9186533932706351 0.21293552583531256 -2.2457286220096502 -3.9172864797322329 -2.814748061696728 -1.0934666370137933 -4.0657368404441785 -3.0630822844400307 -0.33833380897433557 -2.8410503060235777 -1.110504375718836 -1.7303344990844187 -1.511915700213561 -4.5913468595684934 -1.3466667380886683 -0.84976060260269248 -0.46640112520170662 1.2664771671977955 -0.80583951987485036 5.4499971294544718 -0.94617183596685339 0.18302008166710779 -0.32951299221889085 0.48606234863286341 -0.33155281235466871 1.6854960181022161 -0.41443577489703859 0.44466697081834672 0.38640978399462428 -0.70265671128496998 -1.2781103776411693 -0.85548679815519746 1.7854700322137342 1.2975106343904557 0.64309598005389124 -0.010824110816109955 -0.49883808716095668 -1.5675408601695804 -0.3947213912190648 -2.6211031514584593 -0.16680523393660335 0.51038087338948102 -0.89427480466886899 -0.32391009624781814 -0.076221646643304206 -2.0990135763215876 -1.9452845658914615 -0.61857687068230383 -0.71312600675558624 0.45120472691240326 0.75033723733334357 -1.1086059393454497 -3.6197296399058407 -0.025118716768843155 -2.0726550772931929 -1.8192496251522972 -0.77117459962553403 -1.9706464564755002 -1.114210315950189 4.8970965420429486 -1.5814892123751221 0.55200129260071318 -2.2538495527768561 -0.9430209402553893 -1.943122607154955 -1.3620213980350657 -3.0376469545154512 -1.3875899553017004 -1.3733975801427891 -2.6894971238710044 -0.69061400136502138 -1.2888929420707591 0.86611714853367994 -1.6235692473772485 -1.3962988341669396 -0.78433578014970862 -3.8212019274790667 -1.0734164287225327 -0.092476091691318429 -1.5431841533852479 1.4511542305423721 -0.96381016751693982 0.79862800313806859 -0.70379864534075931 -3.551173231080194 2.146594915366475 2.6096612417618927 -0.35951938775829573 -0.41976079044608228 -1.62391814437938 -1.4985947257817349 -1.0613464817427181 -1.8645051078834052 0.9815557592833396 -1.668487151651294 0.55837322169145998 -2.8994343010951789 3.7410716110447719 -3.9971781692169479 -3.8336759322816039 -2.3652651675352243 -1.2143987563600565 -2.4685714500784872 -2.3944304097229288 -0.60881109750393259 1.5120815234880927 4.5551028769342876 3.5683183179164013 -1.9440862629784657 -1.6082408734497373 -2.5213811755564111 -2.6891848776676901 -1.2485655611844153 4.7414746116897639 4.0790060925250726 4.8120311240586187 5.6950017758415452 -0.57971343095189865 -2.2616546497377397 0.093916520757334671 3.8793708077086242 2.654716031371481 -1.8896500028491148 2.3527586518369832 2.4361773678480465 3.5401989572604635 -0.89943576787887169 0.59263092363878012 2.1386250979545109 -0.56268140445077142 6.105642477639492 1.3674150148757007 0.99982739569299039 1.9668184924153542 2.9240658498309817 2.9627802353521702 2.9453708658843212 2.0089532736188107 1.9802375899149642 2.182676113160066 0.45209373950366916 2.4649250063406596 1.8249665120869287 0.78721627276675377 0.27046533535377848 3.9997167321991984 0.16374669928492003 6.0062512266845944 0.12567904202361646 -1.7033844924093573 0.60945312866868773 0.43611106004341826 0.23811863476424383 0.82706442887293119 2.0604544005449807 2.5207145001160329 -3.2974762560099862 1.7142954258162817 0.55265988691148571 2.5554140728832921 0.32880863516906944 4.1833626856438144 1.947483894268903 0.98220360587996858 3.3482180729298356 1.1364506227918387 -0.094702766912950445 1.9862981046973072 -1.6949999319559848 -2.0770552025141007 -0.14372562721034249 1.4029848457557814 0.73118209821649005 -0.0034218412284392485 0.30861946661781164 -0.99068764440948187 -2.711476015879398 -4.5925121878598381 2.6500175149415481 -0.75078518893486235 1.1380207626676679 2.3577105844510893 3.9903786790172893 4.0390248817389978 0.031606300406890143 -1.7165525190780875 -2.4033967192888359 -0.44051567319438012 -0.015805821526142197 -0.1918360458227652 1.9077300108608601 -3.6831867655855972 -3.3464075570336371 -2.0165191910447295 4.9553758204151475 3.1986671517842225 0.69070801481087485 -1.0059909966360221 -2.8745555760288126 0.68882546594980254 -4.0377167529329059 0.21194753145267931 -3.3433574857888422 3.7153455081322457 3.3848254212749538 -0.83603658429084671 2.4156008865151386 -0.81940030315974965 -0.45782926101982774 -0.095562857812729565 -3.4548536497930762 0.90891384811966935 -0.95468548531540454 -0.59108182907492179 -0.92582204921821265 -0.9372215411393563 -3.1606965618133738 4.0361142509800016 3.6665063691707065 -3.4575096690938172 0.86357808203941411 -0.63339882087331945 -0.52696893556985769 -2.8572928978841601 -2.0700633644559772 0.7048015050816312 0.28908030533995194 -0.94507770240771849 -2.1068042597032064 1.2017822445230395 1.140784912874576 -2.0132101832716853 -0.64300514611873605 -2.1492065235858338 -1.8170177572877169 -1.4219102474906922 0.16930215448854896 -0.50108373669941253 -0.77346861500425723 -1.5484437793702492 -0.085119434730556942 -0.69503218908314313 0.0054549143318446264 0.21309825670198143 -0.072082731133103498 -0.98145806043079398 -1.4386247796884621 -0.42017723703095933 -1.9232085869291125 -0.16023326406499 -1.5224236058799379 0.45731316443366188 2.0798388262815979 -1.2918499856798253 0.088447629869880459 -3.5957972794224715 0.15278483100957085 -0.4811199270651666 -0.95129404920187588 -0.45695400781820855 1.7839966812782162 0.16015300025900422 -0.50983101596485847 -0.11383835597018103 -1.8034714314680298 -0.12472471907556629 0.37560415185802754 -3.8420720013745857 0.48516010317210312 -1.0728681631509653 1.8667692014572339 -1.0725377618024476 -0.17242978216281846 0.86129832952167451 1.0981030634036018 -0.68923761397185301 -1.4890448245442993 1.7255703002435008 -3.002034471755191 -0.63570635477019466 -0.94988800838149212 -0.59323747497439849




