# Created by Octave 5.2.0, Fri Apr 02 16:07:30 2021 CEST <br1@br1>
# name: ptcls
# type: scalar struct
# ndims: 2
 1 1
# length: 2
# name: x
# type: matrix
# rows: 2
# columns: 320
 177.78001453051803 81.493535277748322 81.816247408423294 59.715545885464522 85.859640745316668 106.32902287001795 45.518962704826357 66.659008116717075 58.418800307687803 117.31895364265749 87.212982127758821 82.093435030878439 102.00816484673987 107.70175648584409 105.38923423910533 109.40398899501004 43.037956135324542 74.687115526546677 82.646032651538093 84.235972888940779 86.908957051671962 153.80050291071421 106.51084632631054 155.03592003664818 151.10260150076027 140.59072917726502 152.12682838629658 150.83916352132138 157.02528272626896 155.48413046250212 142.20520423294539 154.61535246663135 150.28580184955027 128.15495222478253 156.10191722600504 152.37264753080058 154.0980238854867 156.07534715098112 156.65749757820214 154.39326028122727 155.71476002383133 157.48955417392762 150.40523356670516 155.74776067185829 152.56983249612227 163.1976881778393 171.73428893754212 170.72345832822026 154.05193006051434 151.38731458090106 143.38431877039267 155.08369413576597 157.78570839951954 153.14592638520065 172.74707844172062 173.685787759964 155.14899267185336 169.93390338449052 173.87707714061997 174.37563344898109 171.75284588377846 173.13148120141233 172.42084277196389 171.57053361736376 71.789103565495637 73.11929566197982 71.999847221989683 47.289558398890307 73.189135716029313 72.78964881574727 70.759080940241617 10.284690871092009 74.317228269199887 73.512002716586608 73.672172505212771 72.515447594808066 74.88372748535221 73.058847630537471 73.823230486310038 72.431434729447702 81.887811895067642 79.634400289894131 75.832957723546784 74.396692610410639 74.749399053849828 74.409917630209506 76.428749361640271 75.498354345165097 82.861570939726491 80.661634741594895 78.534201548037316 75.375592302140262 75.872017414961704 75.496297323850897 75.896184060441584 76.602396063158267 106.40286740866736 70.764883966941412 80.952173384496163 76.55650561749664 76.502410346045792 76.24035778614639 77.45234360506872 75.167858264543497 83.812703757479497 85.739307598928235 83.087405775740407 76.915643644566245 77.822782114548559 78.180743540514428 77.104966498445407 79.233748727230221 80.882987073971762 83.49567351940415 85.154321203518876 81.038196813934562 78.056946623406901 80.133924859350415 95.898110674592857 77.820338418989579 77.756704067985709 86.812111060112642 81.527821165042099 83.18443403492256 79.802157542901014 78.52416481533254 79.140540754563915 80.093083299943586 117.20771081141183 81.907753452892365 82.333864471207448 84.95568961925126 80.473662677383118 78.78563593105342 81.258326627950026 45.572816001011752 79.31005747603983 78.066096448006135 85.398098820753162 98.43798703294388 87.449957135414621 82.207809334574335 79.510960248346521 41.585201650654255 126.07306460303496 120.63162675776989 48.142688337640834 84.575568149967026 83.505635125587716 86.376652706932219 81.058882260370993 46.765011529623415 198.12111274823718 128.45745371242839 137.94917789058707 78.767010794832984 83.074663519182948 86.146715582406458 105.89730759878435 44.035830359041377 121.88646181229952 119.58129861744041 111.48980695157096 108.06494611493628 75.604992636540629 80.091837511343456 57.922576111013271 74.634131202266417 118.1140568226017 121.14259405483223 124.77425960062419 76.52724326361664 42.55911736996309 43.484362603291771 92.846131063367665 73.485888308920721 116.9525787453253 105.34025747918135 97.754322436956613 72.829190320388946 97.001186942402384 118.6371622314382 120.03750458982714 92.266972897159221 89.391132848880289 169.25483555734615 139.20160260629399 74.430200641958066 158.25742964521547 58.733302236385825 57.63330394125844 72.444171939090552 140.26446240144986 143.9827180476799 174.96391250435758 162.93621854914974 161.80637416843749 150.00700574397348 119.47805735928434 126.98577188513426 136.8227345783194 135.61384624167664 150.14481952182717 160.6495708109139 157.34034949645763 149.27925413557236 151.2621594298154 153.12950177664064 128.37022966009519 131.33429409913899 152.93100839167764 152.76012223227306 151.18595195903686 122.60376685320669 150.28793733842275 156.38556200885503 153.82050606494843 124.01497012941935 152.14652418156487 127.45776787711333 129.7458165593562 121.81230139255213 154.65424697149942 149.87141892115301 121.27983779230748 128.74521767885585 149.9282888427787 122.84701135891841 197.03224490089974 153.75827010925201 155.63636714859464 152.72110445609795 183.428539453539 123.87435962106316 151.10532281445819 151.52072642898602 156.62569447999613 168.05690361580218 165.23182400919018 173.06648308917417 146.12050729083182 99.971080284248757 129.01964864988801 168.90239548262971 169.76784432677024 156.14922246971784 171.00182953341931 171.99731142024618 145.08199093189791 129.0392841104559 168.18246728308014 170.15263729111359 170.56529958241461 169.52426981835669 153.31267522950165 108.61601064046738 177.74820134198475 176.1412635295107 111.75662015574324 177.86346766050735 172.03823155727693 170.51596300194723 172.59021555609044 175.12447827432683 165.37223866994907 161.45676996719163 161.61316054575005 171.62119799261188 172.73006267965442 169.4638602503305 170.22076398810844 173.10818881101034 170.95275418069599 176.80851399990175 173.20276270739703 171.3741737029124 172.57272308365896 172.26237638249989 173.42481240496659 168.84065362762848 171.21095740160749 180.2393991022978 177.28121314258377 176.16316188127496 174.83251261315837 175.35130614355302 173.93689548985023 173.58889522429627 178.72396372003965 176.45544046115205 176.02539260696295 174.77026273940436 174.91751369504712 174.15529619259976 176.83919530484474 180.7072688380475 177.62579433369024 177.15281811237253 176.61340223872784 175.57709798133365 175.74830877220271 174.57109646426318 179.0009309182679 174.96734187784233 180.52101184901002 178.48977549499972 177.91345891715278 177.31328889979181 181.07426338804973 177.89097011007249 176.79436434596522 168.11715699486956 179.70429668015404 179.11167713784332 178.4008593419203 176.02216655289342 179.15270552956457 179.15204504973445 177.84986632289028 181.7035064195133
 58.360294918835613 61.711413966907642 73.095043528243409 176.71020510816803 52.037487584420546 68.708499347607216 195.67920502463227 105.94875179661877 5.3057344836767371 12.376538647422858 50.643492801771586 74.363041417003103 80.712582013013588 69.867494202749953 70.385584139659258 78.62219607426303 24.313588404067431 9.5957088035362226 53.733681102072026 52.250063254918722 51.85468700418636 40.533561905246742 69.84959665846921 40.245205851870125 38.011445155788117 47.093690103504279 37.802304432853099 62.586320028948514 42.825515141939107 41.392420092206933 46.429709130601381 42.527754592913219 35.879540558547468 27.365629400487997 39.244179028812063 40.923729775183205 39.406967235524426 40.526293254491975 38.122687371661165 41.540762345269449 37.665112178849391 36.47837237810748 37.025718239091205 42.425505979710245 39.812844872255944 32.987247309942909 83.150241482781865 83.591565464348292 38.35392623390036 40.047836122118461 40.975790686932569 39.005144677060493 37.503175518699358 37.656582242801946 84.087643683897852 85.187618603371803 36.17840529779528 44.309025073049661 78.580855955519795 86.062731701131526 84.35292099723921 82.928563228059076 85.190801636083592 82.051449464972421 74.710463266073248 71.985412753417549 75.810425323825498 72.658989886811852 76.025119112936693 74.969139691845243 76.663308667875825 126.51402779195872 71.618453783284949 70.806445197215709 72.908503297719975 72.934462672320024 74.892090081906744 73.873033197020703 74.749224761763742 76.907577817557538 70.893664220124649 71.026742951253368 70.509286530675183 73.791721773884973 72.677044665752945 75.891185670611094 74.597379948521976 76.515355900767631 70.234174831063569 70.975255630483474 70.945800946744527 71.519038022562128 72.390785019426914 73.793642535324864 75.536014680828799 76.397740792698514 71.053731482702915 90.595104723540217 69.774422420904472 71.341905474069165 73.405862153837518 77.444646984971385 74.23562424101803 77.656590328124651 53.368309536214902 44.495018972552032 73.066578094753837 72.431760352727792 73.122299301173399 75.20180269621639 75.359395356524374 74.969574602121028 54.943214813216258 74.135197271762948 52.745732365259876 72.027288566161062 71.922485918600387 74.466082817164974 106.46057051136746 76.208340793789986 55.814162602831111 49.660431485875421 54.133828663968352 69.1500064505925 72.179737688230702 73.993604647258209 76.1028020812508 75.568750254148583 46.086937378526862 53.017507522684063 54.897127110965144 51.415991156365592 72.958962074222129 72.61844022167729 74.937600103969842 194.4288839682244 18.864373106218803 18.836292874548004 43.434347520794319 53.057182200584947 52.967295579622956 72.025467449060628 73.436748875129609 139.75456920571304 22.449135722424462 27.056740837114297 34.523893468973043 42.617801713321292 54.465934034360551 53.113528007183 73.895573754395798 194.49977094386119 39.45521690048443 28.707871737320914 50.265115220467138 17.933024707623709 52.512861759407116 50.818191313919662 40.25713269211186 25.287780554499363 16.521125747350332 14.91884140442593 1.7004490473076366 31.168881410571302 3.1992831986452641 54.022328648366965 7.0724386895446578 3.8253353490922817 33.864050432597729 28.287933087807673 27.046029313256213 6.3337645897215165 25.231961068998523 26.137449727135458 28.380223826612628 3.6050693188088219 34.58358307225361 20.110058659495031 11.69360066989792 2.2839621789997713 3.1179025009636607 11.617676449845167 0.57923557754452537 17.419827957941838 77.234757039225556 64.003831290723582 8.7330526303601861 2.7912296002988559 2.3369604454229562 6.2632796649447871 5.9816580821854863 3.2956958120233439 8.2358078731424502 14.786768056954214 38.651211117824651 5.0968096537899532 5.7148183808311561 9.3141316345466496 10.889668025003301 72.713674940744525 10.247539953759098 10.591170022202196 14.638768505151869 5.5554575132687392 1.7600030046844448 15.640962530036376 35.563665168390571 38.729921940313567 6.2712876428814015 4.8379369927782401 8.4915379042649004 7.3291073144988887 4.6031203286702942 7.5066279658296455 34.858084679201191 35.967222010635012 4.6193236564684721 5.1152007884090072 3.9843129617451591 22.002758556895515 6.750170978511175 27.045700377385749 37.421526600384638 38.071938257659326 7.7328973227579354 7.2844139748934653 4.1301884634725061 6.5190241427042857 16.328649824660232 36.70590945344761 34.979694662667576 36.507180657421173 32.535781181004801 7.0144763145927191 3.51918417161626 36.737831304614822 37.024024024431981 79.700192612821766 25.923741124757946 80.681815973133951 4.685603599246785 37.640412631606516 12.287580145673182 80.476018746405089 81.655270408031129 68.497415698643692 81.168935181779815 80.782112526467444 5.427882769518388 8.3722724528021537 81.256735233935004 80.408095705670263 79.049715789854375 79.640834650307553 41.616938274786328 194.57284717919049 42.834195185836123 39.163991450909123 99.572143448123953 76.084223143841555 77.788587591352581 82.524271607601108 81.880891648668452 84.100824833024916 78.623267837107676 60.669200953851174 63.196225935384177 78.871598313648462 78.620397807158355 83.399285376864285 77.022941923480587 86.080154860929497 77.95894801527038 76.519199788513589 77.680277180149005 76.920812116144077 76.715231249192968 79.772942345586529 79.618766997247192 82.284407075703967 79.921142037181369 79.618767196455238 77.60532192564898 77.397573197993992 77.470678128989476 78.799781954728957 84.032560618766553 81.958373157192966 77.579925172992446 78.727112740604454 79.73995114662867 79.737646627327464 81.656774505965956 80.718407837625705 83.668029609875973 82.183055990752194 78.720889365506764 79.75148857516551 80.744707164258301 80.673228608168316 82.880710211922619 82.786262861675056 83.829530619476813 85.175028615791675 80.678367809418674 79.498687979659962 80.637443697084009 81.571587800708912 77.792652061078414 83.686419650134894 82.511146813476728 107.09404939410172 81.394252572152027 80.355305836861604 81.641930182625629 81.752003002738618 78.598529333027585 82.489894970904913 82.653955861287955 81.607917203710059


# name: v
# type: matrix
# rows: 2
# columns: 320
 4.0452272840958052 -1.5491047806532685 -1.078265807554817 -2.3617106020879088 -3.3292317980352677 0.90451999507070169 -3.2399662895911101 -2.1848560259870178 -6.1450760503102586 -0.95223080350091394 0.70966885918644174 2.0202435192737473 -0.74118715823311598 -0.4053230445715999 -1.2497709952219473 0.0054553980679680576 -7.1669588379453781 -4.4819068742017949 -2.5299078494051122 -1.5064383886229373 0.08295805151675445 0.69881306209483074 0.50205443986589227 1.3161146445339842 0.020170527605519739 0.18615360698028155 1.1203572791212157 1.1313036246855084 3.1518924218799262 1.033117959315567 3.1770359961957717 0.32067058475772464 1.0466939198731728 5.2382886799184121 1.8032706327802641 -0.12617752555468589 -0.32820823834340701 0.5109346478700717 0.63605891447051299 -1.0786073842092501 2.0927270218434484 1.4439866751841701 0.670262308349035 0.66139515003247318 0.97998159523700779 1.6961192366017308 -0.52264260624240189 2.3693377067322334 3.5046247946703071 1.9444344630179402 0.56229828007824556 3.1600291237471518 -0.56098934875971118 0.53961626230905257 1.415436311161596 1.5591678044632247 0.070818532564183093 -2.0231033066758974 1.7875747277781966 1.1735223687063159 1.8731386416784039 -0.043611975670849609 2.5847567574699832 1.9082452587309444 -4.0259601197900006 -0.2843637865807927 -2.0325291764803795 -2.5555409142093808 -1.9197397472512057 -0.40427874673400865 0.337939782610017 4.8083481724781443 -3.0286547296041499 -0.10126542826706493 -1.8647317913061709 -1.3800134192365152 -3.0510910755963545 -2.0291049529663212 0.55835088811330424 -0.0011274028975582742 -2.0103646436050306 1.2410083269099146 -1.5685139032249127 -2.6984992262218745 -2.2890177803762297 -1.3373402933319589 0.34674668139434767 -1.1384141755129789 -0.18319790941135844 0.35646121375848389 -1.6697290746808553 -1.0654931972280248 -2.1479828232795035 -1.4075631912347266 -3.2083427396692832 -2.9640479860323228 -0.8932514394319554 -6.2008401770682422 -1.9695747087492925 -0.42959023331239854 0.51715178153599728 -2.2709984798864293 -1.4280087005732292 -4.5165442976389594 -2.1116459701441559 -1.3158173174077221 -0.2845619372236205 -2.3210917814088701 -1.1065802617953544 -0.58233218206774651 -2.1599728536893896 -0.71590883589465193 -1.5731698749458702 -0.40435611605934219 -0.84801409959297125 0.48035131645096985 -4.634043033040312 -0.91761428095945108 -0.98235940944024569 -0.75138540938449494 -4.708855312620055 -2.0363521135178537 -1.6550383840447493 -2.9392275260410834 -2.8355361519456563 -2.4316189968662667 -0.95341497832877609 -1.1036479792633451 0.63942593884555221 -1.8690791242047162 0.81311012970493424 -0.12205248753703299 -1.0153308616922396 -1.964845151640858 -2.130497348355016 -2.4755633045313297 -2.4989525598773219 -1.4387848575460813 -0.35125068026645079 -0.26415823193366156 -0.88770162187641433 0.23983686569610463 -2.4611445340826732 -3.1420302346738094 -0.9787709664172265 -1.0881749595894481 -3.3052369035009281 -1.8933838910068126 -1.3230083961074968 -0.80732487995490188 -3.8710228977360996 -2.9883913002067755 10.35078207216706 0.20286990113472478 2.9794398013476497 -0.54117456310810996 -2.0256846098890646 -1.8846725580858499 0.28907770316144898 -8.4919751782280848 2.1289798520658563 -0.77894882957280687 -3.8979409362357114 -3.3913228914080427 -4.0572834347060285 -2.8150667456229121 -4.242127414292538 -2.3691810656573233 1.8237733216888019 0.42615767453241749 -0.55964301023052521 -3.7883259683974826 -5.6731302059006232 -4.277058272396089 -1.1946868770402617 -2.8817602131931981 -0.48765199927649167 -0.86365086495798538 -2.0628606792712292 -3.8358849151672763 -0.75816249943952441 2.5892346095656262 0.99616988720600141 -2.2070062866156208 0.5599963309348468 2.0712909729583764 1.5863320836803729 -2.9582596830925785 2.3328066719548777 -3.8596106659792655 -6.0242047080278454 -4.6518858252621129 2.0238921305898767 1.4096056935038199 2.269280676877977 4.3250419210069611 5.9298761200233967 2.0498604029075538 1.7806278377103242 -0.3069193709385597 0.56391208179118291 0.2162187908377981 1.4123275763127963 2.7883685841659069 3.3285191673564234 1.3757530892768415 1.4195723821400799 1.6550593433455594 -2.2467743183774473 -0.18928086199427224 2.5454537045631369 3.6050846396232563 3.3528753232393345 -1.6393982311793962 2.2216244516059303 2.1167373964159646 2.9903451581761908 -2.1600453516678706 1.0843812681031531 -2.1596795583184396 -0.64215504008334789 4.3793524467067764 1.7135505625367968 0.3148183519099238 -2.9957650808075584 -2.3774126481267523 1.6955642600730065 -2.9337223433188853 9.7918552122602343 -0.021216692497540809 2.2805720575900663 -0.37415062655051523 2.2728166734052841 -0.27042989598037098 3.668197167497171 1.8417287451739051 1.5284014178430467 1.8150779776204877 1.6181343393369052 -3.2643338684892691 1.303610800346007 -3.8714034896466614 -0.018388054878221378 0.39912702102317282 2.1734848842521548 0.79445250808365253 0.38978634953086611 -2.6045469949928712 -0.19211608983224074 -3.2116732517685906 0.79053156044487194 2.3421883459818038 1.2692814936405803 1.5047785801855573 0.40850456481954267 -1.1396072695747648 5.8342632862706818 4.2395899419729917 -2.100086601167332 2.4475418486822194 -0.39772077423152602 3.2404597539838069 4.3505042939290526 1.0662692916166723 0.48846253060245814 0.88167391345715806 0.51532177851477956 -0.032207491578208236 0.32065576944701357 1.4556804020188721 2.0212759373374523 1.4618501337101739 1.945046540894803 1.6764038691711636 2.3738371026102154 1.6297157894534948 2.448026677517023 1.3479975184080006 2.5413797459881584 2.8989928988988196 2.7495236965448506 2.5404009192808585 0.78984890966311139 1.94546834263511 -0.56221121797208617 1.656492576314432 0.87220382060610502 1.0307549329409618 0.36966945679617924 2.5770762834627425 0.52136591491534934 2.3017589203556068 0.99555084523359849 2.7045758890125335 1.3811530733803643 0.060699182482753355 1.1037812867613304 2.1027879754868115 1.0729069098992035 0.79912357689976199 0.67396339578280562 0.41578069824520153 2.5540343525322617 3.3689199251591226 -0.015083631212631909 4.0110982330301264 2.2814312217901729 2.7378932624009131 1.1292401417986646 3.3681899352737701 0.55411767533984879 1.0795806053282941 1.1982764111068713 2.5876509203464528 2.5953709170348991 2.8712873409834536 1.9411818891338224 3.3252620518190366 3.0344469094771167 2.9047062772144083
 5.6746610425660311 -1.117490105380994 -1.4100591876165229 3.1959294126884794 -1.2587515012547106 -2.8261045837306411 5.1731519562896944 0.29108599795669898 0.57837305597390865 2.474785928105669 -2.318262902732803 -1.3824076397559217 -0.81039780598378297 -0.74034077755547179 -0.83328810849825496 -0.11200043242230964 3.1986471298438581 1.0634697339613519 -1.7480406133177677 -0.93622888017397121 -0.73145812657517417 -3.042514763903875 -1.4971894954196747 -1.0165873573716397 -3.2642516061990166 -0.81031363516833343 -1.5749418843220377 -1.3688265063269536 -0.39790745947835066 -2.9657988502150263 -2.7602796109279977 -2.4906327095942622 -3.7784960306115831 1.0208652557314597 -3.643214570267185 -2.3730213782239753 -4.6239931858635384 -1.8530808608280216 -2.2103280005765744 -3.1796832960320445 -1.5241802751677083 -2.4830314543947352 -0.78553764773651136 -3.2509751871808534 -0.41336905632273618 -3.0630822844400307 2.1636175813299725 -1.0271569992698417 -0.73571428689314922 0.3438145065591941 -1.511915700213561 -4.2937421820178692 -3.9984725711175706 -0.16678928836407686 -0.55101891280040982 -0.60381649458330999 -1.3455631537136399 5.4499971294544718 0.14015466197623888 2.0288640256034234 2.136552837247935 -2.2274028412821587 -1.9570000058058734 -1.3820035887261333 -2.9216614128810989 -2.0760567249661634 -2.3138967651321822 -0.70265671128496998 -1.9875632064918005 -1.5854509827425005 -0.091716429224722854 1.2975106343904557 -0.45587158282406509 1.2131186947730259 -0.86343718022456706 -2.1839843675119743 1.2037155915380011 2.4710676848738355 0.3794737315206918 0.0097653226832465634 -0.50262006656533398 -0.06298738668183998 -3.0449915333491959 0.24399843665795765 -1.9138271748676632 0.9487663480407923 0.1949059290714687 -0.54102953777084262 -0.057013910562226135 -0.9721597957162188 -0.81500944499013572 -1.4174245409766622 0.5469853436164932 1.2606242865178019 -2.0530108003992424 -0.47346687752476213 -1.0333465170807294 4.8970965420429486 1.0854304654375526 -2.3239336305990164 -1.5763429813327525 -1.810753966600879 -1.367006183712995 -0.62380117948841574 -3.8420550027144929 -2.0549438117371763 -1.2599807093208448 0.83155458715816666 0.015634415831359709 -1.240136205210782 -0.92895247205598208 -1.0181104243249735 -1.3368371681054365 -2.881515445441805 -2.2822853603522457 -0.36660069409525309 0.2651582721404972 -2.160791642428268 1.4511542305423721 -1.4890289394741827 0.79862800313806859 -2.8967465831276402 -1.0417387551817676 0.15529554663353287 -2.9289116258809749 0.49535403690443819 0.1941512068770081 0.018211111016885703 -1.4985947257817349 0.37161962977490892 -3.5534155009257047 -0.54551448284310033 -2.0449238834844214 -1.4514987778738166 -1.0837767392089175 3.5106558131478773 -1.7662123103069345 -4.974522663471336 -1.0592570567592632 -1.2143987563600565 1.5210634659219282 0.36139358471527111 -2.8096286053493489 1.5120815234880927 4.7332899038252769 4.1152343441711396 -1.9440862629784657 -2.2468951277902267 -2.9819882511494695 -0.52608541232162176 0.07334339289519691 3.8270197254356679 4.0790060925250726 5.4605690377087006 5.6950017758415452 -1.6698325586721836 -2.9863156411005876 -2.3842001708684188 3.8793708077086242 2.3220515059778455 -1.8896500028491148 2.3527586518369832 2.4361773678480465 3.5401989572604635 -2.1236795136986433 0.48827363767681842 -0.544368637801664 1.9848962460985125 5.7754367011958161 2.5007496956604429 0.92463716531477713 1.9668184924153542 2.5674387175157243 2.6340634708515176 2.9453708658843212 -0.04811527388601497 2.3104433663586392 2.182676113160066 0.45209373950366916 1.1587392682940916 1.8249665120869287 0.97399305315933105 0.27046533535377848 3.9997167321991984 0.16374669928492003 6.0062512266845944 -0.72969616042220931 -0.35466553145428686 0.011938565189794921 -0.023845152666069791 2.0402092028380365 1.5182658487397438 2.915829602990808 2.5207145001160329 -3.4877442115953659 1.5009106871740729 0.86778492242428573 2.5554140728832921 -0.052480060241645761 4.1833626856438144 2.0215212471949746 0.90816625295389919 3.2456304785985872 1.0347103259212438 0.50281179656594222 2.0888856990285549 -1.8538581495610598 -2.5799874866017785 0.022819469104828904 1.4018300787538787 -0.086944098830944727 0.90909738321452893 1.3004676298210789 -0.34827816564733904 -2.4522306235306641 -0.86354432110060098 2.7032069689378209 -1.3686933473493101 1.11338850299744 2.1795235575600973 2.9269033161439597 2.4339644050777278 -2.8885157255106888 -2.1652351159100127 -1.544002711176498 0.004467973701414045 0.13306263064097473 0.53703933621919275 1.9077300108608601 -1.8911584974924476 -1.931167374481338 -3.0084347686353174 4.9553758204151475 1.5858964412822323 -0.57295882228108841 -3.1103162368703745 -2.9782560379463341 -1.0310671528720465 -4.0377167529329059 -0.86930518133798373 -3.6364906386296765 3.7153455081322457 3.3848254212749538 -0.74749221984648551 0.19652776944513986 -0.81940030315974965 0.71715394858746484 -0.94969394149367314 -3.161720496952237 1.3620152347839385 -1.4083124024830347 -1.4308491317847754 -0.3803693932571543 0.67617266543003929 -3.5064942640935008 4.0361142509800016 3.6665063691707065 -3.2672417135084353 0.86357808203941411 -2.3546385038113571 -0.013312542197834884 1.4598001815046373 -0.88135043544527458 1.448159836451457 0.28908030533995194 -1.072369632113483 -1.9795123299974435 -0.067477196278543108 -0.64743968261130314 0.36738398671859351 -2.3616632837557394 -2.2894913531435437 -2.1748302903697998 -1.4199359149360595 -2.7042854549254876 0.67491936787212969 -2.9202932260823302 -1.5836127326436564 1.2008050805752937 -1.2933003791879927 -1.8160944329598157 0.89670447154889632 -1.411416164537296 0.95868589092910006 1.0284312551599732 -0.42672339381014834 -1.4952109317852547 -1.4036598527478223 -1.316885348836522 0.59458381745213773 -2.9868280030528007 1.1210532182685269 -0.49685620630780325 0.86683179672722532 -2.3982475181307557 -2.6950449317697287 1.1134393792248181 0.36745862332625978 -0.54513388028541987 -1.4632480834631125 0.29363975079228632 0.58929786989068211 -0.44497034225407789 -0.37302484167810701 0.34026117555264196 -2.1740143328297563 0.091552708792403514 2.2055724916495083 0.36634098261317344 0.041320025687783674 -1.6473634176334961 0.86129832952167451 0.75139821173605248 -1.4661613626664147 -1.020912474956293 -0.97297643852820626 0.70302420051125392 -0.66986842370093191 0.26208152509839711 0.19373513219902946




