# Created by Octave 5.2.0, Fri Apr 02 16:02:29 2021 CEST <br1@br1>
# name: ptcls
# type: scalar struct
# ndims: 2
 1 1
# length: 2
# name: x
# type: matrix
# rows: 2
# columns: 320
 121.13021553221624 121.24694960501812 121.2585644719591 121.15141251410429 121.26204757896322 121.37739772775703 120.98425051421266 121.26595581035274 122.21535221086936 122.33052393599858 122.36291055217883 122.2402160459427 122.33376133581623 122.46557352748854 122.03750113106318 122.36409899658439 123.32218439002148 123.38624403640154 123.43842597130097 123.31954233831483 123.40242593365834 123.54795560293995 123.08888090514388 123.47983753590309 124.4403927413441 124.45598918025436 124.52041888126804 124.40267192813356 124.49231749633311 124.64028119891837 124.15926952206243 124.60151880824684 125.560621903049 125.52571065806509 125.6012273535394 125.48442619282832 125.57732684168873 125.72108337030043 125.23495771967779 125.72171103379463 126.68841769675853 126.58189624212679 126.68014595786012 126.57045028705535 126.66076592470814 126.79811436891936 126.31665049915371 126.81513179180226 127.76891995660851 127.65363697026184 127.72797187183542 127.63633438303145 127.72097150496654 127.84914807951404 127.40994191905088 127.92118815038889 128.88919143888276 128.67767611663564 128.78147226843203 128.70646954266923 128.80553230523182 128.9138055242592 128.51401730499717 129.01623961171563 107.72439011581437 107.80568709353415 107.78928507428179 107.81239068674768 107.95607283938224 107.52337444169412 108.03837778668674 107.57634110774063 108.83364850748492 108.90789198795758 108.8935787670478 108.90016918624219 109.07004609607954 108.59549639095522 109.15100476815059 108.66502022457939 109.94451565793588 110.00031125507124 109.99308848681088 109.97873675216655 110.18149020953699 109.68099721675267 110.25259655080151 109.77862550337872 111.05771853628586 111.08338483754251 111.09767214299063 111.04318224923995 111.28990214440526 110.78174677959582 111.35057505448063 110.89618915837926 112.18544354364971 112.1688004340153 112.21788158416869 112.11750810213465 112.39000374902182 111.88169655274937 112.43609558832162 112.01566979826589 113.30455780441766 113.24628961139705 113.33557747874696 113.18095308194869 113.49229253339064 112.99342793741347 113.50806974900958 113.13346138311788 114.41785306258318 114.32108239947698 114.45185267927674 114.24959294081043 114.59078438979242 114.10798997301818 114.57650190326257 114.26042852170241 115.5347887446663 115.39667947341802 115.56850444761307 115.32684143110463 115.69132610889115 115.22551630108427 115.65798133362267 115.38682292179944 116.6584361270699 116.48952161229209 116.70763416337033 116.40886547668886 116.80438601560547 116.36343606553412 116.73122662586778 116.51489146308892 117.79020227157126 117.59567561785244 117.84954080852341 117.50769342526608 117.92905906462921 117.5029921920267 117.82736681286654 117.64889293663938 118.92014886988619 118.71376701986635 118.97881298752048 118.61991512088142 119.05631504061 118.63355480694342 118.9362408601243 118.78362460779748 120.0495509430348 119.82750998204646 120.10534707771599 119.74233543558134 120.18288932454585 119.74647434915258 120.06249425228421 119.92087274748825 121.18018206997765 120.9469734717876 121.22640218257712 120.86918559886024 121.31000948309295 120.86357566830827 121.22554603150273 120.97482467579815 122.31042346924849 122.06260302949224 122.33665683210151 122.00913497161748 122.42856067901077 121.97054731125721 122.38016268448395 122.06664780408913 123.4231127933175 123.17923087591014 123.43484038552899 123.14358777521417 123.53981035980232 123.07742044639497 123.48864749503842 123.22797016707094 124.53969802648324 124.29745237258228 124.53148160131038 124.28730635809781 124.65190863930896 124.18045194400116 124.67248577797211 124.32549377548798 125.6600379194454 125.42505117747318 125.63415560637904 125.44696906518111 125.76732098672323 125.29674531499364 125.79748150574451 125.46757802465881 126.78091688205151 126.56173580850303 126.7299268408549 126.59123347955213 126.86546898738126 126.40837789084912 126.99274690970675 126.52712189048967 127.89387604237022 127.69723646778939 127.81906441960457 127.74096598427772 127.97199539895401 127.5363097736423 128.05378545878733 127.70599572667859 129.01020786808846 128.84696691638899 128.91660155410466 128.88955199465559 129.06728761947321 128.66488559360434 129.25201618815683 128.75427404372292 130.1341762531529 129.9819681200986 130.02611861501845 130.03985897544618 130.16436776101642 129.80466428133087 130.30772990449086 129.92300393819332 131.24932809592693 131.11044072619777 131.13611723469893 131.18759990701122 131.26012905061356 130.96785681560078 131.43226296870623 131.05784346524175 132.37334761874644 132.23841192204932 132.24824218122134 132.33396755551277 132.35664811095043 132.12098189959926 132.54773798199005 132.17979587823697 133.49766995673517 133.35051936468804 133.35687008853938 133.46033131893503 133.4507856063683 133.24581686144498 133.64712316311827 133.30194751330802 134.61363052162838 134.45415784952252 134.46528158959578 134.57132929968174 134.55294995066163 134.35924651982359 134.73697153059729 134.41476886821599 135.72528171994693 135.54672088246616 135.55783450794829 135.66821536599323 135.65240771175829 135.45470336873311 135.81759579613302 135.53154239858452 136.83778819653594 136.63878591845074 136.65765929192108 136.76687714664681 136.76365436344952 136.55609735353133 136.9083004507489 136.64941471033367 137.95358472685248 137.73268490218007 137.7573875773123 137.85988942003459 137.87584727540681 137.65711389513959 137.99660888037914 137.77504577522046 139.06715144232172 138.8214127906385 138.85958035051183 138.95167948421911 138.97765162607678 138.75494225493193 139.08097287204586 138.89481751481691 140.18515965495911 139.91537704926844 139.96313634324096 140.04467582664481 140.07765259695122 139.85216186803135 140.16835521914513 140.01439388369633 141.30477942722641 141.00800679624803 141.0658947216655 141.13612580364031 141.18313084997422 140.95071752964168 141.24935242132659 141.1303981298079 142.3969734073041 142.11314015900206 142.16484912595902 142.23128960621818 142.27962358459621 142.06754479941216 142.33359957670916 142.23536770396819
 95.485541631712678 96.485303999664296 97.466701976132299 98.586326154125075 99.713190300843195 100.83548759205637 101.91178633978014 102.99344164312738 95.50992163399323 96.53865814244628 97.44215465938467 98.464283239680853 99.536392651017664 100.61530204165756 101.64269640215078 102.69330085084789 95.55678590505542 96.479313912281697 97.546028194815761 98.638722527185081 99.732458726533906 100.82493798033146 101.85170221161388 102.8952229917343 95.521249567138682 96.538415481161067 97.467113488341724 98.533107332737458 99.625321844953916 100.73367358361092 101.75437589728077 102.79013214364018 95.533813426655243 96.470436562582648 97.499996772948208 98.586161911793994 99.674485337207173 100.76718827741581 101.79078579397292 102.80260241968412 95.453609917262739 96.503625532092869 97.40964732823636 98.445279189766765 99.537067958297982 100.63566670993569 101.67966985544395 102.7148954246083 95.595677951665991 96.548215469322756 97.645889535057918 98.730759271937814 99.815859493883849 100.90193843302573 101.88150463807466 102.88148386953716 95.414940523787124 96.465505294851539 97.378109051134771 98.470352178321392 99.594679429261916 100.73258900673731 101.81379503120472 102.85024308390776 87.168506856276892 88.275895418678118 89.384152058872914 90.511720766207958 91.657409258537442 92.74518869632233 93.784896974548062 94.857463999307242 87.228729200856719 88.315425364743348 89.400293584250477 90.490135827839126 91.583034383121102 92.603028740668563 93.610991443680874 94.630616576558268 87.153253719978593 88.231501879338836 89.324991476886652 90.430873860863883 91.536459561445653 92.586317242437431 93.603214491082554 94.61892879563851 87.280521786456688 88.377265654938412 89.473716819926125 90.578599770087862 91.668670004769723 92.69262935350126 93.70041439218555 94.732866147835608 87.253239893488072 88.349262499990218 89.450676464824625 90.559700623912292 91.64780360236098 92.696035387637082 93.719130828722285 94.76434665128582 87.082972188532622 88.175613393194695 89.268242549853525 90.359721790131985 91.450785193554125 92.505545980148327 93.536233346927617 94.602388489396958 87.231316281481725 88.334729223663246 89.435406516399723 90.545880915304863 91.614075215449503 92.648671823592707 93.699864506658699 94.774593743213586 87.176945703826746 88.263838672860473 89.355730911814049 90.443705150195797 91.514881243718179 92.589333299299696 93.652572791770922 94.74388476152194 87.23548732247356 88.324905735829319 89.416692733055555 90.500600696077527 91.554903257978722 92.61078308712483 93.684286139606755 94.783751225860726 87.23729247798822 88.331817220721874 89.420580553016265 90.494870927041546 91.551089849658709 92.610633720271153 93.693334376982577 94.79267942499294 87.196147128735106 88.28857317171051 89.380792380859418 90.455541898665729 91.507251785452098 92.570581563175949 93.654100853041655 94.751384528705614 87.250307727130917 88.339375098055243 89.431314716700683 90.506025045343122 91.554346954724863 92.617391224393216 93.706315452185891 94.813860610468737 87.197202880934924 88.297010005733739 89.38480788923799 90.460811609340439 91.507251567816056 92.562745823571646 93.502407435043267 94.497052682118593 87.321686361243266 88.40446212107571 89.493281957579313 90.579572908381138 91.644074460985564 92.693702948749475 93.593716438834363 94.583285183629059 87.145572288807415 88.214106900919958 89.296553065825464 90.394504128243554 91.467193447698321 92.527529833218381 93.587157716972442 94.487119678077292 87.285368995157739 88.371996811282415 89.462935407717083 90.565013177988064 91.643584157866187 92.687637292034637 93.60127011648855 94.545046132608775 87.160454702533414 88.244871842991842 89.336478187945318 90.442587282684542 91.520696033898005 92.570990972600271 93.586744322210649 94.463482450064049 87.307232282262191 88.390968940645024 89.491354816417413 90.597296207124145 91.690229345795288 92.733487721623362 93.557043290733375 94.523790641125487 87.15208124835587 88.229576067297046 89.322623092628589 90.431329126534777 91.524106721398425 92.583161210997929 93.629010969329784 94.555070441811168 87.239383172339345 88.337477082564448 89.437541695203066 90.538271581863356 91.636821678619057 92.688152999463497 93.501869735314926 94.474264276221021 87.257044346799418 88.335781695626025 89.427552394712947 90.520999816475452 91.622263666451062 92.689221225722378 93.734537264302858 94.806072706834897 87.185720835585073 88.270585422311413 89.369613019084213 90.464603334260175 91.567253634718128 92.65214589505905 93.690242608461119 94.746508534995442 87.113747424315179 88.204703525906211 89.292602179969109 90.378557505842267 91.476132741163028 92.562345699068004 93.603608322547132 94.664474017221593 87.250958945237386 88.338135236011908 89.433829135698133 90.521459369796958 91.619415816681069 92.719541801209118 93.772830929566652 94.822978701150888 87.165689113263255 88.251659771268962 89.345387887189162 90.428723366603464 91.52265967128973 92.607053682886004 93.65259522343996 94.716098112578933 87.184725100288119 88.265473754459222 89.356257052223881 90.434559484516868 91.528175776566329 92.621459798651415 93.674915880905843 94.752873951060451 87.251129983313731 88.320591075638418 89.411147231702387 90.493817729231935 91.584524535608637 92.667875120495665 93.71764823008678 94.792844589655815 87.215111825821253 88.288166909239848 89.381678763309921 90.466050745999041 91.556164131047552 92.629735552727752 93.689388669431565 94.777589752961859 87.245285712691739 88.304561487267733 89.393709997023223 90.46986697867365 91.551335285869811 92.62218749888423 93.676602710113301 94.769307113626482 87.239169236800294 88.29886005787337 89.388709188368324 90.470863638085874 91.564708019409494 92.653688722804787 93.714347243787032 94.795856410240717 87.278935713816551 88.324911945962427 89.409319089200991 90.480911638247903 91.556273525948313 92.614864736058877 93.665376579360398 94.765055205335585 87.117819463700556 88.189646969710239 89.307779773581586 90.429822655135851 91.54781292596526 92.657534330919432 93.751153173535727 94.854794197747779


# name: v
# type: matrix
# rows: 2
# columns: 320
 -0.48759186721495001 1.0229680071143084 0.0070290603489951489 -0.87813912069573341 0.14626043213032514 0.378418161034491 -2.1864415372821684 0.85822900290720716 -0.097842395379404146 0.69672610892818054 0.74511192157697892 -0.54994254775618245 0.13638991682032581 1.2284634607758784 -1.6157899122787662 0.55984132945568676 0.12467442141382952 0.56113604738315792 0.43542096024242966 -0.58578548820231291 0.07197078923736426 1.5556362263292034 -2.1626025914592293 0.91899400423039412 0.28556348360649342 -0.089706213263584217 0.70640873965225659 -0.54512079835741445 -0.044681751953866283 1.3454784422446964 -2.3823486888975465 1.1027049459649385 0.80913264678809249 -0.41881900796032068 0.84320667335501231 -0.40317665987457713 0.14979010493264464 1.5104573110836268 -2.1959968577749231 1.1931015578187074 1.4367050163946227 -1.4995425504584956 1.4430162530525585 -0.47407067469649578 0.23667317562042342 1.6864531792579953 -1.8956412805199669 0.078701217771473791 0.88939107400005391 -1.1903909045340171 0.37870546233451269 -0.7093412370498039 -0.14360187730712035 1.1164987596748457 -1.1183377314876304 1.141191148491248 2.0102659497161457 -1.7011338503908358 0.79245975556111392 -0.74203362408519613 0.17346652113639871 1.3711365755598499 -1.5814757986407384 1.1761341328786887 0.19583158162330677 0.65779848150441977 0.4944623692908387 0.10712324446976594 1.8324067442072158 -1.3686691659984995 1.694046753910043 -0.45986186345024183 0.21680547433797376 0.74509910908587995 0.5839244103963972 0.091320136722878087 2.0040447831092028 -1.4066298208086239 2.1405901037470727 -0.13629417096001384 0.18053967891582839 0.63643679630302064 0.66771793840787774 0.0039853053851652588 2.0711271178204842 -1.457493735525331 2.0568862373808288 -0.8059667827442718 0.37746030163872218 0.30420371764419774 0.67624020167109467 -0.25148139021138793 2.1140396446844112 -1.2770692427995636 2.2971209437325308 -0.85782561575480887 0.53185312675771401 0.23393883384497682 0.91569404005697819 -0.25107249695431161 1.7078884828147869 -1.3582988658128641 2.421879901693897 -0.74013677020906055 0.35295579444911995 -0.17402182294489968 0.91503463381453032 -0.75969044081256543 1.8976084239614921 -1.1814694997522688 1.6591283953023315 -0.6185747978676418 0.49624132407402405 -0.2867331139978242 1.1722248211758328 -0.71472286902441273 2.2024514947210672 -1.3364290404932639 1.9813861687142047 -0.50726019448823378 0.60240238788954392 -0.46796674015452727 1.2959644689920022 -0.96803551822524592 2.2945334837345697 -1.9829613617185946 2.1194088644687223 -0.62701664179477168 0.47668613423193712 -0.87083738848862502 1.2810725424057754 -1.36799680834452 2.0430284739500473 -2.0818695785560406 1.8838139831948622 -0.61065809039286301 0.5721673552914549 -1.1132100229715609 1.0999001573013529 -1.5590767706855035 2.112007262667476 -1.8904222103534709 1.4248858038725472 -0.43929910936281003 0.64744757057564528 -1.1789768938644993 1.3481549075335597 -1.590454839931106 1.8894380854349282 -1.7926190568853837 1.4614247190397966 -0.30838635224643207 0.80908521562421354 -1.2744748491722808 1.3684368306797345 -1.6851966421881699 2.0218354789044644 -1.9361982328130143 1.386959507255805 -0.13423115968506716 0.74219709350156227 -1.089367638538016 1.5175600133074088 -1.5793823655133798 1.8934604749410331 -2.0022053851051469 3.3420605833832195 -3.0448084472756252 0.82204264438002661 -1.1341446770157084 1.4106768025988865 -1.4696400206105333 1.7277651978545474 -2.2900961720657915 4.0125926789956328 -3.8692490352080906 0.8412291102914673 -1.3703314416020307 1.1935073394074738 -1.527147130959343 1.9183053117954387 -1.7427694160870799 2.686885739302352 -2.5366477971419554 0.58966815215676882 -1.247935705445167 1.0271222830269395 -1.4510660879357742 1.6388047822842944 -1.9036926928540696 4.3032848477166379 -3.557461375192394 0.78124574219537046 -1.1032230071744793 0.78780984558571276 -1.0591312252005556 1.7127685810817226 -1.8358121029193222 3.3134278839418196 -3.2157472334071819 0.69282686044972197 -1.0976810237269568 0.68942801449724145 -0.91958551658346743 1.3680106272803445 -2.2276274852393461 5.2727225764085404 -4.2923032097742775 0.76167796636678986 -1.0317213965357654 0.48153914207668458 -0.73814187712668444 1.5143913206658863 -1.9661920464950997 2.5276787522134474 -2.0810014978838955 0.57067607819470545 -0.83650328436975407 0.14180882792651417 -0.51863111721113941 1.1166538617502151 -2.5889506501740898 4.8820695497482625 -3.8435274439652556 0.64387726467490858 -0.78974561752761385 -0.060095007891521578 -0.23874366763390328 0.97167454727027625 -1.4892793020479334 2.2140922434882406 -1.4593800543254856 0.62094023501556606 -0.68464611794751151 -0.12625631006105512 0.0036389242608165554 0.91697204885164996 -1.9004040975050471 2.1165182363075679 -1.1572384705400762 0.52866801956004694 -0.59745101877985429 -0.21005824833827144 0.33203271872579104 0.82838432089156966 -1.8387051327391508 1.959137626588767 -1.0069218343176234 0.54299002407397068 -0.64053482234205839 -0.58421342516696406 0.1675660470512372 0.59225095215274948 -1.8920607906514277 1.6042439332807585 -1.0556400947156193 0.37705937318503424 -1.0558625892265312 -0.91248206289527134 -0.16838762869360716 0.13669490026023717 -2.2345761494873484 1.2915028958658075 -1.2183781245102683 0.41069017025179055 -1.2337493699367128 -0.91673337987097558 0.021606246268230694 0.026924589514676543 -2.1562746098760193 1.3739987223334336 -1.023548757053149 0.5323789950948461 -1.0477999070947555 -0.72582219416618954 0.11389798256316182 0.18704474057740178 -1.9334203802255476 1.414380330903737 -1.0073632056153679 0.62683883637557314 -1.2949439519462749 -0.81845417932565367 -0.10481950367661018 0.040759599748190316 -2.0775882696199903 1.2783239768595744 -0.9953485533889761 0.6721289599006387 -1.2887290947909524 -0.79213453462458039 -0.22872338623364721 0.13358482253316292 -1.9928323806228705 1.0687530581427709 -0.78193530336016659 0.73175171768844205 -1.3074363481213309 -0.65754965356808248 -0.17537535469685778 0.24114821009395093 -1.9082165062562273 1.0774734149440288 -0.70125711939370639 0.73043591131665975 -1.3326910087399151 -0.77615381210727941 -0.24013290003230986 0.20007083626184091 -1.9262391395756211 0.71744492450378794 -0.55816729572258705 0.47151604440807027 -1.4050896301654021 -0.73879470549653059 -0.24419059549792083 0.096792354553609211 -1.628584309682761 0.78698864472133545 -0.50865961568482809
 -9.1778151182925072 -1.1625301176062506 -8.8362600413330039 -9.6742496282208919 -9.5135650736583948 -9.9385285504769509 -9.6401315011465609 -9.9483367188377798 -8.1187432100596499 -5.4822797910820968 -4.5078091236428754 -10.732819733751999 -10.715564072446568 -10.413512117872781 -10.617064074487944 -11.282889771240532 -5.7451431326290976 -4.2168344902628263 -9.1497135857611891 -9.1624195891856015 -8.7199036037718844 -8.9432185892154887 -9.6370056995080731 -9.9636213775387716 -9.204272575642797 -2.2222512080154599 -7.5651438163070219 -10.344774549911715 -9.8430557415528259 -9.7239187184517917 -10.362019617139433 -11.144214440364859 -7.538476489973494 -2.6495410926081306 -9.3260519270964082 -9.5931420034116588 -9.1915283199092936 -9.0904176992212431 -10.021507243749603 -10.790486272604355 -8.2299714233232937 -6.4459174171913549 -4.3590123278492694 -10.905299800423492 -10.6690434268855 -10.488987225366788 -10.655907231521633 -10.201558743816891 -1.8663377858417602 -7.1308460070687296 -8.4148311689951854 -8.4146830124208964 -8.1048048895440488 -8.3189347656555928 -10.671197152450794 -10.204887171679118 -8.5264710483265667 -5.3011915343027214 -5.7233059376549464 -10.681537695284547 -10.363943841311645 -9.9451623018159001 -10.07327783458728 -10.841401207053037 0.02290930635013436 0.039652784678301453 0.2063487530773675 0.62079130309934794 0.93642606713128662 0.71027291688692051 -0.85291560191378879 -0.45866892158906597 -0.2277879903623122 0.17834364191325475 0.39972821647687551 0.60706304293527824 0.84698441610073893 0.10023552365838534 -0.78544361578506239 -0.66551292606064327 -0.61959108318336475 -0.51018236009487683 -0.25874865920048673 0.10038985639297611 0.2875381063993116 -0.19372531771319476 -0.23664601945586672 -1.7450088091555214 0.075945077463004315 0.63573756420925032 0.84028266440174615 1.2400258763387089 1.3912846708236157 -0.14280570486504515 -0.25326068547359082 -1.0373195189962501 0.13534946708014747 0.48965989871614041 0.95904359251857096 0.99369408961164229 0.72269080769830774 0.37916435130311815 -0.37664302221521812 -0.73915475843196632 -1.2141059162164796 -0.88158938240380291 -0.54575061965171634 -0.50359598525537164 -0.26882740846970837 -0.042552147736022325 -1.0545077413078381 -1.5084551632062064 -0.0053095038706120999 0.52130307218996774 0.89276183392936248 1.2047202020116798 1.0046195051558771 0.017144028409914788 -0.19832421841799458 -0.20874245189212889 -0.15765230197282912 -0.010543241217726712 0.18565965287239916 -0.11267534574399193 -0.074376382278975542 -0.44260814380424429 -0.73610444559751498 -0.60714522767704582 -0.01253531577328337 0.36612135833370246 0.50979235716551252 0.52099959911243843 0.24669835997898387 -0.30023308532488546 -0.47750798001006772 -0.053705301742592665 0.12560149491220879 0.41289890896893555 0.68290606206957327 0.26209033417517408 0.15362150055775858 -0.43897631115865948 -0.38506629185794872 0.020845649575001284 -0.15605271110841151 0.25032565199812434 0.26726541693076106 0.096929979364381039 -0.11182848974510876 -0.71784817192350814 -0.81214021262138436 -0.32125319393182439 0.28300823759507865 0.50263680953643064 0.65883810504384077 0.48309589612032927 0.11057783012073231 -0.36253260612578481 -0.10595058837221685 0.32122401678862417 -0.26185104980979584 0.048230072446880393 0.10822608328849005 0.08474475056023463 -0.30389505508806747 -1.4562193142993518 -9.1306642223920331 -2.2640456829332267 0.67435980624828684 0.88475886333077336 1.0620626355382183 0.85157445186792557 0.63533960830189062 -0.77654873871432528 -9.1632751970789688 -3.5483633660927132 -0.32841475736098402 -0.44523586356972561 -0.41249128372940547 -0.23485624053783569 -0.54781433792058087 -0.64389005534877508 -4.6468222670149997 -6.6873504221722317 0.43548434088115812 0.68115515052751863 0.90027922202942556 0.98001905089397789 0.93249459110010002 0.031996629566994839 -8.8335889858032033 -2.8838818569623559 -0.56075164071591255 -0.43080704143381643 -0.23424139998275698 0.10473749436396138 -0.035122357476428376 -0.37105221862158383 -5.6860557820004889 -5.6704651795498702 0.43093093704050145 0.68613066449089954 0.83246692007242351 1.191601714648227 1.2386592935138865 -0.45929728032836886 -9.0332164830297081 -4.7530098248521897 -0.66898418680328253 -0.63587864817550599 -0.33975665858860327 -0.060695428432823537 0.13975765135691234 -0.020172473323436038 -1.4914817740160533 -8.6080282048534436 -0.14581618521679374 0.19836413477792239 0.43419381588403794 0.77678278396430012 1.0788963155568165 -0.80959068663521683 -7.8283826641419214 -4.7747155310309273 -0.058943470272984515 0.066722211768375603 0.38553727454685999 0.40145984820708935 0.83631053210885042 -0.18013694006124878 0.01709478258514642 -0.044613647651275561 -0.37522659756332793 -0.13351451706874226 0.10812963263070008 0.22541023430493082 0.72975863694975074 0.33676055474105948 -0.23667045232743403 -0.64341531115956585 -1.0085165043686781 -0.69660505759678981 -0.50463421450694301 -0.4260498336013317 -0.038297629762998366 0.10803044613879825 -0.71489035010242474 -0.83286342312151829 0.17319999405322312 0.51915925217192593 0.53472725346281336 0.59050023972278676 0.83923076969762755 0.8108850023670815 0.32002069364088342 0.035595723154312225 -0.65700729500275667 -0.3027349110149099 -0.29320949534744317 -0.092262610079168417 0.27562361720857559 0.02703691583546217 -0.46582388905407535 -0.54954312540095684 -0.36104865840617623 -0.13337191459157854 -0.19595178139805319 -0.17181819486062916 0.2133362556458531 0.096520922909311441 -0.33371624100851432 -0.19904782762961959 0.057352851948889068 0.14538685141879676 0.24188921723151277 0.24610509165894834 0.61338237458626754 0.50431721821932407 -0.036742667197238593 0.066923055020586708 -0.26583817623826456 -0.1998798049651101 0.099206602168699962 -0.00053435913303631231 0.32050526662062728 0.14127758524205808 -0.42042729421707431 -0.10565842507326585 -0.062070605131269621 -0.12685598517136704 0.079417979933178326 0.021355513242121486 0.31680674729156982 -0.027836446855934761 -0.2751129987885938 -0.01040952346968879 0.010985455929962416 -0.064838452969903593 0.10152196877050232 -0.011101601483047533 0.38602562022940273 0.15946791607759375 0.031534758725097548 -0.011325898669233184 0.13157531817496237 -0.054401205348245087 0.19937372580993845 0.089200754297748749 0.31600045811118149 0.15648530079187001 -0.44881557179347875 0.078780733756924265 -0.25534829956810451 -0.64685887693697064 -0.47405564414892071 -0.17781897500082502 0.10994760261569382 0.16152018564387216 0.0057055201120226415 0.1486322168671568




