# Created by Octave 5.2.0, Fri Apr 02 16:05:16 2021 CEST <br1@br1>
# name: ptcls
# type: scalar struct
# ndims: 2
 1 1
# length: 2
# name: x
# type: matrix
# rows: 2
# columns: 320
 133.49370589765283 98.688598343001786 96.972409013452975 85.930533568640172 101.58564808701125 110.37989574715422 77.320179057435666 90.910910005187475 105.53406015601551 112.0780191208104 102.31556732628205 97.76493612418524 110.23534230311549 111.21740976021636 109.22048064639873 110.2819120270119 105.96191714361298 107.39214045990293 101.10043417604216 102.57267881069131 103.74160815114072 141.86126194916653 109.99461396859049 141.04906533436048 140.46899562200824 125.56413063509478 141.34250531965387 138.2816932873057 144.20287562613024 144.61745659976563 140.31943346162808 146.69140148768108 138.9010450678195 120.12335340437068 143.40710566366866 140.59408212214333 141.73237169078942 142.8113551557567 144.4231941572848 145.12801548839431 142.74777754309991 145.4552465765691 137.80679194625023 143.64578927473315 141.15813163856421 145.18864949167252 154.71065962505355 154.01789716545608 141.97443008363101 140.30926606135804 139.5486824578818 142.41564359657096 143.11216040496871 141.4597107823254 155.02764067391817 155.84087903155762 142.60201978066101 144.84980992538254 157.19376596721671 154.08920265910479 152.95798273766664 155.64081211670074 155.82457274456536 155.08463957446 86.201308916632726 88.40107307258674 87.330561120676222 75.656062546621769 87.843439804617191 86.906520493221379 86.239398302267418 43.087973843416634 90.871809653641478 89.877952181026799 89.062150388160561 88.02873705847729 89.976057196522135 89.04352557034818 88.954206001508012 86.012570558558721 95.543032821727252 93.412832568554307 92.487012653258489 90.277635289488188 91.147037913399458 89.956827001819207 91.554416809490533 88.934628281480087 95.532803552592043 94.517973573200479 93.82885536439133 91.689682082666081 92.205092809442093 91.08170492300809 90.826578351355764 89.841216695473449 103.25650784863355 99.133020807316399 94.434232001787095 92.823500596814611 92.21442024266031 92.239520785268255 92.904730086793819 92.978324512994746 98.898405805972814 100.00048818635679 98.002137655498714 93.33850675916959 94.280345183157223 93.296888669525401 93.929931849811766 95.119889634914855 98.034323275511696 98.830243736310052 102.23816489774995 95.935976911506415 94.180592326743678 96.513867599559134 106.80230011937616 94.310526928489637 99.556889782246273 99.941398238422948 100.10582109131542 96.645180504824964 94.935466318644927 95.461466253520712 97.574412977012656 98.243872209628648 110.11008289022388 99.369483505787926 99.075706678224066 102.26558947573302 96.100499992149324 95.247499765678782 98.09562986417474 77.958549724346867 95.108688111335795 94.800620567359815 98.876255365438141 105.51535449505543 100.30089516869302 96.917392082663966 96.212559453357827 76.461737255526145 122.73240323755118 108.73227130981984 84.830817966496227 98.234090311596901 101.00453916581202 101.26750748154529 97.188644284049431 79.191583380733405 111.7404987671533 109.83000080502045 111.76482397217006 95.949779024082943 99.903759686139779 100.7227015132127 107.70849019108873 103.73647361461971 109.32482351959226 110.76532854901482 110.95647412646757 109.65323306487065 109.58069940659327 100.5203668998077 104.83798614463797 107.12056436345537 110.42412316041901 109.71520929238227 109.44600453541409 108.44524205528977 108.04721746082522 108.35542317993054 104.27527383049662 105.72562978110226 117.87211332649463 108.45495340520553 106.50687392617051 108.63561675149371 107.35175496929305 107.61365694009363 110.71986100102296 107.7387697166718 118.64706122940862 147.64115498548193 137.92862331553951 106.67070040479706 136.17690370943987 104.7254583622023 106.38002777957954 108.65574935956489 138.1592484432941 136.96167280325139 139.90516726296016 136.44546066272574 135.92390008089316 135.32220264545597 133.8569112504116 119.91853100655536 138.00892525527928 139.27020143747717 136.61826069171613 138.28120511851813 135.20344800326396 137.28999570711048 138.33513238018298 140.89589758812153 134.81276273620642 138.02309870488409 136.99871481551466 135.97908840018593 130.0787576079546 132.12859969407711 138.89906310413292 142.59865538647887 136.02006804709211 135.85513480384083 133.49159498261508 131.51730949020845 128.59676490461686 127.73520871998203 141.82754546304994 137.03234584975351 133.556516185351 132.72385079061701 134.47977716655427 130.06190050367528 129.05592495829634 140.15368152377647 141.72103715811375 142.04445695100412 158.2002743787381 132.4709157446818 133.67797143231294 140.6117158048292 143.15322849900667 151.36775943266406 146.59445603792736 156.43460216936109 139.85781946473989 128.96884724775572 130.41256771307192 150.51188611681377 152.4177356717652 147.33079962996439 154.88907585755513 156.06886272597234 140.0761615975681 131.27242387341701 151.82546882521584 150.98779886027845 154.19811464437527 150.3257767028955 145.89236667945033 121.26565133276102 156.76989475836777 156.74784819963867 135.06758142868739 160.03560630519183 155.05752251248373 153.8326916360005 156.20524299380023 157.36627240272463 155.91346906284198 151.67018952784662 154.14860129500832 153.12749971780761 156.0319630723107 153.16649977572837 154.42006482080504 156.66935021815863 153.78339434898601 157.0996907131607 156.01941305750771 155.06417953148969 156.13619678495846 155.49798003809067 157.53899980454497 155.42398709208786 152.41448426228072 160.75710282142009 158.94205558117491 157.18380785044141 157.65211908565399 156.83010399311465 156.95790358953687 158.05870521919178 159.66040564930103 158.04210255469357 158.77520810540946 157.91595528079975 159.4348019447707 158.28400172432501 159.15547532571424 160.05078465002759 160.63619836854838 158.39459873024433 159.79198830815787 158.98175997041173 160.22515420514006 158.60106165202441 161.29582488141722 157.13007268866033 161.5797906006334 159.46656472471543 160.92474998931138 160.21498128600788 162.68158994673777 161.35865183203285 161.99159907336872 156.13381227571199 161.69649332506353 160.51850085570479 162.16138529646085 160.7045594775856 162.66363094712136 163.03211252680103 161.31535750201797 162.94891270386572
 12.007689642233714 74.115554136632582 81.600172183856827 141.23538862734918 67.031739330840111 85.068650867927261 149.30864979977201 102.71769721928599 12.404801039113984 33.299422527967046 69.120509405126128 80.914466124532183 89.707997659431527 86.246387214189255 84.70495301774578 83.932079826796127 10.524428145236726 11.91832612731795 70.326933165809081 66.37342761077258 66.203540055582735 67.784030724701523 86.159719664328463 68.537531125117994 63.488234635527931 67.563802411864643 61.214745308954619 77.780294249187747 64.827140517863114 66.817221070522763 67.675732627678443 69.278814661293111 59.887598326135077 48.663403578435869 66.447930824575423 65.001662504866616 65.954881636633218 68.370675489350958 63.537992995744816 65.782727932364082 65.574871435220146 62.925571321090878 61.702250378977823 67.600200703264164 66.984397638479777 64.483806902212265 90.64516447525429 91.573488698285217 62.297775633597958 61.53972669412898 60.770453582757554 66.868707851576161 62.474656505936906 63.825129633373905 91.754003565414223 90.933482736745489 63.567787013479801 68.015108571908613 86.652992822612404 92.851276735477796 92.126882706660638 88.344562341387473 92.75090316055757 89.690235905599195 79.831900996715177 80.445643012896184 80.346771286223813 80.45847938208594 82.768262183266515 81.835955713526289 80.907073790810713 112.1116597502279 80.988776367585245 80.530727354834895 81.380815826181077 81.511561908645646 83.197484290381468 82.475116062576845 83.629639718315644 82.782372139924576 79.942888416608795 80.10883436228842 80.705177671825197 81.947763071892894 82.64899213231152 84.371745022310378 85.096378047052369 84.855980089169435 78.678375319703591 80.286836149573048 81.259293042418079 81.681800183390408 83.108038098286755 83.844540941013904 86.005848422808853 85.522381730265735 80.544507367724094 81.455756084325401 79.184218471512381 81.906291999203432 84.308507181691454 85.974515673050121 85.139428090350208 86.712550730898556 68.986028992670811 65.396448626489487 79.549999398652659 82.991946892076626 83.590444916430457 84.116953716445963 85.77431060472064 85.397356913585924 68.19142804729168 80.318722884589818 71.151245506146836 80.997777524468546 82.2819413805138 84.571763327539628 90.352758552342564 84.680936303156869 66.612734444882619 64.254823362320934 69.847859170486288 79.072079773572739 81.507130503678113 84.055636245549763 84.978762664803185 82.984192574316211 62.721338834699161 67.957663805105355 70.33990366004177 67.920763546371759 82.24242157043625 82.958780353309166 81.919046131764929 148.33210347758168 50.38065233163104 49.311437228612753 63.507839667891183 68.838681610926628 68.563945883944172 80.18374585963295 83.282178085477312 122.97046429500249 28.64783746692283 17.462424135697987 56.103250988027312 64.46452787920353 71.381381858356988 69.258647320810539 82.647242888719774 148.09692146627305 17.717242826722185 17.571346832958447 16.487617531840261 49.298900738346731 71.051340344157808 66.09946501611789 32.654055252079722 11.695296902951467 18.570040000941365 16.931714699080306 15.609908576105791 14.378906114482749 13.064633562068343 67.341763152826729 10.058731876375575 10.897994298263173 18.458061843141564 16.55247735697424 15.490095149691548 14.890919131956336 10.309488544846024 11.321130284881686 12.675667869108258 9.2268427087007741 14.705016532540126 15.980606540877528 14.075353647928264 13.766612698917294 15.120169520406369 14.104404654181286 14.513615331176043 12.984098681681132 13.811285659271052 2.5833505639036671 29.578379659111405 13.00827793151991 23.409780297670313 11.233659091447384 11.668737053653851 12.467354929401171 26.20050968648102 27.683752090557206 22.065295571840771 24.471745739153604 27.300770844315071 24.611314948416101 6.0068870685030031 47.40768715466217 27.304658875205984 27.101559814130521 26.437027096741382 24.845020926066326 26.456515988675697 25.551870549756295 60.811825186943366 62.396885976697106 28.967761265098879 28.481834489108966 28.822566662339455 25.600387075383697 26.074543674239976 26.453943299318102 62.148070116668009 61.354043775052304 28.311382434994847 29.458189361256476 27.904791372767015 28.621533299706297 27.513399075528348 28.494803649957777 64.921702761578686 60.789434948553648 35.897568341586478 28.751668981622526 27.453351871747163 27.163744416733202 26.506763391198103 59.349243429727643 59.360967780344481 60.37870432935253 22.468890425604926 27.686324861053979 26.696024375084267 60.351248356137795 64.577721207285265 83.849411926203956 68.026579835499504 87.553884353570808 43.300430957101568 28.463345696470942 28.131430342121796 82.977318939633378 83.814076656809618 77.592759063724998 86.285281901380387 86.100377054599221 42.111690030774611 27.330300472301758 82.83093833283553 82.055902181586916 82.884802209202121 84.130080487384461 67.106201362277247 149.77197899328655 61.151104055564197 59.883502928312325 89.986426737497382 81.663582930720992 83.494962201317108 85.657594438125869 89.628111552129127 89.774817970551766 80.400160683728586 72.572503870301162 80.570280766687389 82.781649512253694 84.172417560672244 84.630043813210122 84.534715407688935 91.874456782174519 81.937809454161695 82.301404096551522 83.037385077709899 81.243762055536791 81.702139125497908 85.180547896195947 87.766783854750827 87.256698218285536 81.922581246161315 82.518730042866821 82.104740250519768 83.66734331775686 84.662597565957839 85.268635043779668 88.691116213491298 88.828479354448888 82.898004659372063 82.902100609075632 85.059684355873003 85.81000142596821 87.228465586136409 86.895210069139111 89.163993066744084 89.93541792627164 83.614601736293395 83.871568972254479 85.362105396394043 86.161590125878618 88.844975978969828 87.972685538904784 89.741921557147109 90.817508475330087 84.133963833446415 84.164601352667631 85.681749299832362 86.380906446598743 84.871368440692279 88.642056628658068 87.762777205134626 97.53363793640483 83.149654264120286 84.667458608500425 85.937533510411313 87.707028245825342 83.778745177064408 86.65972062508034 86.647404444683531 88.354006045243509


# name: v
# type: matrix
# rows: 2
# columns: 320
 1.3579693284185725 -1.5491047806532685 -2.0451391246570649 -2.3617106020879088 -2.5603394989072359 0.85036369627244102 -2.5894723906119048 -2.1848560259870178 -3.1308419280371869 -0.62397535907694635 -1.6536294658866799 -4.1424865044408428 -0.74118715823311598 -1.516557262755325 -0.62945499462767562 0.31144937006318874 -1.8560286202845631 -2.2668852638103103 -1.2343114263977799 -0.63708192523709795 -2.7219867753248206 1.8351731099043125 -1.2479124722862531 -0.10288023169470925 -1.3883659289587031 0.18963793975630527 3.1680258557692742 1.1313036246855084 4.5095321857124135 -0.46331620674108104 -0.086315027133746502 3.0680065475305214 2.0207520901115261 -1.2531870049860876 0.59439176072745159 2.8279010533648035 2.3104222468036708 -0.28628001619894511 -0.78765449251933006 0.42349037643079501 2.2289644101012263 2.9766558619066608 2.8046745182860682 1.9677580975801678 1.1847133005439001 1.1737333229736706 3.0758147413887968 1.6930311083655953 0.6668423968737861 -0.70665697351470469 2.7111498066484567 4.1753498224746783 0.58707555433695935 -1.7331877583555491 1.84276538128443 1.2839280286323114 1.6519407676563176 -0.051950709148800546 2.6265188142714306 0.54596136856581678 0.85931068968851698 2.8109283666450753 0.85876384684596563 0.5751975153702773 -2.7160325476063631 -2.936405880206836 -2.4193695757525808 -2.5555409142093808 -1.8213435458269032 1.0076176886401687 0.25430705003281323 -4.8083481724781443 -0.29213032124525223 -0.93030767020438032 -1.9239897020001262 -0.13522614186775578 -1.1585525257543745 -0.29106360722214314 -2.407748781637074 -1.7825284626557725 -1.9156777512655792 -2.5525152155900854 0.5461613633675283 -3.4920223214739119 1.0265482572560696 -2.502863134489171 -1.144543799740408 2.0637600925789545 -0.80462052771698656 -1.2461936657852068 -1.4457780480382652 -1.9472720638514645 -2.0103463009875377 -1.5638330197968726 -1.3677990320953382 -1.1269392490184642 1.0957960171126855 0.080048423555633907 -2.8462785429317812 -3.6304219715343518 -3.4817086923660532 -3.0302170469764684 -2.080534495155665 -0.091866825286317344 -2.2722570670603837 -2.6547769587583043 -0.064391633253577746 -3.5267090984238139 -0.98851326645922011 -0.71435168196686416 -2.7202445592067992 -1.2204877055694356 -1.2345381321391584 0.80763144517632202 -2.5847785243132146 -2.7469205732860678 -3.7550885550041095 -0.83713614662801772 -0.98235940944024569 -2.4389224211786731 -1.7476258421457576 -4.0585985924651817 -1.2028342207494567 -1.8696160819242533 -0.94773353410611694 0.86623008952192992 -1.4631302467797707 -2.2381425554481558 0.63942593884555221 -0.059653395348594047 -0.36136128699029019 -3.7816221369384335 -0.49519358518331258 0.052361071092420608 -1.860024472282126 -3.6170255103050115 -2.5675448427212282 -1.2030033553599266 0.82684582823078845 -0.94314333146569318 -0.35973003484688848 0.75011283583955324 -0.87075420221742394 -3.1420302346738094 2.0503194377782759 0.68364868130469425 -3.3052369035009281 -0.79697674729980006 -1.7451781079994688 -0.90523327321407876 -0.2746067874337505 -2.4974229934123104 -0.095491687817061813 -1.8450965937897239 -0.30470890279300505 -0.70836378245036213 -0.70372423129912109 -1.4071825335513253 -0.91553894821569615 -4.6046875248203802 -0.26143964328753666 2.5545938769418499 -2.9761878303032376 -0.64934328402683839 -1.3838609225420562 -0.1313847138379097 -2.3218507493316136 -2.5015979255670491 0.62124470551851885 0.50818685308872491 0.19795278809606329 -1.9756930733193052 -0.74041432471569424 -0.27012478835129478 -3.4174904877022239 0.50101422715577604 -0.85173927781500824 -1.7388691226316231 1.6484850832902289 -0.22619119459631515 -0.65289998817462225 -1.1890934231646226 -1.1113287680970212 -0.4183996493130408 0.12028622582977432 1.9063454546835059 -2.6895537303950103 -2.890985474355237 2.210263204909678 -1.6430682953831182 -0.61130455402629036 -2.3720055004908547 -3.3367150945746369 -0.19027131788521723 2.5327848163482951 0.4425354433893347 0.97686122288275745 -0.6792845775967582 0.9259881844467065 0.31918719441124177 -0.22521565645633268 1.6861739191100937 -0.049698138259876595 -0.010203957275979291 2.6573418691480257 2.2086137864138977 -0.61105279599721196 2.826855513295464 1.983389194774078 -0.66051738404092841 0.949443730041998 0.9610941352190967 -0.2244469323804007 2.4650718491701409 -0.088677482382952144 -1.0809310933162164 -0.73897236221623308 -0.59018852576189007 -0.23620150174329868 -1.1042087866199992 1.3772624425917352 1.0593631790534781 0.31533672418796893 0.41142439800054253 -0.92266956557525615 0.59266494595272035 2.1168702309281833 -0.086683177881342027 0.15551493995699875 2.8580773166205584 -0.48955450925468547 -1.2587996594714275 2.2728166734052841 -1.1666942905771229 0.3895106179842886 2.4301630790723756 1.5748154100014706 1.6158484818087104 1.9568642316635205 1.4532760645753386 0.51117193940520156 -0.71690451650101628 2.4463614446741064 2.5272251562396377 -0.74349436598890684 0.79445250808365253 1.1444291197711713 1.2910554086700394 0.48625639258730363 0.82638926538974322 0.017410581645056249 1.5692550029599495 2.3442946687857549 -0.41951094072566691 0.13243366509611348 -1.1396072695747648 1.0932473321987899 2.3047784773073312 -2.100086601167332 3.3128902883050988 -0.88466731112250208 0.77157475449919888 1.5842213506047444 3.1022851832675888 1.5221707883866782 0.88167391345715806 1.122402954970033 3.7332428907179991 -0.39935178087592066 -0.19629939095042975 1.3018712320337325 1.3955702319711076 -1.3538706968601997 1.1650757925605917 0.40926066744280559 3.4362789343811055 0.98226019830144273 0.21147080423921677 0.85046783873019938 0.36909772915372746 2.1960242911667254 0.43073918030351765 3.4171119549925306 3.4330318717561914 0.73998296446876777 1.1637281266955175 -0.29704424874090085 1.7509810429659962 0.25847895722912451 3.4138140728852377 1.153658660131393 2.6216476155421913 1.9538835718638459 4.2443766747490193 2.872481516995121 3.5455762328586284 0.97824345206498564 -0.33649293612991005 3.3589493838781594 -2.4724668550531357 2.7680525014485018 1.8890292938090254 2.534327728287495 2.5352309541005598 2.4171752260912207 3.3848168159666816 0.95832344469205955 1.1218037920108412 2.4692012321409398 1.0088739243654683 3.9441473340353088 1.0795806053282941 2.43552406158779 2.3339291459422307 1.6320549362096566 3.2246140865934945 0.40197378335163825 1.5941564114967981 0.68946247446463482 0.093129007162459254
 -6.3445512990119379 -1.117490105380994 -1.3962343191386148 3.1959294126884794 -3.4085970293382855 -0.67788765151601826 3.7827942216865615 0.29108599795669898 -3.7172091655789341 -4.5400459979297505 -1.3962781490538601 -1.2770086456429406 -0.81039780598378297 -2.5865069697479295 -1.0115885394448596 -1.5535006211378122 -6.3908092749473528 -4.8398861573212679 1.1028492726775678 1.099277352720472 -1.7397008439174992 -2.480136104038178 -0.4428022975896721 -2.2966234058557524 -3.5793551889609012 -1.9360448762617062 -1.9236151693789276 -1.3688265063269536 -2.6327934960349988 -3.5029242110424081 -2.9793269276292755 -1.2562864098982858 -0.54851788896509557 -2.602930583060338 -2.4061784006700577 0.59820010479101537 -0.093807478896899887 -1.1411110693271704 -3.6292305684580652 -4.0251016763298084 -3.33955967210311 -3.41698465096274 -0.40929506651826036 -1.4595479519128576 -2.1785587358215568 -1.7149789651426692 -0.72613771888185785 1.4276898171410455 -3.2705041637674763 -3.2345150935193403 -0.031544253879560689 -3.0178685418661724 -2.2830317587572382 -3.2254963236337701 0.47999707073607384 -2.405489175804242 -0.47139654602791209 -3.5013140208799514 -2.1267807828952674 -1.8851995088984004 -0.5918224008043208 0.46050765158468271 -0.40149443279328023 -1.2505408979109855 -2.0201786901649847 -0.8000067280893185 1.0278897169945629 -0.70265671128496998 0.71740927742203053 -1.229331371818289 -2.2872087201960016 1.2975106343904557 -0.62917977814905335 -1.0154775921371446 -1.0250441556753902 0.93862689612558547 0.46658099459120539 -0.052792992971663413 0.16608547629545975 -0.31024455023171782 0.17326642520623334 -0.6189740670813525 0.73555172888285347 -1.7131901764097259 -2.3474566631560063 -0.16411802305493464 -1.445546861694244 0.39835700657095513 -0.16699690146467161 -1.8014389765257861 -1.5277130073161713 -2.0674222897453132 -0.97104256531233213 -0.017980002884019953 -2.1249270942030485 -0.29018021424096191 -0.76998383527079506 1.0517565508667561 -1.4929808082020932 -3.2253427297151211 -0.90973533766840131 -1.8482694343650412 -1.8084930493286435 -0.060279644087523433 -3.1983639258519756 -2.4518832704108617 -1.109730194163864 0.17675726163335431 1.2157625216833783 -0.32513723503295006 -2.6574212487079265 -1.4937352798797527 -1.8029905092740508 2.1118317081455524 -1.7515939935666383 0.45889882710726726 -3.259721390921209 -1.2556038687445286 1.4511542305423721 -2.1333620311256287 -1.7931732521646337 -3.9554025269541842 -0.50160049820649777 -2.3464849145630038 -0.18490740133260272 -0.85040116997071258 0.62444102559019798 -1.3022022144324181 -1.4985947257817349 1.0790239141568827 -2.8249461230074604 -2.3519946706718442 0.5339002561682894 0.71457806480450092 -0.78968888809722237 4.615706210103192 -3.7617586960394158 -3.6808753433036521 -1.1826689675694348 -1.5869886814609546 1.23752918288293 -1.2763140584180923 -1.7478729376474345 1.5120815234880927 -3.5162276711970275 -6.5148610610167417 -1.9440862629784657 -2.4219448405398181 -1.8192999235282383 -1.0867789348567993 -2.8130590082364391 4.1123270630834607 -5.3891387710219973 -5.3557251963412034 -5.8803457845601681 -0.96793349310739107 -1.2434411834899013 -0.2865825823952679 -4.8047683630626112 -4.3901303138553605 -3.7374497205630761 -7.2010006187660043 -5.8498938618537597 -5.0109677116160549 -4.1725787363399318 -2.8528741101604127 -3.3021342743335502 -6.2705021267565462 -7.3711846170370645 -5.1981990615938587 -5.7073557930282224 -4.4055561840899991 -5.4179617145698522 -7.7085613666584285 -2.1342980411957213 -5.8763253385129373 8.5128246862022277 -7.3744709231972605 -7.8065974196297105 -7.4371053817485819 -3.4889121128826033 -4.9708634860590868 -6.8944257762593626 -6.9323957619792704 6.2067074694999587 -5.9957003488919911 -4.5397913123256757 -7.6493172390756294 -4.4838827372813279 -3.8867936401587198 -4.5089838799091169 -7.2931914148673975 -4.9942801559183234 -3.4317215389653941 -4.4806091023851753 -6.900878571340658 -3.9047848622691337 -4.2709649519669837 -6.5093544091306157 -4.1033149086856557 -3.9157337332898265 -4.9054215696331713 -4.2664760738884491 -1.5055192476185923 -6.5892707043088281 -3.2362009545934129 -4.7429053467984641 -3.3291388626156326 -5.9432204922054943 -3.2345458900386457 -3.2857258846916384 -0.906599430829094 -5.5631357396108623 -6.8539540493736499 -3.7007038750116594 -2.3724859702653895 -4.7253968455656015 -3.3586682092896525 -5.2564455517065314 -4.2728102271704023 -6.124541709459673 -6.0703080130435607 -1.7691113183298974 -0.76938672505601746 -2.5976670930922872 -5.9365870419578721 -3.5461792184141157 -4.7930489393855336 -5.4795907037697154 -4.0369402330261757 -2.3876552067370009 -3.4392979535792825 -4.9553758204151475 -3.942522494401643 -3.3136995022280935 -3.1448551870276158 1.0206098594219482 -0.91794033178837575 -2.3491850165760777 -2.2568976426870084 -4.5654787681636471 -4.4208639481237988 -5.5450022426657783 0.8417650549339919 0.29036634829453745 -0.81940030315974965 0.46503936763749593 -1.0407306949333124 -2.2152164419977116 -4.3821490181617984 -0.28339185671273509 0.15263718954823746 -2.1388479450749109 -0.95673018145902156 -3.1858920911794248 4.0361142509800016 -2.181419128676569 -1.4862767802648553 0.86357808203941411 -1.469892866770659 -0.28176527330689627 -1.6393000879681225 0.32747134967184516 -0.44714953566594184 -3.0317546187865738 -1.072369632113483 -2.5516679240898439 1.5824720283709208 2.2810278719491932 1.2480539168388711 -1.0460266909563203 -0.73148626515002402 -0.72470944492914147 -1.8494767298435066 -1.7312032158512074 -0.27087205189234909 -0.86581342287904917 -0.55307206453754598 0.75430108471605695 -2.1215057336652441 -0.19740827449822854 0.49668180471777584 -0.63921014404706511 1.6834602498435425 -1.4256696780073848 -2.6042594236109404 -1.1062359989842521 0.39217783912800713 0.0052594766901499224 -1.9232485792670855 -0.5403814800622464 -0.69401105080967751 0.074216259230227441 0.029305940259625823 1.6780123455043212 -3.323665926200599 -0.88114433926854829 -2.6159725693127216 0.37589063651326893 1.0562831716495698 0.25174164424727613 0.81621143214404446 1.6352302929428577 -0.17456739675167965 0.67468696438058851 -1.4018844616633281 -0.27105785738738758 -1.0161021291170151 -0.52757695158481965 -0.45847807148066094 -0.76939036070188638 0.86129832952167451 -1.3330152101798418 0.068981908291831012 -1.9284126438318532 0.88657211382067413 1.1133031790736196 0.95571783186970816 -1.0966077336544884 0.52427073800723289




