# Created by Octave 5.2.0, Fri Apr 02 16:04:56 2021 CEST <br1@br1>
# name: ptcls
# type: scalar struct
# ndims: 2
 1 1
# length: 2
# name: x
# type: matrix
# rows: 2
# columns: 320
 131.32095497217858 101.16716599204733 99.029300745650673 89.709270531980806 103.38698541126652 111.11424452367878 81.982383757331064 94.406679646768794 108.88545557788015 113.07637969533234 103.14298040310616 99.958290786801456 111.42186770773083 111.76384855555735 110.27927192306548 109.99265238790095 108.32897576956978 109.93677953221126 103.63529177506697 104.14025514082562 104.68033433450556 139.56015604648172 111.50528626923061 139.81882801731101 140.09251672958314 125.26070993148676 140.03630537733005 136.47160748780794 141.76214457515067 142.78438793502821 138.67447260959833 142.42814717038746 137.22416531538002 120.96943325538214 140.94276324502908 138.45130395489736 139.62361628797368 140.64607482646394 142.17862731880044 143.97837127656481 140.50249792883784 143.00287893305963 135.65579753515661 141.31759320190116 139.15220972918351 143.31950613375028 152.86543126508209 151.84823929316838 140.53708799161399 139.38134356313736 137.58525447625229 140.24371073506472 143.51276523645095 140.92166741753755 152.6552720070261 154.01336026035906 141.93946992342251 142.0041637850112 154.05466849642133 151.58472187430939 151.15824053580067 153.04156304921455 152.36241793828577 152.05602472057697 89.242589081524173 91.580959613743076 90.208647533405752 79.744928009357835 89.856970642862905 89.4134910706928 88.380891917845659 50.781330919382739 94.05958507923549 92.93558437548657 91.725197189172391 90.604940751456553 91.732149271102003 90.92858097517572 91.087385894323575 88.619753105036295 97.864143562702083 95.818283705414316 94.828147885369361 92.508937168698537 92.795577251149965 92.201790771808675 92.966580256352941 91.555753336933165 96.911405452243443 96.966180259181058 96.062927203769917 93.795213223720125 94.079051125196855 93.376111737630268 93.606172403027273 92.455593428201837 102.00314725468633 101.23910519606488 96.711879228145591 95.015943819238728 94.39922804255194 94.64365451176144 95.724893555139985 94.576478769401234 101.10790380748897 102.51112746503335 99.990893118271316 95.268550443207715 96.238882694259317 95.439816126022038 96.635978712580126 97.398966934242864 100.13752166184476 100.80501435523979 105.46303155129435 98.11415217222347 96.072740684481985 98.361347479270989 108.38383637430859 96.482441571112503 102.97824076722792 103.6135857385277 102.11986979283719 98.965101771639951 96.986488916128351 97.232557001695355 99.429708929144709 100.24831224837314 109.08700138807066 101.91401821720584 100.99003550022847 104.14055511554297 98.089444089634327 97.164864031692034 100.0294031502301 82.57942812860118 97.611975803129013 98.3732571886203 100.51907676838167 106.89059119799387 101.34180290186454 98.889233653359426 98.244312697163849 81.488985631003175 119.45189213710393 109.02444661713523 90.119197012097004 101.55792467402843 105.99345564173014 102.19927092497221 99.135284215778555 83.834773707510507 110.5582737650799 109.86742413147282 112.16184959400235 97.040113879879556 104.56439164238975 103.59243765047287 109.17335250823207 107.06260160450273 108.91755784343856 111.07360532393572 111.39860865255297 111.57891284082172 111.61240903695933 102.41675332226761 108.44225500069166 110.49694496202196 109.5811062702353 110.30798890576418 110.66932815163101 109.91494831322937 111.84777274764633 111.07462429034545 106.76927695387285 109.6579781934917 118.21776434019293 109.42045040521472 107.87715856868384 110.48400069465184 108.70124115302745 109.24395508477268 112.45005027242561 109.81919986310918 119.47173509888664 144.59100225799006 137.88047728152131 108.49673187975257 134.52038957356589 107.98150499303148 109.1430805124035 110.81756509787351 138.62482363230077 136.58768136490696 136.43172409486755 135.30415764477837 135.52020325887776 134.46388476725141 132.37533015529846 120.5668508524638 136.23350781195998 137.82336049319443 135.9355932196224 135.68827071169892 134.42380903043713 134.75719958917892 136.50039626476485 139.89824089782388 134.73234486358933 137.39345668727884 136.60476333617055 135.0012171078439 130.26620850248537 131.22566882559198 138.26746313064601 141.08810555161466 135.5344927022293 136.28907335524977 133.60609130638875 130.83864254778032 128.46781763524319 127.36884598416697 138.99047349462592 136.57412720025926 135.03278749026956 132.47101916365924 134.51614044930869 129.13972086605 129.04043451041613 139.00140850519082 140.55642353780522 140.0936035985707 154.56376770128932 132.49300894097149 133.40857685582648 139.39360348073868 141.19482481980171 149.66979242467096 143.57092034456386 153.92712587235792 139.39310926738941 128.08504711974425 130.99905508740224 149.23575049889035 150.93222358569253 146.05967561702695 152.36615347118129 153.00885992779536 138.94498646373071 129.64898869248978 150.46472758072457 149.00945026690448 151.93839742792935 150.47281738275484 143.16539777060422 123.08902296408263 154.60683790688202 153.47406375591436 138.42771999055321 156.63836289310061 152.57285814514819 151.43957990660269 153.49696185280487 154.83695699865561 154.16201201696995 150.25951126631941 151.18996133334582 151.87285541930714 153.66943685611838 151.65102640067602 151.52549202621466 153.71198961611103 153.00159861766798 154.68827631128016 152.94685346075013 153.07437028547832 153.86301335701313 153.36510487335408 155.10100226115551 152.14861155343903 150.12892576666934 157.65989112356903 155.33904932434967 154.76159060074411 154.93144172231862 154.43121911924374 154.22011082092027 155.31491180257544 156.88206258562036 155.63735904853729 156.22887401466843 155.41449682436124 156.2161560798761 155.13477394173805 156.57586180104988 155.94234333161191 157.90679004042795 156.13767022231553 157.4860643311186 156.53299147523009 157.37010248239378 156.28469357307995 157.75239422930051 155.37182671790859 159.09874843999802 157.18117661791285 158.27537063190684 157.43333712894523 160.99206410527822 158.35925619538014 159.21995012899146 154.40648330718477 158.81841519625726 158.30667047411814 159.30592126586828 158.19360753123308 160.56820925159832 160.16869446818532 159.26645718398279 159.88048425985312
 22.15897172065289 75.903538305241582 82.437864817281252 136.12190156705097 70.365127278042948 86.464584819824111 142.61695532167911 102.25195962255334 20.802668011938422 40.563496124653604 71.438110818662565 81.890987667082328 91.000986869457222 88.668867806493267 87.275885132061688 86.118551689113374 18.923036076589177 20.685325076352136 72.392988010018911 68.0664208531105 69.086910691921275 71.989661714999286 87.629117869477284 73.011864211547916 68.00553715539391 70.661474213884802 65.0244644671874 79.970416659312534 69.257687546829885 69.697677411105971 72.715740280536991 71.660393751053363 63.129279285065614 52.912954302539639 69.997436569157003 69.917015786374208 69.838748587550512 72.297385750320373 67.711746378010346 69.069851065051012 69.05957188562391 66.901138365526293 64.596438313281354 71.47179359150654 70.783377531459251 67.914568782357193 91.725081179978844 92.077023614556438 66.043117451476533 65.866072115413573 64.538188211197181 70.725471909996372 65.833622074542873 67.051269868063159 92.791606673239542 91.745167730551501 66.498452435868998 70.481866222142287 87.720237406806788 93.204640653900796 94.15457775928823 89.778981968661299 93.907885558744056 91.021579395055085 81.147751099311137 81.653539740968498 81.440614021853293 81.582730120143466 83.373185999526768 82.260589734904812 81.845971921704461 110.03564273520364 81.98092242103219 82.339052075972504 82.658348882414558 82.412131162171733 84.191203856437014 83.393189737991676 85.072095402331357 83.150686132249888 80.554035643983724 81.817227732625398 82.718595929674279 83.303228281278976 84.328209679810811 85.192505928703198 86.213228135002296 86.333502190544522 79.647764534530225 82.298243791439688 82.971885286068712 83.296571513673101 84.380128682999924 85.225149540573454 87.083451394532389 87.521188028955081 81.478742307357578 82.315072880680944 81.018422147529094 83.79510338249699 85.717280549104672 86.809254915963706 87.197437357626825 87.799846971075624 71.221047241040125 67.11231485561278 80.24656567685858 84.90341485438752 85.274800099436064 86.066584192070323 87.900075755877026 86.998074913795747 69.211227876500331 81.265296397479176 73.274642898269377 81.933245650339302 84.137701248354915 85.749061625129841 88.025000064137458 86.458939340322345 68.375192315790912 66.904111707818558 71.993846936735238 79.871756262884588 83.497780856087061 85.691186774260572 85.07632610647974 84.28687883982613 65.11909039595028 68.70700764893472 72.285115245011056 71.359448320840784 83.106339387433053 84.608804542424309 82.989459191798886 141.6225371459748 53.52720185302443 54.374609116710914 67.799563698698719 71.347631407330738 70.022049845148274 81.049883397457549 84.737878721758349 120.5511338574194 34.273801740838373 25.75837985418659 59.213789008791892 67.594461044624978 74.19773043666801 70.790263250849662 83.544456186068018 141.48085828417544 27.410046143687239 26.625334613255145 26.269293371607002 54.54608738077593 74.035879449117019 69.232062433121072 40.341684632980211 19.131178046604415 27.084580600004511 26.470565718312436 25.232684053735351 23.878473576919795 22.516962987036166 69.630966070674319 17.400173612316589 19.69919412859451 27.895267002588746 25.572116343273059 24.446541227583143 23.788359773641513 21.3159303118133 20.596351657234546 20.595079972775086 18.703339368713451 2.3578226500359318 24.807731974694782 23.077988167113674 22.930937372929215 23.983095546349123 22.974730820154427 23.21321002413368 21.991536814122782 2.607228092651757 12.176471122130756 35.552793811504934 22.113839749391261 28.642221337334799 19.955738285404323 19.724310546850074 21.703195893461004 34.40100232256205 33.938893681215305 29.91056694460589 29.43286200716372 34.090559725230143 30.276166723212981 16.421854123111782 53.888129217351995 32.917917346170043 33.462547387498908 31.781679377514671 30.661549213065452 33.712073625860796 31.56086376411897 65.390609737243437 66.849261616390024 36.332685781182093 34.582168220658275 35.255908290896492 32.627251087850198 35.243280339369178 34.824644134360433 65.642475443797522 64.896221343520267 35.36368957059419 36.258920030038766 35.960185041509028 36.124112880281501 36.258705837337104 36.377253293348076 68.905538182267875 64.056508994332702 40.053835690533063 36.233907722531555 34.82711246612979 37.402654765137157 35.06556835966132 63.694717039546653 62.70064030593511 63.851229750412955 30.397491738269721 35.123342905848588 34.406527674890917 62.547523537439417 68.202432243470241 83.7810258581585 72.516646074111463 88.804383772663513 48.743563339652361 37.332272288749557 37.182615867476819 82.801827890711749 84.206891037480972 78.903799548781762 87.252161866888301 88.199997783995499 47.517669984481948 36.190637399850672 82.94843369654312 81.755135685783344 83.993705687655904 85.270256825443397 70.72011282597434 143.31419619171481 63.328273551937428 63.574646886245283 88.604701806235894 82.110279363094079 85.945967481011493 87.718946197545577 90.738954389231267 90.958805161363841 81.224347512124524 74.288295281680703 81.833739601879017 82.918368225570362 85.607143557494851 85.155468636637849 86.199366935680061 92.940865090064975 82.479000230246285 82.650805034924531 84.796690150371546 83.556611385681208 84.342276405683251 86.744451295947428 88.32531493661115 88.833038217790815 81.75360185799849 82.433173300526605 81.814055645616733 83.753434100531805 85.078632912643286 86.429689062582938 89.874076069369366 89.97672054648271 83.29124530304496 83.108117067587798 85.249431228863301 86.172647237461888 87.400386762439084 87.208704438189542 90.15168392701338 90.994948980536407 83.80290257635582 84.226583637668583 85.575442463663038 86.259161037455513 88.637068767539589 88.60536932353331 89.91932501353871 91.934584240370853 84.082460362412377 84.52264061090024 86.293201410818597 87.026508726613713 86.962551605116687 89.052852847065296 88.202507020427731 96.155560609169243 82.819312285467461 84.972074947444497 85.753232193126507 87.874951289667166 85.840326884476568 87.661568425365985 86.957896095915373 89.117978687146078


# name: v
# type: matrix
# rows: 2
# columns: 320
 1.3579693284185725 -1.5491047806532685 0.11114866492517059 -2.3617106020879088 -3.1266455863878191 -1.1420652799381739 -3.3452636858235016 -2.1848560259870178 -0.91188001414590691 -0.62397535907694635 -2.1242557998874658 -1.217729324322363 -0.74844348953162598 -0.1646504591255751 -1.4423031600123382 2.1888491058713013 0.072148567421528031 -3.4443035694727246 -3.3312599492557915 -0.40390614747820286 2.6911141733968176 1.8353130279311194 -1.5615529704166442 1.1507537491500257 -0.41389186823405627 0.18963793975630527 2.4817446755023571 1.1313036246855084 1.4799629064744313 0.040049073462943709 1.3705251733342649 1.3191575265603002 1.3423043736207358 0.29320254789811828 2.2498039602294764 0.24327313401627687 -0.26142951008550597 1.7345207299454948 -1.4433789838927344 0.72593927774011646 0.72042343937830056 1.2284011093700817 -0.70393865979260384 5.5217051323822846 -2.4100308192902928 1.0816823894023964 -0.30625598070008275 2.665312334211372 2.5003484405748022 -1.6167361219582019 0.8537773007605356 0.15094777333652482 2.0477578814084172 1.2303734593328168 0.27147853189109727 1.0710722142431051 1.0492064875335274 2.8781002925971619 -0.090254661799964719 2.613235368235153 -0.5028554380142195 -0.42759400502627776 3.7876753817374649 -0.34551487977435558 2.0832981852917776 -2.0607601749076117 -2.5847271338585678 -2.5555409142093808 -2.0029988335978364 -1.8768315339598114 -2.4240321508951959 -4.8083481724781443 -2.8147318861896111 -5.1251411952082195 -0.46158828054429263 -1.534005890452234 -2.260854844186436 -1.7966992382537246 -4.0386389117064487 -3.118042661937825 -1.8797622669072285 -1.8666192146643095 0.55506797930448304 -1.9995764393408288 -1.429172335460754 -1.5653867516093958 -1.1975716346405749 -0.80173253966929947 -0.39257865274681297 -1.1158242642703962 -1.9340322965770835 -0.21545476684209941 -0.083550945768409796 -0.81385849223451201 -1.9591281375017744 -0.78362541790156237 -2.7382752685555016 0.75008502449192127 -0.90953221163563946 -0.33141789415308626 0.26927884532746926 -0.94558756605973693 -0.79963195011016019 -0.62494856711896962 2.9581279839186037 -2.4467338963641443 -1.0167766575382158 -0.51200155373026879 -1.2907611804625911 -1.4693485807668507 -2.3757965255734419 -2.9838766502217782 -0.78208823312699161 -1.5495479369563756 -2.3498545250469931 -0.6510951235140966 -0.097154704740930908 0.33704387021302795 -1.0854919778539329 -1.3255189787053201 -1.866795932473323 -2.1203780865849939 -0.3174074191204807 0.76623316570937106 -0.72323803791210584 -2.4314722158315782 -3.963973115600139 -0.24980234202574186 0.63942593884555221 -5.1658677580855858 -1.5799879489464854 -0.85772043429769163 -2.0164936650647269 -3.3999930469552333 -0.88355993932046484 -2.5886892228101814 0.31499064717885039 -1.8539908026958161 -0.19957324745872512 -0.76640005680284506 0.012906284903637839 -2.2575010570797005 -0.56999773687559985 -3.1420302346738094 2.0503194377782759 0.6586990482070062 -3.3052369035009281 -2.6045082188768882 -3.2721424496373768 -1.2271068344054412 -1.1653458799545691 -2.7699679856955437 0.37381769093955836 -1.2158001317619913 1.8872032515388979 -2.9399118250145513 -2.9358180526504749 -1.7317804885070083 -0.91553894821569615 0.17885756234484512 0.084666557145388038 -0.25905588897245607 -1.1052702580086879 -2.0345003356218907 -2.9283326275023485 -1.3830197707702097 -2.8629197476465738 -2.2869290525963555 0.10977970444768184 -2.056636023631583 -0.20731214171153972 -1.989527654719021 -1.9154048269861796 -1.0474568035873406 -3.0728347475101732 -2.2192513014680948 0.13017255925671295 1.0921317008188938 -0.24834472379282996 -0.12743528437773144 -1.4132062816907491 0.21565065240048537 0.47142025115012942 -0.71884243101080925 -0.86162561124194814 1.9063454546835059 -1.469426764351738 -1.2029383791348685 2.1220193346054561 -1.1898226367245681 -4.3852704188146827 -3.041863010861277 1.2873051909477171 0.98615625296148501 1.7322513870720744 -1.2795238074255224 -0.00012118734320483437 -0.024255380805283638 0.9259881844467065 -1.2272023584729641 1.04610602886127 1.6695899996256438 2.3200729535124753 2.2919782370433039 0.1705757716041631 2.9156704357290617 -0.60101086345933885 2.2084650853890575 -1.965471890054624 0.7307679473564086 3.1633030544305782 -2.0949813880745682 1.809971002416362 -0.13237088271667119 1.3687708325189949 -0.24826379850162239 -1.0310754379844382 -0.82960159004444278 2.7175230602011711 1.8894041305664624 1.7528974963055659 0.52570749358971069 3.630305787458461 0.1083080377578672 -0.92266956557525615 0.18657724547410437 -1.2799872535182624 -0.67071197931570414 -0.93460842832713309 3.8225675357153679 1.1849921260345333 -1.7515347984573364 2.2728166734052841 1.8143196235456687 -0.49204519559161225 0.61463451534915137 1.6460669807940129 2.3352250264475489 3.8948242114892588 1.8496105901845965 0.48438311413469087 -0.28983579713864038 -0.36529649262431135 0.97682564768774038 0.67665082297030343 0.79445250808365253 2.2390000848444829 1.4107033737435599 0.51304521785781509 -2.9411328827599328 -0.49087431164157241 0.70197035771187688 0.31192348464534936 2.8169263236309825 1.9921095361072003 -1.1396072695747648 0.74820416540687307 2.6498216440992475 -2.100086601167332 2.7448204524322617 3.2817956048499446 0.95659138798284449 1.8281015554357121 0.4931929838276175 1.8370004902337715 0.88167391345715806 2.2221887364028836 0.32608444488471205 2.5867264284683467 1.0908432200671891 3.2133468186757423 0.26118761934760021 0.0069594652393086334 1.5329319544070781 1.657853587807933 0.43863340777765508 2.0234732729404934 1.5718103116218147 2.9868658433295501 3.2663728493319346 1.8027192084832542 3.1407766222514 2.4594495940166516 2.3883600789331436 0.38176320899409288 1.5159179641431684 1.200626049542366 1.8220426729104346 1.1269665711859733 3.1140306227497043 2.2808175258208752 2.085907730075431 2.1050688301594049 2.0044000989778943 2.4524680434581443 1.7762732606607885 2.1732878879242108 2.5463491546859336 2.8749885278170479 0.083848644647437784 4.2360401732400561 -1.3849665155015096 -0.18730855609141239 -0.040781933835338263 -0.91783164868192468 0.622101363468617 4.9108615885175624 1.6114456947470288 -0.64355675357019526 2.9430921255806979 0.58685562935593183 1.0795806053282941 2.082873575665523 1.8506013244144499 1.1701935305913571 0.49771717023003675 3.0409633000579119 1.4954284200054562 0.16610041402485171 4.0035612829862837
 -6.3445512990119379 -1.117490105380994 -0.59267727896895239 3.1959294126884794 -1.3516568480140252 -2.2578959443800786 4.8314807238840256 0.29108599795669898 -4.6676390792327913 -4.5400459979297505 -0.7251842724272437 -2.7274319335805179 -0.76660781374080678 -1.6966089818039256 -0.64152617619849084 -0.78066454544794228 -5.3730830305904433 -7.0693984726893593 -1.5317474020155866 -1.4359932054279527 -0.015402344285539033 -3.3784155761542873 -0.99413125640381461 -2.6020263076912533 -2.1324351735790348 -1.9360448762617062 -3.6160984701038754 -1.3688265063269536 -5.340606867362923 -2.2837289537988497 -2.8310005328499597 -1.9978333008809193 -1.6744138971950573 -2.3606455649570455 0.30681134916984304 -3.8529689749269083 -2.2241831950591 -0.75928141239541325 -3.6110770769420464 -2.6013727459005618 -1.7337170561918405 -4.0721777952967821 -2.3003884733618665 -0.38636388138659028 -5.9575813213618476 0.74660805278369746 -0.34873831651491399 0.81800439233436206 -2.89497764389519 -5.4472664798824146 -2.5152344623220038 -4.5227093682007249 -3.8892894561082505 -1.0275874618573801 0.022079662652858031 -1.0604325324132888 0.083441399363550675 -2.7617119955361624 -0.31708422145595183 -1.9093176785246908 0.26517003921356352 -2.2976389982707941 -2.7341797161883132 -0.63303360037100576 -2.5269256096217032 -0.95559462616963831 -2.1448614532016816 -0.70265671128496998 -0.55489559431486135 2.2056299100941845 1.1099784272864557 1.2975106343904557 0.27437015432437628 -0.40473306074207255 -2.0993434887045894 -1.2384995344719303 -2.2470099774368779 0.17947631147572518 0.70835148188635699 -0.41823665553659439 -0.021610488225312731 -0.1734365082816996 -1.0371949263335001 -0.26362902946959971 -2.2930387752584589 -0.18151347333578016 -1.0772929442293555 0.82593772630987239 -2.0431391327382471 -4.191279733463996 -1.3329844638884514 -2.0333778352674101 1.1258586602026175 0.52468774557583475 -0.6537767317827532 -0.75161107870333532 3.0066066055794951 -1.3146141662035102 -1.9620768706591307 0.40753091506813632 0.22323072750840317 -2.2664191254050636 -3.4041760240822412 -2.7469302063565042 -0.78667065901392863 1.5122913127156334 -0.27715169844377768 -0.99560022326672448 -2.1703660483362928 -2.8642588950487573 -2.6391017379776698 -0.87964233769748568 -2.3193630377087087 -3.0827363673245314 -2.0737187374523178 1.6215100015243091 0.47852215120939229 -2.9028438465308097 1.5059050630973474 2.3731346145106107 -4.0110201336527842 -0.82598459855846051 -1.354690806331148 -0.90467387096637897 -2.108305150167999 -1.627155162669641 0.19783904340476149 0.17512297262285612 -1.4985947257817349 -3.3983699277408199 -0.55925307298854632 -3.0163811508011382 0.17080661712265938 -0.57138522221872901 0.74230774113140197 3.5878926456747897 -2.9461810085134088 -1.8476231806768675 1.0022935609943531 -1.5688608401807036 -2.2883274018307502 0.50929026393853327 -0.91736727529887807 1.5120815234880927 -3.5162276711970275 -5.2003688023761798 -1.9440862629784657 -0.79847898741986101 -1.006413475076148 -0.61741891703916507 -0.7100208375214192 4.0914541253143879 -7.1851318043138352 -5.3318185373634845 -4.6556877205085918 -3.6167633432601689 -1.8861244940579678 -2.4764651906012531 -4.8047683630626112 -4.5737730888799151 -7.6440432347194021 -8.2322219565317187 -6.1577772244010731 -6.4143951650177868 -6.7306983108152014 -3.6054836650667075 -5.4819178127336565 -5.2050838651256006 -4.5968974905011564 -6.5580040883714021 -7.9944532447917727 -4.6298523923851782 -5.2407962295992885 -8.3442324285866363 -3.7419533394028326 -8.7142417460834967 7.8245900589374502 -4.5524886749945885 -5.2702813639600796 -5.9813973871794808 -1.2505511885926663 -4.9335348393554854 -3.5130842940994049 -4.2852660950035242 6.8949420967647335 -5.9957003488919911 -3.1272857860009458 -5.4346085264535056 -4.8946108224133003 -4.5138044892337881 -3.8856925801672153 -6.720953423264195 -4.9017758259700663 -3.2646222662864375 -4.7720508114510993 -2.2774196614177797 -3.2269582560759988 -4.9500836811765261 -6.5093544091306157 -4.3455999267889487 -4.2032846156761838 -5.0947347704546839 -2.779490252335965 -2.2594027656143241 -3.7742066314938079 -5.0493922324146698 -1.3191909786418197 -1.4866068817109903 -6.387019600178129 -4.6815756906516928 -4.0020519088421516 -5.7996909893785755 -5.610483048607203 -4.3299918226312597 -3.0136704071693381 -0.59885456387548985 -4.8686790678742833 -3.7094953803367012 -3.4390285688045261 -8.0857931057012493 -4.4768516813080605 -4.6939726880904011 -1.9929077596373515 -1.7305318289832325 -2.5976670930922872 -4.5727666606711397 -3.3623299451069175 -7.0597587811530484 -5.5147169148783322 -2.1055136451083647 -1.1847837962712799 -2.7278883734097641 -4.9553758204151475 -4.8009492797098359 -3.630893640235425 -2.5314078901019283 -2.2700720551771179 0.4322181972244501 -1.97182167008275 -0.19141373197505387 -2.8900310929148985 -5.2446923998787494 -3.5473366789251917 -1.1284926352521965 -0.680601541346743 -0.81940030315974965 0.46593415960900375 -2.9477626272109672 -3.8906641172464544 -5.9871344361333616 0.49457860975872131 1.844887038717518 -2.4612145866598385 0.30998044264157176 0.55248536682546623 4.0361142509800016 -0.95594983782690446 -2.7117460711145207 0.86357808203941411 1.1944519415220838 -1.7003200213758787 1.7872676693610863 -0.41196176984016064 -0.89189892377019231 -1.6646586799035847 -1.072369632113483 -2.1862192782455461 0.21102214873720199 -1.5119004053233385 -0.81091612741156216 1.2045470475669624 -0.065085543629814016 -1.8634179218348943 0.62228244621662598 -1.5276125775144398 0.012197573427077127 0.37184659082792648 0.61209534024673862 -0.70740307614519915 -0.70319329564155508 1.3474200523069466 2.2219916691998933 -0.82001352027511498 0.42970356425130973 2.6927957878698794 -0.19741399542389246 0.66146915104439763 -0.45458574608273294 0.80609164565827673 -0.91764961941283874 -0.69565887420349881 -3.2000971198714261 -0.36939206499764682 -1.7653359668844923 -1.022561918480374 -0.63591509607336072 -1.196336176846408 0.39781826448287982 -0.56438743102640465 -1.3203658341512869 0.48756624322989339 -2.4064557544681771 -0.51753671320083505 0.93408090891077489 0.76642401695458873 -0.78411814567792582 -0.12569091122398374 -0.74028176719061911 -0.918488509724249 0.23855098623886695 -0.41482015286646218 0.86129832952167451 0.71129595041761318 -2.1533073319667357 2.6028404105343332 -2.0184577226712279 -2.7446506192475231 -4.3236618181809208 -1.5842520605699637 -0.51734647123994093




