# Created by Octave 5.2.0, Fri Apr 02 16:08:12 2021 CEST <br1@br1>
# name: ptcls
# type: scalar struct
# ndims: 2
 1 1
# length: 2
# name: x
# type: matrix
# rows: 2
# columns: 320
 194.97223048793461 74.909839959971094 76.039851692006422 49.678275826590962 80.133445397668652 106.46478623929694 22.732953727219758 57.37337000627101 37.425628127609343 114.73902648646508 79.553338718739553 76.585840273771026 98.858119424253715 105.33829619982154 104.84402874461864 109.42717443679696 14.604711858372919 55.639011311190245 76.875300513801548 78.858947611857658 78.313103113787434 156.73031513020638 105.76723828940904 158.81420070193192 155.16847358264175 142.06794008053032 155.85997604145049 155.6472039262373 164.86167363948462 159.6905431284014 155.02154914317407 158.331880774794 156.57702289484675 150.44559262296139 161.89009313297441 156.60985885498565 158.01337151931696 160.9647884901089 160.34968816291962 157.62707442604568 160.05342233073193 161.89637222550076 154.77747964345767 165.38758986181716 157.07464832569514 170.40619493339412 177.9772142759119 177.45869468113443 159.04969240276418 154.71913816273735 145.77408646072723 159.85161241645744 161.31314239021822 158.38096892009864 179.11642576870463 181.84949388597732 159.45389126979623 165.66821138840103 181.95283786229959 184.39005719380611 178.59271319598895 180.24764233569582 179.7157634739763 178.37001100076532 66.007402406773579 66.949783703504139 67.186795899469985 36.42850951349763 66.322354654130564 65.668574152633525 68.306272652019587 30.720170604123958 67.594557904849324 68.101641311401082 67.374920200290617 66.668964837353244 68.915341125129629 66.161432762064862 67.059864409866634 67.286549359961541 76.041945805635891 73.44094306160892 69.011924756592876 68.16647237573423 68.314643296660535 66.804022499155394 69.983002059258638 67.784527401352591 76.95180576581329 74.214128668026589 73.058139490474872 68.679355215272466 69.708803141944159 69.229115532681334 69.667012273189229 70.4096088797927 105.06685091857098 44.411313214402682 74.787924330524419 69.536694730677084 70.354805761696497 68.514555911957856 71.126891718093219 67.259818808090699 77.532606409503771 79.937610466414284 76.730692755321726 71.267557193705386 71.507544568338659 71.87703452205605 70.840954710484681 73.306054803653325 77.396191002942146 87.226171291750092 78.417183817287849 75.184823886062489 70.597338188975399 74.447656956098328 91.723083184473126 71.59796040584456 57.744068989350154 81.121447821624997 75.818976637587411 77.034121614120068 73.923839206644942 72.396395818701322 72.818583282215101 74.113435159408454 116.43363095427803 76.218062771371237 76.612695137047837 79.487545515950018 74.718267473710725 72.696120662334252 75.556455974571591 39.569801335926833 71.814328558057596 72.899351221912909 80.851130375809163 97.315314547223636 78.563948504088145 76.105617788468933 73.58491480976538 28.231573153292544 120.63605283852833 124.5372077493863 34.095431497763769 79.792313200531055 77.663848465490304 78.994685756662037 75.692743015153354 38.562371371415168 242.11193655495475 129.29173728371237 150.61179704630354 72.394109021649527 77.104441879239189 80.559141989479627 107.12588783721841 16.879513067053395 129.52182744720864 116.270766091762 94.883087690470759 93.651823826448975 58.233029946375368 82.370954490434983 35.952812954532277 58.502316626149863 124.13072343265442 127.80686559243814 118.50080109968145 60.426857897925146 15.874239259931217 16.920031680765312 87.768711835950086 58.93333377977924 119.4537785587335 101.66974130311273 88.987164550053848 60.321234000272995 93.819466601881388 127.46296948436677 124.27122661044712 82.887196179039861 91.771117255354312 178.63790628423993 146.86342390132521 59.346270438047178 170.14151129178342 36.164821075093293 37.012890375018223 59.886805925956814 147.94609401706717 149.97354224507421 189.46628841485 180.82298422806613 180.3714546059098 158.71891245632304 127.09316393093205 125.68136455864206 137.65317349258655 138.09896353608295 155.0904612538767 179.63169285160927 169.51690266696298 156.2560021209695 156.31393807382511 158.10183033686047 119.61233522845647 131.93858220286248 160.6581579644122 168.49154561258538 160.82081771697233 114.92369476785858 155.7705912825754 158.59572181418622 167.80304228388206 114.17095718531209 161.6192889402717 121.90325989960951 121.53898510024764 129.2414933137099 159.19503886834403 155.1255736089914 115.28097371803204 119.11536862849357 162.23229643413859 116.13343958952437 238.64762955301381 157.48064361895828 160.90329899965039 157.28983772634643 193.08801031551232 111.6206458238798 162.75565699989724 156.37530284717613 160.63243941661216 174.70217910634852 172.10889495137855 179.40377505847533 148.15026659347822 83.51377833824543 128.94149941665862 176.29149379114716 175.39231733155401 159.5256456290829 177.12572997739193 178.86654360108531 147.77608414893609 120.26325982314248 175.04188915801956 177.60486380577842 176.9717812703 175.52595435389938 156.4503609550664 103.77267974476936 202.54382030864005 189.30158774913517 102.83125210078714 186.1562543288473 177.74967439731816 176.75863521534566 179.43691559963662 181.77974174480596 167.44820442501322 169.14407000235258 155.53059514419522 179.46365307016123 180.3240398198424 175.71546263423437 176.08577696071694 179.36692079244563 176.58259942005461 182.37035703882421 181.53362315924068 177.09371849872943 178.31458440446389 178.74691710017163 180.94140849366971 175.67527404441859 178.08199041144152 186.62211454087756 187.49231157713228 184.05034197697356 182.85318801468151 183.10473893153386 180.72173596697857 180.58395446860115 184.75028239779448 184.1207673543521 183.22177546960185 182.21655046612258 180.45042094480092 180.02951052086328 182.76649301677571 184.5682416163454 185.23403237079367 184.28233500587891 182.24516026482485 181.1392701407035 181.67029392462294 180.73683846826219 183.86671662338884 182.77886010835712 187.75811738380042 185.33983262873988 183.26844584553413 183.48723554861166 186.33081064829017 183.71495007733367 182.20857958444748 172.70537456751998 185.51636337264495 185.41104375964127 184.3761521156249 182.20466591649981 186.35593682480629 184.71223946230916 183.66294552723886 187.42663762456613
 82.477604349737518 56.962081019039985 69.602989937290602 190.29290511208515 46.191561132422926 64.679471415847274 185.79210309878491 107.18586728793987 8.9864673512150048 22.081580125681622 47.52943448312557 71.49506921315681 77.268391337583296 65.085848277794014 64.166370233191543 78.146194236462975 36.693279855186617 14.115455172872586 45.13706515356936 44.33628653106453 47.334374043361251 30.485189564622377 63.691190610186503 30.848900289164082 27.549968304955279 43.349966313691588 29.770625892226594 56.76880737706059 38.650980770909513 31.73911578360406 34.998411624507348 31.936027267536478 24.202808897890069 34.419782377276569 25.190056280523407 31.517777690685431 30.046518168910271 32.616728263746296 28.14723506761738 31.007374325092972 29.372005649087448 26.402821573529565 26.388761190976378 29.056537209471497 29.464951283141364 19.969147601072486 81.523773805765828 82.48481891246405 29.676476988140205 29.899092898862389 34.550148961026252 30.511549956375053 27.584342941838514 27.707510077938888 81.5522328981762 83.275283053312762 27.408643391172262 62.95681114599018 75.87889193263014 84.230862117676878 82.627218105462347 81.580610034050977 82.594207161583782 80.457469185483021 71.206227693278478 66.943723441520319 75.887303632412483 69.672698863846549 73.495768883571188 72.214448169379665 73.684399640992723 132.02844798811694 68.371000708570421 67.185829100369531 69.74422681989077 68.947294539366524 71.354484962988082 70.146931797070977 70.81691706606486 74.060284965656237 67.251618201969777 67.503381711930842 66.413202084051349 70.475553379978763 69.300282576449732 71.94338698211368 71.197849651924827 71.551217369876909 69.03675907601297 68.300854782615588 68.654340193389558 68.192713159605333 68.791878803385387 69.923121577677421 72.249051403610665 73.264670519425295 62.788379994458992 111.40776502722618 67.307231443599207 67.394833960485258 70.211556089403217 72.599733190122578 71.154960328904679 72.963614219503569 44.239990842604335 35.369124151005302 70.364906658653865 69.028978481745114 70.036152174130763 71.882443437110638 72.151367505423366 71.538830632117055 48.252154695829525 68.682881188632791 45.342117102305181 68.88519471391507 67.924327037251601 71.339254152375446 112.6279759911743 73.094863249624083 59.208331616165403 46.11808754323426 45.504617371256543 67.62887738159138 69.329764670147966 70.843262504847488 72.455500903363017 72.487823646276766 51.846424311986119 44.019582370968223 46.270158885760161 45.303714141776254 70.238528480960838 69.695941717636614 71.851488326506484 194.02964855356521 6.4142845834567179 6.1359654846334672 35.911059722545723 47.895987486053144 48.406033581784698 68.367408925734409 70.460699910710687 146.18091568053103 35.06659335709022 41.248798363651751 26.261526851315029 36.482326348898169 46.287752798152432 46.343764282157359 70.79250385875693 193.31367947776477 56.790992793714196 49.199814507651645 74.468872767794153 7.3385286073858991 43.085409489745373 45.044285075675759 56.744458624870738 37.355600641191764 8.2733199353487858 24.918065674732969 12.027790894257073 46.21472697892861 5.7172443564507516 54.64841789292182 7.7096080999520389 4.6421998135365499 51.920215120494859 37.7926049805912 40.146425309560883 14.692743182486781 36.48528238880715 36.005970372318252 40.898050006622626 3.2706501199483453 38.542279544015564 29.386432140424787 13.614999062788081 5.0430397540845178 10.900422143738075 11.525437197054361 1.7287132527981315 34.418624069788144 77.930680511191454 75.634901722808394 13.226978692984886 5.4207483995141654 3.5959284407813663 8.7617804629895115 7.8793209966580458 3.9823174517309567 13.032948941434272 25.499804682447756 25.172897507540537 10.833014705025938 9.6254149972189342 20.174641444301113 12.572335604734212 90.492966354727415 16.122516674548411 17.167365177045582 24.994641010743585 10.373131071603288 2.6887240467879181 23.190400929842252 27.492739590357402 28.85618994245047 13.29120032878769 11.017412063191109 15.722446198366644 9.9566256058953559 5.8971272916321986 4.3028277011856328 25.860246045116618 26.713717530865946 9.0113755142074901 3.5276027969894206 6.7899668173615479 34.224439260392778 12.022845855613472 37.402497287351487 28.61514867009782 28.922608430187392 5.5103379531748349 12.378276834397532 5.7365897243682173 4.833728147295326 24.436502370817678 26.362562558865619 25.693101999964014 28.083866934059774 53.596128417770664 11.002948025586043 6.9347544755295498 28.663516073586905 26.667130835487423 77.790006007218409 8.7634449247933262 78.642136201299962 8.8987289788827546 53.434404985905829 26.673088186091675 79.432840920873247 80.105965155959581 65.014964410211661 80.537474238846755 79.514881735473267 9.8807718445062189 12.337712688702617 81.339185780303779 79.547642499377304 78.624867833565673 78.533422596581246 32.709334632936482 188.27366725413458 58.416847254808658 23.933614879502016 103.24235029678728 75.199163597543347 77.678268332346775 81.647620218471431 80.499789479935941 82.213279527142078 79.85185913479836 55.996572944996089 59.413057332509702 76.637159349348181 75.854303811540589 82.259476176147345 75.914586502342203 83.752944715590814 77.624231705359549 74.278958623967497 74.928431997146831 76.361964258314245 76.776119099112321 77.801677935680445 76.759877865312603 77.132001692944002 78.633055036195145 78.567073404110531 75.023918502162957 75.566963274782779 75.188256567848583 76.3509537045407 83.62857417146725 80.078162009782901 74.114877568429591 76.609779208006231 77.56256057821308 76.935688718563057 78.805574517908838 77.625045855335401 81.476188777874839 80.251859185261566 75.900749473806414 78.065927686954268 78.016147148446592 78.055684782137192 81.134838757946568 82.524581981771462 82.945253711095418 82.627550452445917 78.755742429140412 76.964646020955541 78.630833940070744 79.731010191308272 77.416641675937598 81.921489778949933 80.237354053162093 110.75456729457125 79.344205674062707 78.133334482948527 79.152849850466296 79.090415344537348 76.21980129431023 81.376379340479545 80.877684048920884 77.703623097299925


# name: v
# type: matrix
# rows: 2
# columns: 320
 4.0452272840958052 -1.5491047806532685 -0.44182236726057983 -2.3617106020879088 0.10585135131048634 -0.17395859131811389 -6.2106094508590788 -2.1848560259870178 -4.8490872042402264 -0.60100659307165627 -2.2598017495365896 -1.4263869788051227 -0.74118715823311598 -0.25056510111021024 0.57836399651538306 0.0054553980679680576 -6.294003746948686 -4.4819068742017949 -1.4442529941089102 -0.90563867837984913 -3.3045426677408938 2.0549713340147462 -1.4668925576074989 2.3017769484498514 2.7684273316553907 0.35029495785484888 1.7669792878929891 1.1313036246855084 1.7875350110661496 0.31626364637002224 3.0128946453212055 3.1780256864069152 0.26540668025074976 5.2435936435317503 -0.9184289358218648 2.6573099541210623 -0.69000838285720634 -0.83634979061193959 0.63998379355015489 1.51089863842706 2.0842972565250144 2.7344136974126778 -0.63961778150734694 2.3250116500154943 2.8292359040797948 1.6961192366017308 1.5633953284154221 2.9143996764856652 2.8336801112599597 -0.029228348408655555 0.56229828007824556 1.0760137592802683 0.90166032440813038 -1.2119110725729902 1.0376392326334742 0.91447491594406038 1.1559936846604146 1.3293554749027776 1.1270851132023925 2.4360568525674711 2.7234068978273087 -0.69162607971844858 -1.3239199938592598 2.3348700067876726 -2.1031790554170855 -2.3781586343159944 1.1118786510350231 -2.5555409142093808 -1.2589417867734116 -3.0648142300504464 -1.8893509216906841 4.8083481724781443 0.017564168601021481 -1.5250146484723943 -2.0095463107525799 -0.99778456383865466 -1.6287806394060831 -1.4289729921863974 -2.2479134917144603 -2.1655581140981468 0.21373240779959726 -3.7651084172634866 -1.1350518226360831 -1.0988504302781932 -3.0586506109567742 -2.0152568638553161 -1.1191028006062567 -0.69999556858781586 -2.0606615670195088 -2.4748577324160146 -2.0381780364256512 0.17158472361822708 0.26158505839612439 -1.243907481716666 -1.1548972448186137 0.70961036769215513 0.17128120923153575 -6.2008401770682422 -1.5426193374551731 -2.8094236824412633 -0.95620163623312715 -4.0904910039733151 -1.7198488858145784 -1.6273499502614481 -3.5406831424632914 -1.6974257041952101 1.1352888738502218 -1.3182740995520503 -1.4823665609893475 -0.23941303960180055 0.77505202874886281 -1.6343586787015889 -2.308374941915917 0.83635664410673316 -0.3501460927538782 -0.22824402572341601 -3.7249660466560224 -1.9014048566991701 -0.98235940944024569 -0.081359924356029664 -4.708855312620055 -2.4270270262240166 -1.6018356118576054 -2.0330556115035798 -1.5363799874401984 -0.60544613612260523 -3.4385849818014731 -2.6874296284222856 -0.91901916719394472 -1.881230296341182 -0.42176233735391183 0.15364362352902688 -0.78106251434077245 -2.7853621536065294 -1.7682299716840675 -0.91250151210195607 -0.4708367127396032 -0.61186263049149581 -2.7186259462383227 -0.26415823193366156 -1.3171361055838531 -4.2620407641137481 0.076037659261757304 -3.1420302346738094 -1.0696309402892203 0.71109349501497576 -3.3052369035009281 0.85559976175254771 -3.1978147287220531 -0.29082075812980601 -0.61442608422076117 -1.5808099313681816 10.35078207216706 0.19756493752138243 2.9794398013476497 -3.3962126373004184 -0.46871916793858504 -1.2720743225233002 0.28907770316144898 -3.6057687188248666 0.10066483072956053 -0.77894882957280687 -4.2814466799760185 -3.3913228914080427 -1.1422002113923757 1.1078347636596728 -4.6003172529926513 -4.4904409486242622 2.0348274944037255 1.1236213521278604 0.59844572586679112 -3.7883259683974826 -8.3921023865757221 -7.3172476421207771 -1.1946868770402617 -4.9824689569798979 -1.8239417592615346 -0.86365086495798538 -2.0628606792712292 -3.9459361590652775 -0.37465675569921386 1.4223698946313355 0.99616988720600141 -2.2070062866156208 0.5599963309348468 4.8437377752308182 1.7878587011659355 -2.0559115141708428 2.3787571997884678 -3.14674903087684 -7.6748653505002133 -4.1372973468458403 1.8223655131043155 1.4096056935038199 3.4022256985905499 2.726622610762631 3.4417255585300959 2.0498604029075538 2.1722040448634026 -0.3069193709385597 1.396835247450531 -0.61670437482154983 0.34294665538727054 6.874938455903556 3.2825686395228333 2.3349907453247298 -0.18018583090073062 2.2676187595871604 -1.2151420343907036 1.8380764798563258 1.6670029544563978 4.0087764475405168 2.3682113861490617 -2.9265565828346625 -0.62304455809005777 2.7644965345900889 3.1184265002917488 -2.2448234605709354 1.2510684078922789 -1.1228521261770681 -1.2741683232507441 2.4622448134498502 -0.18982820127685748 0.71228586756910672 1.4381202636210402 -3.0349831013705777 3.267716311599747 -3.1727595168540201 9.7918552122602343 -0.35945055260517206 1.6511282207728608 2.1233871827224857 2.2728166734052841 -3.090973361697769 3.2606995133455161 -1.0188082160461249 1.0361955906787303 3.3992890559545788 1.6181343393369052 0.56933957226787357 -0.038632859801697395 -3.9655244677513526 -0.018388054878221378 1.5069735154728676 1.2579321812769371 0.79445250808365253 1.8784446119309348 -0.6253124041283814 1.1501275703154645 -2.5310680671242203 1.5492287205108712 1.8683682801173094 2.2992539079274428 0.13342034342170628 0.80119805853259218 -1.1396072695747648 5.8342632862706818 3.1066449202604125 -2.100086601167332 0.91344659839050424 0.19650175321526425 3.4915741050099127 1.7358119183335281 0.29089932754136105 0.48846253060245814 2.830174483264996 -4.7856375728717264 2.5069413951049659 -0.41890033081786304 2.5046044202822269 1.4078435684128243 1.0322044270085031 0.92613056758348455 2.7727984986295424 2.5857916883709233 1.4676336554373137 -0.20159477737302733 -0.030514620202523102 1.298872081095704 5.1353154881546956 0.82614542208502761 2.7707894231787966 2.3894978648207528 -0.14638583929536797 1.9020756838618675 0.91417307784845747 -0.2436525250297118 4.6301440653369967 -0.36707847839419594 2.2737336804636472 3.4833224291321447 2.6336611247622397 3.4475031512851171 2.4289335629965625 1.4901107804735274 1.5555917366196692 2.2269784949267191 2.4950646733754342 0.31646725806594406 1.4716034895705781 2.8950285140431085 -1.1199860042627492 1.6124460485788468 -0.0098786087844044482 0.11507333556937205 2.0847577245205882 4.1973773410852884 0.15243332230457343 1.7641471888640214 2.0134395493373418 2.940758001448657 1.0795806053282941 1.8117508177104489 4.3645050096678535 0.045380347561504802 -0.46500253674394237 0.16204665799923537 1.2441831608693059 1.8295272529747419 0.86951637350240762
 5.6746610425660311 -1.117490105380994 -0.72800673998559828 3.1959294126884794 -0.98069317750523122 1.0702527097324781 -4.6342608888700507 0.29108599795669898 -0.013869048055040498 2.2802740130875314 -3.1698159239668255 1.0951155616375781 -0.81039780598378297 -1.6974507268941104 -2.1359687244567862 -0.11200043242230964 2.1873054073417122 1.0634697339613519 -1.1606966143862878 0.64837236448633007 -1.8949011427818769 -0.89560859409296323 -2.0346644137804759 -3.5645694341257546 -3.4412504767143179 -0.88210704781953475 -0.79295303674223516 -1.3688265063269536 -1.0139704414147523 -5.0531449263705195 -2.6884861982767987 -3.8783194264759628 -3.4538125374208963 1.6694031693815439 -2.4438917829276448 0.29473118904679196 -2.8333583668954376 -0.6879780290067754 -0.21633538073900793 -1.6807882506436407 -1.667823686410896 -3.0460581752376679 -4.7069241952573009 -0.94090265118586447 -1.630073239741912 -3.0630822844400307 -0.40894910640279303 -1.1765580039626338 -2.7630069758894193 -1.0294651577585343 -1.511915700213561 -3.6848941600085108 -3.7396397871218459 -1.5419091467894761 0.028193618424688635 1.2509869837657854 -3.1448507383999966 2.6559446616187063 1.8056261357825907 0.33708548600543614 0.27396177526234256 0.027755466151250741 0.64063812403397158 0.49315808493327751 -2.0892826925768038 -0.073271362613902255 0.12484250256205406 -0.70265671128496998 -0.49579637718399389 -1.2489961502922782 -0.13938045188228634 1.2975106343904557 -0.30108783144275203 0.039080651959190658 -0.61691950187827249 -3.1998184999697319 -1.302993130435139 0.90771366294261868 -0.11123836497164796 -1.48058777842621 -2.8409844830188713 -0.076759021080034906 -1.9168293230389182 -0.033334034582887001 -0.92690214636247348 -2.9374267279634187 -0.78511770558803418 -3.2722046690000868 -2.3913065035038303 0.67340227223578064 -1.4232031803110281 -1.6894538909158821 -0.97997810746753122 0.18351136997028908 -0.048064527275312019 -0.71462085884764981 -2.1324383268858735 4.8970965420429486 0.50052972402954465 -0.00057570463093153251 -0.44323932459706838 -1.2701863673839757 -2.6780810526024785 -1.2384835123159714 -2.1244366664220178 -2.3653135478619998 -1.9670005877923691 -3.4474399814781735 -0.059509940665743916 0.0060486071904716984 1.3439783103019263 -0.25700527723981403 -1.5959272059719063 -1.2511771984691764 -0.49856073828200631 -0.4686193093440037 -1.5121298637716194 -1.7279604276194185 1.4511542305423721 3.1882589532706702 0.79862800313806859 -0.63534175796538839 -3.7178888088665993 0.23014071667440272 0.13479348412500897 -3.8631728808293806 -2.3053620058937812 0.26072882236237971 3.8620357615178804 -1.7570907982641135 -0.77071005548535099 -1.4391529358829203 1.7863253185275747 -1.5305646483693252 -0.036853386025679252 -1.9690750984454872 -4.1094603429508663 -2.3848680945179175 -0.48914541692076696 -1.2143987563600565 -1.0540522549081395 0.9568155798645156 0.33254096882586753 1.5120815234880927 2.7075200428147963 3.2193689319130208 -1.9440862629784657 -2.5066370315038853 -2.83467650364905 -1.9094999089070659 -2.4062936425924653 -1.3761100315955528 4.0790060925250726 4.8120311240586187 5.6950017758415452 -1.9162390949816732 -2.7654412355686127 -1.61749850936698 3.8793708077086242 2.7332274253294249 -2.0598211464969953 2.3527586518369832 2.1309100162748438 3.5401989572604635 -0.054827003478343281 0.19368832367371902 1.6304212250467869 1.5393341311760582 4.1491065127601665 2.8139926736482495 4.6162846888918114 1.9668184924153542 3.7125511360196577 2.089116855498137 2.9453708658843212 0.39820522409536563 -1.6029884906221361 2.182676113160066 0.45209373950366916 -0.16540599730141484 2.130233863660139 -0.20142135206999345 0.27046533535377848 3.9997167321991984 0.16374669928492003 0.82458437484747227 -0.79373231282537104 -0.4131747531153 -0.29947597744673365 -0.014592260263117739 0.44840855161558679 0.83130944271702345 2.9798657553939707 2.5207145001160329 -4.5445157964575253 1.0468665614622206 1.5442732717423215 2.5554140728832921 -0.42207863505212218 4.1833626856438144 2.1809253807826652 0.7487621193662054 -3.6557262572570535 0.81226610231505914 0.81422633920246856 -2.9397651386845145 0.82006499360902663 -1.3082712310542441 0.65172827971793967 1.5731559894036646 2.0033045347491587 1.033941776137079 0.42953729291902915 -0.93224125506433297 0.37509336970464613 -1.7905433726872475 0.30619260442348939 -1.3555000387285521 0.12008794263534885 2.1089790262669168 3.2673081795720451 1.6003852661914659 -2.6490902401547713 -1.4431392155772023 0.1745908989911901 0.54929965422975557 0.10801649794268503 0.36209920894804554 1.9077300108608601 -4.9098909619123825 -1.3198589900179227 -1.7593551879395 4.9553758204151475 0.65405078510978476 1.4982395456930298 0.025789406347463482 0.50775294046944675 0.22771947106789903 -4.0377167529329059 -3.1832820003993505 4.1280491081539665 3.8107014387813556 3.3848254212749538 -1.5755826219044979 -1.4350704261670784 -0.81940030315974965 -0.36075899842618203 -0.42300371317968244 2.6703729698606997 1.5452019623425719 -0.42824108207558598 0.53320518727883148 0.44272607957408583 3.9393859044160924 -1.3589576804649977 -4.0361142509800016 3.6665063691707065 -2.21047012864627 0.86357808203941411 -2.5361827393490182 -0.68683382516209046 -0.50454522120374456 -0.2372468875625805 -0.66348915731196723 0.28908030533995194 -0.39629386386608167 0.13846436959092417 -1.4041076888991149 -2.0375737005267127 -0.47566556574964719 1.6544744967360208 -0.7335315669488256 0.057251922473686476 0.73542337342734454 -2.3174526036984959 -1.1918059361912199 1.125454750307149 -0.43542575274540629 -0.45084701837359359 -0.7400703351866994 -0.41310675211098979 0.85434899572921508 -2.6898121731490807 -0.46470889105703372 -0.08044013847489162 -2.390537812699391 0.37573919948822698 -0.86871567238275427 0.97092246509149216 -1.1644046957688738 0.43005128180280405 -1.6343923482192428 -0.12761427615943358 -0.57030254228659572 1.0140798656474015 -1.7439342138453893 -1.1281169988434214 -1.3505447208855335 -1.0560976952281467 -0.42131884851948698 0.40364550075720046 -1.9235869723745034 2.3870594447077322 0.41110951741252649 -1.2505821398513697 1.2380330283888021 -3.2399530145855917 0.025146226819267578 -1.1311955184909077 0.38206132433921375 -0.95351565220391021 0.86129832952167451 -0.78766378657628378 -1.8993543778358908 -2.309709194714038 -1.3077676180321944 3.3112535368497733 1.0599380519478179 -2.7252806380771499 -0.72212297594887964




