# Created by Octave 5.2.0, Fri Apr 02 16:06:27 2021 CEST <br1@br1>
# name: ptcls
# type: scalar struct
# ndims: 2
 1 1
# length: 2
# name: x
# type: matrix
# rows: 2
# columns: 320
 154.27305146115282 90.013611571342381 89.328816503450483 72.704954196947952 92.71619899778787 107.88681495902723 60.973566230202088 78.675716259652859 85.733435385046334 106.59075734723363 95.591243785818449 90.451918877199219 106.08469421701608 107.74495260022542 107.58773218487491 109.27156451255814 78.799882905441876 98.839397460208005 92.724443924283705 93.322621403110034 93.81589279896852 147.95631136436614 106.81170343488493 150.04095107981334 144.14672732019599 126.62610309772288 146.22796217259761 144.61699358554785 152.45441113140888 151.52834454669491 141.26431856384735 151.09501171522041 143.80625176265431 121.21282179160576 150.1188958589598 146.97227160731674 147.86839753550404 151.21713484775398 151.0104638901993 150.9167315797167 148.87543021495927 150.51960797096112 143.849137338991 150.48449405411648 145.61725423229566 153.86903237653306 163.97035612615304 163.25119136726013 147.53416529905877 145.31187767582387 140.2916782299597 148.87310111795787 150.42063205925157 146.95349466298222 163.36230048315795 164.44312607335706 148.88839557274068 158.52421555558689 165.52056192209065 163.77165636814524 162.08473948426627 162.7912069380441 165.05718331944686 162.93010808033722 78.982323298867499 79.866180393186426 79.479722016850204 61.345033427045536 80.411935939543696 78.708267622787915 78.060971446226574 16.161224077537607 81.769395230212581 81.025351488971779 80.976644942993076 80.397953112072031 82.679912154387466 81.401468117910753 81.531958299486973 77.820354921481425 88.509071722651228 86.417179039882683 85.241583913070585 82.096108059868186 82.760397204760139 82.543740321653274 83.773903735123568 81.903363240891338 88.51821081870213 87.230099199487583 85.765759426395832 83.558268802119215 84.014813588623809 83.241988477162124 83.6651464852591 83.225133189578955 108.68468468760177 91.339507999184178 87.538721053017326 84.621393133820121 84.382781797764309 84.211978905398055 84.822316360968031 86.717973606661843 91.123526101649176 92.072662285823668 90.841922716513238 85.094196133971906 85.77824735386308 85.734784886400377 84.649416988300089 87.846764096600509 89.500760162946065 91.526125726755694 93.813607152927972 88.528240208118376 86.246961960940638 89.058538159937314 101.30108742651251 85.738858683676938 90.102084734493943 92.109710886448369 93.313727665025723 89.535861062512765 87.467961819524575 86.722714643834834 88.421749653871558 90.030540086939837 113.69086814776014 92.084231888607334 89.519481155944362 91.710022378541424 88.311993948123913 87.037378188260902 90.238389146389451 62.516431030820108 87.184308409154511 86.28592780891347 91.656638640099246 100.23375183884589 93.958469096988708 89.661581002854987 87.788714929787048 58.866367941356543 133.08857668979363 109.76480266098984 66.321491306893506 91.566159031470733 91.670557648597622 94.441955378973532 88.938418943391085 62.238357893249976 141.19181135130856 118.00994747879837 121.54925937588132 87.306944393734113 92.650261019380466 90.732797901414727 104.32991965003329 79.956514690828186 113.17808982269648 116.82526631733819 130.79835508465666 112.47343246359496 95.945276172847926 91.102698291543319 86.540198043646939 92.194708486404807 113.47883726697644 113.52537098800528 113.3000702324094 94.846957579684585 77.82062436836128 77.390418222575363 99.416908887084531 91.055927241019077 117.13721739333431 109.10753316420082 108.32369979516073 94.14454755437248 100.02721557889102 107.69869080975627 114.19591253112088 105.7877511990398 103.80268639507266 158.3166895317035 135.16565953205048 93.740142005504211 141.05523253774902 86.434848814196556 85.490103965810007 93.012455353066969 138.59575679540947 138.47403462690392 154.08876223451978 141.41090099427257 140.21729712719764 141.30677414119506 131.28268005617741 125.0817973564757 136.34678861904041 137.3847952840014 139.28753261331269 141.8235716090378 139.28289870713172 140.4997192312471 144.82264396590378 144.9489946744726 134.93688991205269 135.48822543611286 136.364131070615 140.20190085326138 137.99793784139328 134.02551368565898 144.93698930686958 149.43494071313856 137.30095515963538 134.13822731805215 136.40628869084338 133.0320459665563 134.7826066400491 129.14850160050827 147.98529243658638 142.96491816913323 128.38956661813606 135.23441241675565 138.39419234296585 132.24729536123928 140.6168089560596 148.30782460103723 149.10177669867298 146.5603875991464 170.92804774980883 134.09411511533398 137.58690144643552 146.12746452778711 149.69706876006646 158.88755499145282 156.3563144540299 164.54436866802524 142.23748421431637 121.25425966596853 132.78110366550297 160.65743479937632 160.93026184272708 151.77973367524541 161.6486268111282 163.66663520228579 143.28209550714948 135.16965073195308 160.30364750375918 161.45240228604578 161.90938056886645 159.48083589706295 150.74118250975829 114.8838506231354 166.34890608843077 166.19778140280943 123.30709646215701 169.14055140487102 163.99342134352568 160.55178485302173 163.86123020549039 164.99893416661027 161.31876658634704 156.60756344319185 158.7788907639098 163.6746273961472 164.68988114165927 159.8304117052632 162.96164387647548 164.59477625550846 162.64552138198312 166.37956994760503 165.69736102808653 163.07581981332353 165.12044557495355 164.55637815816837 165.69164582826193 161.64249299057815 162.08145807678434 169.94856326757053 167.49343024807968 166.73681611384754 165.58350810491964 166.5069912192759 164.96364353227378 166.0540284952655 167.79682581588062 167.23150850165476 167.65001172075065 166.52624404833972 168.06955361714324 167.01388176397484 166.16270743187505 172.1253027913308 169.05751593751788 168.43500015629286 168.80888415984703 167.94380497814339 167.1135890637095 167.2247228487974 171.0582895287576 165.67586360081052 171.69378136226319 169.85356465071067 169.87200708450257 168.9963247581459 171.92468043159127 168.87929810099791 170.01900777379782 162.17946366555725 172.70373631345879 170.7988957643968 170.57938584951384 169.16418695512513 170.79262115308296 171.10347488701697 170.00807140574972 171.98016217264316
 27.378889148924255 67.857609546501081 77.41062669864219 159.13259333839292 59.560558390834977 77.776842967099768 171.90853848166273 104.34777880785028 3.0544480823665192 8.562380661300887 60.297746371652977 77.060210619616328 85.169769945923377 79.113471777121219 76.687082152569687 79.181751206616468 10.329203259020066 3.5210373617317772 63.518419002670768 60.710626774992292 59.759046355963832 53.316534905479266 77.530595626712852 52.862880425801784 49.230498987272014 56.72195110479943 50.554011957113616 70.114865813750995 53.5068429586916 54.227057828170899 56.973589530087885 55.258391571190558 46.778631554108514 34.025521061280145 51.669971207990329 52.750445770669728 52.091779608521719 53.073882585003417 50.772037352102878 56.411862203465311 51.445838246146259 48.67007791730834 47.958588400841414 54.367942362198207 52.494990150981842 49.834199874363456 86.044492098445417 86.762887390788975 49.871680240977675 49.578268516764439 49.29132703810545 52.547173655926976 49.760932414506982 51.516111768947788 87.995825671832023 87.347743685280363 49.931497455420541 54.739875455603979 82.775749792956105 89.262466529644229 87.660081119442083 83.940196922235486 89.516956197158748 85.366524005982612 77.546971877482804 76.811805062206162 78.502214559933932 76.523601798884599 79.100062754820314 79.360410999557189 78.206787536571568 119.37771930281282 76.307040904613601 75.535263000245934 76.925373201700054 77.959632307650139 78.753509283272379 78.579253556602595 79.568664130852895 80.079247348904204 75.40499954552034 75.219585101396802 74.939091441039253 77.577600941188322 76.637646091520494 79.974344645381009 78.720051929081706 80.903852120644629 74.251894769894889 75.948612391953233 76.078844795628953 75.855166500929613 76.801662610418248 77.656928809460751 79.725938868338346 80.916818295424449 76.929842706226964 78.449377905831852 74.94185142352346 75.965595387958871 77.896954335543626 81.638817881055559 79.281162163259694 80.476721764243436 61.291715210842611 54.419116540918658 75.888397355544427 76.915708028362502 78.611174220032112 79.904050590310476 80.485300239167813 80.259815547238986 59.92184603181154 76.853031310540544 63.418614405118568 76.579680791338191 77.184766881020423 80.05783222831657 98.479222243382154 81.016375172500318 58.769675089469366 57.936590427221809 62.514084098649661 75.178203723472635 77.154525177971905 79.175564194626077 81.458026097442385 79.273644211720907 54.329208370323947 60.574415547387773 61.096820105671782 59.013320366685733 77.90669808107711 78.211359427530837 78.216862527186876 172.4682694464222 34.625350828675302 33.775354147375033 53.335742552937731 59.95154499474323 61.62704343015313 76.278125147115333 79.095347691820805 131.43812082653682 10.083413410200325 13.616959718686211 45.216367915351285 52.278337092387773 63.450871960022006 60.580466933732758 78.720204633824295 171.42150078683065 17.020683391596243 4.4722586454913982 18.919735050822634 33.491107140817554 61.690906910777869 57.590643926718037 18.531489808370814 10.562606812751426 13.435415972903954 4.2688800069725001 3.9615715895233445 10.615168917042286 3.7765860463220489 60.139312896515079 3.9159454714953998 1.8274783219093127 14.688348262451683 10.041627405613601 11.349218480984915 1.9143039058750333 11.024512799621228 10.082352350269066 12.180684064249524 2.6189663807809498 30.357418771870165 7.8172142235052107 6.9629570130680181 0.8757942761602483 5.1638153609477371 7.9400496045268234 0.21337994184929016 6.9757388855796432 55.907556787460848 30.992571389890891 4.8564045144992365 1.9355001040637132 1.5632737696449408 2.1267351954383193 4.2489555951582707 1.1840277256410956 6.1851985004502072 4.0367562774273162 3.0261154015159342 3.7324840626631057 2.7329592315114017 2.6239963304650091 0.24341309748023252 49.171301622454834 5.3854835217724881 5.9053031498334896 4.7221347243054144 4.7841555633280866 2.0614030998657089 5.159592935491137 47.199444481027378 50.594486307311406 3.7895649003960314 6.0428990724207265 4.0420089928394285 3.7576779762667747 0.33429838794132427 1.753813519965798 48.396533051447477 48.986763281869287 3.3083931003086589 4.3959366853822459 2.1465393901081025 4.8809966568042906 0.063437450948787028 4.1421207587158486 50.823128320058565 49.823481728777978 21.350632620270517 1.8925225741801148 2.8917141820629464 3.3711061048349458 0.44799856286784984 48.678557399240418 47.733435551292729 49.380325032180501 5.2812141687203349 0.71933297325593071 1.8520664474671116 48.464219500929232 50.599065089419554 82.615741346415717 48.130643816298075 83.518460101485559 23.429680196087116 17.617986180740335 0.54347841472690095 81.137230668467623 82.993366153936037 73.004117366026321 83.870131159206593 82.681456039395414 24.010547614885418 0.9743462130356727 82.152440456081379 81.940628988826404 81.029144295122663 81.451726554882327 57.626219061134606 172.37421879878764 50.86795918610941 49.627550707695086 94.822463996912589 79.404487809441406 80.273289022630621 84.177028460244628 84.75979645842709 86.396322076545729 80.149088871046374 66.567233930472767 74.083543750375654 81.469306795073308 81.058908351674049 83.355541383561373 80.633064092203171 88.46430766794866 81.787555858703868 79.417252412787505 80.419065725385806 79.274002681450284 79.467190777251588 82.210197979102446 83.936230428214969 85.028427075430031 82.822092023978684 80.248364697467224 79.479802002369539 80.374803495208965 81.674458758228184 82.373139573188254 84.850714075392958 85.082152107296977 80.669418375802962 81.58853369229 82.690620098107274 83.389451173704984 84.785225015730262 84.51550240042333 86.284424868295588 86.065893252143766 80.730431669690503 81.714794465117805 82.885050869437109 83.639696547741394 86.788656381747359 85.691845318333321 85.639692583024981 87.263150742332741 82.945485992134849 81.55372787204594 82.578201804772931 84.218965067625916 78.995397590223533 86.256931698612533 86.012540691212493 102.35690858172939 82.395979574638034 82.167715739664331 83.410397977857627 85.272325170639604 81.039711080120682 84.419425091013011 84.609854984413403 85.043655548053295


# name: v
# type: matrix
# rows: 2
# columns: 320
 4.4388033362693289 -1.5491047806532685 -2.4937508400878761 -2.3617106020879088 -2.110126763871206 -2.2516931964777176 -3.0687896876750016 -2.1848560259870178 -5.6443824019839148 -2.2947390828483307 -3.6341502305800479 -0.66229987569183102 -0.74118715823311598 -1.1050613202240958 -0.037053096543245706 0.80832464160496587 -4.1123319377197527 -1.7811483813818894 -2.6726648636757413 -1.5344858852194474 -2.6956506488762071 2.495204494728628 -0.36917560549509659 1.6523933850438943 -0.10293206188634464 0.18963793975630527 2.8591638583343695 1.1313036246855084 1.2525303316467924 0.77786197129853918 0.076597165524798977 0.82127998486814136 0.73479821353773245 0.95492287514684171 1.4992179010660232 1.148244682906024 -0.12719032756792509 -0.20402438505530293 0.71430527972875646 -0.68510267588924545 1.9820919157087558 2.8541589333876249 1.6469793058941067 0.99460902648806959 2.2589152515235345 1.6961192366017308 2.0093926562121123 1.6471204863821216 4.3295369640545411 0.74515400246542218 0.56229828007824556 -1.3347857072062324 -0.96748676660717758 2.8924100030704367 1.7787282100252486 0.91999521718780897 0.42186406982496805 2.5807933735430915 0.30303404032659098 0.53820843508732019 0.58505422821621478 0.61747931055986627 1.5553111095995882 0.070610651179460693 -0.6917912057965111 -2.6852713610688475 -2.8216261354614955 -2.5555409142093808 0.65226930951724538 -0.90757723166965742 -2.3221927572336898 -4.8083481724781443 -1.4936522920489981 -1.5628889638752275 -0.89924695611458416 1.0511746503445585 -3.111015999932389 0.82044638202684317 -1.4906463192417276 -0.68852672262347681 -0.2112599146623981 -1.9684550729577797 -1.2792554712410873 -2.0227023178417123 -0.14961570758111883 -3.0314303527368365 -3.3548436433726909 -2.3831898993952718 -1.7254005140592623 0.040894273236490024 -1.7158726555438233 -2.2754978958671392 0.94275377543203698 -3.2356140750163593 -0.061026914014722849 1.189371900966574 1.8183429309142498 -1.7746111763379762 -1.5427669052546773 -0.78657261252083832 -1.3007247996097442 -0.80384797814716991 -2.449768096712075 -2.1283511244317368 -1.2767250345067549 -1.2955749675650805 -0.38605388705145322 -2.5496372990428458 -3.2620088138401857 -2.7078152029838725 -2.6802582830475501 -2.5443406832730706 -1.0664853254360898 -4.0895052455098968 0.83958365599091911 -2.3799573409560497 -1.6579122270576394 1.0425450527162126 -0.98235940944024569 0.2480076886188034 -0.92252332726658492 -1.5682439925083846 -1.2306921006977407 -0.998718502697997 -2.6517882402568778 -1.3428269015121861 -2.7589154561816986 -0.75167768286207293 0.63942593884555221 -2.1066705603022111 -2.0579314975173961 -1.7055384909900726 0.58267941836434711 -2.3544306121542751 -1.0416712921143954 -2.4900848805870539 -2.5999439122000925 -0.62192533887816481 -0.74541037922646769 -0.94314333146569318 -0.33377213267332101 0.74771866096809814 -1.1292596762210771 -3.1420302346738094 0.90918658046067113 2.4689053982098423 -3.3052369035009281 -1.5194665418894435 -2.6016588889897099 -0.21184691743602146 -0.86073486174476077 -3.1450463260671748 10.35078207216706 3.5769288446892871 3.1941118715437331 -1.2570427294532482 0.93034301567328348 -1.0812475024936143 0.28301216482355873 -7.1142323025695822 1.4153130516191255 1.6358605279887981 -0.96086477753446342 2.5459793524094918 -4.1110571048622138 -3.3870196824228662 -5.794641579238772 -1.8372802053148696 0.11587900721076023 2.6740012319986315 1.1274792384222854 -4.072463726646653 -6.444124669990658 -7.9384335841901379 -1.1946868770402617 -2.5459916859149674 -0.31910471256220463 2.5944686775233401 -0.24905811295665417 -4.0379706581094608 -2.701664863297121 -0.26516565369853368 1.0862742734625994 -1.3041906237966914 -5.0913061521010965 1.9063454546835059 0.29285401452081999 -3.2488411700844408 3.4749910006109768 -5.9316299178327636 -2.9003649395544153 -4.6889765545433919 0.22963767296208543 2.1829680808880387 2.5327848163482951 0.24990414598712785 3.7997200896889516 1.7967391149645948 -0.60116236033978865 2.7900351269563872 -2.3439694269185098 -1.6192758585072151 3.5374428625179419 2.4907361119764477 0.58971150288957863 1.6559299864211048 1.4428544667302858 1.0740337706258554 -1.6527087151404767 -1.6405967790391862 0.92528657652884083 0.75429389307181727 0.63613223450797396 -0.7832415423056176 0.66881574249825204 1.3501819212169204 -1.0817715047399818 -1.1965579785560356 3.2559879412043857 -0.95389119156333735 -0.98244213679229975 -4.2528900477791094 0.5149230137040175 0.78997244910427988 -0.92266956557525615 -0.0076287522511911676 -0.25098424299101513 0.48615810852843022 12.700197243015701 2.3574713031227059 1.1959452574682881 1.7789719412909744 2.2728166734052841 -0.30281344152071415 2.1094433932221186 0.46864575426142796 -0.39494618697242118 -1.1776002851220455 1.6039025045154522 0.22467728949881932 -0.46938436523106247 -4.0800100215048465 1.3501372388850144 -1.6197549084583522 1.0340166079729107 0.79445250808365253 1.2624447544587303 2.5565296415294743 1.4668126972235629 0.84189277930809903 0.86723643489447877 3.0350218528273483 2.603313237198396 0.70005483994469786 -0.1688771056914474 -1.1396072695747648 1.1650605665675393 2.2329652429385849 -2.100086601167332 2.0811239459138702 3.625590336630097 0.9461816421635566 1.2389096942960933 3.7073785366060616 0.39574404995351375 0.88167391345715806 0.51532177851477956 0.058552090148343693 2.0731841515369207 3.3932708975840682 0.87790869658300097 2.1620105682359698 2.8689208083059219 -0.42416208914687159 3.4562556954435255 2.7886360167710191 0.08103096382220229 0.59181242924772004 1.2389818553623742 0.25965297770308726 2.8014893462944728 3.012368899265327 3.0327955254144436 -0.015180879002212405 0.67233115279463507 1.3674701373825917 2.1671519210733314 -1.3245149883939935 3.8598162176502102 3.0821934395512316 0.71431266682466688 -0.53491143763106785 1.9158257797324494 0.62910352092323929 2.3788974646298882 0.74925918724975471 2.5168722852213246 2.5459069590388994 2.2921760833431666 3.3716296388939893 1.9609663377677919 1.8771809228354324 2.4537260063675497 3.0990468231422459 1.69197231295247 3.518117069191705 2.2269200186913474 3.8808282596918438 2.0492078212913811 0.31307052341008557 -0.0031549981606698169 1.0795806053282941 2.9020814000028152 0.94132487373687168 1.5437156368017633 0.65859688517025727 0.43886244660877366 0.89982230661609208 2.7685384068364751 1.3674983545287245
 5.5987895625229687 -1.117490105380994 -2.1918785772569103 3.1959294126884794 0.18638922391577853 -1.0117102645531169 3.9148663622893638 0.29108599795669898 1.4925899664513984 -4.4189737609669475 -1.2008571282503115 -0.99960791168833096 -0.81039780598378297 -2.5605376702384577 -3.2560764581851229 0.24707228411142573 1.9824475156489829 1.9509295060991125 -2.0844691888540594 -1.6638567430665763 -2.7807823629587216 -2.1965713142021417 -0.38001789879068415 -0.55734983735310073 -2.7197667429194321 -1.9360448762617062 -1.325722802455807 -1.3688265063269536 -2.5543270915329668 -2.098690563064415 -1.8863316855641648 -3.9681370446018369 -3.424893783809094 -1.3575735504779309 -2.9602154334880013 -2.2702375706834186 -3.6762351993150664 -3.0479993299641017 -3.2135791038809676 -4.0554057420298291 -3.496427619401127 -1.4134164280081332 -3.7678993008469255 -2.4186471071151385 -0.97910494313162055 -3.0630822844400307 -1.1235282539860536 -0.77299553345294192 -2.1148362412840025 -1.7660351566294528 -1.511915700213561 -1.5390821875453318 -2.2799626080522288 -1.9559168807593086 -0.74151865034422648 -1.9462420337126318 -2.6695646655571879 -2.8624243468958199 -2.3839649193421524 1.5034852621561401 -0.50614572514565548 0.79910418576407782 -1.496077111444879 -2.7526779604013965 -0.90455182263410927 -0.89152390846114871 -1.0539260240969566 -0.70265671128496998 -1.566330832565608 -1.9114852729727365 0.58462489417662189 1.2975106343904557 -0.49650688440154667 2.9456861964685412 1.4714187419032863 -1.4061766067948132 -0.97952346763527043 -0.48096954700250077 -0.54182374241181597 -1.174126994859247 -0.6757917801715182 -1.13422063263266 -2.0901927576388877 0.52181990905808973 -0.37627008657624683 -2.8791815330299833 -1.4933604877378892 -0.69636882060434879 0.81995850456981523 0.79060510969615383 -1.6421527209820785 -0.43949416540120428 -1.4785675678100922 0.33616881705163149 -1.4455826208526894 -0.50736062782946578 -0.080999907051124656 1.2936746137368822 -0.53594049768016205 -1.8874194230536339 -1.9476027989868208 0.69113973225093639 -1.5559237237958174 -0.95397934738475543 -1.7808272134081233 -1.656006446592436 -1.6260879624812317 -1.8854814553206598 -0.99787173414089714 -2.6737722126736836 -0.39527438937909776 -1.9633982644848513 0.42300747976238257 -1.1053355658034494 -0.6463137418174183 1.1712970016186006 -0.95009511545487346 -1.626507124742977 1.4511542305423721 0.14476188167199694 -1.4241151028652326 -0.29125344582399582 -2.0404587107134309 -1.0594619575334585 -2.4853735403253019 -1.5544424684874798 -1.6796196856701957 -0.046958908064426062 -1.4985947257817349 -3.7993126762771623 -2.2776924149629285 -2.6186583617540209 -1.1843752429620127 -0.26991636126454543 1.2739378969948687 4.14227482805045 -1.9238487047030721 -4.8337173499333099 -1.6292578546304788 -1.5869886814609546 0.58925632035555464 -0.64144087293176688 -2.2297029130014345 1.5120815234880927 -2.2697281807267498 1.9577413211152108 -1.9440862629784657 -2.0758316950637483 -0.64111377421253046 -0.48918099458539765 -0.010879833381984949 4.4536863045334139 4.0790060925250726 1.5831422484491282 6.2031130100200311 -1.6530014778140873 -2.8038250972014618 -2.9335078037687978 3.9756514192921975 1.6622801624283932 4.5398845822666729 1.4288359328689075 -0.25097962350633107 4.8364292266068567 0.30182038474694162 0.087232120253304832 0.44968703944017369 -0.1870259579536839 2.2546204591113317 1.9016490035610669 3.2026054062234874 0.31553811127952813 4.880796160912289 2.1966769851992418 2.9453708658843212 -0.10755028816116169 -2.6530697814681132 3.9172104307413869 1.5180858519839835 -1.6194597099791328 -4.5845648163636215 1.9168460240295553 -0.093875694251633293 0.013751168786888444 7.5887839945288658 5.9957003488919911 -3.3492832793787559 1.2760096465708028 -5.8679986247694291 0.27825270333432855 -0.17016124088169279 0.95822194178699227 -0.83779833138234461 -3.2943889885180755 4.4806091023851753 -2.2528830774961537 -0.38699276188028542 -0.95111146211910536 -4.7569852974421156 4.4351460013733561 -3.6565322052206914 -3.8017475596131232 -0.83215085970432323 -4.7332917511942911 -3.855677329299759 -4.5181651521445749 -1.9486559695979455 -1.0032744617361191 -2.0428845448545547 -3.4850061169869679 -3.8146654171089196 -2.7410408194425209 3.7732430598316267 1.0015799953708584 -1.1593708756972467 -0.59788409240083396 -2.929789327911557 -7.425174896873191 -4.6409224063943517 -0.29922652400529065 0.0090567129484350195 5.4834103918068751 -2.0095632005042088 -0.85436603169769954 -2.5976670930922872 0.31464627609579043 -4.9929175593548436 2.6148596745769672 -2.3081007736170136 -2.5779376017266125 -1.5691482074359475 -1.5392641402579534 4.9553758204151475 -1.8279290839126918 -4.8552217661800112 -2.7807315644337254 -2.9496820582635674 -1.1307598217844115 -4.0373863935836658 -1.8379901935678462 -4.160115728297181 3.1109536623701892 -3.1837542433523165 1.3897991914087584 -0.77191185765815062 -0.81940030315974965 -0.44986247198667184 -0.75063208105323964 -2.6205794818641603 -2.2967967950627122 0.051376986623068222 1.7931292044610647 0.87466480286854753 -0.090797646639554502 -2.8373082501883817 4.0361142509800016 -1.1861220944731881 -2.4815738144682422 0.86357808203941411 1.1899790408497304 -0.87700776104376521 1.469787922135666 -0.22761361157985166 0.86968296767250208 0.43755930244855984 -1.072369632113483 -1.9795123299974435 -0.93071901180647287 0.32907096919229623 0.058572998168867282 0.26536712808839008 -0.93354304429291135 -1.7529376811236865 1.3849438171929425 -1.9030806440290886 0.11899463117950228 0.74844630863094697 -2.7881910017988045 -2.5438954601985619 -1.5656670094817977 -1.8356606602091241 0.070014400105641528 -0.71842683155476816 -1.0481578471651034 1.5102404740587876 -0.8973219817015321 -0.46576021125803024 0.81284209605162072 -2.6221685159014578 0.16296592967324122 2.7602297163733973 -0.51172341568101454 -1.3125043047149485 -0.07590968741945095 -0.65113254428614875 -1.0909169250183086 1.0932547728633781 -1.2078795447936725 -0.68410070612864471 -0.56549351889631383 -2.0775251513572428 -1.4048988374080091 -0.0087028556173340509 0.57189794302809338 -0.45291309234560923 -1.0314822741051062 1.367097982520683 -0.3553544061574459 -1.0813209447254377 -2.0536711580135094 -1.5435443639596331 0.86129832952167451 -1.2031825165571315 0.47097208879366481 0.33822922174244235 -1.0276055387811285 0.64797873046033205 -1.5292245628236536 -0.66610422928224811 -0.90639683039868335




