# Created by Octave 5.2.0, Fri Apr 02 16:04:55 2021 CEST <br1@br1>
# name: ptcls
# type: scalar struct
# ndims: 2
 1 1
# length: 2
# name: x
# type: matrix
# rows: 2
# columns: 320
 131.25305650575751 101.24462123108 99.042688927770996 89.827356062085201 103.52871682706736 111.16060310910723 82.151842222800298 94.51592244806821 108.91081582594445 113.10757846328615 103.12175958503128 100.0049351124498 111.45934539879397 111.77529623888785 110.36312719653915 109.90089279434456 108.33969119713964 110.1012626916111 103.8023056918031 104.13222336823743 104.61142262186208 139.45889067957583 111.56027528004502 139.75436637980809 140.09751771311102 125.25122803449901 139.92237136000122 136.41504230657364 141.71092983112953 142.77138957940181 138.62281717132538 142.36063475057853 137.16229296256876 120.9626824612039 140.86325984768095 138.46213744445686 139.64542063469619 140.53228104658814 142.23240805259866 143.92251535081488 140.4155188188486 142.90215287101569 135.66964286558479 141.09181701836641 139.22015943268042 143.30847899772434 152.9079741894854 151.70264453479345 140.46671806281253 139.38830819944127 137.54488084605555 140.24387859447447 143.40242617170335 140.90669791045411 152.60368654605529 153.97009241018216 141.88182192133948 141.85958894034405 154.05419716424029 151.47545083226572 151.15453460716202 153.04280123365567 152.20211015356662 152.07533981348317 89.184293346287618 91.656518558293655 90.354926005681364 79.872705055068337 89.925269018987095 89.527495660614576 88.419116864887059 51.02174832800668 94.166127724063116 93.196786785453412 91.745305513897165 90.676452738358478 91.847282568960551 91.03289263460546 91.243714574475973 88.798232199603277 97.954135396501243 95.925112743077577 94.837428680335179 92.655915729452602 92.918055455436715 92.286123920552015 92.995659680308322 91.614480807135209 96.940904152507784 97.040531762583754 96.095120219313614 93.793857691398216 94.090207731239204 93.443598852604552 93.680658628294879 92.509694996312135 102.1164120045303 101.18909166831031 96.77166763041528 95.040350720552482 94.393931978283746 94.715662114917066 95.74912013057299 94.603059340984117 100.98977152654022 102.64700303778254 100.04078979814409 95.244197113697624 96.324601630302141 95.511633856155768 96.753430557673454 97.543800870132856 100.18841883086209 100.91327292489029 105.55486493420331 98.105925154373168 96.090778876202663 98.378649445906618 108.43925063530514 96.531450138751879 103.07988858076808 103.7294204609762 102.13563280365167 98.911532908862299 97.067851871492721 97.384676138647123 99.592759567690678 100.25457354512824 109.05503009112837 102.10398354647212 101.07447227007886 104.28019965609882 98.166921656973187 97.268443062459127 100.10925260691258 82.721984757390018 97.597798535835366 98.448149950677319 100.51566301255842 106.92871442099364 101.35080631164939 99.008572256262198 98.323437876844196 81.646087142736832 119.34937616521495 108.9974297212998 90.284458857272028 101.69478414030706 106.16512189273216 102.25675562375679 99.172897493512835 83.957954657968912 110.57477290895726 109.91873038554291 112.07440841400458 97.203343984142734 104.72693554084124 103.63315965500099 109.2191294556428 107.07889092444053 108.85450658395746 111.06443597519464 111.48381518574706 111.66659318001575 111.67816851853028 102.53197218652583 108.58593149010511 110.57768505943827 109.60036961875456 110.40056808089302 110.68741545239139 109.91469493357621 111.99120101079254 111.11255746321292 106.9372034908438 109.79355728439232 118.22514756802508 109.41344696197721 107.915569211947 110.54294541127372 108.76169620789797 109.24147428600955 112.49934583818833 109.81540328811525 119.50092452365377 144.49568498525593 137.95795835798037 108.56677406141655 134.41620027809623 108.03712261889039 109.33300797603988 110.96960951016408 138.5288884998325 136.553603301941 136.3667454903983 135.37185664774427 135.47860656234005 134.49155478827399 132.32903074607617 120.62030163717078 136.15336006963668 137.72878675898355 135.79728149389274 135.5147531535178 134.42042915999318 134.6335108808461 136.53903200108118 139.75531445556425 134.83243832228706 137.42606704372665 136.52397539339182 135.12123840517589 130.14366324249343 131.26065798701714 138.20334581167833 141.09611586283455 135.49128142613912 136.30593601872258 133.47718106911171 130.75624194224224 128.42014397146582 127.33815237777243 138.82503924449844 136.59161602383054 135.07892096854826 132.45674897553226 134.58263406726743 129.20092322470637 129.09760076662104 138.82176657905205 140.48230383775578 140.17922849004256 154.45012686761905 132.40751401059885 133.44826572561669 139.36916425939074 141.14632237149678 149.596186357405 143.36735629606588 153.8581993589076 139.36389934036498 128.06768351810135 131.0344929191877 149.19077656453868 150.83987303541787 146.01995299162266 152.32330243537152 152.93851127974148 138.9243249741555 129.75273364900551 150.48416020068461 148.96276100149467 151.99582572076667 150.35685846494198 143.06204215794776 123.14600332756143 154.55698629672941 153.35401407559164 138.53272432061152 156.45745883728182 152.43275429778964 151.33577224634516 153.43934704519557 154.76171708878081 154.08328678868071 150.21542757064668 151.10762104388002 151.85801900119191 153.54680139599625 151.61094261148369 151.33449081291892 153.72100072641004 152.99106689550231 154.53658312253322 152.77761868517501 153.02523001507873 153.79739758963555 153.28223575059155 154.9470235890262 151.97226690846145 150.02110434356939 157.53840407271954 155.25360735672436 154.65932377773916 154.91394124778412 154.28075128985927 154.14941032315502 155.26009897746891 156.81510355408938 155.56048358499262 156.11339296206859 155.40986262075734 156.1327582608817 155.03082617568586 156.47988087298526 155.85232691802025 157.8729026906604 155.99434988255317 157.25203110424661 156.53239761143405 157.26464095453196 156.22028310460351 157.72001172138587 155.3475112690497 159.11539797715162 157.08685724504028 158.0957388587592 157.33083238987146 161.0137601758847 158.26621742629266 159.15681020902235 154.3525042769183 158.69338394236635 158.26516485823316 159.23593135648755 158.13833961409995 160.40262326537754 160.12806049364784 159.24850839705078 159.68105002196012
 22.476199285603496 75.959412810510614 82.48674642235494 135.96210509641665 70.434504316181915 86.588195495495427 142.37232779606549 102.23740532265545 21.039147487284758 40.790498424550059 71.482161065859316 81.974935620287994 91.038931496522466 88.770523887252011 87.297946820431363 86.175784037092882 19.171542192631183 21.044814205856358 72.476825626001542 68.134968519605579 69.079645214565119 72.10381642186745 87.6440705814951 73.180344193593996 68.085909952687473 70.758276457697932 65.159742325570818 80.038857984628933 69.48540359027146 69.754832368581987 72.856099651373555 71.737906071359149 63.220093252643338 53.010953060520741 70.072445420398182 70.109301628362502 69.925048791938522 72.366163182452411 67.88012822887282 69.197091150276478 69.089425360761723 66.993227247979021 64.732223158394945 71.433834754223085 71.097608616651868 67.989350355102246 91.745003702583361 92.070081624726612 66.109198162725377 66.092825419050868 64.675622944507367 71.000254613438557 66.039454461031639 67.150998801375209 92.818335325847116 91.804211001882081 66.512467347772869 70.623855568153161 87.710268245075994 93.168579649402261 94.226625002107966 89.817785698222579 94.057043076755249 91.009393087145426 81.174248421086489 81.646832263919933 81.483942038448731 81.617862955707764 83.371108832453544 82.206569850507719 81.870266282374686 109.97076720348413 81.946092123582346 82.353016719611176 82.745098310955939 82.476770657892985 84.222393484341026 83.502873429155756 85.085677891564941 83.149736412087407 80.559740100369098 81.847782755880317 82.778350728086934 83.367617926832239 84.360207682058217 85.286869457334333 86.263171264233335 86.271033875110788 79.770786446964848 82.493840112248677 83.026375121788831 83.357273418713319 84.360572988957756 85.251803987787326 87.146608324741194 87.537459844860038 81.335968766528111 82.387798170774147 81.122434427017097 83.796695979363292 85.703032445652198 86.837928710267178 87.365534704569725 88.007407744964581 71.221064046935609 67.0419401336314 80.283190687588629 84.948138134324907 85.36907553928576 86.178684399161696 88.007701427842036 87.035799668754265 69.32523702472389 81.375965381801208 73.35540121566325 81.831705170817173 84.133127555469969 85.937299275062998 87.949118415019029 86.380979495469361 68.509650426338737 66.963089605494829 72.034616328889825 79.932730453672548 83.594727154987254 85.755495745752512 85.072269201022721 84.246547562421043 65.194020132239416 68.83400048256614 72.337912948188418 71.491137667877936 83.09093131041638 84.633589306004581 82.997020696227835 141.44407515586855 53.685613713410874 54.464030353239558 67.76060395085392 71.426344796845797 70.139356376182874 81.034175054878418 84.744732794018574 120.47552978124493 34.449613124398233 26.081428485430905 59.310993321940785 67.656768254346929 74.275478130017234 70.837896772772311 83.614668105741046 141.27840642515162 27.806147352050186 26.858055415227351 26.486421824939359 54.718782660483349 74.123127425021153 69.406999502783563 40.581923051133352 19.375522498401605 27.402687382397943 26.838348743820809 25.583827476060655 24.197285372016395 22.801200831620484 69.852311717894622 17.683155634999292 19.94803889340135 28.181620363504269 25.897088631201918 24.876887387492992 24.062575370549922 21.623252347767291 20.981765695781441 20.768028663651926 19.096819884186754 1.9694863265244256 24.999741195115782 23.342180406797233 23.140000640489099 24.059064241012809 23.171565087288403 23.435432801745741 22.210044175566807 2.259587808378154 12.476256139575348 35.716478377310445 22.376037157903653 28.89287388832059 20.209182819000272 19.983724138053113 22.048818516484882 34.648066853058197 34.106515979531025 30.111806253540088 29.576558297062086 34.264023907102178 30.526828531674486 16.747321843568304 54.125442733958195 33.097389060516946 33.743408387634325 31.932761764555817 30.808702895655696 33.896674556033197 31.79407895120211 65.431539450468719 67.053916360416892 36.628801341197637 34.78794386896314 35.398648859808674 32.927820215381871 35.501107217050595 35.048961240504291 65.782318467987892 64.932805979848212 35.617809000970027 36.488329051114412 36.117950580481512 36.439664268686059 36.483183056018163 36.624667416126655 69.015610855587695 64.139589201161925 40.183719045187644 36.466866866668219 34.998856695481166 37.734747053662161 35.368154349866387 63.792532729708135 62.774698816839184 63.987419269207784 30.645260529290496 35.353718280814562 34.599324960561908 62.695212873412402 68.303637533896293 83.803258279926851 72.606858269334339 88.831724168094865 48.874615697989505 37.574785757581154 37.452134584989345 82.810660446113289 84.248577852686836 78.944769563939786 87.18769578903445 88.302397601291801 47.725652386652875 36.504525389029183 82.916818847433632 81.658373048204268 84.120489226585732 85.250052973361747 70.75546054190707 143.1123904791657 63.379031586539291 63.707273647090481 88.561522902133973 82.062656679794515 86.013224394770248 87.667118714644104 90.822838011903599 90.993593079127606 81.323883449157591 74.341913763286314 81.971974507747476 82.898911208954715 85.678896327912014 85.129880809018587 86.205787749709401 92.92708373003066 82.536782234464326 82.635080596656564 84.87973346636619 83.603211932223772 84.348144288739533 86.731398923439187 88.379112394950837 88.875201063278126 81.706900889228095 82.352255239265233 81.824007349869632 83.747542145566229 84.943315825754212 86.446894176873656 89.867496844519891 89.996471356144468 83.25725460932901 83.150776173431893 85.307397537532935 86.271386313850797 87.419156639544141 87.326720562447761 90.151515852376278 91.01935776827149 83.80007559568044 84.144126271574919 85.632728095896752 86.365426218977561 88.60621292283021 88.718609560608826 89.970282375639727 91.92789002934488 84.04318629243393 84.600260587603969 86.311616586803694 87.078502957011864 86.997610878581199 88.998712031614389 88.23626050168096 96.11249569269313 82.802592387660695 85.036364040425781 85.634668336473126 87.954168932405764 85.991374315011257 87.856274996184823 87.039833820570024 89.14480887952827


# name: v
# type: matrix
# rows: 2
# columns: 320
 1.3579693284185725 -1.5491047806532685 -0.58136824685572641 -2.3617106020879088 -2.4972772267002532 -0.89630518316800656 -3.3413707377735378 -2.1848560259870178 -0.49972900019441752 -0.62397535907694635 1.1928992525039115 -0.74409186958688422 -0.75072375503820366 -0.23110845867306545 -1.6886349184722524 1.4648113046141746 -0.53097901859684482 -1.8841733644223473 -3.1616423628397943 0.79271064261253599 -0.77512560525137786 2.0022427325272885 -0.72157773500805289 1.439704886913898 0.51750174983507047 0.18963793975630527 1.8697618997127745 1.1313036246855084 0.0057191701335514156 0.63755806803394166 0.72391752518538222 1.4291896484201674 1.0377974760077218 0.11958542047846003 2.3319212154977178 -0.74753178785731755 -0.49303510236128084 2.7201571677466325 -0.29023689568505839 1.5189224224088789 2.5128549668038915 2.7883658156250419 0.047622643240014639 1.9260572451173794 0.25981768137728767 -0.87109237587499233 -0.514923326998041 2.6893601059748398 0.3921529335340086 1.9800007070285048 0.69613366909886865 0.62491857924197936 2.2855328209176906 -0.024594055055752073 1.7265095855922861 0.32059473402718597 1.2649626721441309 2.6885965429515339 0.68923494905739102 1.6520840022848309 0.74780555651560499 0.40726918914417781 2.6220260934624062 -0.55545940465239529 -1.1968194432683015 -1.0316595572765508 -2.6511338725296172 -2.5555409142093808 -0.97164780100046988 -2.5465301953925406 1.5895163612442686 -4.8083481724781443 -1.9041864348956525 -4.840693845905137 -1.2380817758344578 -1.4016385689569406 -2.7574839805461862 -1.5963023686677038 -1.7036696294726212 -3.9700643554120902 -1.7089268873463859 -2.3224946176251389 -0.73999013210850917 -3.2924555127024964 -3.0334187690958441 -2.3402032222907101 -0.10021689976221143 -1.5572352588649712 -0.80243399422428729 -2.0355259069007938 0.51583662134465535 0.34563365067942964 -0.49916576942359908 -1.7029968870893388 -0.99277238389675582 -1.392230742884508 -1.7875573869138863 1.1586831084342546 -1.5735407926198299 -0.70818239291359408 -0.49462977233136352 -1.4128742105206678 -0.39806403916308658 -0.52926618501990286 1.8231727141195899 -2.6138462074173048 -0.77370702817840753 0.85699945524693699 -1.6585193985508571 -1.1482899230867054 -2.301135563587736 -2.5692735302437564 -1.2462870783803601 -2.4743598934425353 -1.477768624587078 0.54790462407182616 -0.57263969329549846 -1.8219317561174142 -1.1321194852615823 -1.2009840313188258 -2.8726921218940533 -2.6479189644441465 -0.39956272788706881 1.1713075189188618 -2.2175607521046077 -2.642126497044766 -2.3732702390105009 -0.2259550901283485 0.63942593884555221 -1.9606566607258187 -1.7026744607947466 -3.3880002764717436 -0.76920050766713155 -0.56044946422420105 -2.0650023643224169 -3.2069535804046581 0.18109209220370534 -1.1096252038268712 -0.011796582840182743 -0.75844465907700376 -0.42206071400269135 -2.4724114255217717 -2.8870451769135821 -3.1420302346738094 2.0503194377782759 0.18430262490715058 -3.3052369035009281 -2.7475652116206573 -3.4895836854436086 -0.71505029879847803 -0.65761416323723476 -2.1555965761510314 -1.0918850955663544 -0.66529241257879868 1.3331768066695213 -3.5503788689083509 -3.5146841780692006 0.77821979874880309 -0.91553894821569615 -0.83193685173923948 1.9055993389038395 0.77840900924597856 -2.3109674579275019 -1.3525807088437063 0.44817118372869802 -3.1154671546851485 -2.8766662683298212 -1.0598183330026705 -0.36459415750536278 -1.6297579099012576 0.027341832146420532 0.81785465035281202 -3.628374603999839 -1.4452827221732827 -3.6690799646802423 -3.9881615778134827 -0.41935115191718381 -0.3411612561108594 -1.2200150908996867 -1.7614979245849782 -0.61060194603017914 -1.0848549620118484 -2.8367306326383019 0.32220082701004948 -0.31210190006805144 1.9063454546835059 -1.7341482317177275 -1.3106664635696441 1.9558151559603654 -0.99620083939401693 -2.3796622946138068 -2.1871487211719454 2.4522595492774184 0.006870854322557296 1.0037356696771926 -1.2506934092436588 1.5351531598464621 -0.81417639630897243 0.9259881844467065 -1.0535852310533054 1.7898962281821806 2.0676366154440919 3.1754812008549855 4.147215401740703 0.01364822599324942 1.981645796376944 -1.0318884242722801 2.1516162260518681 -2.0851940774073334 -1.1488838281848928 -0.25684458598947663 -2.2360499691567899 2.0407188514549786 -0.85010575097685082 1.146291528773983 0.26768060953223355 2.8651582979511292 0.064436490400161181 2.2689861011396508 0.60565595487171264 0.11152720314041865 0.76335071783189512 2.9596132982321643 -0.47937591728050472 -0.92266956557525615 0.6144086583661541 -1.269191702134874 -1.424569043056322 -0.9747932563497419 3.294933031424641 1.6719083606227481 -1.5870615132649588 2.2728166734052841 1.5661500389734795 -1.0731022212130055 0.46836263697752978 -0.17544338129862216 0.57904463791997585 4.2615332962625425 0.72989784592530726 0.68830964975849507 0.61192104544222015 -1.1598582703582128 0.87464486641040007 2.2455854783479361 0.79445250808365253 0.1587586874019889 1.7795112788026306 0.30911868223401123 -0.032310187377497968 -0.22458102379108288 1.4140082376753043 -1.7792564590486688 1.8407307929997945 2.0338107645562995 -1.1396072695747648 1.2770678440556507 2.1209579654504713 -2.100086601167332 4.278428873943799 2.493504240024333 2.7293196841552758 0.39022109621510215 2.5795236350368103 1.2973216478637899 0.88167391345715806 1.3163792177263309 0.263849315396044 2.609448673058278 0.62638912154030546 4.2135032450133254 -0.37084422353901342 0.37706762335404331 4.0483520235927237 4.2402945045855578 1.617437277625994 1.3356016974614433 2.0218814761691863 3.1088564381468622 3.6004336076780379 1.9304049344490213 1.9371017778431181 1.0505429946801508 1.537992687214609 0.274943023541323 2.5373141034678119 1.4386552181389671 0.47270010135729451 1.5360189274941034 0.4376120764127811 2.2909344747127784 -0.8701353124306811 1.2692115301314091 1.930928902361442 1.4818384564032048 1.4164227182611941 -0.16531025149894524 2.885714840472303 5.1189893846911376 0.69938455317635717 -0.45257505056181341 4.4350676820853288 1.2801891913611778 1.2237557274289481 0.25187455335509401 2.7596941544126836 2.2869427669810229 2.3563141214691266 -0.067032799771280904 0.93450865550611673 2.4281579586647486 1.0795806053282941 2.9137515020142186 0.62196002732807298 1.587736903868088 1.8595707443927751 3.5796635184033585 -0.38804251250593802 0.48970467659318417 3.7781712189309054
 -6.3445512990119379 -1.117490105380994 -0.99659503634074265 3.1959294126884794 -2.0437791851990026 -2.4184177726644642 4.8016652269968922 0.29108599795669898 -4.6958745309754431 -4.5400459979297505 -1.2012992531537345 0.25084972455537341 -0.75062356515122441 -2.1035787686575005 -0.43121758241265334 -1.513833098332761 -4.5578079077556106 -7.3429475041465855 -1.6992850129194446 -0.92245929699361939 0.21545440000955907 -1.9745046952143077 0.056056477638978523 -3.7087755623478285 -0.79407352958481747 -1.9360448762617062 -1.6678215523113216 -1.3688265063269536 -3.3147409003579869 0.35334805687664006 -2.8015777712045633 -1.1025970253288702 -1.8076433602478186 -1.9303184048886726 -3.8467113432349644 -3.8989649410520517 -1.7829233502984159 -1.9052268450462309 -3.2681314753090125 -2.497698792109516 -0.35717094810424893 0.11239976935354591 -2.9846936622280378 0.78014084532657724 -5.7618034410301915 -3.5942678379136468 -0.77401342619285018 -0.33322725475202364 -0.7952682800843669 -2.6258936091698226 -3.0442796548253548 -4.7474727099156349 -4.1609641690419394 -2.63133093231674 -0.89194762064639777 -1.3110508336792284 -0.60402806364626804 -2.806846793149568 0.46175616111379408 2.3886844618273475 -2.6390245202855795 0.59729198732786259 -2.8213141097052881 0.78576219893692267 2.148063048447697 0.5144812239373231 0.84229338058483916 -0.70265671128496998 0.62130427771029761 -0.28557949276254135 -2.8299801857284428 1.2975106343904557 1.280714703179386 -0.65328682598596488 -0.86429210726708172 -1.9181603621906933 1.0600173694458279 -4.3550280772689325 -1.4810510264342991 0.46578533305313236 -0.2681423548737652 -1.1218349931928024 -0.94997049567651848 -1.101576814692484 0.59072017572854696 -3.1136832443856446 -0.89116162839616353 1.6967763322091098 -2.8839256496962902 -3.4002118351084825 -0.96130155087358571 0.016939625716448317 -0.80172871609595575 -1.8961922721154287 -1.7517487448330102 0.099042280336361532 2.6719371109825798 -2.0240062043843929 -2.1007588337958021 -0.91342517256818156 0.031411263109292861 -0.46626633631372055 -3.0711716425341029 -4.1912402724661817 0.50337287692963151 1.2222533522140553 -1.1196386108659189 -0.84259140489793594 -0.74396064776034498 -1.1772797060942581 -1.6685031209812307 -0.43991588129782289 -2.2726900649654267 -1.061766733638426 -1.3082791882614515 2.205705230323709 -0.53382671102311607 -4.0515715166315216 1.5300846547019122 -0.41624793837379076 -1.2115262335868351 -1.5215402966250564 -0.28327291891918394 -1.4413109825316932 -1.449229356978385 -0.54664462641295986 -0.2958681776146555 1.7443241297415153 -1.4985947257817349 -2.2404063949603006 -1.344164568515283 -2.2196071668087143 0.27666556282535409 -0.88059402996409997 -1.9871328187981903 3.7052981364360225 -3.2953255549687026 -1.7272788784395503 0.64498351971428625 -1.5798630266189373 -2.3443983993126589 0.014392407601668128 -0.1564011438052324 1.5120815234880927 -3.5162276711970275 -7.0835894775459138 -1.9440862629784657 -1.6503824059106948 -1.9104251709681581 -1.8822198965539008 -1.8753472249645464 4.003864131440289 -8.0818009573556324 -4.7468143731809676 -4.1101528044662583 -3.3879630990421905 -1.6434876730528631 -4.2477183056341952 -4.8047683630626112 -5.218887551369666 -5.1619558040959257 -6.6430540227345336 -7.772745043801609 -6.4313207404888866 -4.5881134462007225 -4.1976839838888429 -5.8368358596014156 -5.0751216945441708 -6.7292745212048146 -6.5725289848071951 -7.9894073223455822 -5.8961984162406811 -6.868070739931424 -6.7327226457273817 -3.1433963195970325 -5.5000455233827932 7.7075064598752485 -3.915661519783626 -5.1791103407167123 -3.0073205379234289 -2.9595660790661018 -2.566436390011706 -5.7943337650039348 -4.3115177912246008 7.0120256958269351 -5.9957003488919911 -3.4854042671528029 -4.746282448607551 -5.1994639907258611 -5.6829240831495671 -8.0197381326660206 -7.1235746476712336 -4.9935717982485537 -3.7485045799211254 -3.5311231635525444 -3.3853210115271022 -3.6575916752973932 -5.0089748782560184 -6.5093544091306157 -4.7759270868573243 -3.0638718825878684 -5.9639564238399689 -3.280101411455 -3.483646979185032 -3.5850423071666109 -4.4416593778993168 -0.35095340569850703 -6.8993669651281406 -5.4768695449748135 -3.5706287619043828 -1.7544814664173216 -5.9863556885287696 -4.6117883325477012 -4.798330634781955 -2.5921852475906153 -0.88056786191475134 -5.4693266480663585 -5.0713956296296221 -2.7910257223939716 -4.0029313507148618 -4.4806202188517741 -5.211824197528661 -2.4866496670817644 -1.7924663430614309 -2.5976670930922872 -4.8114046444633303 -3.4408637737042103 -6.2336397919971276 -6.5307474466437601 -1.8229765804590268 -1.7907915314127381 -2.7464563693314257 -4.9553758204151475 -4.4208814696122616 -4.10260929838664 -3.3527613958358322 -1.6627048474826145 -1.3052043442709849 -1.6189293565069662 -0.7352842518032634 -2.3447683594131323 -4.4743247105406487 -7.4637785526086446 1.03301757538692 -0.7593890442902127 -0.81940030315974965 1.7322689823469513 -1.1470008340666005 -4.4359268507482215 -6.8484690367660033 0.69202517403721542 1.794303765405912 -2.2035847443633245 0.41155958090363498 -2.4220194172475371 4.0361142509800016 -1.0867762642963334 -2.5809196446450913 0.86357808203941411 0.63528107194638272 -1.0077198279959638 0.55283439654861821 -2.4358302536181342 -0.38645266953376001 -2.3490301332554959 -1.072369632113483 -3.2728924461720403 0.30471489530852192 -0.8689541440430063 1.1685669549976183 -0.98085918481161694 0.62889048732809816 -0.34626046713322051 -0.071224227049623806 -1.628797153235108 -1.8244249805730191 -1.174957648699253 -0.35007203792344221 -1.8659581676724089 -0.83360993023715391 0.49619581052297629 1.0989032388061475 0.27719161931528175 -0.042712521074917006 2.8113629697775409 -0.71712586790988908 -0.60542222921010591 -0.39332620004158803 0.55897788932136161 -0.3895390281467454 -1.2459778931155225 -1.3013869061241941 -0.4035655213993789 -1.8725538443622693 0.92437012369310312 0.20088946822253798 0.72217451070256378 1.9297537556395226 -1.1798604188800959 -2.7889913297364521 0.8231485299654665 -2.2507456910156041 -1.2534704024280858 -1.1350608484168072 0.78712025745851288 -1.3342418262354179 -0.3730081038004302 -1.6767480038521629 -0.64389460910713403 1.2166426255794685 -0.7459169095146071 0.86129832952167451 -0.044083385760412819 -0.9279170954933047 2.1225412960142269 -0.6375493124627909 -3.2671195429931568 -3.1710422330618604 -1.7550739525939048 -0.87847905330922904




