# Created by Octave 5.2.0, Fri Apr 02 16:06:12 2021 CEST <br1@br1>
# name: ptcls
# type: scalar struct
# ndims: 2
 1 1
# length: 2
# name: x
# type: matrix
# rows: 2
# columns: 320
 148.94648745763129 91.872537308126539 91.269337711940807 75.539006919453428 94.304708476819457 108.61197733005578 64.718287556736925 81.297543490838848 92.309833657077007 109.33252754087506 97.880839670515471 92.291578500906581 106.97411880689452 107.83426634182084 107.93216639605242 109.04115541717303 85.662963911797249 100.39082933716098 94.31051207713584 96.033939771833474 96.960732735546344 146.97522114151639 107.50908761568802 149.0716315680084 143.18494445271486 126.39853757001686 145.27066955350426 143.25942923592453 151.56094672591763 150.68730260289774 141.17240196521672 149.76698450478048 141.15129322746455 120.06691434142968 148.96775276274334 145.7911420949001 146.69282352624251 150.28543239706826 149.30300659129801 150.81183377565574 147.80309802266638 148.59066497124257 141.97132861598874 149.27610674595354 145.03477157411129 151.83368929261169 161.49588237314106 160.37465060443239 146.42711618452736 144.22539197400673 139.92918155353559 148.08226858251609 148.27463056099589 146.14458813883809 161.51769082150028 162.47949444118092 147.24860696323043 155.42726350733287 162.998841263613 161.69688522039945 160.3010766085055 161.13197265774292 162.64358116158036 160.77552759544878 80.654541918923996 81.345311850197191 80.854548886386283 64.411682524097586 82.029712162198791 80.112876516002501 79.701654040257381 21.931241884511333 83.797654823130358 84.537390381115586 82.707454436479011 81.925133475094 84.131473167202344 83.09278019794931 83.140088043377645 79.010534266818865 90.245081679990562 88.229406737422494 87.166142647520502 83.784677299686294 84.966122622383651 83.641276524624971 84.686332824988639 82.47064337724143 90.295016298553492 89.138799875974726 88.086067239547887 85.943192563126672 85.865273405017589 84.823941545687873 84.850123663403494 84.274716330279063 108.42237805384759 93.558063027715932 89.266077711150984 87.000672219442691 85.725095717129761 85.397109157690679 85.700359514390982 88.786120093083511 93.563565077841162 93.578635803052748 91.919213633476659 86.792538771079293 87.588283809508653 87.050320905548148 86.25371499903747 89.759989612436115 90.93652150498427 93.027116789362225 95.043760869878994 89.917052094995285 87.754264253259578 90.783952136824425 102.47991871784043 87.367184439894629 91.669651287260052 94.375962293314217 94.162898236667672 91.216171312760309 88.824223656349574 88.62296621852029 89.959219794528011 91.890884274738227 112.92355702114523 94.722285073098973 91.352584886659599 92.765987181156845 90.188804007481394 88.462576535932826 92.153380329701207 65.739949885607686 88.872968903264919 89.292189733092087 92.453903476387609 101.36552383660508 95.584016133540203 90.980536592679016 89.802027908759726 62.636804222964315 131.75380876378114 107.74388367121496 70.287775591094089 93.53546294437065 93.37102808872153 96.972525400359444 91.208304118694599 65.714822785122593 129.01461689416445 114.88282821175819 117.925900620709 87.986716352082809 93.070591256997034 93.171594525231143 103.99030505224563 86.933226803589719 111.8601188429075 113.69625034340496 128.42380869663194 109.81682388248258 100.8952073073461 92.263596434448928 92.159413833426129 96.351508637623795 112.88731707000861 111.37252075050769 110.53254636381062 99.448677211534346 85.664931240318936 86.437265224865101 100.92865169444957 94.989798148986139 117.52014304840935 109.89671945178726 105.70545112604815 98.450362015190905 103.1691992277285 107.28205750965004 112.89317139672647 106.20442255986012 109.9122537775945 156.02907498608459 135.26666456208753 97.374158040724254 138.7844585520393 93.101265532920948 90.979348657628748 97.463189304951442 138.38486550195898 137.45558586998948 151.04942045489986 140.87252059052574 138.4778942880144 139.72116352726812 131.58673218589709 121.73375520412958 137.38153056299595 138.88079054744244 138.46318166875335 140.4007511811084 138.04499575451916 139.48540920467835 141.79119348353788 143.8634022087486 134.79528270978969 136.51391160340114 136.0086332473719 139.38104379267179 132.70476361648372 133.8969657543584 143.27186202957489 147.42172275415902 136.4684126342452 134.43020050756587 135.26241734514639 133.17010187861868 133.23083231405181 130.58150498887784 146.9569131967674 141.07449484592527 129.49677009682497 134.51415811650338 137.34783263105723 132.50318504229989 134.31882800336496 146.43011830696446 147.56012471347975 145.40357062725386 168.20066774172224 132.1509843968787 136.23456707647091 144.78935570248316 148.1490923018809 157.79905996818673 154.43163144861413 162.70602264865465 141.61366782233421 125.94069620109326 133.08937585313777 158.65369015041648 159.45920876182768 150.82639066554233 160.24991023689816 161.91862341684535 142.70899790074048 134.97110868129622 158.86798685065713 159.96045811650743 161.3310308613346 157.52917387802421 151.00864391041108 116.25137934662661 164.82942770887902 163.63962881095415 125.82720038355637 167.20309521757457 162.73258265477259 159.1369949174975 161.92953718471571 163.53056623852234 160.33630210588294 155.54955474704644 158.16050462969011 161.79473667148577 163.24408744903201 158.28945028436652 162.11408547449517 162.68041748832078 161.14189874438438 164.57604722812016 163.91790120826064 161.27478100847114 163.59922240541252 162.94762938176208 163.81772779562974 159.71691834355872 160.60657410312783 168.14149113385596 165.78293289004478 164.91143630730144 164.33070356046986 163.89157365382022 163.21014401763054 164.47108309654109 166.0184774790292 165.48063804132488 164.94078328266585 164.33255103480238 165.93074827926455 164.87363983274966 164.60760866505186 169.81819272058999 167.41000000948299 166.75724411637873 166.02170044726464 165.39646287248496 166.77733493480358 165.57748052464225 169.08581260565219 163.54177423208054 169.69770292437761 168.24982362171392 167.06787475245483 166.45819859900109 169.26778897254152 167.92054337541097 168.16761057780812 160.88396693916184 169.87757751529392 169.29114726280545 168.17952569205326 167.02706741901414 168.8557412003621 168.66787733825382 167.59415484981503 169.70020901027453
 20.660341673896763 69.198597672957831 78.25611102588924 155.29747804316926 61.322565334290637 80.120056971113058 167.04733047392335 103.99847561030079 2.0817293319827739 13.323220137076088 62.165967938340621 77.854717990651523 86.142247313103695 80.860967985875376 78.721299421651551 78.570372795597649 7.0377451112793166 1.4013691614849595 65.120513136845005 62.067730613581148 61.410410034089381 56.48936564899104 79.823207882380956 56.479551313568024 51.716869039277739 59.045204956312844 52.643852228524004 71.757457621344585 56.508369672203607 57.637857087875368 59.237187552765114 58.8872772571006 49.22395378853836 35.654609321852902 55.387411227156562 54.495650886087496 55.221819831436143 56.522687628525382 54.269365108631 58.795482269644367 55.019638022619432 51.459359097051355 51.526241676089477 57.742499242816621 53.691321494318281 53.509898615691576 86.923497298047579 87.222017614942246 52.178996858927555 51.538130232594888 51.059826524153166 56.098220929713833 52.591886540036079 53.2722585555479 88.06061476514769 87.522008080663497 53.080736173583873 58.17478467187847 83.898295673275982 89.461879704689224 88.315648217130615 84.955675191689906 89.990357997569063 86.112108015126651 78.648315887824793 77.565306114718581 79.709346676813894 77.366789852427743 80.010404527777894 81.061819107663581 79.749135044571318 117.82070654154462 76.823461484105863 75.888609248656522 77.732259834083848 78.991449328011953 79.390090064412959 78.93679839471848 80.063619026612031 80.611910476133048 76.328598910487003 75.855706986060994 76.372480727904787 78.108277300875301 77.26427903511491 81.196741066017779 80.299625017542212 81.039228305007626 75.123873206358837 76.908217340579412 77.145006289415264 76.927914153928413 78.028903260718366 78.489067455262884 81.388842111311462 82.326772493959496 77.574405277376741 78.205691621403844 75.759015198744564 77.482808945546253 79.473199248771877 82.506833673500068 80.693831368934397 81.95518043424002 62.329224335402188 56.020916901090402 76.754940572178597 79.051102023242478 80.045558630861578 80.941647505208337 81.645959647442652 81.053548188201219 61.951540845203851 77.126585728776291 64.385956123551452 77.692643256968253 78.372361941730034 80.583035396081314 96.737837166730813 81.979075324570204 61.047343275434528 58.645094836216785 63.552451958985991 75.934490612750125 78.088501133905297 80.430326493920745 82.291513161848997 80.215644073258659 56.127522041261493 62.357690876769986 62.978361992986457 61.551705637583062 78.736933514675087 79.121745325733116 78.965515553680873 167.46164056832632 36.715768304203429 37.784403099599054 55.650462944018223 61.855931412496815 63.037427913537712 77.280653523425286 79.917305402709829 129.62362299835291 13.176435713655374 10.624475166844837 47.549271430924719 54.795131536679605 64.339044723987101 62.670927296905788 79.407243637198377 166.27634467881848 11.756527593983206 2.7843332884407541 11.899858369484338 37.484321752005954 63.320151730511135 60.580915262332134 13.760708105219999 8.2759363163914674 9.1946757787429103 2.3406743804524734 1.7510845242866724 6.4717684110222713 2.8073411323634017 62.456107909817497 3.3177172690744836 1.6385829957810369 10.242427978841912 6.6493541435906733 7.3979185534694638 2.0757837714064826 8.2301131594961205 5.5882396454681622 8.6247883348003072 2.1116880630078296 33.54110250963155 4.9754631270590099 5.2535485692223176 1.469521955684822 10.65378525944519 5.6767720002223818 0.32778794094027441 6.2276356234199595 46.801015994025406 23.797730971220695 10.34356252556948 1.9293827048137338 1.8702301411887721 2.8225933170782938 2.6569271655704876 0.79347764694108913 10.086105062703892 8.562587237524836 2.3506155213462874 7.3288838190957133 7.494916264825358 7.0289881959940717 3.3756295152996758 43.849126420807337 9.6658830464441827 11.045387931173256 8.9992310374483608 8.5113194258703544 6.4830025517079433 9.7796666473949081 50.123270636128808 52.720542151582499 9.3046560156292202 10.416005964756307 9.2211935934152347 8.3675972545363475 3.2152600813541947 6.592419490217333 50.497773468694639 51.824049264834393 8.1206144919170349 11.397324351598966 8.3042898592777874 7.3839495106940403 4.1636773371924072 0.87358345528577119 54.274982331638185 50.893346617414494 24.467833131981308 7.4284919044247353 7.3447812275607589 6.2558399757907832 5.3505890582625852 50.954116662762267 50.631095705050896 51.446190702748034 0.66523681577783655 4.2513684493494859 7.0832302206148343 50.609223097301253 53.809260878466034 82.495107945685689 52.975507488598979 85.135396920686617 27.736412472998914 13.460982855210418 5.2810405461620116 81.501985024193246 83.546504561560965 73.987397729818895 84.388628377876515 84.174954364918577 27.84064959016721 6.1734716496478885 82.565010821785563 82.445960527711108 81.170730885349641 81.363721480131218 59.893388258904338 167.53088169760883 52.513513142185381 52.383231842348835 93.786170298466473 79.495464203418209 80.318117063835956 84.642097300272624 85.825166838898312 87.098353080587458 80.521017684071353 67.854077489007423 76.458958546373921 83.106999117250439 81.813795223717506 83.551479174075197 81.922370773799543 88.843609044970378 82.275873637299213 79.892071465211245 80.852106875026806 79.986849925094603 79.49498294137608 82.808704586673329 85.269999291517507 85.648273313706412 83.329666605657081 80.097942218366413 79.67732198110015 81.242162971021216 82.144074860293088 83.185039034454093 86.102332247184236 86.301242716886179 81.282396547461545 82.216104751435722 83.202031929126619 84.210594438036736 85.526188900276708 85.267589408654629 87.955924965710835 87.173872765212224 81.278073385890494 82.211914751893602 83.21565852681212 84.163451520009318 86.824288302534057 86.641487163340912 86.096838192830489 88.217092173515255 83.804279161252694 82.348980399080631 83.476177608771934 84.274136644091456 80.091912207206107 86.687261720551476 85.505557154082226 101.32335058630269 81.747957970156406 82.729218967216383 83.480174063975952 85.830936035690854 81.351743962275961 84.517562441387525 84.395150736118893 84.951354577392749


# name: v
# type: matrix
# rows: 2
# columns: 320
 4.4388033362693289 -1.5491047806532685 -0.75797369464657538 -2.3617106020879088 -1.8337141920647759 -0.88414652144518424 -5.2588541852369337 -2.1848560259870178 -6.2839039672491488 -0.62397535907694635 -1.8038980551810782 0.68738676871048854 -0.74118715823311598 -1.2299690517593906 -2.4153188196373221 1.1098165229615862 -6.5755508780972471 0.37049785851294575 -0.51528224974675174 -2.0164033770171086 -3.8296129939333481 2.6817116426058614 -0.41445662904368147 0.90094662093959266 1.6596459192900324 0.18963793975630527 1.3223136046898256 1.1313036246855084 2.0951475223551856 0.26663576770344122 0.076597165524798977 0.32699315424622438 0.70632973662941378 0.95492287514684171 0.049191277479472773 1.1833838193599429 1.1924009293140858 0.48163266425054463 1.5880163180399665 0.27945781830643568 -0.075448437902363469 2.0342080331013257 1.7449198981884875 1.8650703970740177 -1.3187922648186186 1.6961192366017308 1.3325770123172458 1.0571779484998971 -2.2604639269439124 1.5940434448467942 3.0504243678395611 0.88317194159523338 2.3848714057855545 3.4078154411044541 2.8731603251312778 2.4842045457740833 0.78486336316949035 2.5807933735430915 1.6976486409085927 2.7674292334477331 3.015548792115307 0.56629368923702994 2.3078518270740074 1.9967874179296263 -0.77106332138682521 -1.5454066064200738 -1.8168553492269199 -2.5555409142093808 -1.7401024117897514 -0.78259988861938445 -2.6617589378313729 -4.8083481724781443 -1.5932207052651615 -2.803325260552282 -0.5129933643422987 -0.35666278986011629 -0.72850122045541477 -2.4923997841452254 0.36310258831511794 -0.70057905736074821 -3.630102314680236 -0.85454222799797874 -0.83540634482541021 -1.8750563357702066 -1.6003966989125966 -1.5213953738011381 0.53985691414541292 -2.3941683492434143 -0.92004473987035373 -1.5599971640981267 -0.14078403637170467 0.4432839933018351 -2.0281180433616472 -1.807625490732522 -2.027406142215435 -1.3688287266173498 2.6977588527030529 -0.098568698525666215 -0.8131033216240573 -3.8173377246147093 -1.5212835130743714 -1.1221510488450099 -0.68040807395816061 -0.3383174035877205 -2.1236449001164024 -0.86008185957081706 -1.7625086724739707 -0.77060033237283188 -1.8521554283504142 0.070754125942376178 -0.82014067598187868 -2.889784996879623 -1.3468961813245492 -1.930586753282038 -4.9515872976286168 -0.21193524866435862 -1.8463746507339762 -1.9575583713118978 -0.98235940944024569 -0.4313607520924565 1.5121051191868391 -1.6371851476197277 -0.6719047450086566 -1.4115017945214976 -1.4155638729772069 -1.330384119118702 -3.9687222009429601 -1.5093256363334167 0.63942593884555221 -2.0965744244598206 -3.040611937568706 -1.9448126965635348 -3.7228862428972622 -0.83168187566810958 -1.9676762171076796 -2.0490294230438457 0.21355777102610807 -2.097761706518086 -1.197291658413431 -0.94314333146569318 1.0798124546592154 -0.95529045684983194 -3.0646188049267313 -3.1420302346738094 2.0503194377782759 -0.018888538791593794 -3.3052369035009281 -1.5030783706967472 1.9225219483443521 -0.86466038100415754 -2.096188006765856 -1.3960372860484473 9.2096492148494384 2.2278104974902604 2.9290544254613664 -2.5947080450395354 -3.4614626716983592 -3.0741975153163712 0.28301216482355873 -7.0599888115543461 1.1812514312190947 3.0005520816553175 10.266917870352314 2.010954871752157 -3.4449591567880091 0.27050207026234363 -4.0752186216101141 -5.4746508532913056 0.52973378048213826 2.9130216627279064 1.4030268396403487 -4.6193087754713371 -4.7948450088497729 -7.1787377959687406 -1.4529014560330804 -4.3414832380969326 -0.31910471256220463 -1.4292874582109236 2.6357373972456712 -3.4150560482472145 -2.4247536195060548 0.69476624038876111 1.07070106699511 -0.46746838328335361 -5.0913061521010965 1.9063454546835059 0.38126268881908976 -2.5968828415687106 0.29073861035588694 -5.1384047049712089 -4.9778365394634436 -2.6162381020215335 -0.84368733035829779 -0.84853314319005169 2.5327848163482951 1.9668792976086735 1.343138176209739 0.8886545434929114 2.6248324014078448 2.7900351269563872 0.28503430203217828 -2.2153703011906307 2.6856341066165497 0.80297633367881971 1.1435387653791704 0.032170447875772987 2.1737861165547328 0.32691439480299433 -1.404775952599133 1.4121004477814552 -2.1542402619021952 -0.013723952723411842 -0.20751436023469172 -1.1471656436069257 1.7120197105556521 1.7036805995739586 -1.2413321308038487 1.0763091181225224 2.7823035246831758 1.2858644313434291 -0.064294404821837375 1.7392241820734702 -0.34926527734782875 -1.3984648040714656 -0.92266956557525615 -0.96303091903704674 1.1541661664575027 -2.2020029451358671 1.0297854165740483 1.3826272872604719 0.10204718239306683 1.3817318259996707 2.2728166734052841 1.8861786655340722 1.9437754758680468 1.9477345107012758 2.4031653605436794 2.2825723122767676 1.6039025045154522 1.6350686804666752 1.8872337798072671 -3.8149525754224811 1.9232476520926232 1.1696961477700671 0.58834974990690991 0.79445250808365253 1.1094350726651263 0.22806392414729554 -0.88980544781476489 -0.90969604303427487 0.23352334130530772 3.6515730838473117 -0.054520968057776766 2.8498684127091058 0.085020893585253055 -1.1396072695747648 0.67846874448872518 2.7195570650173955 -2.100086601167332 0.83663531271530978 2.8055581225289408 3.1017883381854188 1.0756376644804786 2.7465258798583316 0.67454967622430928 0.88167391345715806 0.51532177851477956 1.5977371943978671 0.87568292470843512 1.6566643284871132 2.7932791159288888 0.85516880977187704 1.5489152195188838 2.5609693645580305 1.6359526920549874 -0.50520964664606238 1.1959383115524458 2.7079346751418849 3.1269319898021064 5.5759320116399191 1.4541895494657104 1.2807543358957327 -1.0339796386748881 -0.25939995780884517 0.71362834651108753 2.8771835222883948 3.4242398096899915 3.6399275982862882 0.43818244658615668 0.29881290772723856 0.023478829163595831 -0.19497887038955591 0.57098622469973892 1.2200015112432536 -0.28946517503841479 1.405003998232214 -1.9820255765978172 2.2781850142607714 2.0374158540148306 1.5248143985483049 2.2043706403621117 2.296640058137442 2.1226216025714781 1.4855295189844631 0.27280332686033565 0.38516555368772976 4.3322995614642767 1.2012928759970067 0.55246204457751502 -0.83874123198518036 1.6285135996033691 1.0795806053282941 2.1316088752482707 -0.0089200355065476213 4.4487313282870797 0.29394210296312229 2.2121276066363587 1.2946140498139516 1.0911355645363336 3.5631180596969099
 5.5987895625229687 -1.117490105380994 0.68265648821050751 3.1959294126884794 -1.4404047684397505 -0.85184154404789525 5.0170375365106343 0.29108599795669898 0.87669714077712579 -4.5400459979297505 -1.9150871978719284 -1.575504122293772 -0.81039780598378297 -3.1003433279953607 -0.67505404938885383 -3.0695852930582621 2.2107262823560747 1.5911673918159097 0.13169731913369709 -1.3133793683433865 -0.82955991815537233 -2.5465492679587745 1.3229401481109961 -3.2113549526479885 -0.35105119500202492 -1.9360448762617062 -2.1334553745316578 -1.3688265063269536 -2.3581491418522509 -1.6954218256993103 -1.8863316855641648 -0.89977871954738353 -2.2200131275214061 -1.3575735504779309 -1.866638655229081 -1.3972469532988281 -2.5091319313859781 -1.8825268078003918 -2.5412306749395381 -0.54619206386132879 -3.3039421783588057 -0.74781781981157069 -2.7875244088869997 -3.2939694138871296 -3.9840797836003272 -3.0630822844400307 -3.6272426045101671 -0.16534189578573866 0.015835386555941362 -2.83394685853836 -1.8569922609195155 -4.6019626327001504 -4.1280649514858387 -1.1712716505206651 0.99527832128976956 -1.7767655877930795 -3.8300057850647149 -2.8624243468958199 0.32332536531656919 -1.2977567060206707 -0.048462272438346506 -1.725454955049736 -1.0263638026353785 -0.75509479521647527 -1.6978162241528116 -0.35030035152290712 -1.5282369857502665 -0.70265671128496998 1.1814831928567986 -1.7234350507467198 0.98963449803126091 1.2975106343904557 -0.88336344638608266 -2.6572805934571679 1.4568050626640161 -0.68141935757068339 0.51635322188234722 -0.15609304436202182 -1.2920243130184152 -1.6126172723063408 0.38120238119487543 1.1732047056553563 -3.1810717786805913 -0.7399864102353737 -0.058222192018847901 -0.52810636959842583 -0.87276622139163351 -2.3834108714348874 0.054810721772046933 -1.7720822461031551 -1.1532795672461873 -0.055821265309992041 0.83593313453140083 -2.2700268198417399 -0.14940724607115868 0.025855704705131155 -0.66838584832772374 0.43446850107804469 -1.9224646356864061 -0.11414882720268045 -0.46851655984272994 -1.9394363097215142 -3.1043091877598687 -0.2702287757471688 -1.6179920886376975 -3.1022954092328203 -1.4651088118653521 -1.151309132954663 1.2842575997783214 -1.2439013558578804 -2.5283108705759827 -1.1997671134524006 -1.9777143463797384 -2.1669902772736855 -1.868230761806325 0.3394920218248626 0.59721889664738159 -2.0102706458661213 1.4511542305423721 -0.92503500060244548 -0.77365408513759459 -1.0605444436955513 1.2591287870921954 0.44791400823715816 -0.66438113930091924 -0.82078510663302973 -1.4845690437597181 -1.9575402374940092 -1.4985947257817349 -1.8351989041986863 -1.7458865243483943 -2.4098061211313948 -2.6781399711301912 -1.7009104275584455 -0.040601525978034528 4.2802354993880316 -2.7306659579527985 -1.7193531747096573 -2.0598348081517677 -1.5869886814609546 -2.7520062525066407 -1.2400385099776683 -0.41579494533385242 1.5120815234880927 -3.5162276711970275 3.1413217421236785 -1.9440862629784657 -0.19896577890207681 -1.352684017715535 -1.1290323710569066 -0.24520347185168895 3.2135544589745626 5.3255055829953539 1.2759668940215261 5.8476518687659436 -3.9605483997880127 -1.3569493396988179 -2.4123188042447965 3.9756514192921975 2.550688324528867 3.7930965497726592 1.7720347101360576 1.8863779865576682 4.5275675132080853 1.0687979698968908 -1.7907164090905177 -0.44132506757312734 0.20818887052320126 3.7740367320944705 2.4865353682473503 2.921777497289431 0.51380591927138419 3.8535123736516455 2.1072738436523402 2.9873404674379849 0.97680120546245663 -2.6530697814681132 1.9280489868598893 0.46711308929945106 -1.5378133094032069 -4.5983608034962797 1.1981916653550977 -0.1298991170911829 1.9422065671390984 7.5887839945288658 5.9957003488919911 -3.2236231603031147 -0.13935290391877231 -5.3422207117402865 0.19003395933895895 1.4850423214794148 0.11863499064236215 -3.6623202922792815 -4.5418212092478552 -4.4806091023851753 -3.1564392040883984 -5.4749772335412565 -4.7272137301221209 -5.2498797859278659 4.4351460013733561 -4.108870874893813 -3.6539084740329471 -4.308478188565374 -2.6375423446416253 -2.4974420251950078 -4.5024003530795671 -0.21921427055559967 -2.3672614188474705 -5.5233467144127317 -2.1224430718057397 -3.8163165965671766 -4.7030761068682274 -5.5464813826912627 -5.5034723935405809 -3.0097303116891641 -3.0286108746173115 -5.21157888793587 -5.1492637658280938 -5.3622260525005956 -3.7796153825594745 -3.4179809425256962 -6.8214165576600978 -3.8887939697571672 -2.0275566542102381 -2.5976670930922872 -3.2066822569065412 -2.2042923126533935 -4.5160526654884183 -5.652923412506432 0.20767031231078975 -3.0390348879926159 -1.6760149637578765 -4.9553758204151475 -5.6502672307846744 -5.7543405659893185 -1.511616827358877 -1.8712075117668496 -1.0496080233864162 -4.0373863935836658 0.85882610359548106 -3.4789385235956001 3.4664148036242786 -4.4143386470200277 -2.8471977833843733 0.6824796966699227 -0.81940030315974965 0.98618269771165823 -2.6878163948183942 -3.3017566865657377 -6.5912645776195218 0.096300869160346317 1.7042725959232312 -0.39787251812886876 -0.49496480683814376 -4.6952724250479996 4.0361142509800016 -1.3066592373946202 -2.3610366715468052 0.86357808203941411 -0.95078777517004343 -1.3576805462987591 -3.0438689020349239 -1.3706132472170027 1.7136829197334915 -1.1986211272632246 -1.072369632113483 -1.9795123299974435 -0.7972766898579452 -0.8232971624223091 -2.5410088003462277 0.39891710553978843 -0.17121940604123242 1.2079917436256786 -0.4163756453673752 0.44810855891918655 -0.42017543757999565 -0.69275028512991432 0.52713380407439558 -3.3221443052782025 0.63310185488862381 0.36531087536188706 0.98039403028883187 -0.89742961424424694 -1.2856286255065523 -2.4153201366639294 -0.68426285038365697 -3.4927404100747563 -1.0524757490203602 1.2865030987709634 -0.43511525513268479 1.3117141946872559 1.9828176229820147 -1.5048705752115035 0.23985854272621704 -2.0300691655608505 -1.4572459846763701 -0.81502963301758691 -0.87203734081877582 -3.1896051921469635 -1.2435609831491155 -0.59882189575817024 1.5404876462576724 -2.8820495360870337 0.63152965393309635 -1.3759531582376734 -1.349566717084089 0.029863397021997196 -2.1546895583076959 0.29524715300265725 0.043523835659978624 -0.44654945811928998 0.86129832952167451 1.2800710120454357 1.9001577717146483 0.69221831519702937 0.91395957720788368 1.411145934991588 1.2400707734939975 0.94014091022687973 1.3110124655729545




