# Created by Octave 5.2.0, Fri Apr 02 16:07:56 2021 CEST <br1@br1>
# name: ptcls
# type: scalar struct
# ndims: 2
 1 1
# length: 2
# name: x
# type: matrix
# rows: 2
# columns: 320
 188.70212819758268 77.310952369983966 78.277997856095084 53.338927259827202 82.896753862830792 107.28044113788373 32.359398376051665 60.75989684655071 43.711283518919821 115.67058670572727 83.003003112750321 78.560676366056114 100.00695951951337 106.07567674560906 105.23664183894691 109.41871856979232 24.300889484370636 62.585966966202591 79.441935794049641 80.216889840355037 81.567813990814614 154.91737841848069 106.34286074070445 157.12002866720181 153.75627129362547 141.5249828958556 153.98544363636682 153.89368330797384 162.09099437233058 157.11926665854099 150.35156244292756 156.17085465143333 154.30445718405193 142.31802247548961 160.78878332689496 153.84551257094563 156.13595399474681 158.82656712573575 159.1565174423759 155.90576703291353 159.07243428393014 160.24501652692487 153.38548049908292 161.92082286862592 155.10358427638377 167.77721011666236 175.2183889912136 174.56963051281528 157.01732265197035 153.11743652393994 144.90252412660521 158.07378037241384 160.25586135757172 157.02363502848277 176.24362471956584 179.58588026476252 158.09806207545014 163.86384087453129 179.01380074936225 180.67647652828214 175.70330783201064 177.438300278197 176.91282707677294 175.58220699265013 67.703325888798801 68.679363302740413 67.790758721891066 40.389597930523195 69.025545071891884 68.67153697922501 70.273260681607695 23.267230936782894 69.532298072154845 69.528084099901079 69.613162566547331 68.52727266851754 71.517368835863962 68.510146352041446 69.510561864101106 68.882100214510942 77.589438919833526 75.656828236484188 71.073888703440673 70.676967787814803 70.77399653546739 70.034978239759852 72.393467285817636 71.008027786806437 79.355593383688515 76.534623004405475 75.314701353153353 70.863338003827025 71.759850808641602 71.583909721291818 72.449863100648528 72.120100187585322 104.31532504722099 54.022615488858548 76.755789976605456 72.059193848165691 72.57880255437324 71.112608847592398 73.486174438848678 70.032484132311993 79.804646439315647 82.188157561901349 78.806611215287788 72.907071909181923 73.939696984251427 74.492239713883819 73.39279482425215 75.531310441629572 78.721129923743192 85.929818493385454 80.610802538604347 77.393196220808207 73.870734721313667 76.669423539724704 93.245740269105028 73.869963973238328 65.042794723911356 83.190484844044832 78.242368990514791 78.683837019146623 76.327033153883008 74.794654234366462 75.147260141654598 76.316455570755252 117.85811066342775 78.627771441484356 79.07587164837291 81.011088720078249 77.288159849922522 75.190486997309677 77.480749290913366 40.82072959508438 75.379431748242595 74.213707037211691 82.868462014129165 97.724759806721607 81.129820162878829 78.653869401320691 75.919526890291905 33.101720017036769 122.28955940220773 123.4350128321111 39.218548698189522 81.043134894179516 80.205462945214549 81.76319763831188 77.812699981264288 41.176075849636234 226.06822434309305 128.98551163055683 145.99366535421871 74.456963585989598 79.067296845046528 82.083739078156569 106.67781739731893 25.567746395981825 127.63470741287644 117.47813677759765 100.96536642373511 98.908374308132579 63.967909455739566 80.79586100781799 45.065848995719925 64.570832341828691 120.97674081632805 125.21871906355784 121.08062600519877 66.298763148942044 26.756837761934452 27.347162090264511 89.620476495361203 65.297671977057803 118.77347250497942 103.00840014379658 92.184598602924268 64.665085810371579 94.954148193914065 125.00013311048406 122.72716328527983 86.308055923295157 90.903122942404963 174.53283088638779 144.52671017343818 63.370996900942394 165.84970813755774 44.192767980599257 45.006331236859459 65.51958969311309 144.68696021283534 147.78865342014217 184.02237372307769 174.7113402145705 173.42917967641372 155.54162883181908 123.96313706092478 126.15708958359804 136.80762689846267 137.73530727763202 153.78783970434199 172.46851752554667 165.033650770256 153.16405175014935 154.49182541659258 156.01836610272267 123.54292853864352 130.82065320578536 158.07430338500373 162.74541879986003 156.95019090784538 117.65638497659504 155.47443682741348 157.65601328567033 162.50200452746728 118.27219751150942 158.10002338353885 123.64810208895271 122.86341694913368 126.27154728594478 158.10046248026538 152.8088982689352 116.55109644388511 122.60501790657783 157.59720526710291 118.73371623852732 223.47025397400751 156.61124052396397 161.59305932150392 155.62171832947232 189.56514447173382 116.41165453450948 159.05171232336303 154.84049347972316 158.6943943396567 172.74829914553041 169.60078672540396 177.29510280653889 147.64673234045736 89.518290862205134 128.97000090171875 173.85035832411742 173.77736480229098 158.29424424154976 174.81890678017609 176.06509190709897 146.55680160066004 124.02566938916952 172.87861248860477 175.0024394189418 174.27418837165135 173.12173684502955 154.81375718330349 105.53907101261217 193.50071221491871 184.65675298168833 106.08638633259466 181.8285888371031 176.40166506552364 174.01635159152221 176.85735658412727 179.18974345683998 166.69108750257806 164.75727503833403 162.69222742486701 177.587826682112 177.88512211795435 173.33622835192827 174.19696099645023 177.10536583604014 175.35239804510283 180.6192376073881 178.37710033773695 175.40044059767587 176.95769180293806 177.09121383900117 178.5918036336264 171.99255521667914 176.11221534873829 183.85919210062926 182.05907334469086 180.70403680687002 179.54495597375742 180.07493332507315 178.51557337254675 177.9466695626065 183.40017916284981 181.47332756369332 180.87480297161349 179.74831412631943 178.73083342664961 178.30114522537238 179.78614652574694 183.71655560821742 182.54621399647334 182.03493842733835 180.45000998051825 179.32599732342388 178.91504218505895 178.07038166373431 181.89966331871253 180.35256069619302 184.46733483158567 183.26006416759625 181.59502791651585 181.01547749040836 184.34707688812594 180.92972265843662 180.68741193015572 171.03202462925924 183.47087261848574 182.80022089900655 182.33583659814457 179.90754071905354 183.88687243894734 182.47333358031878 181.74409628555807 185.60814789380424
 73.681879733762045 58.694190682379954 70.598374325766187 185.33921452242126 48.133828075942006 66.651755320072851 192.97520747653678 106.73468399110511 8.3405630187801361 18.547155405395547 49.301813897264985 72.887332358742896 78.524507936857873 66.589031609825085 65.856382736779111 78.319794906719466 32.197877898663947 12.467077085232265 48.476006560282805 46.455131134959842 49.326997575958607 34.05982095426004 65.557107491749264 33.928289247403583 31.609001356068969 44.717232237811267 32.657551615889638 58.890488461866774 40.222634955101768 35.093058259425625 39.165565231835934 35.819304484682903 29.620416726702562 31.832207464734985 31.494100964875695 34.587199551420568 33.543524984849007 34.160207668564929 31.586789053887649 34.632972076200502 32.908841483430038 29.387734906795078 30.235496440839462 30.339870210263566 32.938316476682459 24.71692514195464 82.153239267531532 83.127962179419427 32.820399455917141 33.554273882829875 36.893618296356792 33.411290352584949 30.550934635265541 31.695015972900489 81.888452347743396 84.292625349497143 31.164554230268305 58.755953828521641 76.879897534732365 84.219695772735776 83.196336314755712 81.908144760350268 83.024060597355088 80.932050881495101 72.497254287623349 69.310980086820535 73.74848584289191 70.761816766339777 73.980434382054796 72.910250969217643 75.586437884120286 130.01730650481218 69.868402842277163 68.372663045346627 70.95483255392638 70.614541306052146 73.004436061881705 71.791595373107867 72.06567459383281 75.126506152171132 68.827111858060121 68.284739934018873 68.431046891340145 72.048385718478229 70.844202680876393 73.23290731627381 72.305533550732335 73.921387675696792 70.717655715578047 69.179906576005067 69.331374802312027 69.55494099384002 70.433186320986067 71.501804280949216 73.588989403893834 74.703339259907878 66.498901070593334 103.81726538705836 67.939482221084134 69.338973776541607 71.101933394302051 74.956087095358399 71.669935017913787 74.342429208552616 47.510558850342029 39.086304560873145 71.648289092943813 70.069648945808154 70.668510841726231 72.902854432437991 72.812027332843414 72.50184111109067 50.651629153430079 70.622205846259931 48.284786700369409 69.906589745978238 69.492191246844286 72.196508119418397 110.37868693383298 73.978782316277744 57.970458211302308 46.969799670696389 48.696808245164704 68.28627325301899 70.319041400612051 71.561755291437947 73.884199188134062 73.661340817897326 45.860268881634319 47.62310427237577 49.524092302626698 47.258232386619675 71.083506489396441 70.506690922572346 73.393416674458848 196.84773066109076 11.045894476681553 11.509211012910576 38.149023403361078 49.778305558411802 50.705281001489418 69.380776633128193 71.38824527290744 143.83718931912682 30.812358271515553 36.258776519186718 29.274860558931817 38.836881052459347 49.310720896632887 48.204875542094925 72.192718733323829 195.68063432180284 50.468533350300987 41.74116626536162 65.641620015238345 10.370052861182161 46.634691478218691 47.058950184550611 50.731433872923382 32.240297658682366 11.41907073965816 21.271289764385696 8.278127940497324 40.727418595174768 2.935325219541193 54.204173243457497 6.6381672077431624 4.1765680085916808 45.489100025716596 33.725207338080516 33.047223347445311 11.644174519242979 32.07733268745708 33.405213735207575 36.332725164501014 3.3226470522930263 40.97087239881396 26.003284165026876 12.914253766557552 5.4802767810540276 8.0453120835984127 12.330258404540343 1.3094919829997449 28.219063134879764 77.676873127298009 75.775115347604711 10.827005735757545 4.0820360678341663 3.1809287665237305 7.2483443894424306 7.9320311689153522 4.7694131476064268 12.044415062680295 21.592697207267758 30.213771201533071 8.7801601020295692 8.1773456590498945 16.213749631331499 12.7066737029387 84.008754191980714 14.628993533016306 14.119872693346931 22.896806835795982 8.598775812713308 2.3058606603241629 21.78611787898555 30.773485425300102 32.290337982212264 10.443654436209094 8.6259922523764239 12.617324169505288 8.9889250801315868 5.7958160067982432 5.5118248339408735 30.167344998835805 30.044982737075724 7.9018677501023911 4.0987374612488292 6.0279015469273203 31.013100788890803 9.6573717621628408 34.627609123110553 32.267591327706569 32.42554505448205 6.112670708928297 11.146874702904638 4.9329595017140333 5.165392932600386 21.479520853983786 30.16137386429401 29.286288034368422 31.177361382772816 45.915295896126644 9.989169308665673 5.2601452707072731 31.819159569637847 30.213087974266443 79.430854937636113 15.021905891839246 79.965749759576482 3.7993958173617228 47.671845503563922 21.426608783115519 79.412267799811346 81.021351738611457 66.285034880110402 80.123108276527702 79.728471668372919 4.4425507851045163 9.4884164629869598 81.856227078335905 79.013414701444063 78.17751441186843 78.22834611748101 35.068299109348096 194.5296443431572 52.733762382595145 29.362969369420373 101.90380426962771 74.901936712043081 77.244892732167386 82.08061078333337 80.990045535635929 83.057521972069736 79.403784661522934 56.610882813147313 59.28252627244418 77.894124889599638 76.798075750541301 82.875471264409938 77.134645774645819 84.445097319324518 77.714791692264598 74.356596376240844 75.805615396660642 76.415240173324648 76.047617547116815 78.884173515407653 78.192720710813077 78.218660156146015 78.421431141730523 79.008036842272716 76.056474029201127 76.073293074714414 75.904626037013671 77.048068194114464 84.251868952278883 80.944668876101133 75.156475322878521 76.964089356976672 78.04854550402699 78.1667650371798 80.162505298970927 79.240654482269576 82.185761878682314 81.160558157556693 77.069928721570761 78.020796552805308 79.064739613022056 79.11077847056913 81.411792159939679 82.954098232576854 82.709781790179761 83.172641199952437 80.508993410818462 77.9975316171641 79.056868954480535 80.03743314631626 78.064495471840715 82.269678378957664 81.029298723530218 109.41955488381177 80.084070682557169 79.108632927306061 80.083421303127096 80.131130291153639 76.982740571147716 81.713332386654713 80.982935552983719 79.977130712274104


# name: v
# type: matrix
# rows: 2
# columns: 320
 4.0452272840958052 -1.5491047806532685 -1.3209329460944581 -2.3617106020879088 -2.7579830395591043 -0.69758345181090264 -6.2106094508590788 -2.1848560259870178 -4.1895883312088928 -0.60100659307165627 -4.1923559441554552 -3.9306278721755983 -0.74118715823311598 -0.28635260142789259 -0.48929004855297709 0.0054553980679680576 -4.8469532710549164 -4.4819068742017949 -2.5558043733684332 -0.069007432184650636 -4.0973387211520391 0.058888210860427954 1.5082719952981787 1.7322760869950304 0.93934425655912368 0.35029495785484888 0.12320923336551381 1.1313036246855084 1.7875350110661496 0.4924525567112305 3.0128946453212055 1.6682537128161561 0.2970253199021774 5.2435936435317503 1.0419229397617595 0.44161346356911446 0.014956472488842465 0.324973397876616 0.71936042699044911 0.54038082370195151 3.5189185730378312 -1.1847670127747527 -0.31941654293820354 1.8137120820072947 3.2932044729390713 1.6961192366017308 0.54678834562351875 2.3313804684599067 2.01757231474217 1.7210207150684971 0.56229828007824556 1.8226415069263671 0.90252273306540043 0.87886212769007732 1.3804924082018066 2.4783790123347771 -2.3182108348689052 -4.2847834790640542 3.9713952565173218 2.7158658925915473 4.6907576720256401 1.0724216232291859 1.2231975897499483 1.9105728645409576 -0.2093186543170231 -0.89421141764879442 -2.4473228350287757 -2.5555409142093808 -1.0377477521263347 -0.45261860030817469 -0.13660565541624031 4.8083481724781443 -1.6963083561112644 -0.2167050536057176 -0.63988042424783265 -0.80360539791889196 -4.0455699338677933 -2.5969321901228364 -0.73227537464703696 1.2710874983569671 -2.5344731092588746 -3.6079290466062348 -2.0990326407401541 -3.8046868230979545 -0.34007779539622185 -3.0931503713901614 -1.9294505631121617 -1.4284313403548095 -2.3371006738102964 0.84913837255182212 -4.8882443806048368 -0.31393365924615513 0.55263861897542366 -2.8474495694765865 -1.0661862800829598 -0.59733291859265858 -1.1768169377953153 -6.2008401770682422 -1.7835486653516528 1.0737046807531088 0.27477704182721163 -0.51136910644897615 -0.84244737550551241 -2.3690329842998059 1.0534324421920087 -0.8011977079326198 -1.9817854048615833 -1.0096410058535421 -1.1890860247267814 -2.433812787754583 -2.0927723658210451 -1.5916950065084314 0.63679695244136514 0.83635664410673316 -2.2616030667322056 -0.77980973762562589 0.16228012565271555 0.34686551465560228 -0.98235940944024569 -1.4067851788199766 -4.708855312620055 -1.4078803307136263 -0.9268784453490575 -0.10905550801327688 -1.7907746235792115 -2.57381545902388 -2.7651528167813781 -0.1369488918475899 -0.91901916719394472 -3.971576355674022 -3.3465192985792722 -1.2916230849487094 -1.3032758717862956 -2.7075283282087059 -2.2936207413262184 -0.95320758414136086 -2.0944984542133662 -1.73473647630443 -0.82759092122776556 -0.26415823193366156 -1.2335014370298873 -2.6545741609121456 -1.14472875844736 -3.1420302346738094 -0.1204126418286878 0.71109349501497576 -3.3052369035009281 -1.9316632595205971 1.0165589309520839 0.30004423547823289 -2.8378383479362297 -1.5401038593287697 10.35078207216706 0.19756493752138243 2.9794398013476497 -0.64967705001371789 -0.45672055043750059 -1.1704061279138727 0.28907770316144898 -7.280152539060051 2.1289798520658563 -0.77894882957280687 -3.8979409362357114 -3.3913228914080427 -3.5104798440270168 1.0137137855549803 -4.3978492304616363 -4.8450576159547722 2.0348274944037255 0.62131432992401014 -2.0852349674428252 -3.7883259683974826 -6.7691937934190234 -6.7128228909361001 -1.1946868770402617 -4.6078190946739301 0.85973893404808166 -0.86365086495798538 -2.0628606792712292 -2.8093771341855898 -0.75816249943952441 1.8246938561731283 0.99616988720600141 -2.2070062866156208 0.5599963309348468 0.11736978806903897 3.4565325546742955 -2.0985499903119069 2.9838142681605908 -6.3227220732297988 -5.3608592037096079 -2.8829714579253034 0.15369165959595726 1.4096056935038199 4.2902465216686636 4.2038762530889304 4.552882328704797 2.0498604029075538 1.9169867432274128 -0.3069193709385597 0.42255265783578094 0.35757821479319984 0.61960346284770984 4.2865280434025346 2.6775115711507103 2.1684772027419323 2.9201393505645532 2.8131485907669553 -1.2318639933570985 -0.19023854147997604 1.6670029544563978 3.5532910277106367 2.7695268350771314 -2.707382583868434 0.20158607368265474 -0.16858861485318416 3.5739119201216263 -2.2068326549691153 3.2400785164885657 -2.0720704246376083 -1.7172715729694044 2.9645518356536997 0.44381538555170696 4.7892441475126555 0.42716876309323748 -4.8897809521824893 2.6269801958607677 -2.4189728208942611 9.7918552122602343 3.3877145340393993 1.3989006953578933 0.14845099292120453 2.2728166734052841 -3.090973361697769 1.5111100715601191 0.33055850790495234 0.49031619787035485 -0.43535579364148685 1.6181343393369052 1.3482226430739961 -0.28208452826691433 -3.8714034896466614 -0.018388054878221378 3.8068330632832081 0.66468156647659893 0.79445250808365253 1.5844981689699755 2.9540329478412106 1.3935792387806818 -0.36355166753304241 0.41424964676185033 2.3853045180278589 1.1223672140987124 2.1175689540727154 0.65365206984473301 -1.1396072695747648 5.8342632862706818 2.2186240971823028 -2.100086601167332 0.29135442982059157 -0.23081066545365242 2.2246319608807372 2.3273553776625913 3.3030805593763248 0.48846253060245814 2.8325301380906844 0.82614572626941385 4.6689741066780686 0.73483778340178452 2.8737272213986018 0.23622067059118337 0.43802123410196808 -0.037632236601560176 2.7593508126223538 -1.399456160532681 1.5233474887050107 2.0919616405383836 2.3307423806590077 1.4447358857241004 0.24605245909008011 1.0185741027955302 1.8859070466014214 4.6721333174607826 1.3932495404612313 3.5775939859348056 1.8411142082096374 0.93530616477567463 0.16689774028844329 1.4949450040762755 0.94228997414839066 0.65609012462927607 1.9314850689313812 3.1987201334341266 2.0489941403585177 1.9768718305968951 0.2628005167694451 0.81390613213588869 -1.7895334754332113 0.6094374822134857 2.4480528025453716 0.73175999050233775 3.9387663618554258 1.653033172370691 0.22787265895753467 1.0813387896199953 2.0136180240746544 4.1474157604486823 2.6418967602579646 2.3689599618668615 0.28940948421234047 0.46572295328999175 1.0795806053282941 0.25371396818222419 2.620687435024426 -0.68824557962343591 -0.45912011164970518 3.2415781493417533 1.1156031596391431 1.8587367833225634 0.52289748517847123
 5.6746610425660311 -1.117490105380994 -1.2587865511839749 3.1959294126884794 -0.79648124436803203 -2.3719515009942724 -4.6342608888700507 0.29108599795669898 1.8460221826426655 2.2802740130875314 -0.17818832205200266 0.12281983566666706 -0.81039780598378297 0.54299241082335548 -0.99117625030894863 -0.11200043242230964 3.2540236259835997 1.0634697339613519 -0.74086246101141462 -0.71501542909813576 -2.9350937635935668 -2.9189821175520243 -1.0725787065669359 -0.27695343195550282 -3.43092347268886 -0.88210704781953475 -2.0734733679596746 -1.3688265063269536 -1.0139704414147523 -1.0311924472839251 -2.6884861982767987 -2.5643625311842357 -4.4943632278374581 1.6694031693815439 -4.3997267923505596 -4.9762699958025234 -4.2812264178366446 -5.0115695435973544 -1.3875816284156606 -3.1997180526668534 -2.4514754842253899 -3.2925474659214884 -3.4262878819829634 -3.6108061586002158 -0.68132530941049907 -3.0630822844400307 -0.069146705527048796 -1.4134043531126128 -2.2676728886990696 -1.2420060351856117 -1.511915700213561 -2.2810635899125637 -2.2036164182019609 -4.1115519270952818 -1.4926508821706432 -0.46577489219047097 -1.4183095622011499 4.1940441735103668 -3.5202376440779055 -2.147014760021849 -1.6681134387149841 -2.7186023897922644 0.047537518486180007 -0.33544749250863604 -2.4929889051648995 0.94045114445487643 -2.0471853574270606 -0.70265671128496998 2.2856636869441331 -1.7034102293981195 -0.59392270102168621 1.2975106343904557 -1.0410397083514247 -1.4380784957749118 -0.5066702156795293 -0.14788978142569292 -0.19981821047764664 -0.44533986368904038 1.6735669871362828 -0.85295130863758883 -0.48786423226917069 -2.3913196265808945 -1.6198954505382119 0.76229650317783293 -1.247003394380616 -2.4604697342276811 1.4652901384406336 -3.0884419883683032 -0.89827120659910586 -1.5031247519736182 -1.2219800767348814 -2.2953984572482495 0.24929467244350875 0.73441452595291867 -0.65921277157361557 -1.7294563194136305 -3.0375554352379552 4.8970965420429486 -1.9920671103445147 -2.8950303872650718 -2.8269819231758109 -1.170496794352988 -2.3185616258106911 0.78092280816132364 -2.6901473420424908 -2.6343165919448817 -0.84046708169219309 -1.7649531560702669 -1.5915234645148377 0.13886292690042559 -1.9166743633477077 -2.6671184855468177 -1.6171828441341003 -1.2511771984691764 -2.0933349684156681 0.40512595141228008 -0.84157786475757113 -0.45874944584088889 1.4511542305423721 -1.8044418375622815 0.79862800313806859 0.69083618011238979 -0.84733969106187856 -1.1024553208888863 -0.10829131896220956 1.5230668943894303 0.92214055844340048 -1.1749767885029592 3.8620357615178804 -3.8448641306874149 -3.1180952217266573 -2.9079182291562478 0.47550299889366454 1.2119160657131394 -0.00012820925745977985 -1.1225734805005452 -0.53078569545255516 -3.6030650830376816 -1.4221843210769352 -1.2143987563600565 -0.91306588803159849 -0.79267535890068308 1.1852414970531389 1.5120815234880927 2.8480872188031543 3.2193689319130208 -1.9440862629784657 -1.3045950832648399 -1.5075558469622905 -2.768660455393591 -1.5511027875371739 -2.2226116495404904 4.0790060925250726 4.8120311240586187 5.6950017758415452 -4.2767167539602138 -0.51725044031178091 -1.7777917757595669 3.8793708077086242 3.4593224952971817 -1.8896500028491148 2.3527586518369832 2.4361773678480465 3.5401989572604635 1.1210907292152883 0.28904425432282665 -0.61858731615181028 0.73170090535214449 4.1491065127601665 1.7818231932389494 4.4371531307750134 1.9668184924153542 2.7983284298399997 1.2105262730681594 2.9453708658843212 -1.4909002254957948 -1.4238569325053376 2.182676113160066 0.45209373950366916 1.0362600352381868 1.8249665120869287 -0.61707819331312652 0.27046533535377848 3.9997167321991984 0.16374669928492003 -1.2041760388426921 0.87045244084739715 1.7126832800291625 0.4977684263309633 1.3348828434417703 -0.51194924158840915 -0.97539368024558848 1.3156810017211984 2.5207145001160329 -4.1749758100765915 1.4694614167930837 0.51302617454935251 2.5554140728832921 0.19886824318765808 4.1833626856438144 0.657195117476843 2.2724923826720262 2.1202581191042049 1.4209183441771671 0.016981935424771596 3.2142580585229337 -2.1880954083594935 0.06043120458650808 1.1531111408607706 1.4029848457557814 2.0033045347491587 -0.075496598491867378 -0.69773432176665673 -2.5092146534498099 -0.9497384297892999 -1.3093761120117022 1.4156309790524357 -0.53367277673065661 -0.081478549758682017 1.9684118502785597 1.2400807684336919 2.6325547466007717 -0.0094039619691512095 -3.0118348817592664 0.31423633054916178 2.0219609293453855 1.313661434940683 0.97759991377765065 1.9077300108608601 -3.0232583139382316 0.64062927637145151 -3.3196370617394595 4.9553758204151475 0.65405078510978476 1.6214327157747492 -1.2349985787499214 -0.71139067760023367 -0.97583159396433317 -4.0377167529329059 -1.5899305357100109 3.6082768910144165 3.7153455081322457 3.3848254212749538 -0.45155026297346551 0.8763847749877639 -0.81940030315974965 0.2796815641568603 0.56594870766148564 3.1901451870002604 1.3930952002258268 -0.27028201485824643 1.6258448616868422 -3.7283072569786446 -0.027782854804233502 -1.1935620166298657 -4.0361142509800016 3.6665063691707065 -2.5800101150272154 0.86357808203941411 2.7753716820779988 1.8152217680539147 -0.45669460835893266 0.52117745195691978 0.11608282583858125 0.28908030533995194 -0.4016387681612264 -1.3942902380055904 1.8181772265221423 0.38316067940928572 0.41314139112415793 0.41408697369964775 2.5298809855722353 1.2812905353213302 0.47576182824620566 0.331889348873592 -1.0744087821226962 0.69427942181561586 -0.22267024731693216 -1.5783702819502801 -2.5335833245976991 -0.95996229835883251 -1.1828471459418641 -2.530923457889299 1.0406814120291275 1.1727695724230947 -0.30074427685278815 -1.751455347866451 2.0477910281096188 -1.247085725509449 -2.4527303223623544 -1.8867523372409705 1.2941080285277835 -1.7257150687125755 1.6806834219196356 -0.58436006830269904 -0.75936041388733266 0.86989869066325309 -1.3641873087485528 -0.41814202232561481 0.24688760926890191 -0.89840275120076862 -0.88405044912994324 1.4175112581171374 -0.294052198240699 -0.16605404080707739 -0.93976978064636885 -0.23146497511807698 -2.1205679285176284 -1.162445702936989 -2.1617575155779751 -2.0588650881150214 0.86129832952167451 2.6703414512328325 -0.84504698552024549 -2.0596386717352257 -1.9958526404170842 -0.90825468410416355 2.2641903505323566 0.11637937308567926 -0.45167612101801796




