# Created by Octave 5.2.0, Fri Apr 02 16:07:20 2021 CEST <br1@br1>
# name: ptcls
# type: scalar struct
# ndims: 2
 1 1
# length: 2
# name: x
# type: matrix
# rows: 2
# columns: 320
 174.13930997482981 82.88772958033644 83.11383050720903 61.841085427343629 86.527823351581915 105.77827626427261 47.803698327364728 68.625378540106567 63.635991091041198 115.97247496801607 88.545986652527134 83.456812233947204 102.67523328914871 107.66058468319004 106.25548870079 109.39907913674928 49.219093807145263 78.720831713328039 84.679967506741249 85.703664236192594 87.67303884730849 153.06701110093061 106.39431501977047 154.23517879793397 149.79544114547099 138.15239724208749 150.96877406462892 149.82099025910389 155.98851357914418 154.72462540139696 141.61666552526478 153.68297079681966 149.35564658155621 125.60546701728074 154.99258715589437 151.88382732916099 152.66231201904759 155.31756536312469 156.26856829931845 153.77299853200921 154.26317412301046 156.93168487020606 149.11345745651894 154.88188747043571 151.19027089315975 161.67118086489828 170.99563176240883 168.39349085556225 153.07340783957875 150.55791486047829 142.87825031832182 153.89466276155812 156.47814519341492 152.22481597090743 171.11516001092642 172.24818777850368 154.68037263538994 170.60206971962734 172.92930741283428 173.27085980020678 170.16997955864909 171.46848192272299 171.27992135238475 169.56419673062794 73.123780453722944 73.70701354301714 73.601370492318964 49.589545221679344 74.930496671697782 74.297651276834202 72.222067125808422 5.9571775158617131 75.492288180558106 74.514450704910587 74.883867629379182 73.537667140618751 76.624589321443921 74.557876267536372 75.522243573088076 74.388114986035959 82.695400224295497 80.367691926526007 77.16510929814946 75.765987299068797 76.060380267000539 76.085624601719005 77.651528912670216 76.863125878218483 82.998728170749189 81.609971453221547 78.176084991530217 76.701361546109879 77.51386983616743 76.955144961783247 77.117875660307746 77.81599082559535 107.27265660178207 76.345640126301603 81.898444808437887 77.979220556145961 77.964068706237924 78.101382404915071 78.752434878603594 77.485952988512636 85.589401961285944 86.792730106331675 84.098329096695139 78.622292113109154 79.203423283573144 79.439425926156304 78.220787360771922 80.594620586331303 82.32751525068997 84.668869866923842 86.050618013255388 82.115309561643286 79.755411529814936 81.713358373320418 96.7822341430888 78.848100909508787 81.338796511791784 87.630439034323672 83.432480719985762 84.122866861699848 80.974174770836569 79.860773293418148 80.009983928064827 81.059562528190469 116.63222746645064 83.969421893342272 83.308544573154578 85.577509146289032 81.483281345048127 80.306803057627818 82.731575278785826 48.444998289148344 80.165730703185972 80.583994281506349 86.393750509308333 98.675729441684638 87.957875823027152 83.339838792344167 80.989808084331898 44.413028861860084 128.30731362715434 118.61854232962693 51.117401550791271 85.73090065382128 84.594125551477759 87.005313881702449 82.3429963578875 49.441622423844763 188.80540888328522 127.20961743061349 135.26768206937652 79.424460516664965 84.934223751977456 86.673120097184452 105.63713766593949 50.539929988468572 119.97037994544054 120.28235256405466 114.99795379418291 111.11713671720418 78.153190100996127 82.517892570135089 61.741213711164171 77.025962049826092 116.4938409341335 120.40961510417154 124.17821707620131 79.761351372325649 48.226819491499178 48.179633425530859 93.921349252703152 76.628229733172162 117.37028544362239 106.11754325764294 99.610897048300728 76.895172030138781 97.683533191898491 116.40959563409596 119.14095169134291 94.253278555113909 88.887136151038732 167.39067368168378 138.67723887080385 77.857553545989987 155.7630589210728 62.969824883159419 62.604869865729519 75.722682475261792 137.52566555999442 142.7140729235258 170.71957728714554 158.31233319278653 158.094732381499 148.34424444569927 119.97623415186999 127.26199931897966 136.06594849665615 135.68247332207619 148.5119800873197 157.24613999153868 154.73952696521997 148.40282097104941 150.01210523429302 151.77733451152702 130.06556412142226 131.28362533572167 150.50383192611113 149.46970112373009 149.15842588586023 124.84257515178686 148.91058485123756 155.72334589394239 150.63717164147511 126.03509582062894 150.0548307221687 128.04812432525603 130.68176496088986 121.21276312587091 153.34156445385483 149.06448333794953 123.24949958656603 131.1133176409017 147.94092100540286 124.41458777297959 188.21957520986382 153.6401332032485 154.54587346298308 151.89217389829452 181.38300444747406 125.07761223561236 148.88301774850066 150.19141343655576 155.38405439769181 165.98587782350594 163.77550310378558 171.98633009726507 145.40395775523183 103.45534342492996 129.03619789927777 167.18701147681236 168.1922789728672 155.43421521244053 169.54115540127847 170.70788693899436 144.79819522803552 131.89113655728192 167.06916782971106 168.5695418925774 168.64404902539658 167.27340418061206 152.61913355356518 109.64165718308578 174.6210294263592 173.5565767886095 113.64669809679276 175.66590522232343 170.93370198848177 168.94100572054671 170.18485928318111 173.82021001874415 164.94235932636823 160.66326344508258 161.14937094508528 170.6258264902894 171.67363719623137 167.16165914930528 168.98240881448095 172.20912750072435 169.7937274432154 174.68597878827342 172.23044187560737 169.94749056497264 171.40762932439316 171.41429143779345 172.58678755618641 167.969947311353 169.6084232900385 178.25173462523108 175.53415258385903 174.4161871238866 173.26388087533431 174.18204467012927 172.61922655606506 172.58106679862294 176.7643451739084 175.33075189380082 174.72707949343689 173.69511735707215 173.85218497395252 173.17487720768247 174.80901396691652 179.27330479367686 176.3755632543787 175.91653456323712 175.46895038829228 174.39455139345449 174.43273543041772 173.19103659322724 177.17509397871726 173.37763440442819 178.88018609180688 177.00362599462062 176.83179848394491 176.34511861439009 179.86388484756569 175.94197434049229 175.50989642274376 167.145534450073 178.43001138403557 177.82569225556509 177.36579635354479 175.20530782497607 177.75972571492099 178.06274694415922 176.87666210981794 180.10713992837498
 53.253099980525995 62.717155061750205 73.716314264119262 173.83386863675028 52.957099694989417 70.043067477054478 191.92568335824117 105.68677439845665 4.8317584823305699 11.55763789510126 51.975677746453144 74.883381488939051 81.441940038398826 70.867141898469924 72.203732532444832 78.722996463444218 22.68147141262671 8.638586042970875 55.617968634868689 53.70652248261969 52.58982774880014 42.853389296290025 71.015825639341671 42.334268056038503 40.030076467194007 48.44046937910074 39.811228944438476 63.818263884642427 43.200754175241613 43.334545188942393 48.296463776491841 44.835233269862158 38.139318913448534 27.780682729082365 41.243638075137021 42.797565446725947 41.617085612842068 42.322358576726891 40.940797256829448 43.76865725029856 39.988427648854753 38.388613303013081 39.163710844012563 44.363906524115372 41.770643749079412 35.744021365938998 83.712711779158042 83.882903646848391 40.282641512176205 40.810617024081225 42.336514817124495 41.150871971388057 39.404579959162398 39.528887259201973 84.877049719446333 85.318719259945922 38.89281014669799 41.428512627388386 79.173358289351242 86.314737511111545 84.377184197045281 82.385220367593561 85.925573921052276 83.452400007409423 75.378890328608477 72.805328793169423 76.573453544690608 73.291380926969211 76.445845085189333 75.516939498932487 76.691667200593415 125.34626822100758 72.147339808857438 71.656422294179478 73.083201378363128 73.841977944482338 74.917851240153567 74.513997918977083 75.305499476150658 77.730140036481302 71.7271014455726 71.827486536783738 71.187368296029078 74.212759506006904 73.080134977791189 76.346976350022203 74.987186072882551 77.617394566577815 70.634851949972855 72.012333953432559 70.792439027713456 72.191427220099698 72.878348362464664 73.852581436925618 75.985156482493096 76.914667428654354 71.972380817933924 86.187717835700838 70.913924657105994 71.924525386467209 73.885604801046838 77.940966217986244 74.844327517565233 79.419063079091814 56.134747598827325 46.09982142718782 73.411810536960886 72.947177490627254 73.834942315943692 75.765039112296449 75.93517580108535 75.878722923307137 55.653625043256376 74.95579566766979 55.098558176216066 72.940903004291457 72.864112721171836 75.93952442226589 105.15453170387896 76.76485614425323 55.139923705209924 51.142345748594124 54.989403277243341 70.81087845877417 72.880239708472871 74.834442589768798 76.910001731365867 76.895241301331112 47.435672631730021 54.097612715147982 56.480093536449807 52.253748846952021 73.953695355412705 73.883018501801615 75.764657073853726 190.93078248034018 20.422517769611883 21.557279634601461 45.116290089793033 54.150141081309329 54.496346064443912 72.559339716587104 74.881715570753954 138.39369583457511 18.552780589804154 24.891668938594169 36.273571105653119 44.156043086344724 56.765120914438072 53.952760180542661 74.519017341204815 190.49164935275056 35.784111417212245 23.23499659902005 45.139613622210206 21.223404063382567 54.585273455263405 51.923870064681623 36.765698965174685 22.819532053292484 18.22181074991439 12.801358617772674 0.49211058375559924 27.982702349036813 4.0031979640566959 54.22663636722249 6.0393685307346177 3.936517914189531 30.924196731492597 24.297734521551597 25.438386810083365 4.4008808770809926 22.36582368667127 23.453971860340307 25.729390047316848 2.7954003025964571 30.246144712559762 18.145650157651083 11.28671630434471 1.7708184956626478 1.4754326400854103 10.547972206558072 0.33581677572612734 13.82008289896253 77.087385009868072 58.598205186708071 7.5163857185833765 2.5908084792610646 2.0802255938370862 6.4921938276911568 5.414458458085539 2.1446824318845858 7.4967127879611866 12.518125006849699 37.780435671388112 3.964419816407649 5.1249110808356315 6.9857089459737525 9.721603991690964 68.948648523665796 8.514943257893135 9.6752898665804956 12.119196039591021 4.2146893086789268 1.5534625306901508 13.359470435732794 37.115892556474051 40.482166559467238 6.1938495463371073 3.8709218956974167 7.8861172285861203 7.223140057210375 4.3728948480498149 7.5730797372446954 36.918443366602695 38.056636773602634 2.0433542956835109 5.8402565492720493 3.0444379759067171 19.677581574268991 5.055862301738852 25.056017241743586 39.200153604307566 40.858812996361024 9.5806144116263887 6.202364412161284 3.9489116181278607 5.5155333249277234 14.611692814885457 38.167671011792514 37.681417690492722 38.143163044987794 28.075942942630856 6.4029771132272879 3.237080625100174 39.021430923383654 40.160580261434482 80.32132871051158 29.557686202397512 81.265523126138575 7.6255213059170321 34.29660167428738 9.2412372665257365 80.840476038322379 81.58994536698566 69.234875971488123 81.167205437962153 81.360295047718964 8.6063550848718613 7.0468514206925583 82.09664382595102 80.513679897195104 79.127067220207167 79.776545785724281 44.405422292359781 190.94034435330639 41.937525216768805 41.686583495905104 98.794923174289366 76.323305508512988 78.476384502271671 82.544487203998912 82.525745630622978 84.024760338039073 78.375469880271922 61.634333622753445 64.977787032382295 79.602097671429249 79.262620807984476 84.007846820479699 78.095396679241873 86.361903091967875 78.913541139920042 76.705318391856196 78.167388018821399 77.659832217132845 77.476734372972345 80.360830968560194 80.207154659373614 82.842316789095307 80.156787059592389 80.226650970606457 77.538983208522623 77.875442032540406 78.150843287335363 79.014590661087567 84.22150869462979 82.240683237754752 77.44325210377869 78.678130966592846 79.921160847613706 80.127459900689161 82.097869829533465 81.27967775533034 84.290899147129338 83.277041177363856 78.706807226219681 79.783295845666188 80.879764629320277 81.092105161605289 83.132592897322439 83.157318984157882 84.575853178782268 85.061102781253695 81.187349998084812 79.638799119991091 81.074411121900567 82.225606500963011 77.616862533171243 84.418965118708599 83.0967299044041 106.3188808975317 82.255096601249093 81.334144230742268 82.394559394627109 81.997548499973547 78.855691940529852 83.344726186353256 83.441273917092289 82.090340283273974


# name: v
# type: matrix
# rows: 2
# columns: 320
 4.0452272840958052 -1.5491047806532685 -0.83623969861536995 -2.3617106020879088 -1.0272671021755924 0.37487398022765628 -1.8710230108768779 -2.1848560259870178 -4.8786172128432055 1.8211273487161816 -0.28557764102602345 -3.084976581048446 -0.74118715823311598 -0.091589386300611045 -1.7424334944327364 0.0054553980679680576 -6.7522636389626465 -4.4819068742017949 -0.50158824563916649 -3.3266807734995569 -3.117951389196445 0.65399977426091727 0.3865074634766138 3.2748023868609462 4.3141624266595873 3.2865924376512514 2.2245150922683266 1.1313036246855084 0.68167860750364595 0.76770031089434132 0.076597165524798977 1.8105259589112406 -0.30382242557546807 0.95492287514684171 -0.89249983919412046 -0.58471040279987252 1.0518002102396671 0.19172858484324606 -0.10983037341550397 -1.2392437477553484 1.0340177501465249 2.4342955346833133 0.81455264808776096 -0.9168340228027827 2.794170707048433 1.6961192366017308 2.6075892999044008 1.0153781592011777 1.026418286940832 0.71670013027193724 0.56229828007824556 2.7448355566784839 0.34426514319897866 1.8963109104036457 0.9755885132595068 1.7804167331332676 1.2397963486194812 2.7951920726202948 2.9135541568016357 0.87696615491532937 2.5164862362364433 1.3336250149126845 -0.92789718634498097 2.0966899052303529 -2.8543750431317219 -0.60665815711479454 -0.79596376847089656 -2.5555409142093808 -0.80574902069326448 -3.4038037616771919 -2.7438540077345164 4.8083481724781443 -1.0210311336372739 -3.4680756070062464 -0.95903159653862413 -0.12154508970899069 -2.6992157708156923 -2.6324153805631734 -2.395027594830883 -2.6900579819897432 1.4448655703866091 -2.9995442459636878 0.6501307680836359 -0.92868964377664465 -2.9158697523221453 -2.9922558290775401 -2.4129508252031471 1.2580242948876785 -0.91736796355827255 -0.58650694231159906 -1.3412940437031957 -1.5410587955236201 -2.2547211955738926 -2.6740539171754705 -2.3843745114078656 -0.43230536010994913 -0.069129607259826156 -6.2008401770682422 0.58170740558729161 -1.7299049934954276 -1.9808642083589043 -3.4605437802705841 -2.7681518354646721 -2.2303304809497773 -0.7270757182560863 -1.2620693314673643 -0.52532101579510326 -0.88636919034276163 -2.0643130713575744 -1.7859400803496335 -0.79990782506006852 -3.0846237923651061 -3.092685261641452 -0.57511175662124936 -1.5109082832730527 -1.410768022344763 -1.5862410019914346 0.13054288794846028 -0.98235940944024569 -1.6499078927839812 -3.7947865275438328 -2.7453278273492732 -2.7480583294788854 0.73591919950575457 -1.6719212029358348 -0.15993910369877573 -0.97580332208145593 -2.0122836091775889 0.63942593884555221 -0.76162568477492865 -1.9717555300923648 -1.2253356924772898 -1.455399493968889 1.1348366044461788 0.64434528030380633 -3.3665738817405662 0.83032286169137293 -3.0828273069511569 -0.95281215688945631 -0.26415823193366156 1.486167267096222 -3.0807375611876369 -0.070745779874007292 -3.1420302346738094 -2.9771090004430194 1.4072011994924691 -3.3052369035009281 -1.3455704003241693 -1.0279770915844793 -0.84406613783359719 -0.1066220613574195 -3.4663240017117771 10.35078207216706 1.7670819465546246 2.9794398013476497 -2.2264075352717247 -1.0089646245483148 0.23458709877054207 0.28907770316144898 -5.610446352167707 2.1289798520658563 -0.77894882957280687 -3.8979409362357114 -3.3913228914080427 -1.4711638626318708 -2.4306296792756377 -4.4569866975730639 -3.0208529984732517 -1.1726867764169018 0.79277099112550831 2.1595107491211532 -2.830415208967576 -6.9100166969446004 -6.3363958063952257 -1.1946868770402617 -3.8969905186117213 2.5088080988292178 -0.86365086495798538 -2.0628606792712292 -4.7671453231828069 -0.75816249943952441 2.5509618153140949 0.99616988720600141 -2.2070062866156208 0.5599963309348468 2.0712909729583764 2.4280970698595641 -3.6678657756043447 2.1860294142016428 -4.9842945163348817 -5.95112041185876 -4.8881474180044489 1.3390439777542471 1.4096056935038199 4.1268127163193284 7.0164069409777454 3.8075191100778527 0.43310213459842584 -0.954457520255243 -0.3069193709385597 0.63265703622958669 -0.0094429969441738228 1.8998260001464304 2.2193605741406808 3.4752964251096583 0.88825466544320542 0.61385306098022663 1.091901205878842 -2.64463336840786 0.72369500630013928 2.9046819340854819 4.8626146784100426 2.1656682701605354 -3.0491476105969824 2.5054002029956877 -0.84747002727473997 4.5521084011411626 -0.15645422636053652 1.4788594515864959 -0.16134152429264745 -2.1459679432948171 1.5173629710317658 0.57922240101966871 0.69656321126033027 -1.4805455437975275 -1.6263674093314644 0.66570824951764074 -2.3753819412743908 9.7918552122602343 1.7272650681499111 0.50038208034625009 2.288723907856701 2.2728166734052841 -2.9378315809246436 3.9290188046830212 1.6509336546117106 0.87510015965053567 1.0506262691851604 1.6181343393369052 1.8774319851207273 0.063452780754573918 -3.8714034896466614 -0.018388054878221378 1.1132027278832433 2.489428250542042 0.79445250808365253 2.7328442522796381 3.6591645857390565 1.0480419297591927 -2.974022405616406 0.17041029651106285 2.4208730447865503 2.0439238807611217 4.2172644299428477 2.0859794962699323 -1.1396072695747648 2.6058952311644772 0.79213057834165423 -2.100086601167332 3.3619303181403009 2.7991128940772416 3.5672445747570927 -1.0099265776733328 0.49663485586770117 0.41817927250533227 0.88167391345715806 0.51532177851477956 3.4375048027190913 3.9080276482612368 2.4045376318527176 2.1657725808299171 0.055879020341493321 1.677487135724409 3.2746299078562067 1.6070985267960403 1.5744827139963435 -1.0626592815556648 3.4052360183477326 0.99368866644203213 1.1683435775599749 0.635424644790891 1.6611923554852774 2.7752144750106158 3.5666913116173604 0.63070658281636627 1.8307121851792898 0.40558880817281751 0.1559328341409919 -0.38989246985220966 1.6516164024985969 -0.68461476508822061 2.4784882762510265 -0.81714237082694519 0.2955271966971163 3.3046741151533796 1.6763336549535492 -0.5210195811955125 0.71922437185031529 1.4337699332888136 0.87567579167910359 2.8662056112997214 3.5301590755422478 0.78014049779188077 2.6530725856471991 1.6977908299502584 3.0094902245941739 2.5037113744708406 -0.035521625179273181 1.4087244990388323 1.6748460822239848 3.5861403014157593 1.0795806053282941 1.2359473097366422 -0.85047905199757756 0.31774314429328904 0.56217765427969602 0.5516978274653298 0.015589589083162225 0.21492936567966195 2.1419313596149716
 5.6746610425660311 -1.117490105380994 -1.6201393400232713 3.1959294126884794 -0.37103754585691917 -0.073023704759667574 3.6553030462935197 0.29108599795669898 -0.86473004159658928 0.73379194851148721 -0.60126927654130691 0.89173001382982975 -0.81039780598378297 -0.14507975678150051 -2.4153003666560031 -0.11200043242230964 0.12124397600644429 1.0634697339613519 -2.6171891785490344 -1.4322675591680303 -1.71782849931293 -1.6116108965126175 -2.7490321226042211 -3.9038798982028231 -1.3090515297266674 -1.6842615605321667 -0.47325392909319719 -1.3688265063269536 -0.4964941917149967 -3.5702202387805415 -1.8863316855641648 -1.1963220562727195 -1.6403046861461765 -1.3575735504779309 -3.0869181267334378 -1.992845440566769 -1.1027291748393011 -1.1618969600724582 -2.2976962212736689 -0.76822379615029812 -2.0800084853406204 -3.5949498999221801 -3.4513048522304715 -1.2359800590117613 -2.3586439331008351 -3.0630822844400307 1.2309944327582407 -1.9510602317674588 -2.0955692798488572 -3.5970467664345178 -1.511915700213561 -0.59773684522583748 -3.3476668176704538 0.4194610573788643 -0.89370266539616783 0.4407809428479334 -2.1079327622846558 -2.9485163453822358 -0.25792069748756713 -2.6806144216519674 0.71775829938348812 -1.0143293593555429 -0.60031418582810414 -0.027988444093989387 -0.60776340743786028 -0.7318164641583893 -0.37519848048414522 -0.70265671128496998 0.94619891520973309 -1.2438538312759104 -1.1891702300563045 1.2975106343904557 -3.8544152454854315 -0.91868345202811175 -0.096664561893777645 -0.8022446459646233 1.2792439016913288 0.19706933727796561 0.066297483623357245 2.1284928048012253 -2.6112053936363453 -2.1534419108009732 -2.7211125634054927 -0.65270468003068782 0.3184352076455062 0.61765894841952218 0.0415016294538499 -0.50439340432641488 -1.3824396996991812 0.27934745270382944 0.2736907018876914 -0.69007853755268722 -2.0482457746632954 -0.81692181909744699 -0.4449853935639278 -0.72628349914123858 -1.5478335314833849 4.8970965420429486 -4.1288021417411214 -0.72604884050121454 -2.7900993130344545 -0.84223776212258084 -2.0653336413833148 -1.1256892091298374 -3.5003293269647671 -2.096187205372928 1.4445534638269917 -2.0802862547012935 -1.9891170674986736 -2.809472107570067 1.7483041328366942 1.0256732565294548 -0.98211132248027777 0.049665682923903831 -3.0589237842244374 -0.35585278711920959 -0.60592548966673154 -0.29009411169356497 1.4511542305423721 -3.7057812490402591 0.69179965351019235 -2.8123920963997762 0.45789597770270007 -2.5395339669816743 -1.2822019974601215 0.49861314403897011 0.9781617694009469 -1.0100975708122975 -1.4985947257817349 -0.83573519868054635 -3.3923116983617727 -0.60218028629434761 -0.68333125779175807 -1.4514831859633495 -1.4854048982876398 3.7729031302586149 -3.0188722853593801 -2.1643928086401383 -1.4047133273253982 -1.2143987563600565 -0.98927101454560784 -1.164173265898895 0.73518848532927294 1.5120815234880927 1.7276293175348796 2.1233957961922889 -1.9440862629784657 -1.8601954635883362 -3.1763755423568254 0.18593309833614083 -0.72049054406255286 5.0826213183211042 4.0790060925250726 6.0696738027171175 5.6950017758415452 -3.2273024384509386 -0.9177105773050438 -0.85204597807577076 3.8793708077086242 2.7476624457049277 -1.8896500028491148 2.3527586518369832 -2.4361773678480465 3.5401989572604635 0.22374295775022907 -1.6669894606648135 1.7996771915302927 1.633930672083689 2.2222801451701835 5.4103141357393723 2.6939712065157497 2.591085322525025 2.42773237300606 5.4255620294715081 2.9453708658843212 1.3526571183001197 5.8635999223842612 2.182676113160066 0.45209373950366916 -0.72445887939792986 1.8249665120869287 1.1007127375132275 0.27046533535377848 3.9997167321991984 0.16374669928492003 6.0062512266845944 2.899031350598841 -1.1190282681886252 -0.013659152589254302 0.73189148815750737 0.38352983025299631 0.14433061343624876 -0.83880226727044549 2.5207145001160329 8.9777298278450584 -0.37645333303148454 1.9807983325418297 2.5684219331574254 1.5617942349986416 4.1833626856438144 2.3294437383449638 0.72614812104411164 1.6745189598653165 1.7990609360092582 0.52840951434499106 3.6599972177618243 -1.6780328148040691 -2.6855019492399657 -0.69623815949494616 -0.011690898355928115 0.85100695658723635 -0.041861532477784687 -0.90053616638465883 1.9490450195335871 -2.517477321917283 -2.9581880544415853 1.3761080783177431 -1.2314813347775326 2.0996624577943765 5.1851841438504964 1.849932432798739 1.516238512977647 -1.9939973071556392 -2.8646461572197452 -2.4251076161160574 2.5781137082076628 0.68269742316781656 0.42425621654685558 1.9077300108608601 -3.5965434427475609 -1.9203552237120873 -3.3041682679959146 4.9553758204151475 0.1452492681414306 1.4192351172209503 -2.1981507697674973 -5.8142540476978732 -1.0865397869696536 -4.0377167529329059 -2.0130832124874223 -2.0925633331700073 3.7153455081322457 3.3848254212749538 1.0180691692127195 -1.6461157131526076 -0.81940030315974965 -2.0393467823375984 1.3770718864526079 -4.7056478024119031 1.9979189893324922 -1.774007680753414 -2.2247788829707074 -1.5789103513501574 0.5465567342602069 -4.1070700050946796 4.0361142509800016 -0.90587713557725769 -2.7618187733641864 0.86357808203941411 -1.7628129235464449 0.53208097209669158 1.5560919944931058 -0.44570418927147165 -0.89340846265679674 0.18926640213449941 -1.072369632113483 -1.9795123299974435 1.214619316836882 -0.5668926359165064 1.6432298844679276 -0.45984795793911543 -0.037150410743275658 0.1965505150045011 -0.0019025152706622223 -1.3432021766429039 0.35739970068752158 -1.7471782951730654 -0.9739030513418484 1.5970114280168444 0.5862218822255898 1.9856277565827511 0.25274511589551441 0.30273483925722733 -2.678474947029561 -0.35500206002694301 -0.78031121688972893 -1.9460289391435761 -1.4093482816740834 0.17078206019005246 0.71710559587216227 -2.5109888884095786 -0.1425437095183649 -0.91973169043392167 -1.6748899003727682 -1.8190916537508062 -0.88421899768476442 -0.58760150780734621 -0.29580945472543801 -1.0241726490820562 -0.95965874705634679 -1.5122795766557953 0.34050418523088521 -0.52953796460856928 1.1724724817723609 -2.885364116391314 -0.19463074495916821 0.40399215328260851 1.1235800876240236 0.15176866853540774 0.41684225070198155 -0.98855002004562786 0.86129832952167451 0.075681291020493188 -1.2996063463956644 -1.2700091096432897 -0.65963459316947237 0.002136246325709263 -0.32420499286505988 1.1766438911176931 -2.0410699094670832




