# Created by Octave 5.2.0, Fri Apr 02 16:07:28 2021 CEST <br1@br1>
# name: ptcls
# type: scalar struct
# ndims: 2
 1 1
# length: 2
# name: x
# type: matrix
# rows: 2
# columns: 320
 177.17323043790333 81.725900994846342 81.98769264852551 60.069802475777706 85.88082338065874 106.18398265442599 46.035297641809287 66.986736520615324 59.392521869986965 117.41835756489412 87.510898904729558 82.511049578122623 102.11934292047468 107.62224238154737 105.56520075906653 109.40317068529991 44.201476557345543 75.359401557676904 82.970872226664952 84.288005349514592 87.107178005966915 153.49368578043737 106.62212208058567 154.80399359060277 150.95385024149058 140.6166356358336 152.0791247849624 150.66946797761847 156.69648156811539 155.5077324721484 141.67481933390039 154.5460541299226 149.98845322426843 127.39833670296073 155.89641679477239 152.50467577158224 153.68439577381594 155.99278234801091 156.62718068918406 154.39562410924526 155.52638095342547 157.31790774223069 150.35928595169636 155.5710797676777 152.3249051284464 162.94327029234913 171.98336228743497 170.33013356175886 153.83381089970609 151.2633400824096 143.29997402838086 154.79880314224428 157.63440789894389 153.2190723562972 172.6848530860442 173.32402767916781 155.06769364231641 170.23736888049177 173.75630109208012 173.95554219041745 171.37196467198683 173.13546774494358 172.2385447563066 171.0963637671027 71.823475578881926 73.267745226924532 72.261605827199944 47.672889536021813 73.491680265269636 73.126952767824577 70.78625270104196 9.5634386452202929 74.273292066154156 73.589215294193394 74.005520546419106 72.640018130082865 75.332810798624479 73.448495030768129 74.194131831222236 72.564372018433232 81.998665316236625 79.771270163179295 76.142387589777059 74.556200580719022 75.108808565832476 74.630644013896031 76.377685880915521 75.705579101386718 82.873675805376621 80.909525606210181 78.446662338533713 75.473733472718052 76.218018808368114 75.71237943029351 76.141641134740411 76.924518548040851 106.51144511096302 71.695009993501444 81.267498574952398 76.555135178854144 77.002288996490293 76.782396646940271 77.621344347619569 75.567558583919848 84.127121021545193 85.91729554644273 83.089776441758318 77.342921993161909 78.040637364494572 78.312077293508352 77.226751378089361 79.44375619643678 81.087299973144184 83.499093860799789 85.292246588296933 81.120589811576664 78.427019599376464 80.449622965345398 96.045464586008848 78.088398486848519 78.463032364878728 86.986052095628352 81.902272937363833 83.579457694135911 80.03190814381864 78.734400945578358 79.093671579185241 80.178240519623799 117.11179692058496 82.236509344581023 82.250479421200041 85.114636937613994 80.788207156639814 79.124699436366456 81.322231247193983 46.03316636615007 79.547926675571418 78.472535902268632 85.56283025817622 98.477610767734006 87.665739452740581 82.154519645839756 79.855228543484728 42.056506185855227 126.29470310402073 120.26023670924768 48.638473873165907 84.766916548331622 83.648003014084637 86.454259856429985 81.463159694748839 47.093914361651571 196.56849543741185 128.39789544709225 137.50226192038531 78.794538938118635 83.327130620654813 86.20859092699078 105.85394594331021 45.249713903590667 121.56711483448969 119.69814094187612 112.07449809200628 108.57364454864759 76.095893190582444 80.69597657093739 58.496383478178835 75.109316053460205 117.75701949946483 121.08753652241914 124.85820605215892 77.09549215887634 43.451089856684384 44.056354524170715 93.025334094923579 74.069008817499679 117.10919787010032 105.46980510892494 98.063751538847299 73.51360071470468 97.114911317318402 118.302035473732 119.88807910674643 92.598023840151669 89.30713339924003 168.94414191140243 139.06834306496651 74.758691165530323 157.88298260009222 59.41498790793478 58.444742166036235 72.995203377949835 139.85618831063681 143.77127719365421 174.57306165329979 162.17784899796058 161.25384850691376 149.69952668353761 119.2011354481876 127.03180979077516 136.6380881145765 135.6814730745252 149.85911553304206 160.00397302984729 156.86559766568419 149.14674602451908 151.10508286586494 152.71863350977583 128.74248877613027 131.36090503310675 152.52783656051267 152.24071331181014 150.73834229296818 122.82701084703953 150.06447889116521 156.17497922826209 153.34201239902188 124.31243645486558 151.80130115673197 127.70689695483787 129.7547184777867 121.68114869923996 154.44462572802897 149.75176710451129 121.81882436023348 129.10214325519283 149.79707255927696 123.09915745163511 195.56346661906042 153.80402130842378 155.31333520738653 152.44133683970489 183.08761695252818 124.06242077658457 150.58916097822478 151.38764016871554 156.40518397618521 167.94631643194876 164.98910385828941 173.11698503532097 145.93946549812202 100.55179080769562 129.02240685811964 168.79150105958755 169.28080424871743 156.03005459350496 170.83351799637074 171.88404066873744 145.09630851803058 129.57468098373803 168.09384754222413 169.9242972495247 170.32966562752677 169.20533608015251 153.21268328830374 108.78695173090378 176.87306184904398 175.55578378774092 112.07163314591816 177.67977427514987 171.81987211836119 169.94152031178604 172.39777539622045 174.86690647538174 165.29896929035857 161.32451888017346 161.53586227897259 171.36923296891601 172.59168911855468 169.31216302330154 170.03195947773713 172.93084595305686 170.7811289682837 176.53346415455948 173.00707397623157 171.11908731733601 172.23965511972992 172.1300912236708 173.40372114172766 168.5837879554779 170.93394421060952 179.72626490446507 177.01292560191652 175.94271333453193 174.81268245886002 175.13673739361147 173.83056077201002 173.56045570089657 178.45050576979776 176.31901843671935 175.70052932098619 174.40762835915262 174.61334754542128 174.21128030957422 176.27626394360263 180.58451208820199 177.45718481692413 176.84541112902565 176.44637804071371 175.39620934182133 175.47896180026891 174.36928672723016 178.70307584295873 174.4997292071422 180.48880669813133 178.03609840901058 177.51483068387992 177.02508662562832 180.89125146769612 177.53384948551522 176.56561637496031 167.95521990407013 179.47118000610067 178.67752249372734 178.24531488811326 175.87182438621662 178.85917275326744 178.71057383638504 177.64590983489271 181.18611704719819
 57.509095762450677 61.879037482714736 73.139181188540078 176.23081569626507 52.254811603758931 69.103938825762313 194.95662555427683 105.90508889692508 4.929008302238759 12.037220943719378 50.864008303873923 74.258277672455932 80.834141683911128 69.985368996316055 70.55184258513809 78.638996139126562 23.848831288721694 9.436188343441998 54.035074761587389 52.477254297439856 51.928467099830506 41.033428146226029 70.085135236920763 40.521474376509431 38.401836743400793 47.195097255945889 37.986506846093874 62.791644004897499 42.872936009664514 41.752399957903769 46.863890965074241 43.090979658890561 36.306504166706539 27.293772422638526 39.669761844332669 41.220398003175369 39.927252423861027 40.802649232248932 38.589791874452544 41.864801500296927 38.069107608803975 36.747786769715091 37.469381046214522 42.927674873273261 40.184030520659022 33.446709652608924 83.10782530303301 83.580914072011794 38.781363105468046 40.00418748221216 41.202578041964557 39.341712902545424 38.077306353862213 37.828822538619782 84.29469376688769 85.168369130638538 36.499240972847787 43.491525503631458 78.674352040102562 86.13389429108382 84.058851854977306 83.187262036220915 85.364279594250277 82.247803853076192 74.959331153136745 72.051256351042611 75.959235988262805 72.764388393504746 76.372082891891736 75.241519324095563 76.649337305516113 126.3194011968002 71.858123731887616 70.845256752404353 72.855299200495296 73.018994376068889 74.725245157671509 73.97240988655345 74.84718585294587 77.108045084406228 70.948380804199488 71.234832277434464 70.573000894223412 73.799750481852726 72.76415155386195 75.740368621397295 74.527645676937226 76.671806825976446 70.186976671258165 71.000826703267151 70.767881666804939 71.768315130684499 72.707725264604164 73.652797484900219 75.658670494342431 76.526693857131818 71.178160609394084 89.860540242233654 69.805774364005558 71.662336518557979 73.487034336583648 77.601199629744713 74.37556157634188 77.803211120532922 53.83289760272114 44.751188323569956 73.361812275826964 72.420264562545157 73.318381164964194 75.290050428629115 75.415524094615364 74.887968890668517 55.1189325094944 74.470045305506545 53.23121031702312 72.12845319651494 72.096219494185902 74.71421146802308 106.24289737678605 76.434005352211159 55.694368402360489 49.972619723313677 54.090134389365552 69.21880373476219 72.260978822732099 74.089537073403307 76.021850247766892 75.788391958184334 46.311726587394055 53.022968594406876 55.235297395115751 51.541698448231244 73.155978404087264 73.032802334304534 75.334000933913714 193.8248823600743 19.138988080918317 19.467385578952875 43.738890252929167 53.239342014039011 52.963881167427132 72.047238315929832 73.797735812243417 139.52775697719005 21.722796961978585 26.498204914505116 34.815506408419722 42.861254029611516 54.949502933666047 53.12615601730537 74.212660821419092 193.94972789813573 38.843365986605733 27.807513571154367 49.410864954090982 18.288902158386882 53.052016287745403 51.192423887792444 39.675227070955664 24.798959035419539 16.804573247777675 14.565927606650387 1.3350224421304329 30.637851566982221 3.4840912307530676 54.06068354758596 7.0822292939878011 3.8814096981826252 33.070266214171149 27.716468844198577 26.907333738458988 6.038741815859213 24.917384488004338 25.79727481892688 27.938418196729998 3.4942922936636216 34.164485280547026 19.78265724252104 11.625786608972385 2.0789082868465725 2.844157524150619 11.434090480080528 0.53866577724145903 16.819870448111953 77.210195034332642 63.102893606720997 8.7733131574140621 2.6126864442497126 2.3202334497032457 6.4203941234824269 5.8839239303910551 3.1288713475587304 7.8676273297032786 14.408660881936795 39.145064249587563 4.9312560067865343 5.5632060874639668 8.9308195236141596 10.90312686031791 72.08617053789807 9.975951247329979 10.423305603608984 14.242765500977416 5.3621125633114071 1.6995174461407936 15.236788107566756 35.894267169940882 38.937722056356684 6.1896142879153011 4.6297171017835943 8.3884739522602789 7.3088482738459621 4.6016266577118579 7.6469085376802175 35.203923232342447 36.173779315546362 4.2038193224275355 5.3674377263164903 3.8493624508380808 21.692175298133581 6.3107914642519827 26.81820827686763 37.68305434421999 38.446010086895555 7.9444212820383404 7.2380353815047487 4.1147955494709842 6.1700714554833223 16.042490323031146 36.702257752647036 35.418337231961985 36.965324645748865 31.792474807942479 6.9300932997759803 3.3849505650067981 37.142346072411371 37.350964209575487 79.956810660573595 26.529398637697874 80.810793402977495 5.2156421771959618 37.08311080538666 11.779856332481941 80.61617341256003 81.580831377538914 68.620325744117764 81.163512404888465 80.986607039455279 5.9175758619064984 8.290218395537611 81.495645297834784 80.566821395468892 79.179729175033273 79.334113563858452 42.074188113755618 193.96743004154314 42.284219230460621 39.683386207911767 99.442606735818188 76.458917053548859 77.981351995441003 82.449014876591548 82.161334282075558 83.774825687328061 78.579905791306828 60.830056398668219 63.493152784883748 79.060717461613592 78.788678294639183 83.25161214239526 77.379793283275063 86.319869824788839 78.125485574927524 76.709783671882718 77.767328845712129 77.010233563068937 76.888668183215671 79.910235015908057 79.791375850621009 82.483047302694658 80.038827375758089 79.542993414535275 77.65283444540691 77.615604546565635 77.442019194367603 78.741216737226267 84.098567765482116 82.084018207077136 77.606857724920118 78.63326066479037 79.69164903548041 79.566496672649905 81.749768331266495 80.730492525734391 83.8268046555186 82.496230399634413 78.671899254688213 79.631431690197928 80.700193873488814 80.852481947638594 82.93495940965515 82.865844998548241 83.75091008818903 84.850197114630959 80.680857159498274 79.619391554284263 80.696002937108048 81.739946884533168 77.748375090749249 83.738863534294097 82.740033851066443 106.96485464467338 81.466846380268407 80.588652598335457 81.487491664890882 81.83924429403848 78.852311937525883 82.646328239795082 82.623254647595175 81.506141412067052


# name: v
# type: matrix
# rows: 2
# columns: 320
 4.0452272840958052 -1.5491047806532685 1.6687438782853659 -2.3617106020879088 1.4252975598890567 1.3215449054445769 -3.7051433346645419 -2.1848560259870178 -6.0823386176376379 2.4920472144245642 -3.2310613308079135 -0.25668129495196312 -0.74118715823311598 -0.3358484738086866 0.0729779871312497 0.0054553980679680576 -7.7751658296903576 -4.4819068742017949 -1.05314510670548 -1.2157806818231554 1.8641035792430682 2.4219497396655729 -1.2273245871165563 1.2103972213421679 -1.4407485876778259 -0.71894383123956329 -0.5900129414938553 1.1313036246855084 -0.32923233400140772 -0.56623936573396694 4.0821334344156162 3.5010439354426839 1.181867302846128 5.1429967315631036 1.9519918219753203 -0.66575170208269308 3.2719712550454862 1.2860050404520715 0.79798844472905517 -0.93410371021257443 -0.42699844517647489 1.8160200705838916 0.40192553745450338 1.0945823538610964 1.284430502763213 1.6961192366017308 -2.3928709067965555 3.0293601452724093 0.85600768339707178 0.62171731635330507 0.56229828007824556 2.0211419761563651 2.4420983835032577 -0.81174342242635944 1.3025425581839654 2.9800421731832523 2.2641717827440275 -2.0231033066758974 0.47225430152581693 2.0490660774416041 1.0748926858544479 -0.49933260436388516 -0.082675161503154126 0.9117046482405784 -0.026439397963358535 -0.15923570045302715 -1.2030977882790295 -2.5555409142093808 -1.953662176098216 -3.026897304930241 -0.62678174345911952 4.8083481724781443 -0.40642775070900994 -0.91805656211814735 -1.5662810535526115 -1.753236453369821 -0.18207166082499657 -1.9055650975341942 -1.2646650758397318 -1.6672751629126161 0.37100589918426441 -1.5027619599587372 -2.2789126909198232 -2.1241568149597501 -0.19477465249688264 -3.7640982519271695 -3.3654957926938445 -2.5033289706477309 -0.11242168871446065 -2.4325949415664807 1.0570019717593961 0.69759526992407406 -2.2552085274621185 -2.8735094325109243 1.2924106860036246 -0.7880511172917849 -0.97312087593949159 -6.2008401770682422 -2.3069229284882748 -0.28673906359020684 -5.1408921495957705 -2.9289550251699614 -0.56251460564238687 -2.5073636296006838 -2.4014035210380755 -1.2334516447474011 -1.4259420476701921 -0.39510829267568659 -1.2559528760564325 -2.2071510477064251 -0.98397360781793297 -1.6556499856230742 -2.2665010609624225 -3.7227533077968435 -0.45696193376558475 -0.9562667139658686 -4.2742821254697736 -1.8358057054283927 -0.98235940944024569 -2.6508983975663525 -4.708855312620055 -0.21605085998892837 -1.766004026250783 -2.1923073095499794 -0.37590446259974619 -1.5162971309817765 0.62483686090896629 2.2064456801512247 0.63942593884555221 -2.8734017335606472 0.68257477424791246 -0.47306895157652629 -1.8184319200743335 -0.55529448593941988 -3.5083869392181777 -2.8003449046695033 -0.53560172088745694 -3.7930769386496559 -1.4162044425166578 -0.26415823193366156 -2.2384553847956665 -1.2668671552277602 -1.827527414456914 -3.1420302346738094 -2.0119602489744102 3.4983227678962781 -3.3052369035009281 -0.91079580141692684 -0.62777006123446633 -2.3809082177651022 -3.6385551441258457 -2.1984326549951727 10.35078207216706 0.29816184949003161 2.9794398013476497 -0.15023332099440023 -1.9149783109005789 -1.3108449830278377 0.28907770316144898 -7.1330978083079337 2.1289798520658563 -0.77894882957280687 -3.8979409362357114 -3.3913228914080427 -3.5455422401975101 -5.2642916103560387 -3.2069374741893513 -3.2815415982666662 2.891949281809111 0.44224570786684048 -0.55964301023052521 -3.7883259683974826 -5.4377899274839194 -5.2630689289879671 -1.1946868770402617 -3.2565143135266448 -1.555827959396799 -0.86365086495798538 -2.0628606792712292 -5.0694773222063603 -0.75816249943952441 -0.86229140556847184 0.99616988720600141 -2.2070062866156208 0.5599963309348468 2.0712909729583764 0.23374289887046734 -1.6899660573272168 3.1107006203467744 -5.0131023347403927 -5.9686404120425252 -3.9112136055541322 3.3764813153997837 1.4096056935038199 4.4517365092245722 5.7074741413452106 2.4117600036903255 2.0498604029075538 1.7878758349189428 -0.3069193709385597 0.96593325067148106 -0.18580237804250072 2.4094982612576805 4.9240524801607286 2.5506252189645267 0.37858240433195767 2.1357322914793224 1.9653764418523145 -1.1378714814752942 -0.16332890453346649 2.8126536921558452 3.3378846520305481 1.4391367847402681 -2.8826078650001081 0.74815931634122479 -0.51951123471156735 3.4512640240054462 -1.6761877638430758 3.573435235432826 -1.1264902757612565 -1.2342883518853756 -0.2232333141133768 2.0400650500862381 3.0407939601539242 -2.8725854604957912 -2.3500647073714545 2.4819930616714454 -1.2324969544255724 9.7918552122602343 0.80169709464945638 2.1203508429773001 2.3462789398805697 2.2728166734052841 -1.3354828591895331 1.8455340712388719 0.82122796329653447 0.63836373951813863 -0.17357462831727249 1.6181343393369052 -0.0042111822601120508 -0.3144449784130679 -3.8714034896466614 -0.018388054878221378 2.7219657041630296 4.9863026203622418 0.79445250808365253 3.2169663805502569 1.2341739172358321 1.4259396889268343 -3.7817426750848218 -0.0028187139062717179 -0.61728945015067471 2.121325740785005 2.6276230763922874 0.93817571368975017 -1.1396072695747648 5.8342632862706818 2.0571341096263933 -2.100086601167332 0.19242372781794706 1.0528186352201256 1.6588483316357838 -0.1880644554507408 2.6954461428283185 0.48846253060245814 0.88167391345715806 0.51532177851477956 2.7100595342336304 0.2762657795670978 3.7564575111016412 1.7096963896424207 2.2204751172478936 0.51766686468913381 2.560351706785494 1.4502285950987117 1.7961906087766859 2.037708896370396 1.340320467473453 -0.94764837306907146 0.28942909703815767 0.057702842452605096 4.0435751649052287 1.8536599364630666 -0.49282692976716846 2.3867838645850745 0.66421770560845039 2.1573457655607484 3.7266272483899772 2.8981808488295524 0.10436759538697708 3.5483720003900769 1.7148193622248979 -0.9426454484283906 3.3409330403964121 4.3328761466655905 1.3382557115336591 1.3684110229950048 4.0013318300218801 1.1363448672515082 -2.6490264834021553 -0.29565789846998491 3.9231054921133977 1.4812967829124033 2.7182809853364076 1.0980232686200133 -0.58517248776843522 3.7079981839496066 2.2220560616545839 1.2987033901519849 3.5140136696105611 1.1975480887345429 1.0795806053282941 1.4450386382779299 2.9942643542342222 0.64522997686242201 0.11116617838853041 2.6026948552794433 0.94868582572231563 2.6503295379003733 3.9156759193449133
 5.6746610425660311 -1.117490105380994 -1.3001778272902669 3.1959294126884794 -2.1802694161503622 -1.7172976550446548 3.1665408199503746 0.29108599795669898 1.6268567321058021 0.17893702609986767 0.42396333450296331 1.9695099347564848 -0.81039780598378297 -0.71422935324592185 -1.3205578138209146 -0.11200043242230964 2.0430779937807011 1.0634697339613519 -3.3581542607276549 -2.2197649203760856 -0.15783442623333704 -1.2876909133054522 -1.0198931389245376 -2.7553870761340526 -2.5276812997179214 -0.48475238529697723 -2.5132857533091664 -1.3688265063269536 -0.32170756773291342 -2.7283584480577621 -3.0858408607993537 -3.1684447908711664 -1.9680024147867954 0.43308914907152696 -0.5592723776804176 -3.4188743606433309 -0.73198930034954224 -3.2602072302165404 -2.7431120272404819 -4.0164748553366545 -4.1581539548988706 -2.2931866182110641 -1.1878276002155548 -2.0811550350449326 -2.1262925171040212 -3.0630822844400307 -0.037499912404130614 1.6371129472024675 -5.0052444364550404 0.43543714364697272 -1.511915700213561 -1.6227221011288386 -3.1642703783427861 -2.3073218326973 -2.5817180254548413 -0.67869507883650892 -3.8218522697962714 5.4499971294544718 -1.4392809407161895 -0.086267524133135265 0.94248603998284419 -0.25030586975863167 -0.39567386572042823 -3.1061043305055072 -1.0332840095294047 0.45291587890133311 -1.5648993430989766 -0.70265671128496998 -2.7554549653436 0.34558403289628986 0.24368335352761578 1.2975106343904557 -1.5484683325860262 -1.8219294096804888 1.0371440751934169 -0.61109505348242799 -0.36072497032297945 -0.76192548017770778 0.80952349095098441 -1.8689337774664945 0.29483227934964445 -1.5309875284502075 0.11922855114443957 0.58102182798713298 1.5826964464959388 -3.1543988042658695 -0.60225985612342214 -0.090136774658468852 0.84070242363817649 0.11800420346534195 1.1487017871252827 -3.068242923855204 -1.3540875773839196 0.95206281195194864 -0.75753523712404003 0.88032413910119534 -2.1582915212487439 4.8970965420429486 -1.5699774947195797 -0.78676707047751748 -1.0053099179898026 -2.2268521754835131 -0.28637169817022029 -1.4459184768503057 -2.7989506157324726 -1.8650842168129453 -2.9550620276362878 -1.4663148160970989 -0.9963208808098627 -0.42628614354727989 0.45869514152885954 0.60110431121903463 -0.047346198287631105 -2.0921403166124888 -2.4655634352264548 0.13899500992546598 -1.9245870328496679 -3.1850142271533306 1.4511542305423721 -0.27959778435134336 0.79862800313806859 -1.3111850562676375 -0.2645407315109618 -1.1870287210653987 -1.0418044763714618 -2.7709273964375534 1.2285908170633013 -2.3275645172648738 -1.4985947257817349 -1.1169014260415535 -0.73366493836641811 -0.75432136215821399 -1.2317002861492001 -1.2149931516049444 -2.4526947930590746 5.9786099913685185 -1.5708280398603836 -3.2615311777814466 -2.230477527875955 -1.2143987563600565 -3.5937678683943926 -0.035798990242072566 -1.4280122341158574 1.5120815234880927 4.9046688840804213 3.2576646799048485 -1.9440862629784657 -1.2655342515977683 -2.9310225095984426 -1.7965579920690118 -1.8051266820797047 3.3656766835543412 4.0790060925250726 6.0483451443686347 5.6950017758415452 -3.5782083148086241 -1.9899112468184865 -0.78747711847909341 3.8793708077086242 3.2832298429204805 -1.8896500028491148 2.3527586518369832 2.4361773678480465 3.5401989572604635 -1.354174089692026 -0.90569743143600212 0.34276675018675118 -0.85363468656053498 4.6764609455202288 4.7219447718390928 0.92463716531477713 1.9668184924153542 4.1758920753995872 1.2200009120881763 2.9453708658843212 1.8503521267160814 3.4094191220342314 2.182676113160066 0.45209373950366916 0.67807054542165912 1.8249665120869287 3.2895158013338239 0.27046533535377848 3.9997167321991984 0.16374669928492003 6.0062512266845944 0.30235079818621174 0.53006754339918616 0.48932347590585651 -0.13928606530911128 0.22003105136076753 1.2847596048090359 1.8837826443823882 2.5207145001160329 -2.3396644753656748 0.72746246601990128 1.2756812951622187 2.5554140728832921 -0.072153906410336199 4.1833626856438144 1.9614728777173984 0.96821462243147483 1.9787928416125247 1.4002621743374812 0.025426885849880617 3.3557233360146173 -3.0584401532887679 0.52568947763193186 1.2280115909280824 1.3727040908227146 1.2721787649864151 -0.45002548060283132 -0.28477284378296547 0.073812712038271333 -3.1167010553196142 -2.3582514718884071 2.844727342558246 -2.1295151566623636 0.64936349650766156 2.0081445773049529 2.7707898520975438 1.0703389931653677 -1.802091090026628 -4.3240862955158974 -1.6006292009101741 0.26218729123576967 -0.19219324170815 2.3113907717143363 1.9077300108608601 1.4457438020571585 -2.9001266284655376 -2.4457790183174701 4.9553758204151475 0.20690242714820795 1.6600421565414338 -1.3788913888146133 -1.3111792086495997 -2.140491732583143 -4.0377167529329059 -1.7646664059685513 -2.3086651030217085 3.7153455081322457 3.3848254212749538 -0.43910668676078851 -0.77104193595877557 -0.81940030315974965 -0.30839636330467529 -0.11736397320049057 -4.4895460325602059 0.084343247403908653 -0.38629703478105804 1.608560002339624 -0.33240220135534615 0.66378133454935073 -4.240020105343552 4.0361142509800016 3.6665063691707065 -4.4153214497381281 0.86357808203941411 -2.9764182474124699 -0.052294084872092042 2.5948312223201624 -2.8812900573165732 0.032350514829474986 0.28908030533995194 -1.072369632113483 -1.9795123299974435 -3.8780323904008531 -0.2570247971493515 -2.1692436957038526 -1.1289081300011312 -0.33084853901918926 -1.2363765446734676 -0.12965455957831201 -0.49565418887264484 -2.3415572572045167 -0.42247406384720598 -1.6495554943637676 -1.8431921446727859 -1.450526251165992 0.119297867476608 -0.15438185359056558 -0.5628710007885882 -3.6373243595055902 -0.60007902510383027 1.6030011070243186 2.423431336952012 -1.3323545362004783 -0.28601639226629311 0.40087577278144881 1.794807631542364 1.6522567972666127 -0.16692464495305537 0.14043897281038925 0.17856554029898508 -1.5757642462010386 0.999162780923464 0.46171905964946219 -0.60603757752431398 0.32487704038216664 1.0377110784884278 -2.065295585022854 1.3775192004856758 1.2314872884858827 -0.27907236582867734 -0.43543882903019143 -1.3054165679596461 -0.92305509536644947 0.23468710968701892 0.5953329846362434 -1.6525940789234794 0.86129832952167451 -1.3355808367673894 1.4254002686168412 -0.61595680067930636 -0.60484442079913125 -2.7244122381302862 -0.95145222115103578 -1.0740819917243756 0.98138792351805282




