# Created by Octave 5.2.0, Fri Apr 02 16:07:20 2021 CEST <br1@br1>
# name: ptcls
# type: scalar struct
# ndims: 2
 1 1
# length: 2
# name: x
# type: matrix
# rows: 2
# columns: 320
 173.93704861062491 82.965184819369114 83.109390503112152 61.959170957448023 86.578559698016207 105.7670179273545 47.905072820868718 68.734621341405983 63.873217578821446 115.87835910818539 88.585866579067243 83.596352364073496 102.71229264706031 107.64516158796373 106.28160521549205 109.3988063668459 49.592550179896001 78.944927057038115 84.663075081715476 85.866844736081291 87.763632132480893 153.04082769578224 106.39158594782731 154.05850209575536 149.63984889725725 137.98806762020502 150.86148999727359 149.76442507786959 155.94378787433331 154.76947957575621 141.6128356669885 153.59989178251121 149.38640283496073 125.55772087352341 155.02274460286165 151.9211681346236 152.61482119281254 155.29637664670241 156.25278112185063 153.75891551654399 154.19699155854966 156.80087356466541 149.0170582902405 154.91717624796237 151.07323245057813 161.58637490306822 170.88131082350856 168.34318566839562 153.01656928165502 150.52207924976494 142.85013540431788 153.7570796665068 156.44120346358227 152.13829780978836 171.08349203445866 172.15703053257926 154.60362827578103 170.46231011599636 172.79233142625284 173.2749020731703 170.02194324691311 171.38894626289016 171.25965029907704 169.44624808822743 73.286853678828706 73.765551588853569 73.652286415346268 49.717322267389847 74.996233091741033 74.43168320163015 72.374758595553388 5.7167601072378078 75.570030746033325 74.668097833106657 74.913186102618482 73.556126094023782 76.692971888436404 74.709868705098657 75.627165218792214 74.521007282126163 82.637255547724692 80.531164717936193 77.145328458784391 75.809009507424747 76.213298724218561 76.205487269096963 77.788794185599571 76.820119535051802 83.027962913799698 81.589475102029752 78.24058046278941 76.763405785545146 77.60710877993273 76.998243814066583 77.237259585384038 77.784616173168715 107.33303914338205 76.655682135154947 81.887139101814824 78.075194322352957 78.171330342720026 78.273550392853736 78.859686039108894 77.598840881982682 85.647005443840712 86.863680165083224 84.18421493694062 78.668187834580579 79.27794734700089 79.505109464865996 78.314404792828199 80.666415043486069 82.507944785245527 84.684310518648047 86.105519155230667 82.212558747736963 79.848663218313519 81.678042945749354 96.831352113560797 78.965509446636872 81.535933766012292 87.761841082382503 83.525220848580915 84.085766456768454 81.030916676005248 79.88727001416359 80.0322782851011 81.185934493352363 116.60025616950836 84.027771297024643 83.415046877859098 85.651179014883283 81.516523555655439 80.345960839663377 82.762602394143855 48.598598190297643 80.152230675891943 80.718532173256307 86.429347980311704 98.688937353281347 87.900634481150377 83.468388836756219 80.992261619878889 44.570130373593742 128.45895013645327 118.54962517843116 51.282663395966296 85.8023757185004 84.641957844565255 87.020305885718656 82.400930403637759 49.621844073907944 188.28786977967678 127.12126333328581 135.11871007930927 79.527368251235586 85.018570605625968 86.693024874086944 105.62268378078144 50.805813536683708 119.86393095283726 120.32130000553323 115.19285084099468 111.28670286177461 78.234639500659924 82.649200543096214 61.958641290728437 77.168890053532337 116.54674587014415 120.37122527401074 124.07024153874526 79.899181328256248 48.540812272883066 48.506756847904597 93.981083596555123 76.836363336075834 117.2505744414911 106.1607258008908 99.71404008226429 77.145982564767593 97.721441316870497 116.28510703572515 119.09114319698267 94.363628869444725 88.859136334491978 167.28710913303587 138.55257745619727 78.013016054435724 155.64407716679949 63.207192853389401 62.926398770085513 75.973197525256751 137.45958177919078 142.64359263885058 170.51323665132944 158.0604475585331 157.89465905279513 148.30357310033719 120.02395702788269 127.27734528752663 136.03223124664297 135.68741801315466 148.41595836555382 157.04593462323618 154.57544242752769 148.35943865953581 149.96920216613219 151.73093059571636 130.15212405162123 131.24130335301604 150.34544309807504 149.25874135977352 149.03530000807868 124.9968297062114 148.79657777493063 155.75579781674247 150.4093480340162 126.07101886250376 149.96356604135715 128.0534103421939 130.79440506584405 121.13420334914501 153.30995029077087 149.0275020326778 123.32352686375586 131.24901045458208 147.92517259381611 124.53687294666796 187.72998244925071 153.54405534735173 154.5684388793251 151.78225233530617 181.26936361380379 125.19109023358246 148.70141216728481 150.10913421415219 155.34714104599618 165.95734607843556 163.69459638681866 171.9033578474837 145.39423134079524 103.64891359941225 129.03711730202164 167.13943944582613 168.06027948734774 155.39449258703624 169.39409653159319 170.5363982463777 144.75234690694634 132.0319304971716 167.06972625226587 168.44715854976727 168.55460923171194 167.0651994144585 152.52894465010129 109.69863754656458 174.52566118387097 173.48204374062234 113.75170242685107 175.54235046759217 170.76510369063556 168.86842402907899 170.24039065732381 173.6756208211315 164.92170660260538 160.61917974940985 161.12360485615946 170.48503214898597 171.53203416888394 167.06295272318891 168.86150816082875 172.22845189457743 169.67470373530969 174.48578678157409 172.14108156704143 169.9066035660959 171.41608977429871 171.24628942458611 172.48646381614248 167.8236253620116 169.56160827777012 178.15420592103123 175.39134559007712 174.27393421604026 173.27702922627032 174.06930988944421 172.58826832293369 172.55411371691653 176.76200461224568 175.20992497473864 174.79061881977779 173.57432966000243 173.90553665295346 173.14295803611731 174.74495572545442 179.17302597927818 176.41731392209559 175.83509394605801 175.42363275810683 174.32656576248868 174.2743326127935 173.05091913914245 177.12155195196067 173.2602808504289 178.86880714426837 176.8972276590859 176.66797220798585 176.28816186087028 179.79319443850318 175.86915033729088 175.37070535617187 167.09155541980653 178.42465864151606 177.80059236643655 177.37186078758828 175.16103884593011 177.72283391395237 178.05266720911604 176.85952294591169 179.9840907554366
 52.969366928397683 62.773029567019236 73.796050973024975 173.67407216611596 52.994408650970726 70.058306416890716 191.73146062026018 105.67222009855875 4.8807008964889915 11.528215689283146 51.973524208439741 74.828343559934851 81.482459928698006 70.888760366424478 72.325930763133528 78.728596485065395 22.696082110021713 8.5854125562728001 55.745244861130026 53.799067333914472 52.696823692803513 42.92624784261789 71.163634248882531 42.518785604774401 40.140262308264838 48.524682457127376 39.836739379019463 63.886705209958755 43.241529257521286 43.39422850117095 48.390780360770059 44.907519768602931 38.19200912512018 27.848561406606265 41.395087121112923 42.878972479707265 41.671064788621926 42.392613842771198 41.051578589876264 43.815509285710647 40.09630543185515 38.555734186946424 39.312370597395194 44.490291033920151 41.893414838539996 35.897175480161003 83.627205624175502 83.960192481514824 40.397492519008921 40.979228385711991 42.412110602135158 41.182228055168565 39.589397518284514 39.492790842184931 84.880405331326983 85.262922643578563 38.989206325656859 41.575938444657524 79.164799453061434 86.427672103033544 84.364162616718019 82.423863050181183 85.952358145485334 83.441451910959302 75.421981467574525 72.804747167635711 76.574547006772008 73.326513762533509 76.429033326057038 75.584917664402226 76.74582565867658 125.28139268928807 72.294934988025261 71.709971009492534 73.119195605007576 73.927496147482501 74.891022084242977 74.462368879318845 75.319077532094525 77.602483462642525 71.846890475369932 71.959431270199858 71.284741841301312 74.217904457275708 73.137490682782982 76.313130369166686 74.966503190274764 77.627487223539561 70.716891541116325 72.026844909580419 70.790354191758979 72.234669656175285 73.001346390435046 73.881865257992004 75.990869918679465 76.945902884595355 72.012030044027824 85.94286300859865 71.062053656519822 71.954183403292873 74.022839049585002 77.989896301521597 74.958377117483323 79.469668509117042 56.323371127323185 46.224119903315959 73.353724067100359 73.0243456192065 73.948483047205258 75.949523584343424 75.855842843468011 75.866543962991258 55.695113807938853 74.948466499828271 55.239449945839318 72.98488260041556 72.895775723080249 75.952024397973403 105.08197399235182 76.953897509568705 55.099743736591975 51.308253513158817 55.045291753327604 70.94210914216039 72.964720835832026 74.852925666253967 76.838157968447661 76.935081051302703 47.510602368019086 54.069422789298933 56.633662785960446 52.299480037228115 73.892517060495237 73.877398645561243 75.804673449570259 190.75652172866961 20.560356167225645 21.648438168858267 45.160852105788258 54.21086101912735 54.555946048874858 72.626599040098796 74.844669213523474 138.31809175840078 18.458881301483377 24.784982195257534 36.370775418802012 44.255237394035689 56.904700537311875 53.943239525350968 74.617651938485423 190.23459146765842 35.580161112586012 22.931512908884208 44.854863533418154 21.414935508134519 54.625971918680612 51.912903380877196 36.571730424789287 22.681195415114175 18.316293250056837 12.683720685180827 0.61391945214800159 27.805692401173786 3.9827218291826716 54.33105932801061 5.9664886305059728 3.836542183158751 30.818253407845656 24.030825248921303 25.303688249757577 4.2705062558788747 22.181116449614102 23.22629499697133 25.582121504022638 2.7994608621962795 29.947794032828984 18.036516351993086 11.264111617369531 1.7670243586973284 1.384184314481063 10.48566917807495 0.32229350895843856 13.620097062352569 77.079197674903767 58.297892625373876 7.371410711286364 2.6537946626706881 2.075946970495155 6.4473245310649308 5.3807468173647743 2.1271433361219407 7.5402656739351066 12.392089281843893 37.331549179995868 3.9628669594208934 5.0145474958055951 6.8511556899220496 9.6435142799410283 68.739480389383644 8.4111041329634144 9.6247600656974317 12.0487068044339 4.1564354539197366 1.5320036359442948 13.163233862008557 37.212529830865279 40.656508559417425 6.219431444375501 3.8847644722978183 7.8356316019193892 7.2393005720654662 4.3960832064823361 7.4670312932752658 37.058958744449967 38.217011612775792 1.973750337425956 5.8818707204038354 2.9467488341394894 19.425840189520496 4.9757661240847106 24.97711583546505 39.355133531743618 41.011756076070931 9.7018697924321913 6.0650567180863115 3.9172635507325753 5.4947533365901728 14.51630631434241 38.32630255578345 37.78045357579218 38.323774601187573 27.828174151610082 6.4238379159302665 3.1789750885819097 39.090712011660301 40.427210605670489 80.376195518945991 29.759572040044155 81.378995953644505 7.7409545432367617 34.110834398880762 9.0719959954619895 80.837133315443396 81.6825874508624 69.275845986646146 81.309680687486008 81.297837173519753 8.8308324043312272 6.938929014158477 82.162780770096461 80.621690096615183 79.232621637157067 79.724620803110795 44.600318775661535 190.73853864075727 41.990034717326481 41.81745879079449 98.751744270187444 76.412970388082968 78.448363231918293 82.42634401059945 82.540717667720045 84.070826616725 78.366492427181072 61.687952104359127 65.076762648882223 79.559207318271987 79.295330394774325 83.914016160869338 78.126242025481702 86.429608064589871 78.868815999134284 76.746804225696366 78.30093757489648 77.658181055266169 77.525413701155173 80.406763391356208 80.184161504927744 82.851318356562174 80.017942462585495 80.227280920937446 77.520995375475493 77.997965790163789 78.16613923716416 79.048700746837284 84.275956459480625 82.262604494582348 77.448782381690904 78.651228257081357 80.060344587408309 80.137242818875905 82.17794407870349 81.317892219421296 84.387779823973645 83.302372898172337 78.717598442539753 79.796582723030895 80.920892099337962 81.134362638130852 83.17963410110454 83.174932873832702 84.580931398601351 85.050199401044281 81.314784448860635 79.675170201209156 81.052585571619133 82.161856089118004 77.609425010946964 84.378878455117984 83.151051706102734 106.27581598105559 82.288698498842734 81.389160745173854 82.461793005414961 82.028153292232332 78.85859653807556 83.350248407489772 83.389873300202936 82.196216144397852


# name: v
# type: matrix
# rows: 2
# columns: 320
 4.0452272840958052 -1.5491047806532685 0.28256298810829994 -2.3617106020879088 -1.0539094965283176 0.058399294123455764 -2.189941025108626 -2.1848560259870178 -4.8510609990097162 1.9188016516660589 -1.4160501521308375 -2.284471946722483 -0.74118715823311598 0.69751464789023299 0.26833363061312304 0.0054553980679680576 -7.6548156781385668 -4.4819068742017949 0.71843112329321257 -3.0509242209067331 -0.6589717682844235 0.45499197781434919 -0.27043805721139957 3.4432261646299076 1.2117941164147283 3.2865924376512514 1.6286249397129742 1.1313036246855084 0.98975802145492842 -2.1825796618982536 0.076597165524798977 1.4545112618960596 -0.75284545298685612 0.95492287514684171 0.16867835319803581 -0.8151117606568562 0.83319125622871071 0.80913041040065459 0.62593137923421382 1.346773972948256 1.5246431607101059 2.6294175701109195 3.2156563828787657 -0.43465652649474174 1.7298163434378477 1.6961192366017308 2.2279362602576596 1.044432266469336 1.4979792572191997 0.91651362668796954 0.56229828007824556 2.4865926236134319 1.1390516212894262 1.6658670182726865 0.5849674714531875 1.9956951591815788 1.8557665163895825 2.7951920726202948 2.3612306554551461 -1.2359869966567159 2.8604767019623449 1.7440678202361897 1.2472246262793925 2.6492342958758353 -3.6429157889042063 -1.6581962427796602 -1.2425717174927096 -2.5555409142093808 -2.4056816741990525 -1.5523563616302767 -3.3857204908340606 4.8083481724781443 -2.2555377907637646 -2.604439966198143 0.0061680974209735728 -0.69153240162034646 -0.5588991303775257 -3.2220520113335227 -1.7669618349971981 -2.6218204696585512 0.12195606864185872 -3.2409635632695144 -0.40980214032989315 -0.86503581009720454 -3.103463074162685 -1.7273556834153299 -1.6681131613269062 0.51453697980413571 0.014591149157173314 1.7722605834055758 -1.0538578072336748 -0.98372316552494388 -1.2892833122626646 -0.31945537802910751 -2.3058826540269757 0.84198547909374666 -1.8955805597043165 -6.2008401770682422 -0.41564949161724513 -1.8776804752320273 -5.2404129252774547 -3.4016725761870137 -1.4142584063274033 -2.2854862444683368 -1.210700439904888 -1.4488719431690844 -2.8854202271805529 -1.4499323896325511 -0.59138489121715043 -0.87647801797401692 -3.2383383436334241 1.1701117822942011 -4.0686411656351966 -0.22392045930158505 -0.67475043887145558 -2.2603069765650416 -1.9547675273642251 -0.33959807676366305 -0.98235940944024569 -1.937989535888861 -4.1734285362434376 -2.236523722256329 -1.2930635452794343 0.5598248168702411 -0.6156352905285658 -1.3348157267402441 -0.90248289571566132 -2.4832523599088354 0.63942593884555221 -1.4526856390649414 -2.315805683512524 -1.6322466920094181 -0.57829287016089803 -2.8403409410245772 -1.3694884951877404 -2.9238770591856031 -0.42634892348005338 -2.2820688782339564 -0.67331473905926431 -0.26415823193366156 0.71152709153927973 -1.1991074664945731 -0.20822261266408576 -3.1420302346738094 -3.2546185208185556 1.3524795744434255 -3.3052369035009281 -1.4382652064526413 -0.85899511044565036 0.1596032127571364 -1.4893614345171671 -3.5901028100349897 10.35078207216706 1.7670819465546246 2.9794398013476497 -1.7704941788174986 -2.1165024004936877 -1.051015981170236 0.28907770316144898 -5.011039764127255 2.1289798520658563 -0.77894882957280687 -3.8979409362357114 -3.3913228914080427 -1.9832136053084219 -2.7528536086513298 -4.4619016168488459 -2.5594501569067889 -0.97507909238544366 0.64777175120566821 2.1595107491211532 -2.6846032315576869 -6.196148362270403 -6.7471186899339486 -1.1946868770402617 -4.4609684605014834 2.3112004147977596 -0.86365086495798538 -2.0628606792712292 -5.2269816082747713 -0.75816249943952441 2.4532875123642177 0.99616988720600141 -2.2070062866156208 0.5599963309348468 2.0712909729583764 2.4527870522600099 -2.5542837760535417 2.6070433818012004 -4.5453345477849219 -6.4127216749664271 -5.0730802668733261 1.4176385806467875 1.4096056935038199 4.1268127163193284 2.1531511819856726 4.246343951411113 1.8756191557948116 -0.954457520255243 -0.3069193709385597 0.70424828169206932 -0.1843188276996427 1.9316041693129784 6.643791491799492 3.0542824575101006 0.85647649627665801 1.1566459501235431 0.90679789833277735 -1.2226523783871035 0.96190613584673013 3.4352684191499234 2.8895111721492168 2.7740209001863358 -3.0629863629402454 1.9542250525430098 -0.31094326366474373 4.4346735453602628 -1.7928185429131172 2.2972664993822027 0.11616799608288741 -2.3630027401039877 1.71708383600065 0.7162679580611131 0.89466167588325951 -1.4805455437975275 -3.4022903487198848 0.17883421112811218 -2.5682382544825386 9.7918552122602343 1.5321197357981342 -0.8365123617062088 2.1045841403978991 2.2728166734052841 -1.0947721988206527 3.1065680210319448 2.0128689664447674 0.54019965252494362 0.062303430759757084 1.6181343393369052 1.6232124898341054 0.34337599112048406 -3.8714034896466614 -0.018388054878221378 0.74855745662550199 2.7702384507065192 0.79445250808365253 3.1697163189786433 3.2151091483827123 0.76811871939328269 -2.6412567889861638 0.51628011461259038 2.3368276034230533 1.4412327857572116 4.183379244691114 1.6235520014787288 -1.1396072695747648 0.95820217826391818 2.4398236312422146 -2.100086601167332 1.9061389681392151 3.7336655488882484 0.17891253151930389 -1.1325385475718017 4.2273024813185289 0.40825787165814836 0.88167391345715806 0.51532177851477956 1.4831298932908665 1.8429241417230642 1.5282976049759105 2.4779692007143876 -0.13475616385035777 3.1146551603741823 4.3902655116416023 1.4063875855572066 0.40711887781066686 0.81241784494445546 3.1982907697129801 3.1808027673850496 3.0582370606250064 2.0776825075018146 2.2133481716216092 3.0082080603804355 1.1387146416493745 0.44287223675419046 2.5257690361549625 1.423319536623262 1.235942301494444 0.44703147187170428 2.6660520691685639 -0.83119673441142994 1.8366140475949004 -0.99581348808832171 0.75163510442213455 0.19567674599394536 2.233943830257612 -0.57334119610741052 2.4472545330961011 0.22952523672624126 1.7412503391834928 3.248743086605077 1.7543657160743646 1.3610773312797981 1.5097282589003427 -1.3472150479139029 0.84840128807167003 3.5372822608393952 1.7081670792003507 1.4190028812839215 1.2208348370437341 2.1087175259968514 1.0795806053282941 -1.0115071494650516 2.4167248527760377 -0.057620418254009931 1.2652179907837364 1.0626060480059716 0.44037802269814319 0.59894065807611341 2.8232233173885652
 5.6746610425660311 -1.117490105380994 -1.1749429930451523 3.1959294126884794 -0.31273460995133417 -0.57286459627680897 4.11563610392807 0.29108599795669898 -0.96626186617090382 0.49924024443452136 0.36988756417482116 1.2278771965527702 -0.81039780598378297 -0.7246483380340859 -2.4013077643989158 -0.11200043242230964 -0.4932258989575487 1.0634697339613519 -2.4090674735579349 -2.4109005655359415 -2.4634889402957554 -1.3436311861098429 -3.0936946355388035 -3.5196387076095141 -3.3652502250320797 -1.6842615605321667 -1.2368972547351942 -1.3688265063269536 -1.276308553213285 0.43229177357323745 -1.8863316855641648 -1.5820328853765036 -0.88300382564773439 -1.3575735504779309 -3.1641540213210622 -1.261898088704198 -1.0244661762156322 -1.9856031508572496 -2.2232677150475699 -1.0139963438846329 -2.2348041935079781 -3.0657488616453969 -1.5656065182097716 -3.2711186114182733 -2.8060394594390896 -3.0630822844400307 2.0230934704789836 -1.0687167834099147 -2.3895115787666015 -2.5645813297528228 -1.511915700213561 -0.85992209201662095 -4.1194051817873847 0.63093075519018538 0.79943420185345171 0.99040171856787573 -1.7524993134704252 -2.9485163453822358 0.76857798040277647 -1.8984025958468735 -0.1890982176099153 -0.59813987411961222 -0.58024847687134251 0.7267920825703269 -1.1083043322057629 0.3108416022149682 0.31842347884769973 -0.70265671128496998 -1.1310762377112047 -0.084913782269789961 -0.97229025205113095 1.2975106343904557 -1.6267203050298307 -1.1690440137679876 -1.6698242907558418 -2.1801317667054261 -0.59713428412020841 1.3056481959001593 -0.59408721515250684 3.0147449836646287 -2.5279876945970372 -2.9866734508614052 -0.48657656274892191 0.47069339739249649 -2.8294877696441478 0.6793994047541575 0.58497700851725143 0.11800080110476041 -1.9385347435806417 -2.668284716854227 -0.29183324512862141 -1.7345886035065148 -2.3482269560730464 -0.36348766310495134 0.39857758408410526 -0.54962698234618212 -0.13775414803616462 4.8970965420429486 -0.31527948664612904 -0.65142443044122644 -1.8148317330482928 -0.8035835717937343 -2.3034551642438896 -0.90462777962723462 -3.7627816146521313 -2.5627673556647776 0.0236781423233072 -1.1534132317106927 -2.0290487283110332 -3.4046100811997064 -0.13990828283932016 -0.55972821778935689 -0.63156202792622695 0.22735287493120554 -2.6297907643591425 -1.0276571681337858 -0.69215893690345309 -0.08113043173711007 1.4511542305423721 -3.6412088336829869 0.90104787735140035 -3.6000088295746249 -2.3059772318096905 -2.755602616200806 -1.6795079662960655 -1.7795634995820326 1.4500250170348874 -0.62021949290282208 -1.4985947257817349 1.4410007754383762 -2.7564762650930659 -1.231297534933302 2.04706090895422 1.3639947986369312 -0.1702925994618833 3.2656963292194949 -2.2998761996345327 -1.4917893243772495 -0.79960018476559525 -1.2143987563600565 -1.4694913400939511 -0.60677731138485147 0.98952931972898994 1.5120815234880927 2.465225001929618 2.1437277296370167 -1.9440862629784657 -1.9987284558562914 -2.4044217843287781 -0.033466204112387252 -2.8864099552016409 5.1294950617256729 4.0790060925250726 6.0696738027171175 5.6950017758415452 -4.6189020084386758 -0.93189902186297258 0.94146605288158303 3.8793708077086242 2.7753010978919743 -1.8896500028491148 2.3527586518369832 -2.4361773678480465 3.5401989572604635 0.60029184510203693 -2.4903776779921145 1.2781462765908438 2.2530855401185663 2.0345767276948057 5.1586950744111961 2.6939712065157497 2.622324542664586 5.1536540948484753 3.2864715304060397 2.9453708658843212 -1.2550390567908294 6.0513033398596363 2.182676113160066 0.45209373950366916 0.7069384510768435 1.8249665120869287 1.3352644415901933 0.27046533535377848 3.9997167321991984 0.16374669928492003 6.0062512266845944 2.9064333373243074 -1.4284415838079179 0.20171580878167217 0.98137903493413703 0.75710502299013049 0.60309979814546966 -0.91329958684654744 2.5207145001160329 8.9777298278450584 0.94584725314406704 2.0723628816462685 3.0693823181502609 1.5617942349986416 4.1833626856438144 1.826179107595578 1.2965080846441313 1.2485855677866848 0.38519580072926746 0.31303455297406463 4.0859306098404549 -2.1293011227099266 -3.6545779078040641 -0.35827352475470242 -0.54604895075116666 1.1630369005054684 -0.85485186138885194 -0.0090748605597539486 1.9894404748670118 -3.1131307096252985 -3.3975167535528494 1.6659026403936656 -0.11067833684479958 1.5560996184611973 4.4475884594557549 1.3953420961695879 1.7475256408610964 -4.2549560575622065 -3.4258342404677853 -2.4251076161160574 2.8892418309630772 0.38870894153127322 0.34268105265316601 1.9077300108608601 -2.2643855817737948 -2.3439261111237673 -3.9621287891959276 4.9553758204151475 -0.93437402123103652 1.0755305702898461 -0.58543795777483665 -4.0268025679534301 -1.0865754263473011 -4.0377167529329059 -2.1746767053808713 -2.557748467215927 3.7153455081322457 3.3848254212749538 -0.63557479694284491 -1.8676645080789092 -0.81940030315974965 -2.9831235758570096 1.0671080371195192 -4.2404626683659821 2.3377746208612242 -0.44717737717507178 -2.035481460649069 -2.469176898004712 1.2687300973950089 -3.6930506070215721 4.0361142509800016 -1.2279168435089971 -2.4397790654324472 0.86357808203941411 -1.8479113259272311 0.50003152571851917 2.6858843032074873 -0.26920351011119281 -0.87074384084105982 0.17032867636703874 -1.072369632113483 -1.9795123299974435 0.61379736122218675 -0.61735433709682952 2.1290372855916866 -0.72622449368066322 -1.8757320337287693 1.6341871897009632 -1.5281108961658059 -3.9094339294710623 -0.43094079735592716 -0.14616714043991735 -0.92268580125758382 -0.83569690501035865 -1.2422824481032542 2.4409188342933699 -0.31575267461652057 0.32582646182019331 -1.6869277655552717 -0.58573370594410357 -1.1831454330158924 0.64339675429129151 0.88891524206581207 -0.39326841094619636 0.30393497286880755 -2.6002205665719198 -0.19468995522213561 -1.7568930949521773 -0.1106409661357364 -1.8046116441961662 -0.092288808652075033 0.35752608327155144 -0.21569263455908727 -0.87556925685797116 -0.70653577372026355 -0.61954252248223785 -1.6221548943021638 0.34517802927233865 -1.607586411056708 -1.9429935748781635 -1.3578742586631112 0.38897711502759014 1.3287064627092522 0.14564071025418479 1.1825944862000093 -1.198469376202133 0.86129832952167451 -1.7048132072097772 -0.67877084393568143 -0.98284390184936399 -0.55708555725358833 -0.23791444513421992 -0.004694185105595979 0.54180722877024579 -2.1947231541622534




