# Created by Octave 5.2.0, Fri Apr 02 16:07:52 2021 CEST <br1@br1>
# name: ptcls
# type: scalar struct
# ndims: 2
 1 1
# length: 2
# name: x
# type: matrix
# rows: 2
# columns: 320
 187.08403728394347 77.930594282245352 78.588715005431808 54.28361150066236 83.370700148795947 107.15364546704947 34.843642156395383 61.633839256945471 45.607731414043734 115.91098934295623 84.070369133710599 79.808353595622123 100.30343438280619 106.10274123693269 105.05509595112633 109.41653641056531 26.857690190103177 64.378729715883196 79.982739697260868 80.784179671355631 82.966310529152764 154.53298118322101 106.12693322996259 156.6226467685608 152.90392997748023 141.38486491271374 153.37939741829263 153.44116185809941 161.37598036790374 156.57446165247484 149.14640458479943 155.68674619443618 153.62424051372179 140.22058501807754 160.04644668107557 153.63987869936011 155.67304008948165 158.27865951221935 159.10183326672657 155.58636630677691 158.60030399219582 159.94035468056595 153.06648992952032 160.88984284692589 154.52212386979002 167.09876242202191 174.46365310192166 173.4815575614621 156.57862150056658 152.55327572866841 144.67760481457373 157.6230530399562 159.83586189024354 156.36320966930964 175.50737678652487 178.75782124086652 158.23011788424921 165.27040143199594 178.27528570482463 179.90010299491072 174.7800314356341 176.62627983113293 175.8705453007907 174.71879440506081 67.763824877205067 68.932557717995238 68.876329408930985 41.411814296207211 69.923144317991628 68.899524349647791 69.512438264778623 21.343891667791652 69.990321050674282 70.018621198209516 70.071837531757126 68.974126920790241 71.996491380520823 68.798808261817769 70.016633437127382 69.308920979834269 78.467501973690091 76.650523573524396 71.088679788291714 71.080782528765795 71.346775300013292 71.009828135599221 73.115442894090776 71.717747085602468 80.118808389537776 77.250056046936351 76.169222429844027 71.017975632087015 72.326762043858665 72.159163130783099 73.04566110463719 72.683578352555102 105.26923804300961 56.502951559685869 77.77707708444099 72.176529577789182 73.210344629026537 71.538806781999924 74.325723455712492 70.743360558545916 80.381821112209465 82.704156162662585 79.600533219954372 73.518807330306302 74.588338641272998 75.195670796630964 74.071193522120566 76.222619554013448 78.572306440396886 85.595275835742967 81.1473177711148 77.868541785216649 74.656280317960068 77.325876369346105 93.638684032881002 74.855856184167152 66.926336848959409 83.547566372722827 78.993497937726488 79.299935103710297 76.747449755169427 75.362196955217442 76.117474549303239 77.094304445415105 118.231031380486 79.228854528774008 79.590771652154103 81.452953877690234 77.585915306586045 75.653248238699788 78.222661518080912 41.186699861579712 75.819365265989049 75.415856022583455 82.882084025550768 97.830423099495277 82.202839933775152 79.18096724349823 76.492905545835583 34.358532110906026 122.83010835390682 123.1505754341046 40.540643459589717 81.937695037469041 80.597418157342403 82.318095294058352 78.474786868365953 41.807430160528995 221.92791151422551 128.90648565554895 144.80188943368069 74.606445875083907 79.676224910930301 82.469056906089619 106.56218631605455 28.211437001447575 126.78311547205023 117.78971630942621 102.52454279822931 100.26490346469609 66.142907575165395 80.390375493596508 47.509471581902808 65.854983983301608 120.15749676838567 124.6012669089541 121.93347454310521 67.814093536301243 29.317543468111811 29.829614070676953 90.098351246176975 66.868934314556853 118.42957693136023 103.35386048977951 93.009742874632764 65.354116622345501 95.257413193690113 124.26684758036052 122.32869533039795 87.190858437941685 90.679124410030937 173.70971752406251 143.29911682275286 64.819436452809029 164.68862583334516 46.136604934249512 46.83083133734641 66.653409285706218 144.47046387781259 147.22481114274035 182.6462659214769 173.00335884942467 171.79708021830518 154.72168467065677 123.12110696353632 126.27985733197377 136.76016115055856 137.47072067648443 153.38342955353954 170.59128369872238 163.93020273874396 152.45322963471597 154.21081500378517 155.32968470572982 124.60824180641362 130.89674862237658 157.4075022032209 161.2680638698173 156.09652741784367 118.69500818901503 155.16835702635029 157.83069384181795 161.12847827837717 118.9590259850229 157.19691428466848 123.96579181291091 123.58976144600435 125.45465297431744 157.50230211895266 152.14800615031777 116.96202687568486 123.82152334900107 156.61036776326938 119.35974183944953 219.55351188910265 156.47804702905628 161.17683225291077 155.35035824121724 188.65601780237162 117.64804387918811 157.73624416847395 154.18108008424642 158.91535661426531 172.37660340506829 168.95353298966859 176.85782704526687 147.49172707036072 91.066852258063449 128.97735612366975 173.58558271422925 173.70924509870707 157.9764632383154 174.56985509878675 175.6781506246476 146.26720898655117 124.37713684427418 172.56681403943008 174.55104353520787 173.36159568536513 172.66212759304642 154.7456256757817 105.99491392044257 191.16700690040997 183.42931253574872 106.92642097306111 181.2494810905275 175.6853205155405 173.51897155117462 175.93768361998821 178.65028025654439 166.49570249033673 163.77011619141987 162.52326876019859 176.39957208842219 176.90355988716951 172.61396902127319 173.97506386780452 176.28768312603535 174.96806782663089 180.16020382063431 177.49623237917848 175.10090191202437 176.52264227235665 176.61930662264197 177.72201632999796 170.93313676463205 175.59131853341171 183.50468675903181 181.36397810408312 180.25901332192637 178.66058052593382 179.5332607722118 177.71244382396631 177.34358783740782 182.52132549946921 180.74476595754072 180.06457727468677 178.98252595224707 178.0687274985535 177.67497191181798 179.28176070145378 183.49723416113454 181.78013640654225 181.48744775023411 179.91655172154685 178.82666989975144 178.55277597589557 177.45611763276005 181.62887986374864 179.70239805785599 184.22250229734652 182.67875021692038 181.02687536875641 180.44245966407433 183.92070037453774 180.38474002427623 179.74266191264135 170.60019238712744 182.67839901712554 182.08958189744493 181.57858025631887 179.17222207603797 182.83711463379814 182.33278826940887 180.68042664618579 185.43598305840194
 71.412015316736117 59.141186724532204 70.964937459064245 184.06084275734671 48.464013917992645 67.380603988622269 194.82891183208565 106.61824959192195 7.8916551947913653 17.63504580016043 49.401365074836349 73.324614831959806 78.848667059251312 66.905258749078712 66.317302969301622 78.364595079688883 30.902005365135036 12.041689191647666 49.260955246972479 46.935290707706031 49.896534140917822 35.2580279432918 65.836924540363512 34.826188529243154 32.691017063017604 45.070075056938926 33.679307161788088 59.438019064397402 40.628223131667511 35.992379775093987 40.240959711146537 36.915461885233448 30.559590525954299 31.164446196982318 32.896405666333379 36.061646194812973 34.345361143838048 35.4290031877958 32.3876613336435 35.516982686477277 33.356926754189864 30.558209510488247 31.606535832650639 32.139974575865565 33.840042590995587 25.94215805573068 82.429717768793125 83.041313959799211 33.459106953070993 34.442923569330709 37.498384576442092 33.999347024418604 31.651818383461372 32.288602169821836 82.064174064329194 84.552765442230594 31.69460966033532 56.848605617097675 77.155524746791627 84.669989268540192 83.614516670886474 82.145983575123708 83.154568892594853 81.246544023949838 73.47004858833148 69.411694425204331 73.800354729663255 71.042879450854159 73.785810848507253 72.81218543145765 76.080948137291884 129.49830225105612 70.285480688051592 69.113936885389023 71.351967340905816 70.686864904761151 73.20293315128211 71.749505002343867 72.652968660045119 74.75067247428359 69.263536471207715 68.482636872183434 69.08921675580244 72.408981485131335 71.301536496554874 73.480350542717815 72.682631067867362 74.383533610729302 70.862963420658303 69.358401452223546 69.569123859488954 70.224586471146011 70.729492346067431 71.959143210111975 73.741488383239385 74.926212689485197 67.485195774567572 101.85842677024085 68.358337086097777 69.514887215271386 71.611658140393871 75.67101399541329 72.308999930151387 74.777870371627969 48.286265096130698 40.045492595564966 72.028545885976115 70.360369192143011 71.180076127470997 73.096929045220122 73.372882609063169 72.747314022119809 51.113322535321629 71.12267672564758 49.16514578613625 70.233606665887407 70.132120720454225 72.410615365954257 109.79822524161587 74.244428914915375 57.651007010047316 47.162789365097503 49.692095990218547 68.585321490587233 70.525679457075569 71.981829378283351 73.87313237685747 73.410262006915602 44.314364247868937 48.472375323546125 50.635550602327591 48.143667240343454 71.288272801878477 70.835292747712103 73.309443096986584 197.36841514390372 11.683652951688181 12.729320452223764 38.921889168236753 50.264065060955971 50.849371367475683 70.091970405155664 71.625003290801004 143.23235670973219 29.808546809107533 34.971028946421548 30.052495064123246 39.249265651406525 50.164655284269728 48.927402655045789 72.033028774136085 196.49802389100628 48.836930913291127 39.816353815738388 63.363619304901519 11.876411959842528 47.44392559167926 47.823786752479549 49.179685549840194 30.885877262710121 12.174930740797741 20.330186303650915 7.3036569933580937 39.311339012270551 2.7190284677186942 54.088555541728176 6.9513139593007116 4.0198805214799327 43.830547749770858 32.6176999463393 31.236640645959685 10.857447122276836 31.366255051910532 32.477703970579704 35.154576818147049 3.5391249721169644 41.540415171816313 25.130213719762899 12.733416270756125 5.0749200017568503 7.3153254787636346 12.509952781111965 1.2013058488582258 26.619176442000072 77.611374447583572 75.663885906620564 10.850371527569656 3.7353912378250222 3.0169416662814958 6.7326730856186874 7.7633161578326213 4.823744658385694 11.14659589384075 20.584411407221307 31.489979045301421 8.1832556685394771 7.8701412277706746 15.191584002178162 12.482651444430372 82.335409117723501 14.275355561068288 13.301635665235404 21.73114433218058 8.141522303274785 2.2639476158641023 20.817973911550105 31.563879973602717 33.157574142256067 9.7310752523618813 8.0647983140741282 11.816002355605583 8.7705781181373226 5.74496947999166 6.2195186095317183 30.900519289053001 30.70472225259881 7.5841609598724267 4.257901433685598 5.9379355280888397 30.126034072841769 9.4900652138555834 33.9693653389159 32.770675001878978 33.37550731134548 5.8319621505096437 10.712312969034521 4.717103546538036 5.2796642173328809 20.716428849639556 31.218226825610468 29.446728399235187 32.015265113608812 43.933145567960445 9.7275489946217064 4.7544612598522962 32.823545309689294 30.894423737530119 79.980841050163789 16.636992593012387 80.358307737415942 2.5294160169978079 46.185707300310973 20.072678614605543 79.401608587037856 80.779786621180676 66.612795001374593 80.126029916055998 80.032599023152642 2.9931617542625606 8.6911765754521841 81.319756630626713 79.03787050173689 77.874054193380147 78.801648232490649 36.338921258810174 196.14409004355014 51.267159834927142 30.788755895693548 101.55837303681234 74.405923086606123 77.261164703726891 81.888500549150535 81.075487013633946 83.439412900369092 79.28815253938734 57.086660811758755 59.754850418319258 78.122590705869399 77.226751042669733 82.430249097500763 76.799267441390924 84.260345386228437 78.057888223717669 74.740616221523723 76.294174209244431 76.284646601056139 75.793603202695095 79.259431384512411 78.218062679857994 78.993194916039897 78.936189482099365 79.292780902561816 76.192565456874831 75.889454358310388 76.148892216685113 77.065967482132365 84.138378056299914 81.415577629237887 75.847203385875446 77.186825540786444 78.279781422215578 78.238905673499303 80.510632701106061 79.462298025948115 82.505655193886994 81.196008449129394 77.256919823867293 78.364992608388292 79.493182038770058 79.380311478158973 81.515387958422266 82.901368912888771 82.297029267024428 83.52328210539315 80.091664094828531 78.274599206436534 79.322384036118265 80.509165341147423 77.992590998494876 82.741677403972204 81.285408472389037 109.07503555200287 80.349495822499634 79.299783081265332 80.423477922612619 80.346218191411751 77.167518799310528 81.3333648130059 81.699315473726301 80.069741774563767


# name: v
# type: matrix
# rows: 2
# columns: 320
 4.0452272840958052 -1.5491047806532685 -2.7100040288453653 -2.3617106020879088 -0.13770639671715443 0.35034047616690489 -6.2106094508590788 -2.1848560259870178 -3.6885823208437998 -0.60100659307165627 -0.98423856349744254 -1.9370807989226544 -0.74118715823311598 0.44819154439162306 0.36396456937390831 0.0054553980679680576 -7.8666030178349038 -4.4819068742017949 -0.6476313912005649 -2.4137551738328371 -4.5839021112041864 1.5122389927487307 0.780155440564267 0.068872664723330035 1.2265597090728078 0.35029495785484888 0.029393756455786301 1.1313036246855084 1.7875350110661496 -0.7015537198512054 3.0128946453212055 0.68654490898822895 0.76293286845068842 5.2435936435317503 1.237713816027312 0.98389541651503198 1.6545729190628324 2.2833328660110332 0.19267710781153641 1.9920823949149431 1.390128445071722 2.3856661810490718 2.0115147463421774 0.043860860216004383 -0.67821019320780629 1.6961192366017308 1.0325370494295962 4.8325839541105839 0.83250593449242405 2.7486812104181819 0.56229828007824556 2.3806398520405114 1.959167441940689 0.41032588599109626 1.6855445564272031 1.4538630253486577 -0.11439635121165437 -2.2712352614613822 3.0080844763754144 2.0377942140265501 0.76357343585220561 4.6295667216323153 0.58369250951382945 3.1631239289645996 0.17560845633592537 1.4849552515089255 -1.8212514902142976 -2.5555409142093808 -0.49869112221291223 -0.93841739151595538 0.0082518916340220891 4.8083481724781443 -0.38622759351230151 -3.2414943297419136 -1.5301616337355484 -1.3271105752286696 -1.6116144264353085 -0.9306566301032454 -1.6774411878758095 -3.3231749788451581 -2.6665606150937919 -1.5025770666991853 0.6117327103556357 1.4095837989149183 -0.48241022343602558 -0.8089743365193206 0.31392801040723473 -0.51759500696589544 -2.4368952320439781 -1.9002002767528989 0.28092358787182098 -1.1416784118063059 -1.9635589912616058 -4.2731294263128179 -0.41554929832405502 -2.8383120875054275 -3.0844230747856112 -6.2008401770682422 -2.0193613163954618 -2.4398713836266959 -1.9192201095606496 -1.0930237759225683 -0.3349759368420408 -1.0875196849368083 -1.9910634208621814 -1.789656789753169 -0.70527667187192578 -1.7309385856538644 0.75593294677623124 -3.1717169305923569 -1.0925345950629992 -0.54901435907895713 -0.94816471447442507 0.83635664410673316 -2.0309282194970684 -0.16937747396098202 -4.157866819265764 -3.3500373473634331 -0.98235940944024569 -3.5519547361438124 -4.708855312620055 -0.72374523644365385 -2.2345406403527592 -1.2076328251573196 -1.052707818754123 -3.3109689240999454 -0.54470102828917133 -4.3560249395044819 -0.99928108557046047 -0.4828845887358969 0.59245321623639757 -0.87220797913324799 -2.0289352301137327 -2.9719830665484182 -1.3209662998518414 -1.1712302447061507 -1.6551143006641664 -2.4888082027883551 -0.84625834129862498 -0.26415823193366156 -3.4088753175262987 -0.56027424005018567 -1.1423441344922416 -3.1420302346738094 -2.7490147969021828 0.71109349501497576 -3.3052369035009281 -0.92453675762918941 -1.131734236741371 -2.236671359529204 -2.1176701948282775 -1.3220811987639793 10.35078207216706 0.19756493752138243 2.9794398013476497 -0.33498947707899118 -0.66866637540187213 -1.8281031378203898 0.28907770316144898 -6.6782595768456892 2.1289798520658563 -0.77894882957280687 -3.8979409362357114 -3.3913228914080427 -4.4703387435826523 1.0137137855549803 -6.138495526145995 -3.0698731124472536 2.1150894127802409 1.6531866154911279 -2.2664097402921017 -3.7883259683974826 -5.490939904619319 -5.573319995170201 -1.1946868770402617 -5.0689303568628796 0.85973893404808166 -0.86365086495798538 -2.0628606792712292 -0.38170226501500903 -0.75816249943952441 1.9706234885084093 0.99616988720600141 -2.2070062866156208 0.5599963309348468 2.0008869711900021 1.8594137597194293 -4.5743173180077479 2.8108123094364013 -5.2068008943620212 -5.237140097258119 -3.1890933411629869 1.7508104545508212 1.4096056935038199 4.3146073288181563 4.7599848012621324 2.7029261577214738 2.0498604029075538 2.0994390879491913 -0.3069193709385597 0.34692283497258541 0.43320803765639759 0.6631427460498095 5.5803756662126629 2.8505135298748998 2.124937919539831 -0.45466321976637325 1.577891292748431 -0.93144366084410413 -0.19023854147997604 1.6670029544563978 3.7342536145929586 3.7292009757941762 -2.1431564870842448 1.2776373833978949 -0.79356695790765541 3.3929493332393044 -1.2142191720785016 1.5278765095478535 0.73770650328516352 -2.5453094542161963 1.9326795500865857 2.4337656854848522 0.41282408663905223 -1.8158020732304534 -3.9441373234364367 3.2841301745911085 -1.7328415642453714 9.7918552122602343 -0.52707832201792659 1.1638575887175255 1.9548603342047115 2.2728166734052841 -3.090973361697769 1.6064879590534438 3.7852555515690218 2.5349805328694681 0.47228779740893601 1.6181343393369052 -0.518282546668142 0.067298364758652474 -3.8714034896466614 -0.018388054878221378 0.31229600227662746 0.48215265974521859 0.79445250808365253 1.7898240278111166 0.098562148080494932 1.044196345755116 -1.1099597246023503 1.6357502146388516 2.1873294599922328 2.4686810982690854 1.0914612921738271 -0.7152567023553621 -1.1396072695747648 5.8342632862706818 2.1942632900328092 -2.100086601167332 2.9642595492378048 2.7476187342890932 0.051655624866872314 1.260516406197844 2.4854580384645324 0.48846253060245814 1.2660606925996853 0.37906695415774072 3.2061712350348395 2.008948693141571 1.8905686783715459 0.68518735289879007 2.5826940338089885 0.23711452362557972 -0.7796074790223646 1.5579832700327849 1.5171406589461194 0.44478009618817044 2.5818458544578089 4.9789908316120126 2.420030365884795 -0.014359507050982726 1.7698355987822287 4.8436479738939742 0.78822922378517946 1.727397438340498 1.4769647210955035 3.358882565429405 -0.011052064609214068 -0.3016951173441742 3.2497513612795603 3.4400545996694367 2.7492725262993951 2.3206423972522279 0.80942070196198912 -0.20280548671827292 0.053425996082419963 -0.14378263664999863 -0.86623522431061339 4.0337151786631047 -2.2733607441940102 2.1055093958792215 0.37447330137626017 -1.5219059402866084 1.5221141589229361 1.4322335629359195 -0.79270451472949333 2.6899650502630226 1.7071806604979334 3.3102929808906874 1.0887050649030365 1.2322160416138925 1.0795806053282941 2.6011073080942979 2.4483675542687404 1.1290594356834165 1.0831948678099401 2.0436918033909 0.63812225761243058 2.7688360467460011 1.6169218446102911
 5.6746610425660311 -1.117490105380994 -0.38748911951785631 3.1959294126884794 -2.2767794165115154 -1.5985608394383573 -4.6342608888700507 0.29108599795669898 1.9341096756867977 2.2802740130875314 -1.1153637387354458 -2.193142019595538 -0.81039780598378297 -1.3050152035144769 -1.6641640790144394 -0.11200043242230964 3.2574925124208156 1.0634697339613519 -3.694231819220068 -3.4808201454393393 0.17149006599439559 -2.7666831668197474 -0.82276203203945197 -1.6864021828451297 -1.0666405087510409 -0.88210704781953475 -2.4893099845888669 -1.3688265063269536 -1.0139704414147523 -2.5117596202482568 -2.6884861982767987 -1.7577091999357544 -2.8303277425999012 1.6694031693815439 -3.9377234092847209 -3.3112258771915126 -3.4505990552639672 -2.0860569542178764 -0.58828313234774643 -1.8319419383184998 -2.0661043717530245 -0.55923449857392027 -1.7808707649993696 -7.77874466436635 0.18559008693483148 -3.0630822844400307 -0.030398379663552712 -2.2494719821092963 -1.2816470053444557 -4.5339198977429751 -1.511915700213561 -2.5870147238037751 -1.324325186428192 -2.305655259801711 -0.37481565558613894 -0.11144064699159115 -3.461115909332527 5.5308263444559174 1.4885504367586879 -1.3720367789704122 -1.9002293644852466 0.19844621059956391 -1.9694726255430177 -1.4957267555973031 -1.2243464269321442 -2.2899180464721725 -2.784540466201729 -0.70265671128496998 0.90410723079637523 0.26622094140283914 -2.9073269741773897 1.2975106343904557 -1.0188751262673945 -0.61765727696615624 -1.4474970883692833 0.66479383770555889 -3.3841933853458328 0.90053975117668872 -1.6249904465823075 1.2445515787513304 -2.4591431310232101 -0.0019259066069550121 -1.4629240102021308 1.7021166475434508 -0.52860620760429744 -3.2646106099829217 -1.8140621713501668 -2.1424282917068882 0.94846921722404343 0.58025480157751463 0.30984179784066584 0.64772173239728337 1.0345284555364584 -1.4365290602437175 -1.0578744892253891 0.28694582602161661 -1.5397673282780344 4.8970965420429486 -1.5623486900355468 -2.3049736620378218 0.070150209190446636 -0.70844744121501868 -2.4441337558855794 0.75869985351769076 -1.6145854044659806 -2.377226292396919 -2.3440642993937217 -0.70637981650157156 -0.041996102613588826 -1.5206632018568116 -2.4687382783332006 -0.3593226958630521 0.14400621303843178 -1.2511771984691764 -0.743446793950026 -0.18585416386295073 -1.3222803172500992 -1.5420012173819078 1.4511542305423721 0.2427445419414479 0.79862800313806859 -0.7175223682029036 -3.9548350127239735 -1.4773637373979842 -1.1348978157701151 -1.1011746010248431 -0.2139786163105184 0.67581331796749777 3.8797293853132846 0.53390545227723829 -2.2851887575923242 -2.3822786036190031 2.1582753335433935 -0.52725793988470993 -3.324503284403177 -0.91174716385267263 -0.69535852668066789 -3.3003883954392537 -2.0966573198251637 -1.2143987563600565 -0.89249015957584421 1.5695243483445598 0.25710033158533907 1.5120815234880927 1.9126176284513199 3.2193689319130208 -1.9440862629784657 -0.88721238406457514 -3.3646771952731673 0.95351036491974694 -1.1561553299554075 -2.4334379661883672 4.0790060925250726 4.8120311240586187 5.6950017758415452 -4.4148206103305396 -2.9675857886625576 -1.5911187659517241 3.8793708077086242 2.9021100009822707 -1.8896500028491148 2.3527586518369832 2.4361773678480465 3.5401989572604635 2.3066768666458741 0.28904425432282665 0.076365690509820866 0.25818611496886573 4.1314128889647614 2.6999826923864605 4.7539005293584271 1.9668184924153542 0.78124315012804224 3.7813551606578115 2.9453708658843212 -1.0736911078232878 -1.4238569325053376 2.182676113160066 0.45209373950366916 0.63165221117496928 1.8249665120869287 -0.21873810036547267 0.27046533535377848 3.9997167321991984 0.16374669928492003 0.69109936130191385 -0.64001752673795553 -0.036415404123048035 0.31962200253615963 -0.079848679889248597 0.11974178203684924 0.049032363250023719 2.8261509693065494 2.5207145001160329 -3.8475207441993655 1.5090392395623189 0.99096514051413542 2.5554140728832921 1.0324091838835792 4.1833626856438144 0.4928054707483242 2.4368820294005462 2.5076283505472809 0.90340155544314793 0.19512835921957533 2.8268878270798563 -2.7050915008969438 -2.1120604268828655 1.4310573192406593 1.4029848457557814 2.0033045347491587 0.90069132862222834 -1.1354397521825459 -1.3721078394893973 -1.5502293988150182 -0.36053420192149666 0.43944305193834016 0.43486527768212546 0.58010042121556182 2.5871340420469924 -1.6371653689720469 1.714395247453256 -1.8935850230703144 -2.652730231555898 0.73579114887160035 2.5850512636893392 1.7263597518176972 -1.5495997729179831 1.9077300108608601 -3.7994634663229658 -1.2567371610269322 -0.7776369402971427 4.9553758204151475 0.65405078510978476 0.98486085833937731 -2.2072534787565528 -1.8244028211580525 -1.8264830845787818 -4.0377167529329059 -2.2762894212097482 3.3302269193122367 3.7153455081322457 3.3848254212749538 -1.3860180171657557 0.49349110060192997 -0.81940030315974965 1.7012123984591865 -0.33371142816343963 3.4681951587024349 2.1974237912641494 3.5765411134579028 1.4762857247942811 0.82579165697000889 -1.9890083584988691 -4.3358110918274591 -4.0361142509800016 3.6665063691707065 -2.9074651809044409 0.86357808203941411 -0.066771245286566472 -1.1979533405995837 2.5878693925580345 -0.50983053049543259 -1.5923870840556169 0.28908030533995194 -1.9778878461283085 -1.1548233309840508 -1.521934994142053 -2.4381673397114154 2.1839894613831388 1.1433545879670395 0.45663083190168369 -0.33886517668182148 -2.6612175358695116 -1.4087605918082191 -0.11626414009154901 -1.2832432972561394 0.10405392562013233 -2.9922451036577429 -1.5498002564950939 0.5044677879892705 -0.045904474251386676 -2.0166053591093469 -0.44874669868308398 -0.75533125643754928 -0.29198505290345506 -0.85196023210299643 -2.0814209246621163 -1.7938772718005496 1.2388691785203305 0.13445892657224129 -0.51787665588391696 -0.5820421295348861 0.65089308946181779 0.079722620005670111 0.43992269047797522 0.27086093557002278 1.1849577800051097 -1.8539615539377559 0.43316390441553376 -0.18249375555914205 0.30054448748377799 -0.68314747791943575 -2.7217647269659477 0.22649924573715413 0.80287735313012676 -0.35286158274155083 -0.57687391166126201 -0.73739789646933507 -0.1888136898133882 -1.1569113518388003 0.86129832952167451 1.336442208879129 -1.2295205981676893 -2.8484425226126548 1.3644974292713015 -1.0868103061894354 -0.18174312814536062 1.9777126839848296 -0.19415477805131084




