# Created by Octave 5.2.0, Fri Apr 02 16:07:59 2021 CEST <br1@br1>
# name: ptcls
# type: scalar struct
# ndims: 2
 1 1
# length: 2
# name: x
# type: matrix
# rows: 2
# columns: 320
 189.71343501860719 76.923676174820599 77.664402197462138 52.748499609305227 82.424532345123893 107.16225229441849 30.806746013336841 60.213682840053984 42.931059266738231 115.52033505745918 82.021255756114883 78.1143732279766 99.821662729955364 106.04195193078652 105.25412126711458 109.4200824193092 22.868517589423639 61.465490247652212 79.065943877433483 80.04095318731143 80.773075819429948 155.27754396754523 106.33202928869797 157.42744749372483 153.98673535802865 141.61255663531927 154.44384717524406 154.17650921414537 162.53787812509736 157.22314666176354 151.10478610425764 156.08874333317127 154.48414543022776 143.62892088637216 161.20171063119508 154.17020014471646 156.40268380556535 159.52563954527648 159.21461053979621 156.29491596111373 159.29058459252522 160.14910785622894 153.70480776346335 162.39291279335455 155.48830843692809 168.20123992581264 175.53224414135815 175.13137062905696 157.30244915513114 153.25585289008799 145.0430986966249 158.40777834110955 160.35011093036596 157.167725620021 176.77174956083297 180.39422132289482 158.25837816121739 163.93976001969611 179.36166307645482 181.42196256866063 176.18530627597613 177.88280713352285 177.53290654360242 176.07910865059262 67.340894296280894 68.161578169614288 67.394818788618423 39.750712701970684 68.576393568002203 68.232864938747596 70.095642730744942 24.469317979902421 69.65307825195994 69.540822675334056 69.509559892622946 68.664613469232194 71.301848176641258 68.003214541412675 69.084181411749157 68.863727604805106 77.207307011539427 75.172884274167401 70.583679702210958 70.167297036864639 70.60008146807931 69.291972732115752 72.22302392277544 70.495390065554062 78.999230628190858 76.033747005909134 75.031741895521861 70.709105537496328 71.540279541109541 71.148894798627452 72.225928953095249 71.988459587633173 104.17514796827535 52.472405444591473 76.23760543053416 71.760067452107293 72.343912163802571 70.878897955118248 73.238271038049604 69.719666322545024 79.576740708524937 81.845112832114211 78.535243417780364 72.680394736694026 73.458085805030791 74.132859796196328 73.082148947202427 75.156161228233032 78.948367673189665 86.138907654412009 80.123862889936021 76.883575334298143 73.65474032035516 76.204370724817892 93.000150416745043 73.317946031503368 63.865580895756324 83.014590503122662 77.961927592183969 78.33110867972394 75.750143501592049 74.489811998343612 74.460349218081788 75.801731690339153 117.62835587162941 78.102458980959 78.576850510810559 80.674099352229106 76.62771026650411 74.709596668452534 76.908209458135147 40.63456728810857 74.879256967709381 73.604640974182985 82.686809286493158 97.658720248738064 80.788765943608624 77.954996319304357 75.590758493034926 32.316212458368483 122.01158010615364 123.61278620586516 38.392239472314401 80.677719379432361 79.652927135801534 81.377471147960506 77.319774139514422 40.738910295744517 228.65591986113526 129.03490286493675 146.73852530455497 74.446476434418614 78.907276517547345 81.945886463595869 106.75008682310917 23.929414858633361 128.16695237589303 117.28339957020481 99.99088118967623 98.060543585280385 62.973965508927272 81.049289454206416 43.783346313208554 63.674648168423694 121.48544768992907 125.51179924733802 120.55931726333772 65.351681656842544 25.053458988048916 25.718963672828007 89.321804776101345 64.217068870895233 118.98840723849142 102.79248742755725 91.668883433106458 64.027518049415008 94.764607569054036 125.42198632674159 122.976205757081 85.756304351641077 91.043122025138729 174.73887667998014 145.40542662349858 62.424337175477163 166.53629031161393 42.578497892940717 43.615573549558498 64.885984621645093 144.71079981634244 148.1410548435183 184.81785330876104 175.57740454733673 174.7177485511836 156.05409393254553 124.45925527902816 126.0803597408632 136.79325800790068 137.94470888635129 154.03081489618597 173.57470597430972 165.76240005602773 153.61809672470284 155.04050966524238 156.43791980182399 123.09653471251359 130.77309357041585 158.491054123618 163.67822862678472 157.48979320141461 116.8792985462607 155.62385447348319 157.96255712506252 163.35099543750073 117.74010820475129 158.63186793170775 123.37796061839016 122.57942827286917 126.87493364355905 158.28362823065777 153.48675119096683 116.81732672039713 121.68633061387067 158.55209723522472 118.05015687494803 225.91821777707304 156.46721677049644 161.4057308207685 155.91958717029007 190.13334864008519 115.63891119408534 159.56229741824987 154.95843303825865 159.27633530870878 172.64966927318991 170.00532031023857 177.8646094296725 147.76266175235853 88.550439989793688 128.96540388799937 174.39201377188769 173.9986628797939 158.49285736857124 175.16131336552709 176.587531171731 146.71874586638759 123.64157085324992 173.41836352076825 175.54981822582602 174.60225950683079 173.50845165323415 155.18640758566647 105.25416919521817 194.95927803648667 185.48849105071773 105.56136468230312 182.34839924963609 176.55986682581479 174.51253453676929 177.22926258827837 179.70105118510969 166.81320313522889 165.46484317410489 161.75221324025594 177.86423423988452 178.2111212619923 173.95784855037832 174.64339034082428 177.36106382070227 175.41911523169242 181.07924062971128 178.43161447870548 175.71203356971432 177.27955567727136 177.26992121385661 179.04480735152237 172.48054010590468 176.312619935366 184.39039940702233 183.18131923516248 181.16063678820453 180.01290957645281 180.38487993323469 178.5276080729534 178.36639776027488 183.61216692734891 181.99180079527818 181.46929936881099 180.11539151127823 179.27237105711541 178.50354683654712 180.29420495272805 183.56557930714132 183.17491511943015 182.78697568704303 180.8707725878981 179.63209232455793 179.2888704858276 178.55167749643724 181.91302097569073 180.89156450653564 184.72111268130826 183.8158386250181 182.01079733250373 181.38538271299834 184.87968868481042 181.60431266472952 180.68525767670263 171.30191978059162 183.61919598976834 183.22621373495872 182.59214110365437 180.33650437532447 184.2111680602126 182.64782907622242 181.87282711936447 185.90352451133583
 75.100544994403251 58.414818156034798 70.606752490636126 186.13819687559285 48.020400744186063 66.263449668260165 191.81664225431874 106.80745549059459 8.6082050872481055 19.117223908667494 49.084935241464798 72.750078283795318 78.321908485361973 66.50990902975262 65.662415212593586 78.29179479861358 32.996652752275871 12.73294451872264 48.053463310458945 45.809028564922109 48.794237395716557 33.546436129162551 65.260610447813505 33.51827111060301 30.656842848324722 44.49670547585648 32.793714456743857 58.548281835285131 39.969142344748178 34.668517316022793 38.493443682266808 35.138622726848936 28.974771257315226 32.249558257080402 30.493205502912296 33.761056237750012 32.951000191815986 33.285147488331319 31.206728990341119 34.03106127861674 32.281999930415694 28.616578394235006 29.666592739800009 30.172370910681028 32.408547018243304 23.951154570844615 81.874928363916354 82.8898251056509 32.361371960442945 32.761351791044078 36.515639371303479 32.901688608945207 29.797152234226495 30.853939005252364 81.757360492716501 83.980034311191375 30.63884266985697 59.504041038803436 76.649916295145601 83.854612586506107 82.791822196631088 81.77240105784243 83.260305780886711 80.878057001921874 72.130756700011062 69.233200401740547 73.522932554247717 70.586152588518289 74.028479792728945 72.861463922069049 75.68090735920704 130.34168416340972 69.753691495715017 68.396471552121866 70.951364468208922 70.279377541724685 72.635832366566561 71.273572510872455 71.921843151694219 75.208725953143556 68.442566617931448 68.08773018857886 68.242853751162698 71.732164932406405 70.42116148827634 73.197889182680669 71.858865862059801 73.552205744920343 70.383366221225913 69.026074766381583 69.153887418826145 69.299952218065428 70.073172906619874 71.375203702846704 73.16308047397257 74.265374833411897 65.724226500028621 105.04153952256929 67.972143329443611 68.898314034303652 70.817890251768574 74.654208000225978 71.5259369711071 74.379180745841012 47.022120870132362 38.461951073429219 71.422431846391888 69.740965691134605 70.514897592499054 72.711400280986965 72.600542669389469 72.369637011881537 50.364602891719016 70.30941154664265 47.985956458080778 69.715930406349358 69.224924203433488 72.145000227137103 110.74147549146868 73.71183553821119 58.170115212086678 47.046735128198556 48.178635032398823 68.323025892868813 70.026350389484207 71.592699871869669 73.713521366874971 73.355781941856009 46.825777822013642 46.998819407601829 49.030147784958274 46.71763895915862 70.898526758435196 70.506849805968599 73.037145680419187 196.41454012717981 10.684174739034983 10.46581950029147 37.741142335629135 49.474705869321696 50.206009318190127 69.433086122057759 71.346346383863903 144.21520969999847 31.513969359070728 37.063618752164949 28.788838993187174 38.528841608563582 49.010030811821679 47.661362342790369 71.941135886316601 195.27752857320351 51.48828487343215 42.944174046376141 67.065370459198959 9.6725222283352252 46.178669142773309 46.645011556023945 51.701276574850375 33.14591628541983 10.946658238945922 21.859479427344933 8.8871722824593746 41.612468334489904 3.3822257807447769 54.276434307038322 6.7837126200073881 4.3051102900027836 46.526376653906638 34.279917578739187 34.156511630138965 12.135879142346818 32.71124553997582 33.747457608386703 37.069067880972241 3.2651778400357636 40.614908165687488 26.548953193316862 13.027277201433444 5.2823371684285645 8.5015537116201489 12.185580799319677 1.3771083168381943 29.218992317929573 77.717809802119532 75.482674447964555 11.244307446316325 4.4960690834859429 3.2432804951931691 7.4465587496781227 7.8332214450335149 4.5692063752460399 12.173646712763663 22.22287583229679 29.538732696215565 9.0584609811168342 8.4072822771920368 16.852603149552404 12.720888570502792 85.054594863391472 14.88047475657744 14.600813344823013 23.634811008985441 8.9413897993638063 2.3721965220936583 22.381742750202864 29.998667196722224 31.727547830258384 10.908106300038908 8.9767384638153587 13.118150303192603 9.1695609455693035 5.854939016965762 4.9019753432567219 29.105801214678646 29.446637751940216 8.0562654798048126 4.1714278071401427 6.2541390435263455 31.515614468606064 9.9726565476861495 35.176493367411815 31.82932350795959 31.58131407503878 6.066150974475276 11.393571624266118 5.0054723898702314 5.3113090153828262 21.95645335669893 29.915695113104032 28.868775923570219 30.765498068971635 47.154139851230518 10.152682004943152 5.4412421955820536 31.287191965527299 30.13404244425405 79.142596000730492 14.012476703606033 79.913138301725155 4.5744009945576662 48.600681880597016 22.272815138434254 79.4688310331221 80.866220785741845 66.080184804320282 80.28020964299057 79.75376856879862 5.3671511274122405 9.9399551521139689 81.973607133579321 79.257209663464153 78.263017285580673 78.140676488213344 34.526706384812918 193.52061578041162 53.650388974887647 28.349261393461926 102.11969879013732 75.253637274951757 77.26143983063703 81.949413163318624 80.764962700878939 82.868215231462486 79.47605473785768 56.511754968022544 59.233095699122927 78.055464519104092 77.08998860102848 82.93988252614146 76.791487004763312 84.845999258343426 77.557757734418061 74.422600032762134 75.906166650045819 76.51007853619636 76.363064339194466 78.964116160425675 77.977349417285808 77.858469118491968 78.348200895123568 78.888845849392993 75.892945591551026 75.977347732411559 75.718571748351607 76.755768390686015 83.672187647921774 80.769435054028222 74.859047926740871 76.837092306173886 77.868617217361546 77.999377948588602 80.051639105825544 78.997689590913168 81.956329498918024 81.231166450366018 76.961201060206491 78.02748737682272 78.830894549640192 78.962824408618104 81.278075468934432 82.594735743273503 83.001160051662723 82.886158103678696 80.215941869758794 77.899931778871647 78.914107460767625 79.921105941415178 77.880979789052986 82.04899032141229 80.919233384506413 109.63487946619233 79.976642515309067 78.956684889938714 79.868164908527305 79.802058866557914 76.857964121349838 82.232009033266479 80.906413946160512 79.725469027102804


# name: v
# type: matrix
# rows: 2
# columns: 320
 4.0452272840958052 -1.5491047806532685 -3.6146967897227782 -2.3617106020879088 -0.77805008743026793 -0.024951474340006836 -6.2106094508590788 -2.1848560259870178 -4.5066303824159712 -0.60100659307165627 -1.2013361377440999 -1.528116812040816 -0.74118715823311598 0.86461608674466961 -2.543191272829096 0.0054553980679680576 -6.9805629660584083 -4.4819068742017949 -1.7751388409461026 -1.665150731575445 -4.4780654763839882 0.90460713902867951 0.10176082060267518 0.81566973064115766 3.1003871725050787 0.35029495785484888 -0.29598695939682079 1.1313036246855084 1.7875350110661496 -0.9109855145482707 3.0128946453212055 0.93216090837814536 1.5956011762908082 5.2435936435317503 1.7571761678912285 1.518094369312412 0.98220004946665185 3.0801340897710858 -0.13393473501367881 4.3309227079067636 -1.1614172071147411 0.55127051967405927 -0.19856459049847663 0.60081016581292113 0.70400218730141906 1.6961192366017308 3.3854969292536974 2.284904105713645 1.1389113280754228 0.099232714116320675 0.56229828007824556 2.1786681847258036 3.5395548812927209 1.7046638854183807 0.21120655077207418 3.0403457334063706 1.8740343095303849 1.3437354706709455 1.9851330884420175 1.1223801495493384 1.6073378969927612 0.40219316541773609 1.9044532420770439 4.6064551090566335 -0.38665009505188574 -1.534976314154272 -4.0148428002233869 -2.5555409142093808 -0.71071643286332709 -2.3072135835628864 0.38787626394930341 4.8083481724781443 0.53069547212805168 -1.4665887591166504 0.39003816701747684 -0.38243013360066769 1.9474037877831754 -1.3111884053067775 -1.2575828628595653 -1.1870191514081867 -2.4328708728856174 -0.95290521933799843 0.27620179231574565 -0.24178489618748905 0.54316733138599071 -3.4167322399587889 -1.1711486747628106 -1.5789305721002604 -2.543764336287762 -1.6333577546244307 0.30243201973453188 -2.3150189002982842 -3.0400343339531557 0.19324639869808138 -1.6389724635494443 -1.790650819375827 0.45999479553285033 -6.2008401770682422 -2.2102700567217077 -2.24751228982826 -2.4418438714072002 -1.1260671383787419 -0.51102150078879738 -2.9573053524824298 -1.7975355875752086 -0.690513890641824 -1.012976493742441 0.79357523766568205 -2.1250867575025953 -2.4776474649854001 -2.4279101833242045 -0.82666812508211795 1.1469423898974755 0.83635664410673316 -3.3464120857958797 -2.4677511926312552 -0.38842300693723725 -2.8250051386826263 -0.98235940944024569 -3.031027958023456 -4.708855312620055 -1.1567190768292515 -1.5509917748298752 -2.0954870047185938 -4.4226157296637378 -3.3058054408234767 -1.3631649447427405 -1.2042006037357422 -0.91901916719394472 0.30385194099419549 -3.4874354693508898 -0.023623604733646515 -2.5962074291054269 -0.8172337718251641 -1.072398504230506 -0.86378563116845664 -2.3306179278361205 -2.4841719834464806 -0.82868420214157046 -0.26415823193366156 -1.542639037954481 -0.94051481644517265 -2.5943060922973924 -3.1420302346738094 -2.1564161962101074 0.71109349501497576 -3.3052369035009281 -2.041253795897588 -0.055762177929743702 -3.218084405379221 0.75525868658766093 -1.6295258123016745 10.35078207216706 0.19756493752138243 2.9794398013476497 0.33587793075108807 -1.9841529510596947 -0.12206253210802089 0.28907770316144898 -7.0863851253283121 2.1289798520658563 -0.77894882957280687 -3.8979409362357114 -3.3913228914080427 -4.4857363288742773 1.0137137855549803 -5.7164523297833387 -4.3467893102077406 2.0348274944037255 1.5861026207424389 -2.0852349674428252 -3.7883259683974826 -6.5330745616102357 -5.009099841473124 -1.1946868770402617 -3.5141667813183632 0.85973893404808166 -0.86365086495798538 -2.0628606792712292 -1.8623138836422817 -0.75816249943952441 1.6281285507041476 0.99616988720600141 -2.2070062866156208 0.5599963309348468 2.0679924898068625 3.5824777616438852 -4.4062576371470001 3.2020179621542137 -5.6386826920550188 -4.4092534343556045 -2.1389911958888628 0.027746452626368739 1.4096056935038199 3.6047660143249058 4.6373040628590827 2.7473487022984799 2.0498604029075538 1.9956311790914811 -0.3069193709385597 1.1050471890198137 -0.32491631639083191 1.1713650220240939 5.6586338600387069 2.4593078771570873 1.6167156435655481 1.4155113820156098 1.4056393931723195 -2.2411605810145523 -0.19023854147997604 1.6670029544563978 3.5298470087000253 1.9675284980029659 -4.0498505436552046 3.0277635523470829 0.75031926653473369 3.5973559391322376 -1.118560783183951 3.217071354839292 -0.036066870256186774 -2.9169169574310989 1.9997635448352669 2.6316517430716089 2.5868289949042769 1.5543990828873657 -2.6687953003955642 1.3447119473578149 -3.2920070526867806 9.7918552122602343 0.42169338378774368 -2.0573241551639199 -0.88937737739063283 2.2728166734052841 -3.090973361697769 3.6183838187865116 0.62453427362063485 -0.49312749430077785 -0.90253918877631634 1.6181343393369052 2.0668661393681318 0.74211899039067142 -3.8714034896466614 -0.018388054878221378 -1.3850503903117426 2.0670944693965021 0.79445250808365253 0.43897776902675689 -0.13091677261431867 0.36937572012309622 -0.25767447759591033 1.6495482265280672 2.1925512324671579 0.2521913490666669 2.3217560687869212 -0.18167067550901625 -1.1396072695747648 5.8342632862706818 2.904104604526061 -2.100086601167332 5.6243229648037536 2.2518672316344968 0.59967075330242525 2.7491167084793551 2.717244787011265 0.48846253060245814 2.830174483264996 -4.8000175686398956 -0.32971884035509741 1.5516374859168218 2.3716272092686239 2.9596998345257655 1.4298050631205586 1.9021625197630512 0.95408733789087563 1.5617062282734158 1.3262601330089216 0.26240277982698434 -0.10674837002685239 1.2939978501591611 2.6545801811576974 -0.82258871668283851 0.73701668388853181 2.4941313972895451 1.095928243126006 0.55912242380236077 -0.58378784554171537 -0.64487032928353494 4.9772000201785973 1.6764057807526758 3.680821164982512 3.7536170228264978 1.3252071156427525 0.43637046496632209 1.9991752718447222 2.3000840044425352 0.013380080343716461 -0.10783032532064205 3.4845037452034511 -0.8435158762893108 1.6463951678938087 1.9105558342566316 3.4431608559944231 1.6482867044603213 2.4114541859487391 3.4538731110191501 2.7200391321430279 3.4566466356173295 -0.68939620829295001 1.6750292388682384 2.658615332689195 0.31179504480372422 1.0795806053282941 -0.52189448113651327 1.5329217437478648 1.7212483597140431 1.7357912054633386 3.7041736619863537 -0.40394472316994057 0.56018891672676951 0.87059058068347273
 5.6746610425660311 -1.117490105380994 0.6101564379934673 3.1959294126884794 -1.5617679593102654 -0.39506427684857803 -4.6342608888700507 0.29108599795669898 2.2894422895044331 2.2802740130875314 0.41628197469477751 -2.0121728846884421 -0.81039780598378297 -1.0714310435030505 -0.62748864598669174 -0.11200043242230964 3.080326119529063 1.0634697339613519 -1.759057971213023 -1.4551860609378344 0.87773693724544344 -2.831310355475932 -1.5672551323897572 -2.5747699042128862 -1.4405224021833907 -0.88210704781953475 0.53735761267160131 -1.3688265063269536 -1.0139704414147523 -1.9437268721836036 -2.6884861982767987 -0.32592555319959754 -3.1275484544135512 1.6694031693815439 -5.2148984946115871 -2.0525692630577295 -1.3663762460290547 -2.1118230650600891 -3.5005865547535073 -2.7185904989746543 0.14065047974965791 -2.7656261084941534 -2.7488549481528657 -0.38069622345285559 -4.8270475082798114 -3.0630822844400307 0.37521961491451128 -1.8261610062539351 0.81478775158157302 -2.1594324396528011 -1.511915700213561 -2.9695433703663245 -3.2878996087696932 -3.4401558124801781 0.23198779316104889 -2.0914486541980097 -1.249563557319775 2.6579410805214523 -0.76503249807298901 2.1233785311265807 -1.1084032014001444 -0.17128374182456205 1.7704246490623183 -0.71977569721179036 -0.83728218160624301 -1.6291492904457181 2.6571166357231673 -0.70265671128496998 0.74761797085774373 -0.50751673624388893 -0.43084852408056912 1.2975106343904557 -2.7336786549397885 1.7000580625393416 -1.1647039885117429 -0.19394206913669526 -2.957632748944147 -2.8685338023396274 -1.9825461598190177 -0.67785961012356877 0.29274751924797959 0.51700366293471944 -0.57691435250368628 -1.1376723556267996 0.16840571880250735 0.28089636096407067 -2.8116516490728718 -0.033061641883806454 -1.8850385575167963 -0.70051562780090459 0.41766110562137881 -0.4602182203164667 -0.0071762271122904342 -2.621631720833641 -1.1932630505705248 -1.3292270697850059 -3.2690303835566845 4.8970965420429486 -1.0868637775618124 -0.14504076236232294 -1.0651519180861528 -1.8375621138885108 -0.32533559608620033 -0.51778672263591652 -1.7823070529256064 -2.4709967162605411 0.12651067038844838 -1.8217873178295891 -2.4109214727978707 -1.1511504526158933 -0.73278861501428727 -0.75421218449198468 -1.3366793880079473 -1.2511771984691764 -2.904157589181656 -0.42408345501198119 -0.95820450291746662 -1.7995002168821288 1.4511542305423721 0.47430079000420633 0.79862800313806859 0.33459785911923917 -3.1799499598816876 1.6489660349123134 -0.14348644468095406 -2.4245229242367792 -0.47619066091096646 1.7703332526208837 3.8620357615178804 -2.7690512708759614 -0.87437723742598816 -2.0382451983961549 -0.66937931172733067 -3.0539083544138745 0.49821653315253156 -0.68928036757626709 -2.4542638525514939 -4.2148324128529318 -1.6228397103037844 -1.2143987563600565 -3.1136574136168016 -1.4580603867913087 -0.38910103327192369 1.5120815234880927 2.7009233644827173 3.2193689319130208 -1.9440862629784657 -1.2672595697223268 -1.998554339888678 -1.0083741426110757 -2.7849308749321722 -2.6559047624647674 4.0790060925250726 4.8120311240586187 5.6950017758415452 -1.7414712670460306 -2.7825408286626994 -2.3427222318181222 3.8793708077086242 4.0865089121187737 -1.8896500028491148 2.3527586518369832 2.4361773678480465 3.5401989572604635 -0.30407119425995666 0.28904425432282665 -1.2269327215766292 -1.2390568036722451 4.1491065127601665 2.5182328229524917 4.4371531307750134 1.9668184924153542 -0.027906973584458795 3.583272766125563 2.9453708658843212 1.1838551638759702 -1.4238569325053376 2.182676113160066 0.45209373950366916 0.14141776412704932 1.8249665120869287 -0.58371428282948212 0.27046533535377848 3.9997167321991984 0.16374669928492003 -1.9686302694788789 1.6607858261086004 3.1290573487882183 0.75568646154071439 0.48232094741708859 0.50553795299932303 -0.77576123476564096 0.52534761645999606 2.5207145001160329 -3.4391429679613212 2.0946684081384537 0.463080520679019 2.5554140728832921 -0.0093181901038784272 4.1833626856438144 0.6548633227552354 2.2748241773936337 3.248572748028054 0.84565700670212973 -0.24093609978497965 2.0859434295990846 -3.9266334936512264 -4.7519727720597604 1.7392388526479721 1.4029848457557814 2.0033045347491587 0.034888605333098052 -0.54574690747754639 -0.46313371345668947 -4.1056648028830089 -2.9266544662766218 1.3052457752274704 -1.6145414167554113 0.59979315680561218 2.1155757045989967 1.5041296322768194 1.8961451168872299 -2.0606590101178459 -3.1632472836637779 -1.0558130671861174 0.28276025331323551 0.46667765330661765 1.382437011544561 1.9077300108608601 -1.0548283259592146 -1.1458003804058634 -1.6483960009166045 4.9553758204151475 0.65405078510978476 1.6351573765554095 -1.4598566228459917 -2.6590209793306521 -0.96881439607380093 -4.0377167529329059 -1.7115769123188471 2.9597746974833017 3.7153455081322457 3.3848254212749538 0.21663856319109623 -0.73229750695180595 -0.81940030315974965 1.5576091440038622 1.1199020899146814 3.8386473805313743 2.4569418234355376 0.88816188900494575 0.68407189044980588 1.7868914237606475 -1.2470724324442439 -2.8358351749243562 -4.0361142509800016 3.6665063691707065 -3.3158429571424852 0.86357808203941411 -0.18079810019269002 -2.5105292590350956 -0.54637233755147863 -0.85605991543666538 -2.8522485799950967 0.28908030533995194 -0.39629386386608167 0.13646795068817763 -1.578822384542351 0.79880662888573606 -0.64001165126327997 1.272690803912192 0.84391504807739948 1.2192679161560129 0.38471553375810713 1.0203128417303338 -2.5236412991335078 2.028959480330141 0.80773978793920975 -1.4938342190994276 -0.27613518014380445 -0.78118596594232848 0.20447410300832247 0.28198393350494566 -1.9795942670719191 -1.0608299457999584 2.1481203503752528 -1.8222503620429107 -1.8587260141222095 -3.8602318462880953 0.0048126834415694623 -0.27263263293256351 -1.3671922069779503 -1.1074784482957911 -0.09969428671780857 -1.7798222891989195 -1.9247427586155175 1.3141462830690815 1.2474561286739099 0.034770447649317235 -3.7124171143226565 -0.021326255006539403 -0.43594882853923145 -1.1627094801815692 0.19305414497556636 -0.97100884689454536 0.9599468460788203 0.63326603170620566 -0.55173455318472364 -0.65037451564650539 0.2752019687945223 -1.5363156890286966 0.86129832952167451 -1.9053468300199385 1.3015668714433883 -1.1143267985492076 0.22737600402939701 -0.96898313240820122 0.89109641946777396 -0.40889797157301838 -1.2252295098919621




