# Created by Octave 5.2.0, Fri Apr 02 16:04:01 2021 CEST <br1@br1>
# name: ptcls
# type: scalar struct
# ndims: 2
 1 1
# length: 2
# name: x
# type: matrix
# rows: 2
# columns: 320
 125.07429606144623 107.89093337211655 105.32772458862911 100.57313930158513 110.72418349397917 115.54374584119546 95.791757949393443 104.45701736631509 117.20672645617189 115.94666634708291 110.58466231601201 106.38726813972849 114.97610394830446 114.90160102376898 116.11205754558077 114.83484260471576 118.81128322875499 118.03324427664504 109.04554216568849 108.09031700608728 111.41496250681968 135.46739871829442 114.32331655319793 134.89564871353397 130.96669786605088 124.38837540861368 133.97884662726025 131.2676108142519 137.55477665683321 138.64005088056766 134.508700886881 136.50956380699284 131.52056434586933 122.50523321554421 131.8647998388428 132.62438024160821 133.2259621266609 135.8089133794976 139.16656035418694 138.96998510250003 132.93838834884099 135.44447895649267 133.77391217678883 134.40994235204113 133.70617284241095 138.00919541046949 147.35274835765335 146.1899849162464 135.77371833545371 133.58945826501582 134.69272750576508 134.90324730108952 136.15620151159993 136.56605425314973 147.81509162454878 147.37308815221337 137.32676936725412 136.02023905788613 145.52216002080181 146.49726894061618 145.19169157702842 145.87423967316772 146.194948629343 146.31579913701523 99.413938327708166 99.997495836286447 98.21731232729384 91.500416214724027 96.852509206030291 95.24899320453838 95.921301645094474 72.899732512782663 101.29581064192345 100.46942706488524 99.273646627847384 98.06579413938266 98.101125012472281 96.983976839364217 97.187437950276816 95.89507820584106 104.12276676034344 101.34346178934071 100.13522331568171 99.002867009465717 99.071402342434297 98.158417214323492 98.324846845339025 96.865543602748104 102.77487600534681 102.25367812722611 101.24939735819966 100.07083126966555 100.19668243784588 99.329793687422864 99.368834993249493 98.455024896508817 106.84740672237771 106.33700093075011 103.36206704027019 101.09216393747602 100.26204452246971 100.41337548282026 101.20674125961895 99.492983360447468 107.73326297480158 109.09349536515877 105.83711618247239 101.19085441862798 102.33209538867206 102.14556872460037 101.41485821798696 102.56956447316514 108.16860409438567 107.12288877269134 113.2566766691896 104.51510807733193 102.10017056602203 103.23749088349986 104.43396131069814 102.18575810121504 107.59176689695622 109.10609654013567 108.26898690665548 105.31309490292664 103.15052969750899 103.18770970977538 104.30819973989912 106.22597397756925 108.11920193288081 108.92473023749763 107.1355616928919 112.35605949977918 104.17962036687423 103.57360057731957 107.27722385255804 95.852186281765384 104.70697156772901 104.04490897822176 106.8769417921892 113.42095243404411 109.33783871350143 106.25067790013601 104.68312552707965 95.942324710499634 112.54973952874917 110.55760179860061 105.70077364780627 107.01044631615484 112.78979919578805 109.44002060132641 105.31974294078024 96.790677476198169 111.70384028590428 110.56408505475473 112.94549693936084 104.4989745565168 111.55685494522754 109.149559338294 113.38483167001918 117.7265948923049 109.62524619819391 111.59494672605405 112.56453549611763 113.63767583767465 114.36688964781243 108.11960553987196 120.9163879409713 119.94177306062352 109.62479125653087 111.68440768509453 112.75277823681125 113.6898873952087 114.8254453894392 115.94385865714391 115.67659993934015 119.48310287182208 120.4057436000335 111.96010267352089 112.86771041680338 113.95825435072926 113.96429959574697 115.30223731131329 115.55431869173535 116.11927628294519 120.64843987817785 135.82181316645091 136.05618050800004 115.04573236143088 129.75688653755378 116.4797452609626 117.9914505865685 116.96193019946469 134.72572620414164 133.77926537737349 131.97621221141233 130.89009041698679 132.66669446253309 129.75059552479254 128.11578450684817 123.32745002094607 131.74536428217598 135.31388943439549 131.69807004405476 130.74284002575493 132.81412666513694 131.60449374743266 132.58696259547662 132.09241026709773 136.52139121367216 135.67497123503642 133.63366668948839 131.56026299875205 129.69644532507817 130.79082208190846 132.66377668566506 136.04655083241846 134.65914240288944 133.74412703045664 133.59000916795267 130.4700129777919 127.57274978801644 128.6320371491573 133.34581832060579 135.10008499764913 134.89341282721364 131.68767571958577 132.49563181441906 128.52500772308412 128.76422071106049 135.74685612501833 138.10445102553959 136.91435102495336 144.10881100362408 132.30297971758691 131.41675143935583 137.12456107965582 137.54164834215476 142.69655437420801 136.92413100945811 146.34500410731548 137.46872479854909 129.66811905067362 130.63301108808616 143.01188677591449 143.9397066402515 142.63889057424862 144.77593769598141 144.62769628896882 136.28120060540542 129.62382958920202 144.07584816109616 144.71483991284151 145.57688812152793 143.90738052587642 139.58611585849906 128.33121640413142 146.50251726330251 145.94746567576576 142.53823721883342 145.7301931485064 146.35682694256855 143.77648379368682 146.91378642308248 147.94383901301291 144.70657552985676 146.20381126442868 143.79763167202259 145.87171021380661 145.79669681555632 144.98169345950302 144.81194759254217 148.37206262742754 145.38392302203664 146.92266819915562 146.74317637068481 147.48530170082861 147.0712612286967 145.73086336714519 146.70663367545703 143.27063057523333 143.38934340599337 148.4063656150426 147.95774490881257 148.38188112222974 147.92556235612994 146.81911500012436 147.37818025120293 147.94178666397926 149.18623504240171 148.90370978341571 149.51700797597283 149.07491482719669 148.80886197846206 147.72225632428479 149.51202442247961 148.93281952585798 151.12442584847904 150.03012409567643 150.14561260556664 150.00161411430702 149.75720485040398 148.47389961932046 150.52306027961316 149.49437602718658 152.0771383488478 150.63991728420018 151.27157342453464 150.75677585837605 152.83567034691663 151.5994353015661 151.46632824249346 149.22853145123969 152.10551241318097 151.6823178844802 152.43406165334318 151.93714423271035 152.97290656537066 153.90330758097898 152.44266124037136 150.12977697114573
 51.343907696106498 81.286726111395623 88.613003245349958 121.42062626868776 79.327793401328393 92.797430553732369 123.30973482830531 100.91296403194697 46.902171451611551 61.447707715127457 80.512795977798262 82.125946595535922 93.716541994614857 90.56049789245931 91.763924608643194 91.720303773184696 46.327064380307647 47.539278316080086 80.828420152692715 77.290044056587803 78.528797655168944 82.002554300434625 92.729457335030986 82.982062822586556 77.745952823267942 79.567280644692758 77.999412705811977 86.267018588421294 81.602978744047107 80.98468365195184 81.513280998815276 81.625324355484366 75.547833396756985 68.32488292016221 78.965071413669307 80.523534926347494 79.624078854971273 79.55489474671441 80.009405409011208 82.329233205978923 78.593041442908216 78.396142398495201 75.93315013303328 79.061600495060759 80.755698178083307 79.924348326228539 95.00019520062817 93.366481130457402 76.482446670189177 77.047923520986302 76.901474415743294 80.221793134477267 77.480880778307792 78.478943544592539 96.014773946816902 93.929742093884556 77.811347520851427 80.617656425859153 90.269755582114428 95.78533910473962 93.68004158784602 92.254887071960482 96.901543707418085 94.674248391542974 84.424907296208119 83.486190365295784 84.98633374306344 84.814950992058854 86.919376070939748 86.99829559124764 87.829838790228038 104.06709381700888 83.799899707676559 84.739603444531824 85.553073475165533 86.013887071305618 87.502156269246598 87.96077039209294 89.442756167578565 86.139056618432065 84.646781351442158 85.273819094908632 86.336073444705079 86.748158375054132 88.147724423235317 88.793472147371617 89.886351807102585 90.473830079019251 84.945677908170808 85.972533333244527 86.535922716643682 87.486516005896547 88.597088381103532 89.21616848539631 90.367516210008787 90.983582624884306 83.194619765327133 80.955866169517037 85.932964139605801 87.846151482637183 89.75390901058465 91.007061153505575 90.363002896944721 91.538058124603083 75.545882329141776 76.475709301318986 83.590919529920697 89.281891218041878 88.435733430020122 89.633719866442746 91.648407566149942 91.98052760097633 74.525650789401638 80.170301054730487 80.512980275949332 85.660306393995796 87.233256459651003 90.146371927533337 90.241941468293689 90.743967120790685 73.550391436450269 71.857348371498929 80.081820202852683 84.672950103786064 86.998592492845802 89.00923719759912 89.081643343965879 89.624834251761214 72.513697653081337 75.361656974910119 78.409639775751074 79.38443286258736 86.708578500709805 88.022549344467706 88.789860803179806 122.13274521449671 68.293243350909307 66.120191251907897 70.971942888274995 79.443064984292889 74.216854131433877 85.485488249704844 87.77362677924252 113.59555884936803 52.960940709182907 50.711551527016312 67.809140155028444 72.124922003939901 78.394640375920858 78.734419905571386 86.503877625546082 122.72806423261081 52.133458937172684 51.799615950894982 51.833165740866662 67.070520060428578 76.439820598294531 77.711441852281467 62.443619103069118 45.835924711259615 50.149547658661547 51.097338913068619 50.684152398623432 50.790959334638323 49.991145216525261 79.052812358620884 45.809021748714173 46.180061681671468 51.364005581953542 49.919678597419647 49.616446957786309 49.129291367236689 49.011640417052668 48.586325209628924 45.236601866489544 47.225700562517154 30.603535171784728 48.757434455177737 47.361410282799028 47.889220548663275 46.841744012100115 46.309654589997649 50.044308239893596 47.436121274581787 31.631830278281456 39.756692727033176 51.020249443857246 47.927668056468114 49.857378804084803 46.018541814770899 44.708099521225222 47.987960585348453 51.118206695767448 50.433562671808325 50.158610791832444 50.422891865568893 52.951145513279457 50.909208529681791 46.364884405113429 69.324929861761078 51.329651789941451 50.196454827582329 52.468348887724552 51.505607140545209 54.22737876640204 53.597338665974881 75.193162854909019 77.927234381706242 53.572794753114771 52.515482189726512 53.514666536555723 54.709226567066786 59.083106976422371 56.828042458781063 76.50488816005479 75.419842587396587 55.680886697346672 54.712314832029961 55.929663431091363 59.972334485171345 61.696541289465493 61.980030902822243 74.161204157288736 74.930296732142352 53.523178562679561 57.447304373964904 55.268831161814681 60.938371889347366 59.922745638892344 74.102659687406813 76.412198571207355 76.622655659753221 53.192220512181009 56.399844790062609 55.764798935277952 75.509899522992598 78.89892675797249 86.841396792761529 79.985036715346595 91.118478365094944 63.518359628681921 61.72417719377912 57.933120255443988 85.686433231194073 86.448913688491885 82.989257075680058 89.352586549409295 91.075535501647366 63.93407166219469 60.555188300848528 83.677147777802489 84.982262663576122 85.742970439374886 87.53511258316999 83.907017870672163 124.74807063719835 72.33915819019829 71.435163429114823 84.115771604913789 83.652624018167543 86.519572430836874 88.751067778287677 92.322258181120986 92.977663225399894 81.575190155462138 79.221195589396885 82.461040939568903 84.728082821328982 87.595542184212732 86.733790615008857 88.103212498155443 94.038613707939703 82.557096469222628 84.401571078340012 85.506655640265052 86.444031814427078 87.486017630846831 88.829547818716762 89.846226619345003 91.24144337075505 81.540658754369318 84.300075747717429 85.314704548028786 87.257163711837023 88.324482614867435 88.508939552941655 90.669612229555554 91.79342941195641 84.946111265963424 86.02747646227229 87.198063426199028 88.171317621217909 89.298343093247396 89.326413498325948 91.383784668739011 92.48632200532461 86.159619650104545 86.156465148443516 88.155128351137222 89.174966886414623 90.362746447061298 90.449947572937774 91.117356330005691 93.450637462924149 86.884550608746437 87.192710099397544 89.044163988009572 90.104012829419986 90.782887956296094 90.960311750300477 92.254766633504317 94.769284333071269 85.723266344517043 87.902626382377633 88.734708593846406 89.905801697916388 89.668657266838196 91.387998144632618 91.789659030988886 92.322336513251301


# name: v
# type: matrix
# rows: 2
# columns: 320
 1.3579693284185725 0.44844964502322232 -1.4154528826636881 -2.3617106020879088 -1.6715924852312178 -2.3113127930389323 -2.4369765188568215 -2.1848560259870178 -1.8074940483325841 -0.62397535907694635 -0.98971719935773994 -2.431617769711794 -2.8046718415831755 -2.7720960490967608 0.3092257049841512 -0.69405745280028197 0.97011354925259718 -1.1299041084359123 -1.348287888789016 -0.38940104679597221 -0.76496269556099716 0.9384634050730235 2.7086926100696167 1.0570083999419548 0.24327944025000481 0.18963793975630527 4.8079603435846465 1.1313036246855084 -1.0320731338441276 4.0037481278095317 0.68875708297248417 0.70965338772802189 0.70202583823581322 -0.02912153850354509 0.16589704563162527 1.199171808101581 2.5319590644997381 -0.070245812494316856 -0.29373629869842821 3.0280617477185401 2.7636078420146584 -1.2476386630317196 1.7896507879325481 1.7844312549581436 2.2818504510508264 3.8225200583614991 2.6125978585146625 3.0280187756796244 1.9794313922452405 1.3452868760108623 1.6302664317076676 0.83072841318936519 0.1683510223673037 1.4993639502195428 1.2749987400747371 2.062825232105189 4.0916343306210727 0.97802381079970024 1.4044888948444072 1.3672301015017518 2.2675897899173476 -2.3084740393588419 2.8064573992356214 1.870034209255929 -2.4008728774418238 -2.353671434241952 -1.4766455067900575 -2.5555409142093808 -3.1554424322396115 -0.39356781401549867 -2.0377976295483711 -4.8083481724781443 -2.5152339042199303 -0.98330585201272314 0.11604689493605493 -2.3583304776127276 -1.1466047270850783 -1.0252239059869857 -1.5503379852891948 -2.183881300567208 -0.42673402224850454 -1.2858517587357203 -2.6601754666360962 1.1804280187069294 -1.7966708417032426 -1.4885912575938351 -3.3804215870455572 -2.2943853506385823 0.49659370704187467 -2.2162584791699067 -1.3386417036249039 -3.712540694510265 -1.5406786858106358 -2.1377510758627527 -3.5523733260005423 -0.73857866646358783 -1.1033168444393187 -2.3420954286733671 -0.97208408659168932 -1.1404998544985481 -0.10622937253983604 -3.5144128684549676 -1.5252261470712705 -0.54293259050115716 -0.29096634759530732 0.54699131012530999 -0.75311712002313513 -0.74894547735644224 0.66214666506220465 -0.20298452619302271 -1.7210228022000875 -0.055653139631997195 -3.4834958561827181 -3.2396549029088835 0.34413166512197252 -0.7009473346595062 -1.0572398311440905 -0.91862077437536249 0.18871513786484706 -1.1446313595170856 -0.41869009106617339 -1.2974805412742469 0.00093417668351804262 -0.58097236729354906 -1.7712333209219087 -1.7355794980559818 -2.3367477913681332 -2.4487566718602558 -0.8774801738412692 -3.0470821766835789 -0.9629906957520864 -0.92379081919762052 -1.3287750134407448 -1.0264053741354369 -1.8304407596079031 -0.84654214815406648 -4.0941817790519943 -2.0726781199513074 -1.2141166401333228 -3.9030611314618331 -1.9428719568187918 -1.2109991256478547 0.78899831972067969 -3.1420302346738094 -1.4709997521246432 -0.31862652005110431 -0.7877535665291806 -1.5812730483378317 1.242126383378521 -1.2402087434183489 -0.82516210863190409 -5.4204022273183199 -1.3812568152102007 -0.19009074185511612 -0.12960386513400529 -0.82953541849997137 -0.45030812547398247 -2.1666619708187458 -0.91553894821569615 -5.9263039858940836 -0.96165304049691269 -0.27274342148770059 0.98614829648767255 -1.6463023933655199 -0.70525642227278118 -2.1661648953101689 -2.146998566581769 -3.2989420868551531 1.8824427892004256 -1.7594617906408556 -0.93423161988831405 -0.14164187389841221 0.46884197643836434 -1.6086103135603913 -1.8719575227076721 -0.26277228929846963 0.59869590626600089 0.036673598806765455 -2.1321767045350932 -0.47815135866108055 0.39899519201048783 0.57206739372986448 1.0579613760466813 -1.8977171060370315 -1.3301489582512345 1.9063454546835059 0.45316620451595624 0.00038888001617597145 -0.79299523099360925 -4.3717145092002339 -1.7166058024566866 -2.5028602605649719 0.098504336404782136 2.8995563342734787 2.7964007733392635 -1.4627376076104763 2.2242526970656979 -0.61976984432134663 0.9259881844467065 -0.90487827207130045 1.7743309240358303 0.027391362591689328 0.6327009425968857 1.815112189554605 1.6471901711140915 0.041730301578734086 -0.42648072581334312 0.098156072220870708 1.4788383110914805 0.61444320912710548 1.1225519549026044 0.65588360889241948 2.1846494940619547 0.16793820897903042 -0.35011013359611592 -0.44994152996816045 0.10163727835836919 0.80184523934857022 0.88116176010373604 -0.42225970090460024 -0.43803411835329442 -1.0612066494508963 0.063390174458873169 -0.63839880519240944 0.90171336927585144 -2.0118187472483253 1.3288679769343572 -0.5165800866703566 -0.91031669485042221 -0.6504946610132657 -0.62892705323700249 1.4539248206898678 2.2728166734052841 0.80140240966741616 -0.50676074212481081 3.5923582162090719 2.1525743624926856 1.1184452962441629 -0.005938178341578372 3.6105276411386833 -0.25926072731379662 -1.4536446616366996 -0.7297110983491748 0.82092437228184612 1.1955291605438854 3.4797717689077219 -0.14796428486047788 2.9718923246125932 1.2566890593063014 -0.11635315310257038 2.5764716922329289 2.1935244485766088 0.94284389274304348 2.2365336884181444 -0.35065042487969272 -1.1396072695747648 1.4588909476432295 1.9391348618628845 -0.37879168006055774 2.8312586902818526 2.8767529450690756 0.90358727317248844 -0.052064679763632743 2.7984096610489244 1.2011903000431619 0.88167391345715806 2.8816129219618265 2.835030721901791 1.7072075738727064 3.5066467411467821 3.1481352480139697 0.85432435507847759 -1.6864519867075929 0.60572686085538652 1.9840512350324675 0.48358972675708278 1.4232039865300241 2.8024659458771097 4.2660058362006916 0.44989919418186614 1.7720642807189748 0.74070752696108111 0.086326729204582286 -0.43855475064992594 2.2753938069332231 0.48288787945291889 -0.67019352797177123 -0.00814100074132376 2.2755625290260872 1.5204612892298184 1.4029042510904564 -1.5367413391986409 1.5484303059574356 1.1315733163136308 2.2894953501829667 0.38952461740907984 1.8126853515022963 3.1449321326712827 2.1385196256078229 1.2411786105441991 0.39497879095988075 3.262938938267653 1.3122595071233487 0.44150736237961258 1.2454664289161745 0.72132352147282963 -0.67324057050394404 1.7333733649492058 2.3436620382821634 2.3033526474410788 1.2340138914715701 1.2539908047286832 0.70183713676914505 2.0752281583587382 -0.37104449787295452 3.6787223401343629 2.8589201718334198 -1.2511521966179031 2.8274619504219194 0.5257650893173359
 -6.3445512990119379 -2.9752022937939988 -2.353179680743918 3.1959294126884794 -3.9305759796182183 -0.75397754850806131 4.3483235498481552 0.29108599795669898 -6.6972619123536834 -4.5400459979297505 -3.1313156806226008 -0.76545617941730393 0.041758368058422216 -0.78842298636413777 -3.2816423622063313 -0.35400253138503235 -4.8961953383286732 -8.1215701227233161 -0.37900537500266229 -2.3517387573670185 -1.796653089313708 -0.8369248362509194 -0.41267352306716837 -2.1401976129388758 -3.3524776576949806 -1.9360448762617062 -3.0516784249784776 -1.3688265063269536 -4.2843567059882348 -3.0825668087989051 0.14225192724077229 -3.1722180973965908 -3.8484259598042367 -4.2081104872414947 -0.50921790792265276 -2.1776474523009832 -2.1405228072275126 0.37050245178481162 -2.6084007668331388 -3.1643313752950633 -2.2132921579553471 -2.1855860214790281 -2.6985413421571884 -2.0785096439760018 -1.7526415281059213 -5.2604378746377201 -1.1367600227110057 -0.25569801049945545 -2.9293836368424842 -0.97905605486044456 -5.8332625157452949 -1.1090852364622974 -2.2593398605107482 -3.7618192653756783 -1.5701014317286874 2.6213727570059078 0.27699254228301196 -2.0353488961952277 0.30127636636751864 -0.49807397820787352 -2.1590896582390333 1.2879973553955344 -2.8559118723701409 -0.07548420056187205 -1.0787891341065845 -1.462051409562136 -1.3512550557159546 -0.70265671128496998 -1.1964974633146699 0.79456734206693758 -0.47256960382491381 1.2975106343904557 -0.17581229358494793 0.26731092329106632 -0.059090566546910403 -1.8257551051108665 -1.4227918442059351 -3.7306693052096782 -1.0283597738934351 -2.1290385149407602 -0.9180217013983617 0.25079703721278013 0.84278500160007219 -0.75113244382463917 0.95746054317139584 -1.1713760834877447 -0.64391876246773849 1.4051723816659674 0.25679873978506856 -0.79534960486716755 0.27862972936023683 -0.41148940801867662 -0.27130853219443446 2.8997022817170768 -0.3002497445038369 -2.1378808087529304 -1.0149570727998614 0.84960717606011282 0.10897107657820371 -1.7982058999555168 -2.7916510378976618 -1.1446059260946195 0.36302569248303235 -1.4044586599745723 -0.082002697539688613 -3.3670906061981229 -1.7902416077772347 -0.56868502943430776 0.23954429445636183 -0.52072956239761647 -0.71698101416998683 -0.65141870686613879 -2.1052296402248705 2.8937274092847325 -1.4397406845772827 -0.95198727735555277 0.064062867169874999 -1.0958855900860844 -3.3570042812069247 -0.4935682500067673 -2.0380365412987502 -0.50118444961088293 -1.2928250153302709 -2.1505709903763903 -2.0298488738904248 1.2501399565231472 -2.7454446778039632 -1.9707990325134996 -3.6589703674206615 -1.3258127644706605 -0.15869582121960785 -0.0072920341180253423 -2.95810965837327 -0.90170282817762282 -1.1629146959886654 5.0322214933298666 -2.6816495541631036 -3.8120514820495961 -2.9885068100869603 -0.7941602771087678 -0.60712519550489452 -3.0146755471292552 0.12148085325373878 1.5120815234880927 -4.2970447134408678 -7.3182228014588668 -0.2593337521703209 -0.9794414049201553 -1.0576266020204454 -1.7451556226303426 2.3051716563426208 3.1302824516951717 -4.2773732308748729 -4.5942402538072162 -7.2315126254665421 -3.6016190070459122 -0.86830566532230724 -1.0005269868280648 -4.8047683630626112 -6.8113426341543262 -4.4864713835340853 -3.6357096000392155 -3.5853189318221848 -6.0138479425087361 -5.9725492604710348 -1.1660508855796929 -5.8825813429660023 -7.8332532690905925 -2.8809728525184499 -4.8591204952756089 -5.6179051451410666 -5.5327566106894341 -5.0241914455214829 -4.851611903255133 -7.1711561438656526 -6.1176569969074732 -6.4515574150089661 -3.5311736832917906 -6.7587274099300974 -7.3876862186137107 -5.5208100948367536 -5.5528696794909154 -5.08462304874626 -3.4252645745629198 -8.1466691941818947 -5.9957003488919911 -5.3770932598876753 -5.5833399504082353 -5.3478402518919097 -5.4679063358811364 -6.9703475990543655 -4.6087440474910757 -2.5917968918781886 -3.2280759099681973 -4.8880241697673288 -5.8170124946578508 -4.0932394139231807 -5.2265752261391691 -6.5093544091306157 -2.4981350045045212 -4.0703799642038421 -3.8371056798604481 -7.7873757364193494 -4.1966095219106219 -4.7065641524751944 -4.7141918328931167 -2.8136204874677007 -2.2432628758268867 -2.6027654353788519 -4.1808671619562716 -5.4983886515030145 -5.7374245785886275 -4.8195950428250134 -4.2847782648376933 -3.2818720114883067 -1.2384968248886712 -3.8193641128867117 -5.4145958903339437 -3.0467209352493048 -2.9153806260364585 -5.7984501620594511 -1.2008876107819333 -2.9914885613521092 -2.6060145885008636 -2.6486906388163223 -2.3726065013064148 -4.4177620745171664 -4.4297775771307037 -3.8620186111927057 -1.7133081891047492 -2.4291897111745584 -0.6808654997523923 -4.9553758204151475 -2.867072563667155 -5.6358618623526775 -2.8024718082244071 -1.5856114327523394 1.149300634110004 -1.6675664838949318 0.058259409890397962 -2.9214132735839948 -6.3045287617241481 -5.7451760335300843 0.15376057321984948 -0.37612533837462081 -3.8186710177234309 -0.48995956862436651 -2.0966871467348538 -3.8592819365773741 -7.4936001584195076 -1.7811520892340529 -2.5337849317027237 0.32490007334799775 1.0899552865149382 -2.9290595614147761 4.0361142509800016 -0.85531299436438335 -2.8123829145770349 1.0366177482229246 0.15916626236282416 -1.3317675828482538 -0.68885941917750437 1.0157299876456978 -0.26501061287396716 0.46276724856003032 -1.072369632113483 1.6577312562814255 -2.2996297084769686 0.78484341589127049 1.8261838938136741 -0.70781981218010537 2.9923765875106723 -1.0718030425657714 1.6279971577468562 -0.84991748689434166 -0.43722601097408487 -2.3520512667124684 0.35988037157833874 -3.3444719283588826 -0.26690024243639054 -0.17411160840371484 0.751150205369572 1.3491877870682398 0.85860244321263401 -0.54201878942735482 -1.1480334025359793 -0.3630611677653996 1.3370460764513046 -0.66770698865830003 -1.112082267159747 1.6225679727728639 -4.0733387225769393 -0.85109300877283622 -2.3615212102178056 0.72465055441820125 -1.0702411980650473 0.11391466921292087 -2.5883463702477094 -1.2611725853557931 1.69352023672888 -1.5271669287608189 -1.5453656040438672 -1.9646437398359939 2.2837270979907447 -0.36662246664492293 -1.3226387643694804 -2.3123576284035794 -0.1180024637462774 0.98068964642713941 -0.97349433271727848 -1.7194131188486939 -0.98028986260305295 -1.1340215927637776 -3.6006310909215569 1.1205417552282559 -1.4076703171798333 0.88997563177840178 0.51371468179113478 0.015699074250015488 -2.0082936971488361




