# Created by Octave 5.2.0, Fri Apr 02 16:05:00 2021 CEST <br1@br1>
# name: ptcls
# type: scalar struct
# ndims: 2
 1 1
# length: 2
# name: x
# type: matrix
# rows: 2
# columns: 320
 131.79624423712607 100.62497931881862 98.733115241124281 88.882671821250042 102.88377259172734 110.98467905210968 80.938390765566879 93.64198003767288 108.27025199737545 112.85798831965566 102.69354285157343 99.608022366869321 111.16182625090553 111.79039757503111 110.03950645056965 110.03843269352137 108.14160763939908 109.39625131899632 102.90539500498851 103.96057308362207 104.71207593835342 140.09734586977592 111.03143595730688 140.25258138159782 140.46908461462692 125.32708321040101 140.40830865396109 136.86756375644808 142.22124779798222 143.20906431303789 138.93986952604482 143.40068895048884 137.61547809208187 121.04434918572399 141.85212602271332 138.50848119239953 139.62429306149647 141.25339011142867 142.44667125100398 144.31536781733811 140.72105705907947 143.04518734821022 135.64695709710759 141.94726483790765 139.21468196265707 143.34485297984219 153.18794832739692 152.16194973815752 141.06623299998586 139.46026991263543 137.74961259473685 140.29340840409392 143.89451325139689 141.49211028067859 153.11107001924938 154.24583492072742 142.12644157960597 143.10986935975319 154.87139587319632 152.13447765194394 151.35404760754383 153.53505073263008 153.38261552994209 152.52445635848375 88.314920654167906 91.006301357710342 89.401881657334727 78.850488689384321 89.421786706395352 88.831356915805316 87.621833671812198 49.098409059015154 93.099610944680549 91.959814886687127 91.055763255692881 89.946336355763691 91.446762342028165 90.496511953300171 90.817926181542802 88.137763210730185 97.377167652437279 95.326675553213775 94.223659589484242 92.021472993329482 92.573561188535635 91.877292858700088 92.484242579642213 91.101205451726358 97.168969590400692 96.457177487031956 95.410718956591154 93.448633871501613 93.705103713904961 92.95601338342999 92.830438012730824 91.624298087686839 101.74211288276933 100.68096166272434 96.167006330074116 94.596376977407104 93.968369864395044 93.81110303981778 95.03787420204695 93.997379319464684 100.98462981614209 101.88245324832451 99.559767930856736 94.806754447062886 95.780321064945099 95.057454583404009 96.195784469826521 97.147120601282523 99.987929788094092 100.56409823075622 104.62746711618189 97.645133986206332 95.721524715495121 98.190674333615362 108.03024938117608 96.057643248269585 102.27100437601987 102.9056826294818 101.78276405688919 98.433648283229459 96.619542913329965 97.163910501500865 98.643799002746505 99.758776431522222 109.31080046666668 100.76058449572045 100.79486166847512 103.9892018666737 97.792441788058085 96.677712779796778 99.787597046402809 81.654477427555435 97.57497721694719 97.398113477016125 99.596228129685045 106.61765267780041 101.03365695705601 98.590660621893889 97.849489003967932 80.389275048867574 120.16950394032676 109.15312101341358 88.962364095871834 100.73227868806822 104.74073714678832 101.88363502981473 98.84483113922245 82.757345087305225 110.90377688831316 110.01408974113593 112.27744461280643 96.484636984479565 103.52635331032452 103.53027523707566 108.85291387635696 106.91076327869527 108.82941325553952 111.05844988970422 111.41789330759518 110.64418709252951 111.10542875551522 102.00879985934164 107.68997893246176 109.13430142963026 109.70040008282341 110.3624690766447 110.35861293969199 109.46223648362562 111.23147873189717 110.41391937943595 106.25094220339935 108.76766913233804 118.07683890521677 109.41186426299595 107.38914603869659 110.04315069698552 108.38020958616076 108.80077542478107 112.38802091846559 109.22098458118124 119.35665196566795 145.2582231671289 137.86715556421098 107.84112855371895 135.49077793072126 107.23183019831581 108.29757876926988 110.24541923303268 139.30696476416077 136.65636523921793 136.7645874396425 135.62553136605825 135.43949479958312 134.48750060658369 132.69942601985446 120.16503498842076 136.08349374525972 138.2014507160923 136.16180447492235 136.29805845878622 134.42618063094235 135.14603772518777 136.69394255384259 140.19044311210288 134.78803985670194 137.7449519728417 136.67317657679493 135.13464453362923 130.02440240902001 131.53617794435388 138.44438190504385 141.72918681414609 135.7310361314585 135.99233987540396 133.71862019600223 131.4011507965038 128.30584101761121 127.17967477615429 139.95418027185877 136.66638013988387 134.70985314231862 132.64249732114172 134.60513979403322 129.16943116377135 129.05692376211684 138.60854665554092 140.96837268904488 141.01779856438631 155.35925353698124 132.54553064651029 133.56696775250873 139.83813232174538 141.28956151574215 150.24990060197356 144.47473751766304 154.50069454262376 139.4918980896953 128.12818443773864 130.82597603367745 149.84078371710342 151.50758682471781 146.33773399485702 152.75973186841722 153.88494372892274 139.19529755762213 129.96569915542557 150.96026216641729 149.40842415123126 152.50756442896184 150.71655162561177 144.16060867734515 122.69016041973103 155.18834072483898 154.08186997128468 137.69268968014507 157.13228318591283 153.11734978965541 151.70107184228362 153.81026008230316 155.01514836603781 155.2868384562326 150.56809713602848 151.86860791534744 151.81644596358203 154.15384826815099 152.31118160062513 151.77283463218961 154.11070794451132 152.9568171184919 155.17057154250017 153.28464375255817 153.56135980089081 154.37287037970438 153.80299351161426 155.74467549481838 153.3222516585019 150.62571760775597 158.36816748368165 156.01680079134081 155.51703868427825 155.19052591075618 154.73165718156955 154.75797366825074 155.92412291377605 157.56490649231853 156.32116700446829 156.59556729106998 155.85191969038382 156.96049666667778 155.97137824741279 156.98751690000279 156.14796521614019 158.92613526863329 156.7612784494016 157.75945129124165 156.86450784819121 157.82069044578347 156.75256442330104 158.42261096243632 155.40487148371986 159.96447888202138 157.93430572322075 158.84966294288478 158.00997543561331 161.4161019831441 159.34399061686941 159.80678403754217 154.7843365190501 159.59394662535928 159.00611238908704 160.26714309072617 158.70697960308522 161.15122003889778 160.95092560584723 159.62746828619828 160.76401963325037
 19.938378765998646 75.512416768358364 82.240289552781277 137.2404768614912 69.723179205186199 86.147487530844202 144.11248182127824 102.35383972183861 19.173996982883622 38.974480025378419 70.994176055238555 81.568180817572184 90.720994916911025 88.295846378198192 86.671878555120315 85.57306091051484 17.001962942120532 18.71427247502174 72.084833094964196 67.696454256502321 68.708576204894101 71.013468769482017 87.263874815604737 72.167504470855619 66.820115527480937 69.983858507192892 64.243130768445155 79.491327382097737 68.142932801544632 69.170921320069638 71.667391372020816 71.374215567183839 62.494909829911762 51.910316794239613 69.172462096328175 68.300814593517686 68.862333293780068 71.542923098132363 66.815010481716968 68.610254442138 68.60098457297093 65.722270777427141 63.825570521845258 70.572379707490242 69.984419880512718 67.920395642353924 91.373777459934814 91.864605788401903 65.163539672524635 65.042053082134899 63.769273777049769 69.902103394236846 64.93111949404657 66.354169228116248 92.46456322071532 91.509900776106448 65.332814203077561 70.336729104331482 87.220584104001631 93.22903995735409 94.037080323771946 89.451371612503834 93.56521240246947 90.434880558276831 80.707660921934007 81.213283035591033 81.043377923230437 81.336800271193383 83.103676189236907 81.987146830887909 81.655010782900803 110.4897714572402 81.936990262883398 81.872086072040929 82.428388981488183 82.122893645282744 84.15298454350976 83.381438069398016 85.16309527452583 82.862813960505534 80.791973973361209 81.443205601894618 82.110042941119275 82.953662848218116 83.813460609613287 85.287689445175104 86.195100859923784 86.246949954504785 79.69633445712013 81.74561277651739 82.542295141991147 83.019568813457269 84.010115543287313 84.917205509597295 87.254736759810143 87.457317396450478 81.494312337382198 81.7732271430922 80.511992419359771 83.379831148031656 85.248298144912567 86.297832694456417 86.778849212319315 87.36435474758683 70.685010088276428 66.448739036017969 80.272602871485788 84.474242020712566 84.869464239584772 85.583440976814728 87.072553641626257 86.364554047642926 69.400800580300512 80.765214701273138 72.604292661822427 81.775334747944768 83.663491744001647 85.898014063546483 88.538815764164084 85.998885650334969 67.800674837041925 66.8103143201091 71.549613006841867 80.107560763420764 83.017133364034351 85.295802353452899 84.798724756989941 84.228772365297743 64.594582241926332 68.253657866464664 71.811243877356674 70.418978945901685 82.833520929804109 84.291646643192607 82.778426332003463 143.05707154906355 52.555019088560748 53.812723307327943 67.272397897721547 70.804354259610776 69.452067390235598 81.179076909731677 83.972257181809383 121.0803623906407 33.043122055919348 24.02442277855657 58.53335881674964 66.595515198986917 73.69244890964508 70.22521079483441 83.337659287143012 142.9295870046933 25.762641792746127 24.703513138540789 24.259438175811997 53.136457318264902 73.325158551151091 68.871155626902734 38.660015705908229 17.31878607694193 25.080914968220885 24.545940919729411 23.223488993909022 21.432178113003417 20.317450126692876 68.916819165642963 16.137002410096205 17.247725729792172 25.775093369595769 23.566593995510434 22.550875550156309 21.81114752080131 19.095147502705274 18.366078861949681 18.88891605083985 15.9477683505095 5.0783885552520438 22.942083631541127 21.429118822846483 20.577800728534104 22.159478956774002 20.915051455108706 21.601275564918879 19.903818859547076 5.0384984419314085 10.077976000018616 34.366818558863677 20.268608403472371 27.488854750068281 18.487787613857524 18.083508428560396 19.433511257506886 32.400124321977941 32.823392350366198 27.826169941628613 28.556205629872018 32.515302764733342 29.092587681768443 14.143580079916124 52.543580803540941 31.568370913948758 32.198528537178767 30.516175614975957 29.452602805737509 32.21361704647515 30.037929389644553 64.541321201965275 65.847795571472915 34.634864715505238 33.146191707238017 34.015875443049168 31.1883727339534 32.938240597706894 32.893140297030264 64.871135942067667 64.259629755000148 33.621587356204792 34.808375329739668 34.13212396731398 34.26708938826242 34.459366193772382 34.55174516142128 67.831874669154146 63.262487927444326 39.144652207950998 34.72497752177199 33.278900958652997 35.218136941366481 33.408206814146155 62.844671694674354 61.736489631336148 62.932390450503441 28.663110201124297 33.642472345185546 32.971078891109926 62.194816254110464 67.629028049997061 84.040739279485479 71.459877744829839 88.483924603132081 47.57219439866266 35.598193187399623 35.266092353910999 82.951048080190404 84.254923626192877 78.617009442675595 87.480750745788825 87.573575064774076 46.315795601915184 34.060243279022515 83.270177352337853 81.847765437827491 83.757048702766809 85.346342532875539 69.615202383006078 144.72683617955863 62.90586115316367 62.71336571688957 88.906954134949345 82.250892894669235 85.586637221713076 87.86064472656652 90.455580983733029 90.689273789987482 81.225542581298427 73.912965910441429 81.352917823437849 82.513113318484059 85.179443907955374 84.832568898790456 86.188020002130202 92.800134033262552 82.385262078685642 82.528703113052401 84.400917449083238 83.322622411808396 84.077735067324539 86.503091485011822 88.218967717184881 88.416311057136284 82.097280315153299 82.419950809941525 81.916926338842813 83.727689220505795 84.813357824986966 86.125126077747666 89.624005054645707 89.780795184601189 83.292511274067323 82.950241566034876 85.137144539192448 85.940996133849012 87.550367520811221 87.041241423607744 89.597500215323535 90.876583252422122 83.62193667552863 84.07686319546012 85.641095372597164 86.43001413645446 88.74654098509879 88.598423097229656 89.672212736360621 91.763335844370857 84.371233171258481 84.383624551828376 86.031884278969628 86.688431957748278 86.314725401197762 88.911629948934646 87.874288077542602 96.457015024502027 82.837127517117509 84.807127295118903 86.025880553110198 87.455834283246176 84.907683765769647 87.332863784026515 86.850262590877179 88.462829067068981


# name: v
# type: matrix
# rows: 2
# columns: 320
 1.3579693284185725 -1.5491047806532685 -3.2969918900346058 -2.3617106020879088 0.11182223030320868 -2.6925096291746842 -3.3043053463468892 -2.1848560259870178 -3.5911029345020999 -0.62397535907694635 0.3277333179043081 0.30765678038235911 -0.74118715823311598 0.14527201081499674 -1.2696841555622251 1.0869175840494563 -1.7886800910655711 -4.0327052442591436 -0.15710704887325277 0.50181295760129485 -2.7086469220951939 0.23776577345922853 0.49789252653882954 1.1919329035394073 0.86213282406092728 0.18963793975630527 -0.26438325996262418 1.1313036246855084 0.74980268146288009 0.36550762737402109 1.0909954430392041 1.479541004710051 0.15086213699796797 -0.73572770527226017 1.7846669697279238 -0.5527148164954041 1.3397243322358412 1.548448332642937 2.3680861528579511 0.51800384645371544 1.3987563820970956 0.64506832038685291 1.8244622804959714 2.5581678525343841 1.9745515942484797 2.6866617343817416 1.6247838880569043 0.76733386593624164 2.182206918211465 1.787706987541448 -0.71341698458815805 0.56628367035441862 0.087860741060675956 1.8448819194207238 1.8229023788609697 2.322074491773213 0.12434113678647099 3.3589463996976794 1.5970508686092906 2.4420896901767644 1.1776436705327207 0.15543699001139374 1.6163309924635714 1.963124546901106 -4.5340477352375013 -3.2854392246707835 -2.0465130459461043 -2.5555409142093808 1.0513457451377721 -0.68180867300757153 -1.9724089019175093 -4.8083481724781443 -0.47516056006919383 -2.3970824999450997 -2.1865594496806322 -2.2984539464924012 -1.8098051114409583 -0.47490428174726163 -0.56294325810599355 -1.2893496744979793 -4.2658017098781231 -1.2653155850385607 -1.9302419107926938 -2.8652848055565117 0.32599479375932849 0.98038832021294708 0.61946456770486202 -0.55487225557686426 1.5547978786122383 -1.9573373687906992 -1.3645641659793297 -1.6787988741881117 -0.62197918492473059 -1.8383130905204261 -2.8747538659908871 -3.640807440863008 -1.5816514062032494 2.943726837699884 -1.0241453136220537 -2.0535352478270004 -2.4605842704550156 -2.7589298470584489 -0.42448979348269955 -1.3932591128559475 0.1195938660650864 -1.2050678775121024 -1.2751884729997391 -3.3070520494357627 -1.8268841087021226 -1.9478634641566568 -0.73893218510421121 -3.5222979310202138 -1.6353541408487744 -3.353012269705459 -2.6848913845777136 -0.016081529551952384 -2.6703506318560604 0.37540579053058049 -0.98235940944024569 -0.0099925718514080816 -3.0381137597262624 -2.0909396339247701 -1.6820006260465978 -1.1613783197660394 -3.6917754655115651 -0.054242371562624896 -1.565374149215456 -1.9817195663495111 0.63942593884555221 -0.97581988987209523 -1.391832975648748 -0.44702417952737145 -0.33102245526791629 0.57406956011375043 -1.8804064992084526 -3.0253550088079146 -0.18538744602496601 -2.1120302996531319 -3.5385094248905227 -0.78218465978497598 -1.9024703424272129 -0.24939609241737698 -0.17948037356165242 -3.1420302346738094 2.0503194377782759 0.014839090426429686 -3.3052369035009281 -2.1257191117226459 -2.9452899813418085 -2.2633028048636747 1.1305848681335915 -2.3742605391744274 -0.12013341011995773 -1.207001646884676 -0.50718457719381393 -2.1814942348534192 -3.8696365698586681 0.92880544065040904 -0.91553894821569615 -1.1702950160771413 2.7172120561739272 1.6298822478328601 0.35699910305829247 -2.9717475289077 0.81056392220442208 -1.4769588729277949 -2.8441836479558451 -1.7447055211817586 -0.36672662272013096 0.039099188991864958 -1.7321879199664245 0.30726435259513329 -1.3089022952456193 -2.1721830460782079 -1.107088954462724 -2.2533698260913289 0.20306327382486944 0.35054837464161154 -1.6583799881006387 -1.4138438657524317 1.8160739697332471 -2.3527109160912802 -1.4704250307219442 -3.8884055429603035 -0.93451632581010424 1.9063454546835059 1.1140614197443381 -2.8925065063450952 3.7625671083479686 -0.15886166303380184 -3.0582498532105751 1.0283360379344704 1.9053369814742356 0.28345707664583747 -0.2784794613118749 0.51188156722309397 0.00348253459264386 1.0102528705525018 0.9259881844467065 -0.19827210530258518 1.0922597811746411 0.35285776494760707 0.92443435621158543 -0.035991136723296208 -1.1812968684910079 0.95653582845406204 1.3402586004773307 1.8702376074106599 -0.76715252471424089 0.046675039309334018 0.040108086148134603 0.66842278744495509 0.095089427918289268 -1.3721752878453881 -0.089158069021530145 -0.47605221923941637 1.5384909133608398 -0.099505900355800841 0.5795275068310074 -0.51623072204284393 -0.047602348169882638 0.78977638247613058 2.2293739038381148 1.3124043644497472 -0.92266956557525615 2.6104420252495868 2.7253369824675704 -0.34143006341839499 0.76443275132068889 -2.0174615432881846 0.75806507809716372 2.1780153198789796 2.2728166734052841 -1.0447397293124645 -1.4909079673671892 1.9476613677191907 -0.55097826145011142 2.9452544345915173 2.4824117531413159 1.155181277664618 0.45736772177248153 -0.10893935963036275 -0.42238330350761261 2.2933701994438427 0.90275914100719379 0.79445250808365253 0.61034311826487775 2.5787305042680009 0.54006061022002461 1.2631557687678996 -0.2823235816178119 2.4625366985363408 0.052669303950272084 -2.5538959140435717 2.0752717322400707 -1.1396072695747648 0.43009875085509003 2.9679270586510342 -2.100086601167332 2.9670306497974002 1.8550109570168154 0.37557565326876857 -0.25434842248584111 0.91466851379269942 3.4494051617849109 0.88167391345715806 1.2957736670372713 -1.3769745745756885 1.5924179034985102 0.73551016397409019 1.0669283963042271 0.69179588089801902 0.74162312540744246 1.1273850339515139 1.5805414418137302 1.8202796916371986 1.0701303818541483 0.98922451319007387 3.8567765301144687 3.5036777208274148 3.2368134455558599 1.7462313903997342 1.4243141501346797 2.7427274935754795 1.2292424793131298 0.036488875129663395 1.8256741098227909 2.3600930484107256 0.27977725537568832 0.62595330184843412 1.2180326165765809 2.4135594330679613 2.6539354883759865 4.5092592051660105 2.6369265111239031 1.7837704735462234 1.3614037979384697 2.9836937703432889 1.5531928246987876 -0.13199844289552104 1.1012908421293937 -1.8565422984891056 2.498718551339417 -0.70227720170164309 3.0933206643229623 3.2574152002894228 2.5143144829509523 0.54675930740731715 3.1732669858588198 1.5388242822428839 3.0309737667706607 1.0795806053282941 3.3581835825239663 2.1700225478209081 1.2365122742359036 0.53363338720421516 0.4646427989444572 1.463234729715615 1.0611575631237029 2.6421215342429574
 -6.3445512990119379 -1.117490105380994 1.3497939272269479 3.1959294126884794 -2.1441297460286814 0.20692956764626622 4.7704660009825419 0.29108599795669898 -3.2357679489897677 -4.5400459979297505 0.27203752995435337 -1.6775125317088522 -0.81039780598378297 -0.87554226529230106 -3.0346583635313813 -1.5332258804639909 -5.0370413063669277 -5.8953444571546685 -1.1133149668359323 -1.312535423457259 -1.9154683069265808 -2.4573712200781732 -1.0357891377948938 -3.6579233158831026 -3.371350643429273 -1.9360448762617062 -4.1617320412950072 -1.3688265063269536 -2.6371887167095616 1.4968451865720029 -2.6961556713822361 -1.6665222986205965 -2.116987831117815 -1.8621200315871058 -2.4360273729951838 -3.6998743987227285 -2.4898167500018076 -1.6269748782272213 -2.9783566990052539 -2.0640902910379584 1.0458639073726563 -2.0444568258177682 -2.3689122881182261 -4.3320958969912349 -1.3179438380333248 -0.4823483568928234 0.028219962438643983 0.64141929589122171 0.22092436749433303 -2.9440951361801497 -2.6865647882567298 -4.3838465326008649 -1.6073173679932082 -3.3355160988497352 -3.6491369444186024 -0.10646765556249593 -1.504374889143975 -1.6181264622866258 1.0631947721332871 0.14467685081081408 -0.84657889999946623 -0.27338523644790375 -0.76119064595916763 -2.5842115071387881 1.0596860763386744 0.55464277664143824 2.0744530730653867 -0.70265671128496998 -3.100669408044169 -0.89464495387627696 -1.5791949452902851 1.2975106343904557 -2.216634612748162 -2.9056986378902772 -0.24668638682682431 -0.8169120015711725 -0.43650420158753162 -0.64740144296586388 -1.4435327918675809 -2.6483568743895525 -1.1715061660010597 -2.7268883030863238 -0.5762448378133822 -1.6033980886913974 -0.67236686436046811 -2.5096000423147524 1.0625119247509185 0.2802974020872826 0.50531331658029144 -0.3945337896842947 -2.269879327284908 -0.53760311568829411 1.269569780493446 -1.7785757980534422 0.7491181141085882 0.24182059483508633 0.43523103706498223 -2.6694199948581216 0.95657444671302583 -5.0633383361417419 -0.60256477957361942 0.23451355772954285 -1.7937663216012725 -2.5220565360263558 -1.8248252531849014 -1.1669688677008998 0.75693070894316361 -0.30388619216849011 -1.3206009294343644 1.80661745704914 0.10628696151470339 -1.2361561613271232 0.59094085681801423 -0.96864758521763894 -0.97468816904376843 2.9186417743397106 -0.30752696615773223 -1.4414241408882915 1.4511542305423721 -1.5355462451757649 -0.91038185222833257 -2.0442918941647639 -3.8829188381866175 -0.32749553054667191 -1.1349852788123369 -3.5305845153041866 1.1438813735394739 -0.40667023872951014 -1.4985947257817349 -0.29145553863792456 -2.2626874465852316 -1.8693088685232033 -0.86168907712223186 -2.0881833291827139 -2.2384288258686085 3.6574590467845236 -1.6557287518740385 -2.2095775343572743 -3.731644749701081 -1.5494088296750221 -2.2271113476968281 -1.3093551147213183 -1.4607937948179031 1.5120815234880927 -3.5162276711970275 -4.888477200956479 -1.9440862629784657 -2.2764842066034761 -2.0708920254333294 1.250479663309215 -0.97714661672781422 4.0829024471061395 -5.5180856262197135 -3.9733254324818552 -6.5958377117316491 -4.5452612462191393 -3.0050964023389599 -1.5407108459871506 -4.8047683630626112 -5.7978294151240517 -4.8403925793633045 -5.3349663397321221 -3.4358907618012031 -6.204283259890615 -4.985278725601674 0.86244123487759783 -3.9094556098829658 -5.5605338939641742 -4.8027163100424417 -6.9999325153967504 -6.1439468854237642 -5.4773880379004778 -6.2382558527284724 -7.0184858513645452 -5.262602054182417 -8.0958431891676792 7.7008367180024555 -6.3139817642029765 -6.221779915710635 -7.3565879658897568 -6.7934379655453911 -3.4961870626687968 -4.8763191508834209 -6.0655567308113563 7.0186954376997281 -5.9957003488919911 -3.9040209380092019 -5.6546954850781592 -1.9212504007936446 -4.9606647174474006 -5.3646486365437323 -7.729591567075385 -5.836000556726292 -2.0792529333715613 -6.0308444399818839 -2.1074199952301589 -3.3928832506758537 -4.7245919062011437 -6.5093544091306157 -4.8441254601588923 -1.4954364251607455 -2.8603757165746933 -6.8922194362309002 -2.6446825658896356 -5.787651729628065 -3.9778396211365195 -3.3281620232036069 -3.9809434092695244 -5.8827383229305807 -3.5967172826984637 -3.3922701092406977 -3.5064884894872868 -6.1999638388177507 -5.4624363508640954 -0.92584605728328218 -3.3370317808777075 -4.429737632929597 -4.6552874655821253 -3.2021534868646553 -5.5344260372502951 -7.5069009492714853 -4.5946573853728268 -2.5240261033087079 -2.8057240294510657 -2.5976670930922872 -4.8779262123682434 -6.3020763123717236 -6.2545229659164443 -4.87247454385881 -1.6917670478255113 -2.221100320593052 -3.2863922466955575 -4.9553758204151475 -3.1672490735688741 -4.6757385144481241 0.013153527767319087 -2.829065025364526 1.2608529923360785 -3.6861708905713102 -1.9348202615334322 -2.7503488994180794 -3.1576100664016011 -7.7817355565568542 -0.19851437391968829 -1.8275386642948817 -0.81940030315974965 -1.4636715646579403 -1.3015629043544985 -4.0303463107432718 -5.6729501554671975 -2.0626725337412881 2.0323998157188283 -0.38331266362465788 0.73209231326496815 -3.1329390073600027 4.0361142509800016 -1.3675489682487953 -2.3001469406926289 0.86357808203941411 -0.25491066344313429 -2.084802280405464 -0.68551242682585833 1.2585515467296935 -0.67754619311479602 1.0371065770499133 -1.072369632113483 -2.3657494309556779 0.48338041535966847 -1.4197546386772766 0.5835570948920048 0.73687925394541598 -1.3505997423047609 1.30667324280067 -0.078695306122969849 -2.2280350717581956 -2.0027806432256101 -1.4563464468538743 -2.0105101310449069 -1.4240752960395711 -0.22063489386380358 1.2473268800582922 -0.84733744573922065 0.12616639157643864 -1.77468151105425 1.0388189798184306 -0.32892449615898589 -0.47566697518997281 -2.1882251278670455 1.3668478230772529 -0.16700700355314632 2.5344191942258827 -0.52373354910871694 1.2151692233865103 0.25649830923906414 0.31938329910612884 0.45195734931247528 -1.9908801494936212 -1.9172413243979236 -0.46802277470051268 1.3497787065819795 0.95246448950104301 -0.64428413444850086 0.052965835036461503 -1.1277064239680799 1.5059617536099457 -1.4684094203424474 -1.0824892099620558 -0.66660960424247151 -0.39662520151884229 -2.1597114512787159 -0.24747636884203009 0.86129832952167451 0.11938102545059388 -0.21623762420906159 -2.3236608011472653 -2.1215432253694528 -1.6551021011451368 -2.5135340886350694 1.4087670466981139 -0.49345060500916155




