# Created by Octave 5.2.0, Fri Apr 02 16:07:07 2021 CEST <br1@br1>
# name: ptcls
# type: scalar struct
# ndims: 2
 1 1
# length: 2
# name: x
# type: matrix
# rows: 2
# columns: 320
 168.87903556227852 84.901565795185945 84.932009940067275 64.911309210057894 88.509386371844087 105.89551696714184 51.554691644857471 71.465691373891389 70.202097053448284 113.62025746938657 90.493732837619177 85.329298006784768 103.63877659485036 106.65603745817418 107.27950066930762 109.39198711926151 57.240598985372849 84.547310649790006 87.002111693558703 87.479529382389003 89.616253121955893 151.99180116210067 106.88774796636208 153.21046797014938 147.46117706094287 133.87982707314319 149.6314555366626 148.35029554701197 155.8452823375261 153.96067582918889 141.51708921008159 152.28713811384344 148.84040653156276 124.36406727958999 153.69476118296859 150.12792178537669 150.64717713082376 154.3697995886356 154.55949570427919 152.73971991716388 153.13013818905023 155.29756809476564 147.60791088433197 153.61902469739749 148.88078053676253 159.4662258573168 169.2788069085087 166.31300340495747 151.64960736664784 148.61969991377745 142.14726255421948 152.35380629001816 155.26850022922866 150.72694250662309 169.27914417591592 170.36223998528232 153.27324845686098 166.96979896844593 170.65383485154703 171.80026572112709 168.19663288358484 169.34822664024887 169.70634622427929 167.23576127764994 74.039752694893167 75.819016667201538 74.795822676313875 52.911748410152398 76.726141753413742 75.920382655909833 73.695017251759538 0.29367510835984434 77.453162384383347 76.27444407199954 76.799913228208794 75.115129149331239 78.269539808673372 76.469777256041056 77.175842514723243 75.446715453956955 84.00302978704805 81.822482807800228 80.093188155451742 77.486551047942271 78.01637072897671 77.750923103795941 79.374527333905732 77.333236383548254 84.877737400927487 83.024369222526161 81.325255688733904 79.675686074363938 79.157414349852772 78.584076413347333 78.852924395375936 79.582527169176572 108.12682056639503 84.406714307534585 83.716489602398354 80.727291938494972 79.76870681294082 80.355460027552326 80.509198186477718 80.758674319105737 87.039159915519662 88.248742785842893 85.751786339736569 80.19958169799969 80.950414508667663 81.202985944523704 80.203696119863551 82.480561469326375 84.168013781956589 86.111638658761294 88.115042928159838 83.975407509742979 81.357624580190844 83.809951222218004 98.059301375360718 80.973513650114739 84.370470413416996 89.554137265322154 86.220283166833028 85.993653034322222 82.601069860845584 81.685083362836181 82.043218207134203 83.545594954457044 115.80097374595115 86.491418958389431 85.789599127223312 87.235526282378302 83.425522186451943 82.296450600993538 85.000421584020302 52.660152087148596 81.638343327255427 81.690468984023624 87.954336991447875 99.019135143199065 88.501744184389963 84.919277514407042 82.923963197727474 48.497668166935171 130.04210845034871 117.64032443497365 55.414209525341903 87.342888947455691 85.974440072776176 88.664656700052802 84.184110278599675 52.790572470979633 175.34939218946573 124.91241090009379 131.39441032762795 82.66795876476904 87.426368413964369 87.612799791422816 105.26385979394935 57.839101340457333 116.84298604615405 121.2919585089615 120.1305902157211 115.56009877500954 82.552789391921266 85.328844290740832 68.483548914882022 81.58276938387192 115.68538520619855 119.50732561106339 121.35394905195454 83.521396739557957 58.520052451356953 55.857583178267973 95.474442192854411 81.018465068286332 116.4075411534472 107.24028938208745 102.29261593135334 81.540409728736051 98.669144441170644 113.07809721948607 117.7806176335443 97.122386727715124 88.154149210564754 164.69799541683813 135.13359941239565 82.055460935087837 152.25145289117521 69.122958331861483 69.495619741095609 81.678205497368339 135.76947198318825 140.8815855219699 165.35472075592682 153.3243461487823 151.84976597762301 146.43400996193586 121.2200564617376 127.6609945012008 134.55861603054231 136.76269414075162 146.15563386727592 151.91562428249216 150.49860594818412 147.08077896838526 149.67106075800857 149.69890346363673 133.75027378796815 131.52156052088731 145.86633819470183 145.23698969031287 146.7465904808314 128.03229125901464 147.63916422525631 154.27490043514595 145.16661347634096 128.30068533737048 146.29482595417511 130.39331518421838 132.47026678469882 118.63735894547834 152.10223102143186 146.89693125108761 125.17420879350155 133.74431957150219 146.22093307781867 127.60041362894961 175.49016343392304 152.57983671552208 153.52650327539061 149.28808360582642 178.42834277204693 127.2223032303697 145.73655316139352 148.58462874627779 154.16258832537605 164.02645696622025 161.67192846264561 169.66849819309056 144.43601606075529 108.48564481935051 129.35639928227474 165.1786407568668 166.27703819180175 154.40142695192887 167.3721665805555 168.45264406888791 144.37507715628553 134.82829655785147 165.37555742276385 166.50184336310608 166.41220500285235 164.07855851426751 151.23032866425032 111.12314663353459 172.09527506135348 171.66489760125697 116.37681067830874 173.82049306727609 168.63032701719601 167.20234732040444 168.22184515548642 171.00705683920427 165.66150287975714 159.51708735759172 160.47945263301395 168.76936101192814 169.87740806234132 165.26937077514381 166.91141142068514 170.56495132540323 167.63846191742465 172.64949276408774 169.8210436762154 167.90189675069746 168.87548260023422 169.54869244170118 170.72729370790003 166.23700019753642 167.48423510452596 176.56408894694044 173.36424945668759 172.10856366584329 170.91259016135649 171.84299875833895 170.01317719213139 170.38282205470449 174.64023304626426 172.93396752969139 172.71517169055613 171.60798421573861 172.77299128518587 171.65018446993923 172.50975805308286 176.66610503791014 174.22317725677811 173.93921517647081 173.7538131412106 172.64397207337942 172.1990601372587 171.56921087321825 175.64271284121554 171.43225662462859 177.300920392698 175.16007923436118 174.71887275592098 174.43750899356223 177.87426232730223 173.23693094197009 173.85000901917965 165.74207966314464 176.46207715331596 175.73955288488111 175.35991899693502 173.41180534147105 175.92188692867919 175.77521429300765 174.95398511517763 176.5833784756411
 45.875230599958847 64.169892198745018 74.427200227213447 169.67916040025798 54.526044175979976 72.593650198794904 186.01555429665461 105.30836260111137 5.592218080488208 10.344718508100692 53.562735440625687 75.445628245989766 82.495457186177504 71.913665034255459 74.223056062561525 78.868597025594823 20.124568390281411 7.2560753888210519 57.83090154361188 55.247298052850731 54.353856439979047 45.722519887334485 73.117695885633495 45.290707546011781 43.010440975918904 50.630009407793274 42.488967666909247 65.597738342868624 45.56978205545137 46.260346135311245 50.748694967725505 47.535898697690051 40.373890048246956 29.545528344703776 44.228145740998244 45.355727022237502 44.246885837155865 45.17495849653077 43.64620406023753 46.47517600343506 43.175525213359315 40.826855989615709 41.861383349401493 47.471254030387215 44.578658539957019 39.726028335711128 85.064194515991602 85.081176516328284 43.785791473703092 43.373387187598802 44.302005227401722 44.61012272647406 42.08185340986369 43.108192193366826 86.190819238186094 85.355891365793696 41.975662142065516 45.262393901616989 80.519974649154079 86.761676665182307 85.163125713451791 83.17613828224998 87.157835650524518 84.412335750597379 75.892331302438095 74.627834224247593 76.721719095248773 74.204834651640951 77.310146748349695 76.426359903143606 76.990712402717847 123.65950439630036 73.209197411646812 73.382157970686833 74.341445360829638 75.554747746555279 76.470471702314725 75.468029197467843 76.32445738292428 77.785867859078721 72.400775651057387 72.688421888023413 71.957301282824957 75.205303839117775 74.128658555005259 77.495715225430317 76.3785534084289 78.56821741217388 71.701157346639704 72.771967017768077 71.751992991244833 73.046650019337406 74.339254830364368 75.351064325104886 77.480924926322828 78.490190114975363 73.263431510969653 79.821439409618364 71.28084036306123 72.992060772076485 75.270247593565642 79.306560073858932 76.188787639413405 80.324725047982781 59.027973954648061 48.503667134037123 73.567085620901182 74.126208764672299 75.08517349033265 76.985666299556257 77.470632874631534 76.69317979930058 56.722976563229906 76.555861718155356 58.147968708386927 73.51775501624202 73.970300392572796 76.46447326367668 103.26803120417334 78.25807141686569 55.585196556729663 53.122961222691472 56.848752207439667 72.468444790651134 73.826639757055361 76.009534638660483 77.701015536789669 77.598816322775605 49.383845775245696 55.794589600025219 57.922589235178165 54.191936886139359 74.578846610375805 74.913569533947495 76.727200053555336 186.11683405074336 25.237893499922798 24.141250515371439 47.368307874265675 55.72885946457788 56.807012643655206 72.89626253213541 75.688704363296026 136.42798985404255 15.132936968522122 21.678917270583099 38.800883247524339 46.4696043901954 59.047260779889619 55.593741363442483 75.395641726771387 184.95165110059892 30.481403496929936 15.344420655488127 37.73611131361686 24.757795244487259 56.657519357341918 53.178475340420391 31.651139492035561 19.23063452593594 20.635230010944628 9.690120672254217 3.5469431525431543 23.434057596858455 3.3700407474395351 56.264813431057824 4.105161021456861 3.868627975028291 24.865561468542928 20.899759613810964 21.924697329795649 2.9230680567920118 18.309936565266323 19.716798460001513 21.900407921667387 2.7102771159386734 25.739521995428365 15.308171210543156 10.698994442990072 1.5346335659244545 0.89702382562759997 9.3760355017265091 0.096409849181098448 8.6204511471035286 76.873399123926504 50.790078592019 5.0551853902402524 2.4803452013472622 1.2615992924745212 5.7569780972747164 4.6579430907746167 0.33959272164012527 6.8725742316804546 9.2411961566987326 26.109386895189761 3.4499504773724916 2.4526657811024952 4.9814863569461574 7.7439231843230827 63.510277032329682 7.0712738131139359 7.7161774311118236 8.9085361813083797 3.6248104946816206 1.0550790983603866 9.6408765127054181 39.499384328257207 43.61387398331631 4.9668955798251373 4.4883044934153915 6.2422902564108993 5.1559787690455003 2.4419936313941553 7.312554855655752 40.782157650298487 41.475294854875791 1.639855497389892 5.566116305141545 1.4616705798530287 14.110767695750049 3.8565386128127157 19.956463493603881 42.879074322276026 44.032551462430142 12.733254312577255 3.8254544457006716 3.8145263391388249 4.8364089259571692 12.131643800766247 41.106790123818364 40.677384078486426 41.34232473731344 21.63395437609071 6.1192856303645593 2.5326896168618322 42.213640300860298 42.646912932616054 81.309963040302279 34.80671798121022 81.943148236072247 11.903144206325004 29.538029936833826 4.6622679811199159 80.005398148675752 82.327116604769373 70.300096365596744 81.911738152720304 81.273944556286068 13.160789411115131 3.6397504150013682 81.588208115517062 81.161092929085086 79.690960548761453 80.241061284662749 48.275066846296561 185.69339582702935 43.647533222163524 44.744580172134278 97.672271667639407 77.522126668397988 78.915922251916243 83.149082086806644 83.897106870836737 84.532365350593878 78.986131952492684 63.02841414450117 67.551153061380418 80.079679564590776 79.734978298710729 82.893002131990642 78.683823795370017 86.446379171081873 79.448446855466955 77.559415568377773 78.629141269131281 78.219840680979488 77.671268395661087 80.804311160926773 81.734499025551926 83.482353070901695 80.805366836459314 80.225331596639833 78.624191880036705 78.683892327818384 79.453316650321767 80.017828122836164 84.112249072652133 82.785357212209007 78.305862672701011 79.721528013247834 80.719767723659373 81.078050203202025 83.478315479581951 82.442936354010982 85.578012960896032 85.17516954540028 79.284575584511373 80.298674707045549 81.545217136061709 81.864648132811183 84.537361424361336 83.568461207087054 84.286088847932604 85.605593646311917 83.031825745532004 79.991180215520956 81.091999908636481 82.566118390892072 77.557327829707262 84.496952285809229 83.500966781351295 105.19919306915278 82.131528801903229 80.956129597631445 82.012953298645968 82.587959437347067 79.2820154407666 82.956105127094347 83.506580871201393 83.802816907702493


# name: v
# type: matrix
# rows: 2
# columns: 320
 4.0866671086578981 -1.5491047806532685 -1.6984147219277694 -2.3617106020879088 -1.7122566384988913 -0.00081094104255888255 -1.5208227386026905 -2.1848560259870178 -3.6885900486565504 1.9538851549682288 -2.3132896314920868 -1.2978518295081625 -0.74118715823311598 0.62996836709530224 -0.38413930623266596 0.0054553980679680576 -6.3673413559172181 -4.4819068742017949 -3.0614717588824569 -0.70962458039121801 -0.23760647190811307 2.1901449929756076 -1.6357633685018089 0.32533560558697244 1.6953483396113624 3.2865924376512514 3.5174005557913683 1.1313036246855084 1.1241351640706012 0.89705850544907917 0.076597165524798977 1.81631253165104 1.2622443662675296 0.95492287514684171 -0.51708936809287087 1.0959513306281066 -0.69759576121349443 1.4107619925521633 2.2050048315926976 -0.050247211750397841 0.76287828090739962 1.6395916574047655 1.6807880192761067 0.37773399102733346 0.35633527369714968 1.6961192366017308 2.3273333228383546 3.1127564202967348 2.016827014353145 1.5665831858990855 0.56229828007824556 1.8686357278891574 1.955056533460628 -0.064247483720759113 2.6089926838826485 0.91691558113463389 0.60770128318476968 2.7537522480581984 0.9555867014479994 4.3840563370913683 4.4380867207373607 1.4388661557252644 0.34702200982505615 -0.27054575869071584 -2.2038087854382682 0.64837342229339079 -0.32427745404029129 -2.5555409142093808 -5.1460569970031615 0.55166604135585173 -0.31779371927328059 -4.8083481724781443 -1.6417165605088702 0.15031053855132115 -1.4873808865618559 -2.0869288180431957 -0.57385573158643877 2.2412522480283688 -4.1672739808828965 -0.2047729094121549 -2.0512495845608099 -2.7709379585176697 -3.4039401578927602 -3.1874271188344014 -0.17988804933443531 -1.0710326332268472 -1.3915778950528501 -1.1533089103509981 -3.4544850148740558 -2.3614433159853609 -3.2282321187858329 2.250667056352524 -1.1469162542206912 -2.303087448336492 -1.2777385607925269 -0.27405910446964865 0.24897420439282755 -6.1990701429594388 -1.0668469599801615 -0.49833887705409385 -0.1386232450595436 -3.7082376606593992 -2.725439433102578 -2.6666914904955084 1.2450573444883253 -1.0634976510586251 -0.19775637417225833 -2.0512707728847204 0.4674641486586304 -2.9487012878909704 -0.89685268762715165 -0.97903357740181629 -1.3993671690728413 -2.4777044852160857 -3.6659547845709746 -1.618527432951548 -1.5500886482608234 -1.3763968277449106 -0.98235940944024569 -0.54193469527278526 -4.7517653034059819 0.20779032072888329 -2.9621224154405925 -2.5373326581946043 -0.49269663117292994 -4.0441549027948254 -0.6294461363404229 -1.3172683599068604 0.63942593884555221 -0.68723523181015123 -0.72898810996062868 -3.3356426048737529 -1.4905403808396733 -1.6593893739798675 -0.57716059503873429 -3.8015048919841097 -4.050290595310968 0.36975965562692475 -1.7575176499258849 -0.26415823193366156 -1.6421006826046705 -3.1974159492622238 0.91605745714575038 -3.1420302346738094 0.56886677537940811 0.27694748780631268 -3.3052369035009281 -0.73943658769648091 -1.0827314484433281 -1.1534491441624468 -0.49090712125718883 -3.381593263742432 10.35078207216706 1.7670819465546246 2.9794398013476497 -0.79838104084746064 -0.031509695112455841 0.090366305862011442 0.28301216482355873 -6.5317690009529459 3.3909518333866986 -0.76576180867622934 -3.9880453224923142 -3.708106174479993 -4.7982022417428576 -2.4956054742478497 -4.5994229539339502 -1.1686992712841635 2.9636162073087822 0.92446789494787796 2.2646214704687431 -5.070916088928092 -8.1565475372078815 -4.5534646003921138 -1.1946868770402617 -3.7967191170230601 -1.3107116018245131 -0.86365086495798538 -2.0628606792712292 -0.6907960599963493 -0.75816249943952441 2.4182040090620478 1.0862742734625994 -2.2070062866156208 0.62625617845651327 2.0712909729583764 1.7372673211270127 -4.7556214920160871 3.017527185677753 -5.0097121470354304 -6.9732936889839694 -4.2616268344853729 0.30652497822844155 1.4096056935038199 4.1268127163193284 4.7212575419709575 4.6274420714332827 1.7219075496939074 -0.96764454115182053 -0.3069193709385597 1.7912706932005602 0.39844027120514852 2.8021277169851309 2.2572547839300214 4.081130881495576 0.10001932712577584 -0.804197114599838 1.6228856435167007 -3.3107872457654164 -1.9891447873941714 5.6758815430724958 1.0841811666148127 2.6264178905143476 -1.2593889520723727 -0.10899669717982655 1.7998045190003589 2.8944592187355518 -1.698810846496567 3.7677090272702798 -3.7073173001150797 -0.93177564291540005 1.1488370762271245 -0.61639238081533299 4.1849748439340226 -1.4805455437975275 -0.76269676209050441 1.0992582194991192 -2.2856863042045865 9.7918552122602343 2.4954363943635594 0.13616584029544801 -0.67690038337236502 2.2728166734052841 -2.7785035987259801 2.1219473087822904 1.4780344438472808 -0.028491566922784158 0.18061395158176086 1.6181343393369052 3.148938041308222 0.73231877863887429 -3.8653379513087658 -0.60207652481279716 2.7830118890116862 2.8896239191129593 0.79445250808365253 0.44878851614937781 2.640696898034574 0.26510955335362574 -1.4287770467693495 2.300871375643605 1.7702932652243006 -1.1748243742395723 0.24177447866393384 1.2122170781575001 -1.1396072695747648 2.6814260786085438 0.71659973089758688 -2.100086601167332 0.67751521644800894 0.64387131717194024 0.66781249344548788 1.5110542563672322 1.1888217410443649 -2.5056396633979832 0.88167391345715806 0.51532177851477956 2.8104210190253633 1.6611426424429707 1.6679651685248549 1.81730193006191 3.2610544994776491 1.5403004880080102 2.7661960219710338 1.6473019180595763 3.2172814720710621 0.15400854232801336 2.4527711270672858 2.3899730123656764 2.9690958331540025 -1.0514054052401751 0.42397847696955548 1.2418160874400028 1.3197811593211179 -0.10574184769231072 2.6023985179514919 0.94035914725032621 0.52598327342974915 1.9619373217319114 1.1439950354742328 1.2941196305001315 3.6016442144946499 0.94051061598213592 4.0191129248325366 2.2658038904873523 2.4858522703809305 2.1055480650217548 -0.40784634198646302 0.49847088038151788 2.8351125164968045 0.17324867139659716 1.6220858650455008 3.2690647614856241 1.4506501350603638 2.5693565558268081 -1.2418223573611293 2.1633508432474566 0.30890480613052085 1.6784509407969952 3.3445263096303175 1.2341657862351885 1.0795806053282941 2.5077820184939257 0.20170422501461793 0.93550632471800887 2.1420980440263184 3.9675555405517269 0.27534843999463554 1.0836101541112877 -1.5989532636274664
 5.694111997514006 -1.117490105380994 -0.10594943434185898 3.1959294126884794 -1.7948397155405875 -2.7625139409798529 3.95261364475583 0.29108599795669898 0.1205165458425343 1.3299529195573359 -2.5629247236792252 0.23632911143673532 -0.81039780598378297 -0.25276652757901585 -1.6101278017854768 -0.11200043242230964 2.1197151882076573 1.0634697339613519 0.91634954268234114 -3.6060015336286382 0.12822340034926411 -2.6209177204675527 -1.5208802682440363 -1.0471334350502342 -3.1203336331940452 -1.6842615605321667 -2.8169912023839845 -1.3688265063269536 -1.7432065841950191 -1.4416843849799921 -1.8863316855641648 -4.2676947377978047 -1.6265255559314455 -1.3575735504779309 -3.0559757335911755 -2.2787910992481004 -1.1311217900154653 -2.017842515285706 -1.4133640627267032 -0.31397575469624839 -0.96542978570494153 -0.7124513638629153 -1.0494694330565539 -2.4806198988203367 -2.3322287932840613 -3.0630822844400307 -0.70278929349881269 -1.8751406256023289 -1.9511225680073927 -2.7478642351138687 -1.511915700213561 -2.8612387852935015 -2.1123894753655175 -1.6990959709522908 -2.4532460417258832 -3.6136970957459802 -2.150982907632732 -2.9679673003302156 -1.6779204791157469 -2.1166183473918108 -2.62683778531478 -0.34033087251335681 -1.1838993526478954 -0.87335760740487434 0.52374071364176744 0.66662378028677771 -1.8313642194922151 -0.70265671128496998 -3.3006839365010983 -0.59570128589154736 0.99053785765669666 1.2975106343904557 -4.9504252844040959 0.0026399953321442461 -1.6391887235850973 -0.2268260558936607 -1.0436679861265949 -1.0831109905069485 -0.86961990054023486 1.959750287811852 1.2938876384222673 -1.2633723349373831 -1.2666172456894491 -2.2159772340244941 -2.9119850974986341 -0.045991832442363732 -1.3918741930126457 -1.6880978261573418 -1.8994970224834229 -0.84868945709665644 -1.8549270976762542 0.87903714946225642 -2.0367781919963877 -1.4367679232089954 -0.57097585615162494 -0.70103452180175785 -0.78398094369639837 4.9020990324446716 -0.80685472519520662 -0.95069814989196322 -1.268240930231316 -0.86795898671464422 -0.50046034608975043 -1.1005708780170185 -1.9091363850116001 -1.8333939516616857 0.092107238777271033 -1.7683456391590195 1.7144415693143855 -1.8859328939596176 0.68018226462760745 0.38479600764856148 -2.3261233057325827 -1.1311618269027961 -1.2228207991403415 -0.52978741839871391 -1.3783053375462417 -2.7493327737651958 1.4511542305423721 1.5248233505052065 1.1106332342302034 -2.6141624625173341 -1.0310558944777088 -1.0035169397522954 -0.76592313916722166 -3.0245520142018689 2.8349767780817867 -1.5492979913918867 -1.4985947257817349 -1.3787897843444827 -1.9421583858134648 -0.86101090656653478 -0.43968096303350557 0.38205655575234826 -0.33953850984969447 3.2718638885585345 -2.6634318603535303 -3.5615728249536964 -2.3976039621329073 -1.2143987563600565 -2.2104337479542955 1.3013789744208404 -2.1016123356234777 1.5120815234880927 3.018424360036124 3.9236448617710131 -1.9440862629784657 -1.1300980824920805 -0.42707575040321716 0.59230255755091643 -2.0679615856446802 5.2863499615588712 4.0790060925250726 6.0696738027171175 5.6950017758415452 -2.1855628471432169 -1.4296390598226061 -2.5306877074123935 3.9756514192921975 4.1367054768998148 -1.9346102148705628 2.614481208649079 -2.2595877267458992 2.7948098786644637 -1.0942551885877818 -3.0909881890009054 1.8259543745903839 0.36828648525052754 3.0239926816823628 0.73282259109578507 2.7618993871257502 0.60393367087976446 1.7795638677680377 2.6862162913134151 2.9453708658843212 -0.42468700889985123 5.8072764644680843 2.182676113160066 0.45209373950366916 1.1118306232080757 -1.8249665120869287 0.5045517664673782 0.093875694251633293 3.9997167321991984 0.17689930594549708 6.0062512266845944 0.46757383472671837 -0.21858227485715109 0.61933988857695088 0.81724062135571263 -0.71334307344441983 0.59102782129670872 -0.23828951341183457 2.5207145001160329 8.9777298278450584 -0.50125519710530464 1.93410553969032 3.4709650036094746 1.300071678186546 4.1833626856438144 0.6816878359706221 2.9445541884837687 3.0961218234353654 1.0119996961877005 0.85396636992567054 2.220878428771194 -2.6750560939600807 -2.2828614219578367 -0.66700054565165112 -1.4234315843149539 1.79934932422925 1.7754669323319399 3.1540691461668002 0.10989351206473405 -1.5554653212376708 -3.6775740703525472 -2.1981562708986866 0.39264871484366926 -0.75623780812606356 3.8943891013492413 1.7830020870946286 4.3705130234539764 -4.7336125357345544 -2.2325192718306233 -2.4251076161160574 2.6442576496899148 -0.68098033689296678 2.4388274862447701 1.9077300108608601 -3.9742660273220416 -1.3819347954534811 -2.8861005890778824 4.9553758204151475 -1.5570802956804244 1.4902582769633594 -3.2687273244395771 -2.9791607918744591 -1.6159711761824282 -4.0377167529329059 -1.434047551706634 -4.2439917911889413 3.6190648965486725 3.3136417940986469 1.9771768335112732 -1.7190926626973844 -0.81940030315974965 0.89794513008441024 0.83156528411064456 -2.5367034189723885 4.6154664417661673 -0.91188133916506087 -2.045008940031694 0.84764046299297691 -0.76694693293378091 -2.6914814816725885 4.0361142509800016 -2.5716816728130012 -1.0960142361284431 0.86357808203941411 1.1556610129275646 1.0148596864072932 -1.8771956555684277 1.3586062995268253 2.8179730915557939 -2.0512567729486642 -1.072369632113483 -1.9795123299974435 -2.4231302939274246 -1.8820202207304331 1.0778895954237377 0.94442814648452855 -0.34501484422333806 -1.2490288900137094 1.6653835761807034 -1.3997355404203355 -0.8329728871448131 -0.35234544360695513 1.7555584776519748 0.82274695868400038 -1.4205990498119268 -0.747369442872169 1.7524246975155964 -0.76412980947006559 -1.2719816500359729 1.2669644217710421 0.11502834685367914 -0.96137397551936421 -0.34008372352618044 -0.8517271940193607 -1.2532920035376391 -1.1893997344045126 -0.84018647543959479 -0.47905597093463315 -1.4700437054606721 0.32686111113094835 -1.3824416609606034 -2.1637579392203898 -1.7749076603260145 -0.17612679386555893 -0.74911980179150806 -1.6003429322414402 0.092369901962166601 0.41138972359022719 1.0790636568106804 -0.62894513279060371 -2.0127428461524932e-05 1.3563673548478976 -0.11834715541176377 -0.098676398536282461 0.23776207801500415 1.2550575328306814 0.86129832952167451 0.85951830927291539 -0.35503821418669279 0.92877710666817515 -0.26928336949812243 -1.0313586864778026 -1.1038603020732181 -1.2139421191246769 -0.44127598320611305




