# Created by Octave 5.2.0, Fri Apr 02 16:05:56 2021 CEST <br1@br1>
# name: ptcls
# type: scalar struct
# ndims: 2
 1 1
# length: 2
# name: x
# type: matrix
# rows: 2
# columns: 320
 143.17604312048297 93.886373522976044 92.811492134978096 78.609230702167693 96.160313735152414 109.25254912371071 68.191845429699256 84.137856324623669 98.549488888640099 110.14369550767414 98.274012859014888 93.757188859414669 107.93766211259617 108.93588013768338 108.45421083844685 109.50269154292013 94.333892824469473 102.90088926368389 96.912791306736196 97.84986207784624 98.97500026884731 146.01896712276479 108.02943435027606 147.09609723068971 141.72659305245418 126.15200824833533 143.94858701687355 141.7887345238326 149.3106710630779 149.07516021089256 141.07282565003354 148.90178573415298 140.13666013942023 119.15871351651043 147.70218357127183 144.47153995596392 145.48462104605139 147.85674854234151 147.48690390306376 149.53461438727177 146.47266714005144 146.97733637529007 140.81999466829228 148.53632310307759 143.47703904822868 149.54150959406766 159.03048891368147 158.22167195004442 145.08397109724513 142.89139104151175 138.91572749142389 146.49256492172771 146.32620224690021 144.4451377419482 159.14252014358431 160.17944734468909 145.55529571329714 152.06585653364493 161.46797280014221 159.14822869871094 158.07497476294353 159.48527650921099 160.06039783006517 158.41085889732437 82.072194743028888 83.011988424365697 82.232661981611699 67.73388571257064 83.108252964849683 82.072264160032802 81.2679210636053 28.18209450873287 85.573457095751422 86.603210970363435 84.257495273889887 83.113682757308283 85.696541114794627 83.908399277727071 84.590473523626031 81.030606332610702 92.197848247161375 90.177699628475139 88.91106977974259 85.742814083975176 86.682810320759742 85.850817928408532 86.719076157023366 84.706015630057877 92.617830115715478 91.127350628866168 89.837162146620457 87.63943814768642 87.685398254426417 86.798207989817897 86.613604604715491 85.399798555396075 106.65347550168703 94.863230401907302 91.20292364426534 88.722623589921383 87.792540959369916 87.696184563539347 87.626491308034844 91.098677984874428 95.345948501275174 95.238448943036104 93.948356317912015 88.892214107503904 89.679630326508857 88.811808525099906 88.653082938920946 91.0070974494311 93.084664441011753 95.036871115181967 98.147276831874734 91.855925895592947 89.810367340394905 92.308878599935028 103.75698595011235 89.853153534197119 94.173420487959191 96.023875994846549 96.091364472673945 93.174106296054831 90.769454817484672 90.601014105576581 92.303857535728937 93.317927530436734 112.09230330064574 96.600482812980204 93.555633555940332 95.266769790712573 91.838850395388292 90.802491444780628 93.70301753604835 69.248199297929546 90.256870477090899 90.383178552073929 93.930569855501446 102.59161016751086 97.359573708649961 92.870414573488574 91.65809488320933 66.721443528039401 129.08839349466774 107.76843877164559 74.584583565644721 95.036466785266953 95.819083778418772 98.229612680632457 92.630276381814895 70.048112662466394 117.02870473934671 111.87146248590741 114.11704659910752 91.33441153396592 94.916690975210884 95.091621332785678 104.8703194516235 95.335104986574123 110.59119948143874 110.47711638668605 115.08682531531127 108.00120446819332 103.43628798128901 94.186164790672407 98.23387244509928 101.13928078682827 111.7623895030741 109.150190174375 108.11099724207926 104.56486831196165 92.957391536718887 95.363857075619578 102.84324392985907 100.05635514186915 117.57185540261652 109.31092693522771 104.88697753240422 103.56706312256966 105.07344871943717 106.24097132498706 110.91653560397779 105.17854759514674 116.5519345062543 153.55082589499744 135.61319866527319 102.31499949676561 138.40649835857485 99.296098438854756 98.670226507350023 101.78657145186206 138.67864964521965 136.89836221432915 147.75680019364495 139.16562223895912 137.81408938265795 138.18263430674946 131.25002051096624 118.1156516675119 137.6250504504884 140.02666427872433 138.01348696955702 139.99890649716633 136.95486324084078 139.10067252236917 140.93548798937587 142.89656510479386 134.96190072169298 136.57024212832829 136.00624797492665 139.00199330821451 130.58342883587756 134.24393088214003 141.91618920055492 145.79215880245664 135.94206774028711 134.64987427142222 134.95516933853767 132.87257104677664 131.6875123871082 129.42041429116782 145.62053394094144 139.96720912277868 130.6962405320713 134.01255202583522 136.78988849137909 132.83982096451055 132.78019096881306 144.87300047027986 146.15016733087057 144.66749526569322 165.24600606629511 130.6294129909179 135.07194369137795 143.74266454872168 146.65695275316318 155.70236257788099 152.34655819274704 160.72646438136897 140.9094605858736 130.1769120016271 131.87277659474779 156.1454016739003 157.47050833830139 149.79360240503067 159.15838204406984 160.39320969704167 142.1165483056111 134.0853955528444 156.78233700490233 157.30601981817861 159.47680735309888 155.11225324300088 149.99029034119729 117.73286879707541 162.16360359618596 161.88801937128929 128.55731296507236 164.96029118080486 160.59957234767094 158.24989547200383 159.99676429479945 161.08120565135755 158.21667572563584 154.40337865955559 157.50345309717602 159.01303754730239 160.81543965456359 156.31048994367734 159.73583101700817 160.05985174381473 158.52442540715865 162.75841797512106 161.69390565252445 159.20028920205081 161.25212560015629 160.05420639620257 161.82633314447759 158.09563372069744 158.00479734928453 166.36263806033585 164.11896371160935 162.60395194623561 161.95776538939265 161.08273202798966 160.98490147648684 162.08280415857354 165.24464334813939 163.81045932217867 163.02041653300876 162.55338393452661 164.28677609334787 163.09070198822835 162.23983209385742 167.23548212093831 166.43364386692167 164.88344463647303 164.10347019024846 163.74749951238996 164.77149199900703 163.27077550440623 167.17418998784532 161.27676284687101 167.63531074882937 165.9311427079044 165.43096051767219 165.13594277678854 167.34902876540758 166.07900341338163 166.68379203733679 159.48051215223347 168.38824906185633 167.06262662516281 166.46700704229445 165.42400019720179 167.48289523397699 167.45308296292961 166.18945936553811 167.82538557235492
 13.38191524261698 70.651334809952644 79.26148553603511 151.14276980667697 62.393180018390048 81.380590341800271 162.08400043090913 103.62006381295551 1.9016682830001397 19.22527993438484 64.516986416395099 78.801010939911407 87.195764460882373 82.684824412770979 80.59005787987617 80.340526577035007 3.7429101705225576 0.18540337697898898 66.059462287529868 63.27817102835003 63.571599335889246 60.117187743590861 81.671704533252012 60.550107617195501 55.121018240578479 61.562063295452376 55.165100449387289 73.536932079570974 58.616856743713491 59.702979610608537 61.689418743998779 62.116161143313057 51.966913060962113 37.672587970877636 58.570490683462772 57.596164448969873 58.518678705227629 59.635262172925941 57.46400410122888 61.153845911809888 57.944557291800741 54.665579255783761 54.254629112665498 60.751292349011898 56.879844368997503 57.666315443910278 87.79189406851394 88.505203617687741 55.298190397113466 54.663540726608495 53.318821395655306 59.087480144602985 55.464364417779692 56.226601137354926 89.140520799003426 88.590652808960286 56.24973886216209 61.897811113678642 84.870645350594671 90.29100083648801 89.601695741873868 86.35117402909691 90.986295201643799 86.892772438750853 78.727789048759789 78.346919151234189 80.121203736327104 78.280243577099483 80.841563784965388 81.328544887415404 80.526359378072399 116.13394271683741 78.585590111366486 77.898061215486777 79.121283927537689 79.410414355459707 80.804380724181627 80.243539746383348 81.108222308945415 81.70199019499735 77.206636488666973 77.221108512376546 77.680117531363592 79.710705576722461 79.015143227596354 82.025044015700146 81.389426133869236 82.20693588108611 75.776204891355619 77.773427501527266 78.33252193534652 78.397676150558908 79.542019449430029 80.244883388796637 82.882507756592332 83.10509498612474 78.157557478380539 80.337042650672558 76.653116206127734 78.745931724699631 80.678040556457816 83.594402925878555 81.893991539998837 83.353965228009116 64.252160054902248 58.494502475416198 77.702745733419164 79.818825633481197 80.53302955741664 81.567202457824038 82.900293618413016 82.120467180784871 63.907833537748559 78.457830994693765 66.937116909802853 78.56198639457169 79.38407289046495 81.604318649155175 94.851336667025194 82.071548865738919 62.50154426912966 60.808867008026134 65.219312243505897 76.75833735468926 78.922045979032305 81.076899366666197 82.738647635045851 81.249296002506028 58.075695184777167 64.289125012335873 64.919240281344017 63.167085220925252 79.775820963997091 80.005652818496912 79.947321779818935 161.60478799673413 41.541337095576196 40.44203771101612 57.650420906422362 63.919016698396533 65.030099845637494 78.081789895202334 80.825602204140679 127.65791701781971 17.747531686211467 6.5407569020841567 50.07658357279594 57.312118770682552 66.320934063697393 65.771010456162557 80.394106293115371 160.83245155008984 4.9239493278308117 1.9103200121081187 4.2981490183497426 40.934856141401767 65.356041139261876 61.85772100026238 17.759273326585024 4.5238574044816868 4.390931273234135 1.2790933966747968 0.70450287843153969 1.6326350633341999 1.155936789904447 63.759977172618775 2.9977528328420662 1.6792090785547582 4.9139120740604421 2.2880383352887024 2.8221619241749698 1.6630377033673607 3.5517060860236653 3.3746995001615483 4.737354436554492 0.712815906159458 36.847435901767561 3.6609460339709834 4.875928722166301 2.3394985479842152 7.464742237545428 3.7637116377038882 0.010488008117828324 3.741803870869068 36.927943910165837 16.003320517661315 17.196536590919457 1.4934231723649618 8.8151170664511955 3.4526665054956847 0.71723875267525616 0.43010718813897969 15.289043551541626 14.79611437237952 8.1754073544469534 11.617810791806306 13.297562152653644 12.119746656195259 6.8679970100450118 37.98061380036242 15.624874997359839 15.472354484037227 14.404947692386916 12.392408997337954 12.439843659716699 14.158042786682195 52.833122245047107 55.948988317156264 15.711062067680173 16.421049159584456 15.405257368689279 12.909884925777758 9.765869742968567 12.482796968833037 53.966498739340189 54.538248048025231 14.201659253706337 16.745797818690292 14.505799918592324 12.562521977033448 10.644524276895332 9.7414802096882038 57.268096928505862 53.316918817081763 27.844800353001332 13.589696508594193 13.456657112367521 11.386062580912865 10.347747725004988 53.187834415309027 53.507181554196016 54.248107824447537 7.1072253823175213 12.081205706501077 13.390293344942604 53.859294972248023 56.677895716167377 83.082486458515746 58.22410980025829 85.779023873197872 32.406822769206123 10.764245768706596 11.817463249409061 82.102014360771591 83.822065776287559 75.052618123927516 84.303296649157573 84.72706896666682 31.985143067169737 11.193534229767256 82.928130109033461 81.928946028861461 81.14960505561055 82.235961433405123 62.139850698539725 162.2839331713318 54.292371631009189 55.372378035148905 92.663518791816514 80.630006690186335 81.527830878637616 84.796115318097605 87.341639944484683 88.088422283337692 80.868022914372062 69.248158010753301 79.047113382477988 83.131986831269288 82.683600606212593 84.127284809914684 82.250489618129947 89.781555765961713 81.971140835070926 81.200830893072833 81.739243297906043 79.994157694551774 80.57409832692511 83.503874203569609 86.197462604673262 85.852514290211914 82.872288935181956 80.505567408502415 81.637033398390543 82.34065319823172 83.149540586010318 83.870304559631364 86.877878165653698 87.361110238456462 81.613867504120691 82.78455371476241 83.832705882537084 84.743701070380283 85.93816994456094 86.073310998218261 88.559902740020036 88.06968683542641 81.573532866411568 82.712387272007618 83.932913657784042 84.919756786663427 87.000584150945116 87.322092622975973 86.956588810857156 89.182486324051894 83.851185521953965 82.568684002919056 84.007176928335667 85.018894319156288 80.250055574440509 86.952996224886817 85.968973499786415 100.20366275792378 80.838116130067746 82.484160246873074 83.760985735674112 86.077874226867934 81.512647249600562 85.023634826868346 84.82765893865114 86.126249028172538


# name: v
# type: matrix
# rows: 2
# columns: 320
 4.4388033362693289 -1.5491047806532685 -2.2702097570218296 -2.3617106020879088 -3.4009566400260298 1.0214218886493358 -3.1178074386923136 -2.1848560259870178 -4.6579598966370419 -0.62397535907694635 0.88820938855460208 -0.33556241369738665 -0.74118715823311598 -0.91859093480440857 -2.962008356855899 0.40497986128520669 -5.2054884935762642 -3.3974220540252076 -2.2961333372956503 -1.1955628882564704 -0.042196174036371818 2.6130558991190478 0.22208587839214311 -1.2597980553125698 0.69371872433016868 0.18963793975630527 1.4719263060953978 1.1313036246855084 2.4660751604972071 1.7204278464844314 0.076597165524798977 0.40343161679358314 0.13504874736959036 -1.5323235654864575 -0.074796880058528761 1.4036671943884169 0.99024288753999912 1.2598513406005398 1.3085995232487952 4.1786625670605284 -0.65808867047697794 2.9864848199472762 1.6064159550384567 1.4600792880605418 0.40147406594192991 1.6536604506105694 1.7902095670698621 0.42755161625747029 -1.3021105097288326 2.2077550647237838 0.86988543743107327 3.0070815871149521 3.8441009744763193 2.7487928985633037 1.0023089110365258 2.6989604080486553 1.6666120904725314 2.6622012619308268 2.0871029566984793 0.63046279034672192 1.5494643338068088 2.0112447304184373 0.66311690919858779 1.7892981804298898 -0.48442847190466864 -1.9832228605072413 -1.7068072450513894 -2.5555409142093808 -3.3606607911373665 0.30417746948777785 2.051001830541368 -4.8083481724781443 -1.6290274804956644 -0.6016679439325241 -1.4394317115383446 -0.70846683581239722 -1.5103690155685425 -1.3662872123702796 -1.5860613942673547 -1.7242142050005025 -2.6550276106641624 -4.3954552370422642 -3.7207449987679841 -2.1424092001010386 -2.12965556547978 -0.17487681584530351 0.96002343525219547 -1.8975395761814913 -2.2898083244656044 -2.799174935182446 -0.86668801267958384 -2.5450468827640251 -2.78268526444548 -0.95085240930530657 -1.767961162666601 -2.9716534046839955 1.0957960171126855 -2.139689557880164 0.22856544388848402 -2.5786211353056654 -2.8898540799164403 -2.3590100835747778 -1.6387448541332739 1.3234224030916462 -0.4393006827359564 -0.65139175614861278 0.43599390669755134 -1.8840484318827933 0.25453756107005132 -0.11597006710014378 -3.9080588374512062 -0.25891961075038716 -3.7489640722760802 -2.3569144106107136 -0.42542195509061942 -0.84648651976276346 -1.2033444666589455 -2.3725953783945553 -0.98235940944024569 1.0017852868895676 -0.046761262434823758 -0.41220865917768273 -1.1927535671942728 -0.88884334235553542 0.34409533919529678 -3.3356107897230696 -2.3478337787522929 -1.8262377306937969 0.63942593884555221 -0.59437227535499071 -1.5256022428188454 -1.2717229526607474 0.37843946812664875 0.10900300115073505 -1.952914321567204 -1.5559843175604409 -3.4469548440764743 -0.28249494944937187 -0.39121772528136212 -0.94314333146569318 -3.7639532019050992 0.59172914660650844 -2.6875541996087828 -3.1420302346738094 2.0503194377782759 -0.018888538791593794 -3.3052369035009281 -2.5582752828205257 -4.0535137514394917 -1.7856490053870264 -0.45647084176220087 -4.0301291380764592 9.2208135209521274 2.0074233528699401 2.9508402841597161 -0.74946218700566902 -2.3308993479566338 -0.71471558681130809 -0.91553894821569615 -6.6142264202687695 0.33082967717282208 2.3776322152785094 10.259128706175632 -0.52432700547828581 -6.0882631549094901 -2.0345960839262092 -4.4775952737029785 -0.48718921416529581 2.4233014135860733 0.33058748171111529 1.3809339314511977 -5.2698875148534823 -7.3929144098168669 -6.3964931708081849 -1.6270145165738914 -7.6102324235699204 1.3319481922846135 4.201366222579769 -1.0331728573010375 -3.1095654289749231 -1.2262025064667994 0.91903541444373071 2.0497935994633085 1.5250589910176302 -5.2445986912339029 1.9063454546835059 -0.95349170740996148 -0.41478882892920205 0.29073861035588694 -3.6049978199248089 -3.6028931216340698 -3.9579854657894282 0.27941834064441912 -0.70391587364990771 2.5327848163482951 -1.6099166048847451 -0.13091159662852569 1.0293191274436533 -2.1791776347234002 3.7795212018756654 1.4835649530862136 -1.7682533935030609 0.52024237783451355 0.61541027570108586 3.1467944516013358 1.8499296213136449 0.79426762032659148 -0.1295229889232567 1.4263044363775543 -0.052784808489667587 0.84331592442141967 0.79970063075735864 -0.23964953177496903 -0.69589586539594639 -0.84213282665149647 -1.1108871235547766 -0.73335961507605485 -0.27106272114387481 0.38395418257016889 -0.70546980140388127 2.0909387431657769 1.1262751201674592 0.041869043078937559 0.46926651876185649 -0.92266956557525615 1.2950764276167099 -0.16003244362041399 0.99315440752198847 1.1093127351266217 1.5960522184764161 1.4065528846239002 0.069951295996154739 2.2728166734052841 -0.34262716241972685 0.69210916036553294 0.20702962071846287 -0.47783481277320244 2.3918334949204687 1.6039025045154522 1.7638234166510407 -0.24279379791531991 -0.23915216259911828 0.79899925940477989 1.1432412755635206 -0.93694899356044736 0.79445250808365253 0.069509205546455261 -0.69295894382861911 1.2402221299078204 0.65526178526741463 1.2664676382851741 2.1500038260736827 0.53730059465176472 1.0480742630574753 2.0873318266043857 -1.1396072695747648 2.0723092400346372 1.3257165694714836 -2.100086601167332 2.6842487543400426 1.0246073958122965 0.60633022522658075 0.94584501459105197 2.2453976250160981 2.8955966427997133 0.88167391345715806 0.36835085580145677 3.0998672803344332 0.9252057344848269 -0.76456828042189529 2.1737028095908144 0.97804553805437666 2.8009325269067542 0.89087681647164829 1.1592449278737682 2.5200527790918925 3.2570892896163399 1.6021191226738831 2.2905385114280512 -0.38552255364755117 4.0682564434814728 1.2115048096816938 0.035218204949108746 3.5605795510259726 1.9603806061097651 1.7660742543789365 0.97483567687765493 3.5117504438379861 1.2853632523684304 2.8156610712612729 0.67754716218216826 -0.36264232236188382 3.0615247052274444 0.83779034955276011 1.7584050212059403 2.4919071582804038 0.48002505442934162 2.8542506862772168 2.1917642165169942 2.4678711686677364 -0.61186994000890305 2.1831985115320265 2.0398847760429613 3.6781572658390309 -0.25400706207429641 0.030496217021406036 2.0220014025503192 0.42250886119948278 2.726193809622405 2.3571571134293685 1.4107215930644499 1.0795806053282941 2.4594048472942998 3.3467729727240112 0.57310812073709083 1.9617615581490964 -0.98059268616963191 0.41787788214303345 3.9823182949036067 1.1493049342685919
 5.5987895625229687 -1.117490105380994 -3.339393351135215 3.1959294126884794 0.90646873896444236 0.031093980090340839 3.8848952252232705 0.29108599795669898 -0.43029687654621246 -4.5400459979297505 -0.085820334027154471 1.70914427132116 -0.81039780598378297 -0.34493841288157678 -1.5518295991454525 -1.4849274579634968 3.3747748822606867 1.2017260034587216 -1.2031819305657188 -1.5460452574798187 -3.1344026971771526 -1.3990529346756573 -2.9216845895361132 -4.2488278839078371 -3.2438065345654041 -1.9360448762617062 -1.2814902279868459 -1.3688265063269536 -1.1273915291791097 -0.6210929683141917 -1.8863316855641648 -2.401606086702873 -1.6919650320562931 -2.5524223310122243 -3.5716290144205947 -1.2651814780148578 0.48574824913322129 -2.7639127153176783 -1.5368662653476772 -2.7723740083751895 -1.8664113860324889 -3.4039712220462168 -5.0472087934875605 -1.5950358773754278 -3.9238257730610191 -2.0622076559923781 -0.46036901976497857 0.0028468308199888406 -2.1060200019602973 -4.0628990542945047 -1.5531042330671239 -2.011099565000614 -4.0280865824215795 -2.3376489435910655 -1.4115124820940661 1.1784349074680109 -3.8627854375481072 -2.8823070605610344 -2.0063101298282917 -2.400875771070099 -0.82006569055906298 -1.3782305969074764 -1.0429525932865644 1.3448215603344553 -0.26473030870093817 1.0570488346081612 -0.99025322149454742 -0.70265671128496998 -0.76237279399476077 -1.8306480913235184 0.027102018924634222 1.2975106343904557 -0.6779397896135505 -2.0329885355630277 -0.55759705483205868 -0.56663592073501456 1.3845645778531852 0.51190867547032626 -1.1873782091158265 -0.34045295625919059 -1.7005634136147927 0.87733826442534724 0.089975855116883108 -1.5836964173932304 -2.5205849523346004 0.42368503795183893 -1.3023302819173452 -0.80933851920581157 -1.0159118688845852 -0.17892005330845401 -1.1466741021390063 -0.42362498407076088 -2.3851325535758741 -2.3851181048248895 -1.6089919109899087 -2.9973690336787135 -0.76998383527079506 -0.18135919330552525 0.71949549791267109 -1.7751088544212406 -1.5074874334704047 -0.20152434047679155 -1.1025446267337613 -0.66939698053639818 -3.0583363955951675 -1.3921499777405102 -0.7392673285714737 -0.36174696574370369 -1.8673707258198282 -2.2586185342734386 -1.1394210625496326 -0.50573291771650164 0.62083957879120744 -0.11327105368036036 -2.66755202100794 -1.8091482374927914 -0.66396078851495166 0.77444958748950732 1.4511542305423721 -1.6090645485697852 0.78249737756584881 -3.0725868231642388 -1.7510411440807594 -0.81354524536493256 -2.065737475928501 1.8689122897574892 0.11511495974204301 -3.887649797065289 -1.4985947257817349 -1.7224980673531962 -1.6042372318169602 -2.6050226065910111 0.24825906948141468 -0.86523949926391475 -1.8962872910163426 3.9143636570774647 -4.1649404072920406 -2.5137782736805008 -2.4166988645229077 -1.5869886814609546 0.61268903736704095 0.75252911713227399 -0.60759535692500477 1.5120815234880927 -3.5162276711970275 3.1413217421236785 -1.9440862629784657 -1.6534951640885189 -1.4671123079537494 -2.7365933925414838 0.011453135103119239 4.7115686125724983 5.2419163728481868 -1.581145205850198 5.8426177373299133 -1.7318488514779313 -4.9175061909202897 0.11389225998433124 -4.8047683630626112 -0.63288242291006036 4.2807989723159858 -2.3689053073748103 -1.8889400912694194 1.0422134537712593 0.72120190763181169 0.44645780143392383 1.5414574895002333 -0.33585413636867278 4.7269075335578599 3.4925759577861619 4.684291150572923 1.0620871324992789 3.5917549545008201 4.3885534103374813 3.0003412220098973 1.7051925191885839 -2.2816066432919588 1.1654881930187306 1.8423055922175857 2.4198205494862255 4.1820589788585281 1.2380320314563176 0.27598355125338458 0.82297837643308736 7.6947796833399673 5.9957003488919911 -3.3886945506093604 -1.4116762655739556 -5.3422207117402865 -0.81474876938460328 -0.24527186066196502 -0.58806833435456307 -4.5173790820310504 -5.2928181494491771 -4.4806091023851753 -4.1031239456564821 -4.8604390561005184 -5.450188059398692 5.4234164077172782 5.1525359549203928 -5.0361864195674926 -4.5354090673148342 -2.4121184831484896 -2.7833695264413238 -4.1923754692456043 -1.1518632689413664 -2.4099008630296161 -1.7808062512952423 -4.463977239099151 -3.8373269608402318 -6.2839119835897144 -1.6246953681466205 -6.6434318947541593 -5.2302254131973331 -1.6856043162977092 -1.7305752927285663 -6.5969577247664821 -2.7583509604347753 -3.8581723887131099 -5.3892542342429035 -4.6999776205426764 -4.7876411115380142 -3.1510558121758634 -1.3561204171899945 -2.5976670930922872 -4.5393846052910112 -3.9787722621431065 -4.8554682385747725 -3.8338718377621399 -2.9779131730729267 -1.6695969628263017 -0.68223844520310817 -4.9553758204151475 -8.7600787001984237 -3.6065405726241391 -3.4741844010235492 -3.8733567933052533 -0.43848624660463387 -4.0373863935836658 0.48086372820964068 -3.3316051651385656 -5.5557712279950975 -3.6791641971159508 0.85416764962842573 -3.3947566738728412 -0.81940030315974965 0.12850728921960822 -0.25019020786887791 -3.4490900450227722 -5.8613312789654559 -1.7110288859321012 0.90939324455439319 0.38875108927887397 -0.34170984381507485 1.2387792611982351 4.0361142509800016 -0.53825876861224342 -3.1294371403291805 0.86357808203941411 -0.049445690094173961 -2.4192725185882118 0.9642399931057265 -2.5347346575079812 -3.8009318882908087 -0.38689733427684847 -1.072369632113483 -2.1457462805892678 -0.55305223375622381 -2.2709078032040693 1.6605966223178612 -0.7149996732825793 1.8668244306707498 -2.1931342041381088 -1.0384527482069363 0.25572407929406094 -0.54146392508701113 -0.2559738134272363 -0.038336333639092078 -0.3341988965051691 0.97845559856181796 3.0665672194159863 -0.28704800480939935 0.091327408094587226 -1.1054065830021995 0.011678718684169392 -1.1954642051845117 -0.88269756704897329 3.0165417404778037 1.3439656176467152 2.1610812165984608 1.190459718372582 -2.7516758949539426 -0.11633590146520037 1.6648214851779608 0.42176831441131513 1.3498831087535317 -1.8022144950725023 -0.54319528776393977 -3.7336275738954159 -1.7752249299844329 0.25991471243941033 -2.3289518126606628 0.12653071083356215 -1.482560518742057 -1.2536578325531291 -2.1065113799242843 -0.11641492736563305 -2.6093906412978365 1.8525819509109214 -1.1520070516620591 0.044874661702857491 0.86129832952167451 -0.73515573076632235 -0.65688932111273346 -0.73236912643325736 -1.6308322645666891 0.12463296881134069 -1.9351425037939773 -0.29269641173904931 0.22258233458057969




