# Created by Octave 5.2.0, Fri Apr 02 16:02:49 2021 CEST <br1@br1>
# name: ptcls
# type: scalar struct
# ndims: 2
 1 1
# length: 2
# name: x
# type: matrix
# rows: 2
# columns: 320
 121.82940124156389 115.24079321561611 114.24214187360391 114.62972318072222 118.23647794106343 119.37629593680276 114.86508065363063 117.45746711581211 122.41480734325307 118.74830186833663 119.31773877908591 116.5061461790326 119.64498882411792 120.67295014832203 120.26506513132206 122.09110001636894 123.81600808358334 122.68234647229818 119.8243670064543 118.4847702312682 119.39085438132585 125.66742689028207 121.74781900268258 126.74699702252698 125.79302487449088 123.27808287380127 125.53543821045787 124.38234011609779 125.43547624709271 128.41048564623196 126.42861091860135 128.21948090663778 126.34757652843679 125.11114636542497 126.50774776998868 125.38791382800498 126.27705176286371 129.29201345878144 129.07678727124792 129.46036567726046 127.41275341570984 126.55005177935932 127.84782121020282 127.44660478823107 127.36873693275099 129.46563071631888 130.73111997467285 131.43621192674712 130.45623152736118 128.54416599658686 128.58474667617182 128.51282768013505 130.74617345740975 129.67515248602319 132.24021690207522 134.17522176757137 131.52070745054539 131.92804100921765 135.02716871239164 132.90698245044294 132.83020543945423 133.88679008435435 133.52150613384129 134.61407354069416 108.15859481180512 107.33907834409879 106.48995694308859 104.62580515654194 105.41531876162112 104.85952862867282 105.32679785614822 101.50940413902316 108.5267559897292 107.74690701171333 107.18835545369799 106.1835274746975 106.61171672029846 105.98756671246619 106.38621785355345 105.46730291981618 109.22544936371455 109.11823212817428 108.35133704885943 107.51866297299455 107.72366266834167 107.21567292378172 107.5883921846514 106.84778593317752 109.6205511183793 110.27800530301232 109.56189671693579 108.71095947741293 108.90415549496008 108.30558334976431 108.70400391685696 107.81669930148907 111.34844173508924 112.23601753681025 110.93733329980809 109.81870223197441 110.0863002680149 109.46179036478063 109.91940426938802 108.8639254980647 112.83129251319332 112.67722747575718 112.55146661156127 110.89535394333359 111.62021434724109 110.525243390429 110.99014978871038 109.93310388497662 113.59292869699986 113.56778610179737 113.6881596559285 112.08266095273432 112.63422914476511 111.93710231585125 112.03147780560138 111.4310644470778 115.35348340382686 114.7855466942281 114.85115873718875 113.5308715335282 113.10149968598182 113.10042144210749 113.04984627910028 112.59237747491942 114.16260326103519 115.25937712496399 116.0389763246736 114.75593883238518 114.70797109167025 113.81702201613695 113.97985671266649 113.37241266862422 113.55837263183319 114.20429461536706 115.30802771678121 116.6192596019736 117.70251238733431 114.73965720380333 114.14026403152143 114.61463326935768 116.30173965563293 115.20544214620459 115.18533656583489 116.02276525781041 117.07060299673913 116.06189743390681 115.04908545946786 112.00382324709661 116.50266952070534 116.40319113517737 117.47852955403366 116.38799293681215 116.51690109849832 118.24667546857253 120.14024925475132 120.43459471922988 117.56654749428239 117.54465177558595 118.59835766426448 118.95037399494099 119.93351812198398 117.73649248969402 120.21523251520986 121.19255612323657 118.99509552628152 118.54262307175055 119.74119638994486 119.95395670484614 121.0360536195807 120.90811830280802 122.3530996288643 121.47719928366809 122.53968256453406 119.69753686734973 120.80892455202856 120.89562389663629 123.16410133244115 121.96932518188061 123.16314364198382 122.29421077057141 122.86702691717451 124.9300662327275 125.91249100787627 122.03494453534942 125.68100059110738 123.31393832928445 124.12608147796564 124.09323767527631 126.94641276771439 126.71536974204047 127.33307068803657 125.70861936273546 127.81101929751276 125.93990822980146 126.95779740585455 126.63890906796524 128.59748713891182 127.55912353324496 127.58816131602507 126.58766844433006 128.94382525528022 127.62819183732658 127.7539989458611 127.23211133353466 129.5370663522489 128.30985022200088 128.71795599706329 130.07527600519862 128.78487309248348 128.82778557143578 128.4115139975674 129.38722409986323 130.73247014351986 129.75487794347623 130.80711588033421 130.93064184429562 130.05486372220454 131.23711680052369 128.8526393206418 129.6865692043431 129.57183237351754 130.83887238397509 132.05192392179802 131.3219157009581 132.3519825533765 131.21012453378285 132.3211577787676 131.19338562232517 131.8780586763603 133.09599007269014 132.38638439017109 132.02477578979426 132.31876125740934 134.74031344382595 132.80652081171297 136.32751737356074 133.36226118853799 134.51997223060891 132.48286394052133 133.71935150281811 135.26501759006385 134.1819258452602 135.84098170377749 135.27411568774392 133.63403883750172 133.6138535284849 134.75765108934834 135.42053386105212 136.16312742974179 135.34110828753657 135.03486018415609 135.11187965809174 136.97485283473512 135.77239323301046 135.80625792699772 136.51325964569233 137.29043795643639 136.27795506427643 137.35131816379874 138.02362511721449 137.79401089794689 137.98177436438402 136.96509729053182 136.62290959557453 138.00645173534571 136.54028970473158 137.49667040317416 139.81941306904739 138.42789388551373 137.90863547490949 137.77942415289354 138.11313054192286 139.32240281675575 138.6378655387287 139.22356356663087 138.20192142560194 139.45024416487098 139.02385681261237 138.93272446187575 140.02052640305078 140.54938732461238 139.94754472876502 140.27741268283117 139.2523641803725 140.16986574708957 140.06046965165586 140.50715276529829 141.21573588830591 141.80369224058779 141.02567828886006 141.34344819798963 140.51564057834415 141.43127478070315 141.18434781529447 141.77087152732443 142.64289386793203 142.73062746820514 142.05043410536879 142.45547590937375 141.72134825441356 142.52413091012792 142.21926414242066 142.88578613945853 143.50279554958038 143.86540300432708 143.11562146022061 143.47297254285237 142.95039704886821 143.5876930865322 143.40366919117525 143.74289036833289 144.63672212034444 144.96023703782984 144.28997582102164 145.14660496978539 144.19199502202846
 86.944625164774934 94.393401785371822 94.571633934319664 102.34228431184131 93.620312240221608 97.798301054115356 99.079739980122881 99.180601344423891 85.344266239144133 89.204283400022675 92.718716990886023 93.790145434685044 96.747856784933376 97.333920853110243 98.53528036306254 98.563874042754975 86.469810981291346 86.338771060452714 91.777003505820275 90.364997803633173 93.744119530271675 96.53371610321615 97.325639531022631 96.85163025677295 89.271636554741846 91.076857371680347 91.249555738655815 93.719293276214074 95.4390718536375 94.848327333754213 95.744865172399869 96.052942369358831 90.229931587736957 90.218447126550004 93.386096873943103 93.853698741825326 94.515732488289686 95.586468202361729 97.151326054154808 98.214904203444661 90.397351830385517 92.002583084803476 91.705326920564559 92.931211914194378 94.405017822016333 94.108420126329264 97.641573861593514 98.645196280170524 91.676214486036514 90.53473134890352 92.520795499387631 93.608172857189075 92.792218342068736 92.948218999219421 97.345704364422289 98.237625140412874 91.507711088889977 92.5440571889512 94.156965400953524 95.002578888479633 96.344843473930354 96.005968577932776 97.153990759289229 96.942917830130284 86.464271775284374 87.168334692391213 88.510557741282042 90.002143265308518 91.055827130158477 91.960029118523863 93.044242650713826 96.346905542387404 87.483973886431784 88.286980379258409 89.359230594313374 89.83420104029382 91.308082478656843 92.154312452456779 93.248145714603481 94.105980698755815 86.551134210787026 88.418312795537261 89.156484832544706 90.533696631224032 91.617085350820417 92.523392528080763 93.580265722569408 94.32778711910737 87.516023201436411 88.524245462335983 89.40204134250574 90.343110400355144 91.591729558529835 92.561191127458542 93.793238851545595 94.64689941044675 87.436130753193225 86.739701818843272 89.42472200394451 90.61138659005492 91.820757952259925 92.887130373396985 94.030063164937232 94.892777708009177 83.768304872828907 85.457141146434083 87.788527427731594 90.811351773372166 91.772770096657837 92.880967541760015 93.854124190405727 95.379697061908971 84.675119463813189 86.486951129697999 87.737888574551349 89.346772058987582 90.794493839901008 92.840250122835528 93.944385053840264 94.827959007126083 83.796650933329005 84.94610243497003 87.172233824025923 88.828767387662296 89.908171384316589 92.92337979179446 94.076481409638944 95.257233071440623 83.696996214179663 86.096156516870039 87.08657549123312 88.512350463065957 90.081772916353827 90.927491360168005 92.144865881567512 99.404077250858819 80.912020915719665 82.293782286686891 82.744141942625319 88.916722917921788 88.928049981863012 91.500519176551492 93.250080291187302 100.14074464852106 79.499017683924649 80.060955077081132 81.636259916688701 84.801089154284881 87.925405563147422 89.854615831396345 92.6939199931671 99.767794537371444 78.367632409313245 80.575502136846509 80.195265842896276 82.050791140305122 83.7026089545693 88.014882793292088 89.176311969683226 87.244391626600986 77.862731241365694 78.96267922607764 79.70354256443099 80.82509812171287 81.33342832505447 87.056368331743499 85.268203842569619 86.021173497554003 77.059239009342562 78.338727198078701 79.144148501882754 80.249698184561055 80.739626876065614 81.794273664316762 82.567020886759806 84.892295442296998 74.004569639328821 77.965417916997481 78.589167798526034 79.682326223885639 79.639193040802837 81.212847648128786 84.379283790038073 83.687077283033062 75.090414065254706 75.988588548532789 76.835490470437861 79.793564100705836 81.941207770418956 83.33507474160848 84.091057568447184 85.308621537928445 76.281147860386241 78.309793375935385 79.248473929111171 80.693140347497121 81.809148546867945 83.125992941333308 83.816614157262805 88.315056824366479 78.266104372629584 77.572189150210221 80.751659922538693 81.285874476617991 81.97950412664467 82.984581866614718 88.05767197656769 89.197247429463317 78.962094436057313 79.866738683626778 80.895118168421945 82.66116365611181 83.57435641207239 84.973705356228578 89.029123564356766 89.701969210642304 79.502239007566914 81.471936634698082 81.777072134272458 83.165200232830628 84.556354434706833 85.683060366554528 87.875881501261716 88.599374441369278 80.181971130366165 80.640360709356102 82.552570111118413 84.225997850364649 85.672572859570337 89.130735690463467 90.06082638669929 90.430581925202191 81.316436043348304 81.744204250494874 83.550648808316893 87.704125188208991 88.959403896151471 90.719622595653391 91.789828741974333 94.339437014076381 82.832854177114086 84.480654899438889 84.599744852031762 88.21666519847507 89.565688055438713 91.827055793965158 93.430385220762943 97.835803676210233 83.874716533775157 85.11031296613929 87.608771085776851 88.413561582956859 90.212491317381478 91.607029345877365 92.677952335896961 100.73319084387036 83.435922198857284 82.788674890940172 87.000435583998922 87.958281016517958 90.35425628763268 92.44374847669819 94.607064505258194 95.597905584784016 84.216372347648829 85.478381400694332 86.646203048616542 89.188531914566582 91.191743306209716 91.325357107885949 92.254205263886192 95.622177147220626 86.505130092602215 87.441952797781397 88.512932091435104 89.681027432951083 91.358870943866265 92.265919299509704 93.199868794076977 94.003477601916586 86.375277326907508 87.462020532684093 88.536060648610018 90.438686356811758 91.376677257513265 92.213065069974974 93.470921033849208 94.522805894259605 87.303369533621691 88.482763220679814 89.45708026628607 90.537684538415348 91.461656603371821 92.406072416458159 93.641523422270552 94.822859837698402 87.431728168643801 88.540717841483399 89.587640156474961 90.485039161933088 91.99698537938653 92.830946449368938 93.892876607610148 94.699042446428393 87.142306724490894 88.209132244448554 89.167030087377114 91.087646497468455 92.25560876674534 93.012493383914688 93.989348378600795 94.950464609698443 86.674151561184601 87.824246632068949 89.987496825501552 91.158708116106951 92.327836818914108 93.299866406169357 94.163205893218873 94.999426753193319


# name: v
# type: matrix
# rows: 2
# columns: 320
 -0.64291252430265966 -2.2512810428315291 -3.7195879222345174 -2.3683916608377595 -0.11866484731385127 -1.3494294339527975 -2.6064515511638238 -2.2001500130249894 -1.2286115178781343 -1.8576805667558203 -2.7340242176454819 -2.4806116438623738 -2.2712360242464009 0.49711893495519399 0.30157727488963032 -0.7558451874638209 -0.39091534740565637 0.87409871279126627 -1.7795921211978261 0.5531769586690225 0.26669376881499496 1.7591656979408967 -1.9711113986091948 1.9119214630097296 3.7874623232407991 0.034687725761843952 1.8677954869287356 2.398039002767808 -0.042032023169720503 2.4154688474890875 3.9529494582805036 3.9678817828041133 -1.4734693665680063 2.3240402991610485 -0.0421937340304014 2.2142887810277063 1.3367621978590074 1.3180525953386648 2.5018140653042624 -0.85744848856935318 -1.8546244896215545 -0.22378651208121333 2.5486382944074379 3.1795289167721079 1.0459835133603634 0.78384032963291617 4.129587861468619 2.0723282998901125 -0.78675443923474486 3.1096792718846551 -0.60827681715502602 -1.193536423551973 1.1731196328891631 1.6728353789977553 2.2789998630128503 2.6455017018318965 1.3669785906929439 -1.3086007870918792 4.8840867642208723 2.4986010411207844 3.8052297598827001 0.79342798145935378 1.7851591202101289 1.4205372917559083 -0.49578109777805612 1.0092738227230162 -0.51311256409311834 -2.2456188830449175 -0.81481738724521113 -1.8188822342870481 -2.0018081433278283 -4.8083481724781443 -0.34664900907217944 -1.4695674676194141 -4.2451693866516163 -3.3209334947225622 -2.3747582922068067 0.43948878157994126 -2.3016934899872652 -2.5812034183709911 0.71080653087252432 0.50788957875436092 -3.5044581323102166 -1.7000160470560555 -2.5305851459919069 0.79179064626287943 -2.9356729060955082 -1.3377272949494374 -0.91035164657872325 -1.5556103686569167 -1.4609152834728754 -1.6283770124437329 -1.5613787515306876 -3.3301704070617566 -1.4020547503880578 -2.9401275599947283 0.24984995607538335 -1.529027758009909 -0.22144626521161268 -2.4375558221921172 -0.50813342505075154 -1.2258899226449891 -3.6635174657979079 -2.0449120431549184 -1.9909989602512417 1.9659059800898935 -1.1914122521120449 -0.12325132781945825 -0.30862889538096322 -0.065341261843362058 0.13551932668960182 -1.4380551104021588 -4.1987899301408742 -0.73006032178480473 -0.61707353236927243 -2.3148760596752553 -2.9878092653249002 -2.2285817224512772 -0.82026694353925211 -2.3872665078489397 -2.7246988407138968 1.4574658625856003 -3.6183718027050276 -1.7614368950195489 -2.3879316784971074 -0.024038282362219412 -1.2924136657866183 -0.18353064637356448 -2.0783017174536722 -1.518405061569245 0.20015314409614099 -2.0520434559142009 -1.7239395752472306 -2.0709009000369063 -2.3065504325710284 -1.7890496252070978 -0.99178587341255908 -0.71581778426936282 1.4135504310884395 0.63045597744113624 -0.80283364749602659 -2.2901404687563245 -2.5426320618549041 -3.1226657686840542 0.71312108887331505 1.0809089597507415 -3.9143498772029841 0.21726578954502127 0.58185099337099477 -1.8652986220763521 -2.4600418388887344 -4.3211031251981895 -1.2341147543328175 -3.5948410945933644 -1.4828136011020279 -1.8374714555142755 2.1030804463038448 -1.4701405395396208 -0.64876478331147314 0.15561090780163139 -2.4403626842004713 -2.2249158349327258 -0.21524702247298125 -2.5349837538536324 -0.86093552767852732 -2.0232366848469128 -0.38651721646021941 2.7638010664449966 -2.3782244379020687 -1.9053618278782496 -2.418757633704236 -0.38369200094478167 0.54726180198496632 -0.36922399582169213 0.50233342495787958 0.80028395505898731 0.71646275040555407 -2.1904213418778768 -3.0095677189033641 -2.0860637074201178 -1.6418944934154003 0.50875100886018465 -2.3076149509149246 -1.059655907756115 -1.4629856191190385 2.091874657756299 1.3493116379091799 -1.8207943985476005 0.98753226510578795 2.4707480323511151 -2.1711271302773869 -1.6134752468385078 0.40758444236978114 0.054625932233998385 0.70862004569710757 1.3329143992278418 0.45315950216202389 0.18429718047140711 0.63130395087186575 -0.32513848622203911 1.189289644568881 0.21644380253853923 -0.36125218519835006 -0.12088371915316332 0.92087469191076277 3.2096259353816281 1.5139274474125348 0.21419680862177676 -0.55191999271301895 2.7234326519072685 1.2356561913053743 -0.53022956640682128 -0.0093010832231039849 0.59080135042890836 -0.94057773008797441 2.3073350307515237 0.86874432032199222 -1.3073357737563718 0.98552521336134213 1.4391935573776342 -1.8243501376583313 1.2897825215037217 -2.6613349014111831 -0.99717982259287896 -1.6362414800866973 0.84341169500873192 -1.6101519352394769 -1.5078890951523605 1.1857425453209824 -0.68696545864302783 0.24344932000147484 -0.14730641981608505 1.4673143361798864 -0.68876634059149811 -0.65691841924089656 -0.1373091003881752 -0.092295347089471722 0.035312992559399597 1.7713674562883084 3.6722919942414549 2.8415689427807598 2.1043874815245531 -1.1663446226267269 0.97560707604416907 2.9926751741783781 0.11667067758492164 1.3242176751816903 2.9524021574477932 3.4097042494275582 -2.1397045329027717 2.5180719059818699 1.5636954990950633 3.0219847010762493 0.61310663623271233 2.492069179114933 -1.1396072695747648 -0.0091861658576972739 1.4895758581507337 -0.46693062385715245 -0.79577442516920982 1.70990090563426 2.1530642047024604 -0.11634760803941935 5.1442835818941743 2.4848442093450509 1.4982633507706151 3.8411581637121981 -1.0341512722640203 2.8652874164729418 1.7068174690947959 1.8262950724602984 4.0456237731644391 0.98438462686809869 2.6132815134860565 0.028558026142999442 1.9637708593601417 0.6533876911528218 3.7472140950008752 1.2149333576768691 -0.24385739558480851 1.3552063302136594 0.32687104453306098 3.1706695647442631 1.7535390589820909 -0.017039535340473755 1.6921072984021901 0.80348911077049068 0.71747434970950041 2.1524747277602048 1.1522457527829228 0.71046418939306122 1.3441692493584305 0.22790923522105719 -0.3587013616115643 0.99474536336305164 -0.18419953023221586 -0.13172870886106064 0.067319237560167985 0.89567979027530509 1.730193342757347 1.9948232696570194 1.8300315010141024 2.7083392218043971 -1.2768902353481439 -0.92256563143650794 0.40428643720384649 1.465679649957464 3.280633675835952 0.9785331321116838 2.3431617474889923 1.4433370351999331 1.6455918190200869 2.4505144859172794 1.4397340139226362 1.8108156117641119 0.79696032548731643 1.7700130886701553 0.65117933492544466 3.3023527563139066 1.4652309567020956
 -7.4906624889757056 -1.735405867785766 -2.2368603993364418 3.416127061942754 -2.7488149461445963 -0.85956158219250967 1.6504398825238873 0.30212328688014334 -6.9818996460629084 -6.2690646243062931 -2.772317766508285 -0.83311808624312367 -2.0645754994940506 1.5766998073791385 -0.80006709790265051 -2.9393022810946885 -5.9023706326739385 -4.2679606348826011 -1.7483506806676337 -6.1943683498227484 -0.28767984228002408 -2.8690131733182165 -0.47319121909098449 -4.0167313604758634 -3.5440662713474764 -1.8678363305853845 -3.5052025577213701 -1.4766477682786148 -2.3693105452035192 -3.2988351388322337 -3.9447725881380826 -5.6214313786029804 -4.5606000161410565 -2.1291563757735532 -1.430645980524319 -0.90665460786999308 -1.2156906369608675 -1.5580285944296492 -2.0887711338054973 -0.71495730983725714 -3.6781614186913982 -1.7254463118527703 -0.26345691675929817 -0.12490273625009572 -4.1069526642933454 -3.3298268071221848 -2.1135076097245995 0.19169381654634823 -5.0022015940558511 -3.6898757157979332 -2.135031676882801 -1.9803146695482685 -1.7976151418717665 -4.4030094859762094 2.497574404216059 2.726774259059868 -1.9926385645308826 -1.1768001468231759 -1.3151413992082381 -1.2518371697137767 -0.074111205678087516 -1.9470951343828966 0.41418944777513494 -0.81649229792900346 2.2034064941858347 -1.7946202668152826 -1.7337571104808671 -0.27159187209464519 -0.18688934957654135 -1.7103338964016466 -1.1887876121956749 1.2975106343904557 1.2304898107784961 -0.6643478126947463 -0.57224270814790235 0.18555408960530273 -0.59195129454233719 -0.87341949025935572 -0.01954987230867216 -1.7076350932865989 0.47804695431332889 0.27990048894261982 2.663970178460807 -2.7183013201374022 -2.1530962671761098 -2.0501807091900468 -0.65867354836916037 -1.0603640935913048 0.31583685405725498 1.2283207077079783 0.00096153891199253494 -1.017769022713628 1.0078268444089657 1.287973370808988 -0.18304295342232552 -1.298906705296095 2.1531324394283469 -1.4376425149573151 -2.3993207319556014 -0.047639888835350669 0.015221404991499519 -0.3873511463276586 2.136063471181604 0.48231331711297803 0.086715427880618631 -2.2713823265607376 -0.95574343796111438 2.3766720878412548 0.32019618171408287 -0.26567634223408509 -0.10477925090206219 -0.5786988885290657 -1.7951478082183299 -1.3367067098062995 -0.44150088484933037 -1.9925647331378529 -1.724348674691438 1.4431319916988203 0.39541111057397982 0.31469128508023458 -2.8677937651940621 -2.8583082818065564 -2.2953961679663513 -0.29631132631488122 -2.0389845245101834 -0.26138104233028692 0.44626640200528345 -1.5647534708084543 -2.3408606576405382 -2.3445131914272999 -2.7251917826482241 -1.8924683817447177 -1.2889800672287828 -1.5163086488333068 -1.5494865312394166 5.2385072295757782 -2.9445369686411111 -1.6034583347383042 -2.8298447345096633 -2.2553169420488057 -0.95045410817680442 -1.9813318229023584 -3.2668737155791936 3.6194009116518391 -4.6469790633227932 -4.6331033971776261 -5.4894171132339524 -2.6996594388614872 -2.5870070674472565 0.35574084883659102 -0.15927362950053339 3.2943633453554728 -4.9304582556322014 -3.3769368070808814 -5.8616793446324671 -4.6465519548220096 -3.3049504058860104 -1.3604793127011656 -2.7425592302196757 -6.0897507963517272 -4.4669831477315389 -3.2358037127539379 -5.6081782139178618 -3.7735751884648359 -5.0136436810476868 -1.0689335534678082 -4.095351337307763 -4.5067496215547749 -5.5080473190985808 -5.3705104405180224 -4.8872985548332757 -7.7664808438043815 -4.982122060046926 -6.5346221894860728 -7.6460158402733134 -3.2699951279375075 -6.1099358389856215 -5.7101951432456506 -7.0294287746753037 -6.6464543263101623 -6.9106766254751095 -7.1362760381406236 -5.266240379190573 -6.4540135356043953 -8.4949819895572656 -6.0615850437875824 -7.9625995335220994 -4.9798811478248366 -8.0586289231904917 -6.6871182795383692 -4.7573191168376763 -7.6841406316068328 -6.3263445573354762 -5.9506790892194008 -7.2961814884130698 -5.9098016295095501 -4.6094397958385036 -5.0512566779906329 -7.9915362546687918 -2.1796203465815558 -3.8590160963116995 -6.3749567650836489 -2.9818912028118989 -3.6331378764942652 -4.6653247724868621 -4.3973677722992877 -2.6018339788825275 -3.7652704208089443 -2.7917806437693158 -4.302509337170453 -6.0680488800715979 -3.7075237668636807 -5.9326225879156542 -5.0551408050688966 -1.3969775179113182 -0.78327839234837249 -4.575365000045621 -4.0431966892122135 -1.0623732341153782 -6.9291373569659509 -4.4776500716702436 -3.8347912928207797 -0.55281034763068226 -2.1599227487783002 -3.362042143836447 -4.6573683318028927 -2.2695202723926076 -5.042094555939121 -1.2952637984942794 -3.1624976951358956 -2.0075427505440642 -1.3432148915364259 -4.4098767158723655 -1.2209705384217915 -1.1077843495123501 -2.604175355611392 -0.20642037140046277 -0.70333532274978738 -0.30901619079373571 -5.2767503997610667 -4.2907371085001609 -2.4989976149387294 -2.8978280187323664 -2.1735856441110069 0.67465178153090177 -1.7420486894736327 -0.87838736759952041 -2.335790699983034 -4.8195830546625151 -3.6619103560198529 -2.9097863620454607 1.3863239841216417 -0.80736869706110914 -1.1846434540835895 -2.2199438757937733 4.0361142509800016 -2.5044298089434416 -3.4227824367983737 -0.55524937446525069 0.16452956096460544 0.71904505016909714 -2.458941319615588 1.9862013175701139 -0.76064769690295986 -1.3642389147023353 -1.5461974318526539 0.19295729274734735 -2.6904048113879138 -1.849864305598983 0.064572885963008059 0.12139179205540374 0.88010657635689882 -1.2731426830619252 0.36981800058079689 -0.24760699540417025 -3.2120780626087444 -0.089348376708881239 -1.7742824310558507 0.2973399896410881 0.72652655155622214 -0.96928475205228937 -0.30613648328203502 -0.2937810127029728 -2.0533671330268182 0.84808127811645018 -3.3972763302971627 0.43033124787868443 -1.2146193220321699 2.0051446736619503 1.5097300000183957 -1.3550016789027768 -1.4137167040993057 0.75205469743363651 1.2551831973560976 1.4687812437654084 -1.5232446238988588 -0.25991070132045557 -0.69482745105365262 -1.8418630354102872 -0.33384341469199996 0.89259082046800076 -1.3978057866922058 -1.8450039707071657 -1.2782045656178358 0.83861582072936469 -1.3288473703610113 -1.4784344394580153 0.52359959929512911 1.1165615172061143 0.29526772208835639 1.5259316143750301 -1.6418839090627686 1.8831442594281957 1.8716482115926791 0.44078201933110323 0.27882835679840628 1.845307155178644 -0.41958078435003959 -0.30035651783060052 -0.40300812160341432




