# Created by Octave 5.2.0, Fri Apr 02 16:03:57 2021 CEST <br1@br1>
# name: ptcls
# type: scalar struct
# ndims: 2
 1 1
# length: 2
# name: x
# type: matrix
# rows: 2
# columns: 320
 124.53110833007881 108.62129645996309 105.87631539508672 101.51782354242029 111.574884764423 115.95444240252843 97.036005861094608 105.33095977671042 117.84496390730403 116.1962564907134 111.0685019469052 107.29474580439259 115.02635427025855 115.54323930221442 116.64869606278208 115.24489061139845 119.86943375559333 118.63813596407688 109.53212608615645 108.74687389361038 111.44627102879475 135.39213701013901 114.49973279616766 134.40259348581546 131.14532589535051 124.31252023271168 133.40791047918989 130.81508936437746 136.82599550479577 138.34407003288797 134.15252779689405 136.26687910579696 131.20538210839121 122.49397054704691 131.30107518758368 132.13659258611875 132.56791353509041 135.4262172751159 138.31932227050157 138.24044705218719 132.37939105282854 134.64148079054002 133.87199206567823 133.74050629557217 133.24827247697814 137.24254285273673 146.4062570490288 144.83025418739442 134.86972321288866 133.16566992898589 134.15824711609122 134.36254448679466 135.39031106479879 136.00538625305146 146.95826131175946 146.8427889868569 136.93670039344684 135.2136203317811 144.66148479233922 145.71270670187573 144.51392049234019 145.08673030135168 145.43389335666836 145.57613619256432 99.861174701273256 100.83851069614785 98.287927295818321 92.522632580408043 97.537385912581826 96.095369411539338 96.822601759725046 74.823071781773621 101.93510383459606 100.98792215762708 99.308232422761066 98.645655512260348 98.921014026143652 97.901633587960703 97.632215203689313 96.817711114725554 104.06677271254631 101.88569262581291 100.62288279342214 99.67280050598022 99.945003030829412 98.934112524509899 98.781800751460068 97.870757899269719 102.84079676809381 102.69667482379063 101.6432327764729 100.5473382006773 100.87418946319292 99.77929293151638 99.939752430953661 98.94479900186451 106.80547304243549 107.35982274498762 103.73916268295383 101.46024199695877 100.76667939843095 101.04564258229416 101.91212792394258 99.995172273912829 108.41138211021834 108.64509405846941 106.38467524665842 101.97500618611376 102.86822917856713 102.84346078064243 101.91917070612416 102.93902931539166 109.01072018025874 107.80804305341732 113.46233323157306 104.87299518962539 102.50559046115866 103.78982043678769 104.825370896582 102.81262268704319 108.01217212345385 108.90241736452349 108.5508823687998 105.93693629408926 103.55338586423589 103.95742093072968 104.80945469445778 106.931890372119 108.90396320959364 109.57205757170094 107.60933494144875 112.59128286965301 104.65844643670785 104.27229527651058 107.85025234928361 96.586443654870905 105.98638893352158 104.92187937101853 107.44635725457358 113.92594064226502 110.24157617604696 106.91461794268088 105.10957978937111 97.199136804368891 112.82685997707053 110.39647890779322 105.90900009337255 107.98636856640367 112.58611891807683 109.87841498984804 105.72088227396779 98.2937405491231 111.92692275117261 110.76895310359276 113.03114378209679 105.24801990597419 111.74818409131727 109.85158430383039 113.75104724930502 118.74294279536031 109.70547694723039 111.53350302186591 112.71840615505205 114.16655667898559 114.70007798885135 108.85815869376781 121.65086410712674 120.771771058146 109.29832438654536 111.84100127582998 112.99352187411125 114.11026346672327 115.45855984535149 116.42951950806396 116.24577248840519 120.1649175013122 120.34603006318439 112.16749957434821 113.37998539569402 114.51944700752601 113.99628829712628 115.23705506722482 115.86383453969886 116.39681935088542 121.00073463582099 135.05927498457794 135.38444048127977 115.44445951756256 130.04260607632116 117.4471665984132 118.68884825225065 117.53239922993745 134.24112743879209 133.10917118982192 131.8650276587187 130.49456668754644 132.37909436592923 129.46393456588839 127.74538923306989 123.7123126136733 131.41397800382521 135.48296596984974 131.38735393329262 130.05006120182355 132.19879618045366 131.30333320476015 132.12839534622779 132.00910100914965 135.79605124970161 135.11004178267183 133.27173283618308 131.43569747418485 129.89137162484636 130.69311845715825 132.34625413485884 135.74137393065047 134.57454877536586 133.46599717262762 133.46553436190464 130.36982246120846 127.9238393225715 129.00756243477878 133.1910057667472 134.43968246753238 134.15474589692658 131.63542352980281 132.53040505772452 128.42206541120089 129.04116741015721 135.95365665405143 137.30024414299882 136.23210138538724 143.19968433426189 132.5128630401567 131.51068833915429 136.79919779553134 137.52869094827037 142.11572974317889 136.59138611975916 145.28641806033926 137.25790137961209 130.04780230358767 130.975956872398 142.45773989824565 143.34902664615328 141.86745668671554 144.23932941739758 144.31555126085578 136.09305269154555 129.66018812071917 143.70374126977407 144.28146921041096 145.17979622632458 143.33117936856877 139.66644582923976 128.78705931196069 146.0203409169481 145.07043169831775 142.32412274867511 144.71270520209771 146.13266950583102 143.13826829789633 146.48617776496877 147.14965188367302 143.98031412513677 145.85114169904688 143.1101689077168 145.30580883226327 145.42301107666518 144.40373238132173 144.27812663627952 147.85766774271568 145.19895236569903 146.37898972637183 146.25354286466307 147.21544994453032 146.55569664464608 145.28302457310636 145.67956684191546 142.96596490907055 142.88413197157882 147.56419081653149 147.2623451875821 147.8006032187148 147.61722928527175 146.50410896320986 146.53214315493872 147.6592626467862 148.3486805938243 148.32238517435371 148.90901646861033 148.68256579832598 148.44983321888463 147.21334112318178 148.82777335897811 148.54828964255924 150.41734072021123 149.34236347875373 149.67353067797166 149.44783308455629 149.04777482186253 147.82487992732143 149.8544686805927 149.54496919725514 151.1018387280584 149.99376749086667 150.54727738424614 150.21001838122987 152.33516843628595 151.12330660064768 150.58218941968411 148.59892697705848 151.96259239845494 150.77841735002261 151.80211429218679 151.29301328375675 152.42920745659632 153.65879993313911 151.77460592201427 149.56941696083936
 53.881728215711064 81.862028645182221 89.677622396619654 120.14225450361207 80.594317852391711 93.005537809928384 121.38652779466467 100.79652963276381 49.362102152652362 63.263726114299097 81.583378618511631 82.292545287055972 94.276004223386437 90.985068120566083 92.203354459612385 92.08815144023913 48.628255647310858 50.241646545968599 81.314493607501873 77.987867905107052 79.185542320371894 82.823257305498473 92.94962433732185 83.469219491071001 78.658067824212154 80.341698595197798 79.06798278395398 86.814549190952491 83.533818358483458 82.412858665289932 82.243195778503264 81.888824904244032 76.878858732516051 70.011913353373629 80.363301509945828 81.349112239993701 80.277195189380848 80.564750366829458 81.231193722835826 83.644615054446191 79.205646224190744 79.135965604106161 76.914409265917797 80.156228810499698 81.191714531035103 81.391589750935466 95.106209172840508 93.489747345184682 77.217322604112425 77.773869376905665 78.107999077103486 81.068904373882688 78.345536386507845 79.394519405996675 96.041103269994466 94.025555603323483 78.48800427590767 81.666432368283964 90.319924487691551 96.092750080504686 94.600088510709838 92.435802337345351 97.197119748218611 94.255494687195437 84.813022262278324 84.069923623341552 85.384266866829179 85.096013676573236 87.184444390872002 87.233520026805209 88.040877963571972 103.54808956325282 84.526500901975211 85.130292590570932 85.721319324729151 86.562590182628739 87.794567833946061 88.492141564070124 89.627955191384657 86.395742071236157 85.104328952167705 85.70960445056123 86.211939662913096 86.807676085474213 88.312702605919043 88.796484015265051 89.948954442643767 90.970420678624123 85.198005235013213 86.323035951300895 86.83501658661821 87.45284158522179 88.956787496559897 89.458600944856897 90.619741523633934 91.107021778419295 83.353523338723988 80.913693325135426 86.099826818655501 88.126240494357205 90.004939603273598 91.043022232245704 90.361113277188664 91.843828646508726 75.760598619812399 76.91253808849369 84.400910887607751 89.106720646149384 88.543115305276586 89.733491240890174 91.654877877624628 92.031245193842949 74.832038363133435 79.620657975633961 80.836257433275975 85.879252567800464 87.494812987848675 90.456038391496918 91.216842352924587 90.926091432434021 74.366711169896291 72.601200742319406 80.598983699518499 85.446931387120273 87.248702176946821 89.181813216122137 90.025190905536363 90.040220710290185 73.749159636462252 75.929793303733064 78.346588374730572 79.930235514664872 86.991389355231007 88.119594098260905 89.316789612584827 120.39854630242107 69.470312390632529 67.54998679514604 72.073434127722777 79.757166259397152 75.057039066177239 86.04743180716855 88.754951358954017 112.99072623997226 54.953930619363796 52.819931857894908 67.69256422131707 73.089567945241939 78.876501530251858 79.897114560571296 86.500721976931786 121.38113918037776 54.125612472057327 53.968004781746352 53.834789018632861 68.722092929350183 76.857061658253201 78.7064242369906 64.365526448294133 48.593591410354776 51.581120103810299 53.080532618133795 52.825876670413265 53.23092063869624 52.202451905789424 79.024035987396957 48.356149324176833 49.264074459649414 52.645441254487039 51.894327477630846 51.488211494528535 51.328992015616485 50.782861456444785 50.378323952807008 47.824063595674232 50.297168532502226 33.615096741102889 50.841906058104968 50.339240888065206 50.188181628123552 49.180129273472254 48.565504374986944 51.776621158879728 49.155035677946117 34.459559352639651 42.154972866589908 52.916014752837029 49.623276206252861 51.522831472939814 48.284643048294321 47.467623121239491 50.427255015106546 52.153698860726493 52.100115174280589 52.209646549451122 52.625777989172242 54.921376244817722 52.732177464135859 48.968626168765894 70.320397625248162 53.262189544685789 51.71609028685338 54.279836007697988 53.667704654441899 56.041969536809148 55.356427232835017 75.963200599481695 78.019195187908025 54.779699296689252 53.947061660457429 55.474389801085557 56.92654459779974 60.152200909057136 58.716340038368628 77.017877210093502 76.558397868840359 56.839817734395119 56.619449853927783 57.742779142303675 61.17528369351259 63.979560077444184 63.839382527188327 75.893963766751881 75.891606387983771 54.781303068765808 59.179451311518648 57.139056139733995 62.666228329644944 61.7167653444859 75.377797737756779 77.411885451990713 77.577865223050395 55.174370840347208 58.430929571967589 58.001687964573357 76.416084985496624 79.435570882945868 87.23735745707269 80.353778370613071 91.235725666274504 64.786551903668325 64.027198851547126 60.066238762215463 85.705903708775523 86.4299856366775 83.187494612826242 89.33229862244113 91.730146415120998 65.378157471272843 62.552741271778132 83.914935454361668 85.532872596727131 86.251223386188229 87.503622740063221 84.973495968919551 123.13362493680656 72.921627413563371 72.319772569326346 84.560647440544784 83.679594443452743 86.891560427570539 88.673888400858459 92.070299623453437 92.964351525259474 81.977597172667373 79.65014344224177 82.638480642215001 85.01734136424848 87.744107992894968 86.945941527384861 88.188247320118663 93.837662577619056 82.664970126581935 84.599233586991502 85.749880148237381 86.565438853586016 87.81956494294684 89.004965181369272 90.076370733525209 91.307805292133636 81.065215254658327 84.285756339459041 85.363043450803389 87.552962638912945 88.89821451038253 88.846085517827461 90.920370081198413 91.943103223806489 85.138068554699672 86.340334332458823 87.40950656349797 88.627761307985494 89.736639618616351 89.935507930984144 91.65669080648145 92.837713730055455 86.00231101199914 86.179558481577502 88.334904236265913 89.519893948255373 90.604612064421886 90.938195305481827 91.330466034336197 94.12309059623297 86.907713007752506 87.257335560140334 89.147875804577581 90.353263691601342 90.924950524853983 91.188004833682925 92.198132019269536 94.844089309094556 86.26269275133393 88.029511779257945 88.57225904890781 90.069685843765953 89.561838677210702 90.975704140528947 92.209907880301117 92.435826882452076


# name: v
# type: matrix
# rows: 2
# columns: 320
 1.3579693284185725 -3.0921165356977474 -2.543692294585679 -2.3617106020879088 -3.0768616369073607 0.63717706888475312 -3.3214436113435406 -2.1848560259870178 -0.87773502634024281 -0.62397535907694635 -2.2257535316973849 -2.2472149600672511 0.30230532773528546 -0.81801384397115096 -1.7939073727935302 -1.625332125209334 -2.5036365697490988 -2.4597793779821622 1.0377993321403201 -2.0308260187089977 0.66024689213951737 -1.2709179091193257 -2.266448876111407 3.0864422437507568 -1.596083826777245 0.18963793975630527 2.6164253982294232 1.1313036246855084 1.8376880383042928 1.3914649184777803 1.1966704444726277 5.5407809403962931 -0.17134593969389356 -0.95705562793202836 -1.3029001896753347 1.6985855074264815 0.61588405176597771 0.13474959579787962 2.3917928242206083 2.0312433167438684 1.8155269142591759 0.63391941956104936 -3.0335454646517301 2.6053593683647933 1.304727285026267 -1.8067572672904337 3.0761667853396877 3.7690909623470286 2.8235957153536417 1.7064164771613339 1.6471419712345894 1.3999658944147075 0.81968167552402682 4.1130841714201258 2.9005750351612472 0.36240409910806803 1.057289282596088 -0.97796289591321606 1.3417249301220631 1.8267065570168599 1.2879145321186607 0.82850746309706824 1.0482700728989058 2.3484883018113916 -1.1630452651674008 -0.65626531543000555 0.70803703348279445 -2.5555409142093808 -0.92368383827582634 -3.4624744686476467 -2.6971486662586135 -4.8083481724781443 -2.5785330370246604 0.60661598916647796 1.3012294409103635 -1.1393490250384388 -2.8597333297050742 -2.7807482944356461 1.1533692332013095 -1.4997731894377024 -1.27212122141944 -0.18833509246228847 -3.6981948270775433 0.37656755166655864 -0.26144126274036072 -1.7314545542178519 0.51592272906768799 -1.2095612818938537 -0.22811042407285897 -1.1029734701319438 -2.4014771297292277 -1.2768552819817367 -1.4475507527473055 -0.95297557125896315 -3.6872111967992311 -1.7184409663290523 0.70772353773777175 -1.2207782432900067 2.1148596597117466 -0.94675492911856485 -1.4169048109066049 -1.1604359593181148 -1.6533175182126048 -1.7051085170599667 0.59305431671741393 -0.040251421729602187 -2.1831765729485237 -2.7604330685289575 -1.9560535767380325 -3.5842074311664338 -0.15571062505379155 -3.9315085947039377 -2.2649385547682184 0.22420503219357801 -0.37583360111224806 -2.9795520911993836 -1.0174064382286714 1.8544983194379669 -1.7859107963953822 -1.9371283517112432 0.54793941224712972 1.8378531916804828 -2.677809315164366 -2.3921291575885286 -0.76536951964757383 -1.6314389194390364 -1.6647657171880346 -2.6880758657667752 -3.0112989801304524 -2.5429226135200369 -1.5522246910686748 -1.2224561734063573 -2.057570202508336 -4.0952231358343258 -0.91823156761816072 -2.4120429586439434 -3.2963001686068449 -1.5137699319732261 -2.0481279995029626 0.42364145236874656 -2.0233212334623576 -1.6626421279136743 1.3158434004565562 -3.1420302346738094 -0.41316135863389852 -0.33892401454643495 -0.32828054602652351 -3.8573900327444299 1.3367297884517828 -0.90770792003906597 -2.0242196962921448 -2.9704343243417188 -0.41720628825622597 1.104428679306706 -0.30678298195358256 -2.6457982374258604 -0.48713953447653313 -1.5067145731640887 -0.91553894821569615 -3.3634400897121486 -1.2564177843605446 0.61895001677880146 -0.39031350148929422 -1.3425292995609623 -0.45091719463461744 -4.3473923068149443 -0.082196768983538823 -2.3047446713897619 0.35339117207270637 -1.9508408183560437 -0.87207444791477373 -1.7600366191007835 -0.33820633417687795 -1.0159419520000503 -3.8704332879973045 -2.5935385713587582 0.95920586859198509 -0.14356734244762931 -1.1122853216694255 -0.56330146265694436 2.7248551298887063 -1.3031246249550243 -2.2352983541011833 -0.072963383165376872 -1.6906589205772193 1.9063454546835059 1.0586919731290874 -1.466972739372808 0.41231882344503346 -0.59598649754217892 -1.5226435316166858 -1.5670686495802129 1.348806273423282 1.569178579669237 -0.53748718937141848 0.49898426438291721 1.6797965025652253 0.45185252801000109 0.9259881844467065 0.023055817357183209 0.35323236382738671 0.69774461261378684 2.0409227021170975 0.90423525534584326 0.20455115970337345 1.5677827267597897 3.5674915569636116 -0.18852351229162462 2.9500140563278041 0.70396848656500854 0.071939742011368629 0.96065806016722721 1.6901847853933469 0.26846515174651564 2.2798727478774956 -0.40886152941466197 0.49595782717193521 -0.93392703552355238 -1.9579513134792985 1.4850733942401693 -0.071345593028554602 -0.80010843046351876 0.97708201458194543 -0.6377380210093051 2.8614156212058028 1.1979207986611702 0.44573744718838532 -1.0259270220854959 -0.57455557118281719 -0.20276880151732724 0.52966952956148539 2.6443810253513935 2.2728166734052841 -0.68590671078424492 -0.36925084242862921 4.3485222207036811 0.50640789618340187 3.46590557056044 0.59862708947411136 1.718653052851923 0.1812437839953093 0.18138390472834717 -2.3631581380193301 0.6578063527032707 1.2598376671016664 4.3591978101983653 4.7895762685898147 3.3292773038902386 0.8161845479971962 -2.3721184718349568 0.42714167395962077 0.43266501041830502 -0.25331882885364088 -0.26466932597156967 -0.066183638858223773 -1.1396072695747648 0.34844026603475481 3.049585543471359 1.3890311887607165 1.1198181900447297 0.92877209287173645 0.88902994240557187 1.8791554299001787 2.8271165707771257 -0.0861068179455831 0.88167391345715806 -0.036302642118276517 3.007434027305659 3.274950156480815 0.26321716643152954 -0.67502406706859108 2.6971951443225954 2.5865975715511014 1.8182296605900867 1.7459463330728269 0.22780380719306081 -0.40512023287611176 1.7352548615172303 0.28212032657768149 -0.10425703863381688 -0.06897519581209445 -0.48272911175218275 4.0878150547873267 0.055588216432386206 1.3894741958541121 0.064759483760777156 1.9011969779370856 1.5867090177156056 3.2490956916576015 -0.099814325719376762 2.6829426681860098 1.9444786112946861 0.58494253588315637 2.4952445561348324 1.652389731421096 2.6049069168246919 4.0227806886690889 0.52190209976721358 0.54804423756827103 0.53105981754555942 1.9579061701542664 3.5040784813544468 0.3591157933490467 0.17004033695320844 0.82838350528105265 3.9669493468151025 0.70228078197220944 2.0743121385351908 -0.78508239809120783 3.3245177214748223 2.4537916764034811 0.58721427185985675 -0.44817870409355459 1.1811022057576108 3.4550532860984253 1.3023346575463415 -1.3784253389474288 2.1952447160585584 0.85611662168651081 1.3890895912265209
 -6.3445512990119379 -1.2712158953055239 -1.9049588809428133 3.1959294126884794 -2.7998396251995881 -0.81961482865533353 4.9444046506908501 0.29108599795669898 -5.6194348801670921 -4.5400459979297505 -1.2156875977602799 -0.75582438266192276 -0.11230897059341266 0.8390074389790857 -2.0295857746326016 -2.1672302324109398 -5.8473758585436801 -6.2456820383639382 -0.20870181885372546 -1.369068724216383 -0.72371345810250232 -4.5545858502950223 -1.259228216159108 -1.7749791750346604 -1.5768205015424457 -1.9360448762617062 -1.5456321170601621 -1.3688265063269536 -3.7983587583156084 -3.439084734661471 -3.2642974516200742 -1.8229639170855645 -3.7080865582947533 -4.4136284355566797 -4.3914520969809061 -3.7620094589632349 -2.7960511346431356 -2.0802697307774216 -2.3304133567857033 -3.9544105611135079 1.725117852989561 -2.0639279109613602 -4.2830044038587483 -2.0365739257630056 0.07173679459852042 -0.47361496457887547 -1.7171515570143367 -1.9263624073832872 -3.2852954750694994 -1.6058107276576641 -1.418263804599097 -3.3650126783596535 -0.47159077174021635 -4.1529345759987866 1.5342963619117687 -2.5405018096346033 -1.826646723692456 -2.6118424855100497 -0.78789043574165785 -0.21998433244795862 -1.6221834609174457 -2.818725209635391 1.321287739596154 0.17420045784933214 0.89218783818737701 0.69909167114583026 -2.3714006136733223 -0.70265671128496998 -0.061072047433567388 -1.5576085915672981 -2.4967461762751557 1.2975106343904557 -0.53342007445951833 -3.4843552215769797 1.4341478189731263 -1.367763468755083 -0.75169543235740133 -0.13933293398519531 -0.29863149377717002 2.4072160196202601 -1.3660438597097786 -5.8931220734313499 -1.3206478418317877 -0.57435889012052888 -0.61674112395922487 0.062577912687505566 0.19596265604676052 -0.037423290542284042 -0.819724554997324 -0.59212719680543413 -0.74918946864086733 -1.0790635551841532 -2.3072912353244153 -1.3777576346728828 2.0313613742625973 -1.6098894018064751 0.81747188563941542 -2.5973813379788417 -0.80205850756118902 -1.4125616218868318 -2.2734042961181928 0.16229157747918324 0.19625409290393808 2.8675817562158827 1.4786237457111939 -0.20652182335756297 -1.935905149289898 -1.8594266202863137 -0.98028639205391088 1.5613221705165818 0.31157458461217641 -0.18670393096944227 -0.38596064955916154 0.63073413977204895 -1.8834930320427878 -0.52560384752454636 0.82769784778648803 -1.2909051333815547 -2.3660710619387273 -0.62924419149562716 -1.8662644778654871 -2.7416234368207912 -0.9189166184515174 -0.95581852298567893 -1.2068782897595984 -0.89617866679907687 -0.40560184965166995 -1.1375108821666806 -2.2285516793123579 -1.8343941162771342 0.031413859895811788 -2.9079452602037081 -0.46050361674561635 -0.4823981018318837 -1.5193482970550338 3.9025972350887814 -2.0394288456498675 -3.7255133953691262 -3.6780818077916049 0.28618088925949015 -2.9084655113029094 -1.939843762441485 -3.1543691713248676 1.5120815234880927 -5.2009571789125353 -3.8767099931726183 -1.0342228844817198 -3.5700239305900996 -2.0009934258745288 -3.6694435288444098 0.518726011171736 3.6638256090935628 -4.6553386083388402 -5.5193104147533942 -4.0760748877754072 -3.5554886699282124 -1.1854667046257903 -3.2092337805791997 -4.8047683630626112 -8.7812920289186014 -3.1283859121254567 -4.7371252019350738 -5.5738707165010863 -4.4923386169080937 -4.7760591280898437 1.169576221112558 -7.7362082000134773 -8.0330511823482507 -4.6765657350472534 -5.3022871637873479 -5.6635163751187649 -6.0657620718002301 -5.247499218720038 -3.7881086936377928 -5.5187366889972411 -5.9241551628876081 -6.7907257414309781 -4.9971320854548242 -9.0870617236071158 -6.0733129279269029 -6.0805914624894726 -3.8466939463446419 -4.9638075236448511 -5.8991719017920241 -7.8075008677598827 -5.9957003488919911 -2.5056817664864437 -4.5150690213204481 -4.8079605007268587 -4.4841686630082558 -6.7148701922696361 -6.4536341937999726 -1.9687979182662991 -4.8668160255493298 -4.149275159579684 -3.9910955747042669 -2.6706582277872686 -4.2151074306829539 -6.5093544091306157 -2.2926170561893358 -6.1799266492935319 -2.9447621744072165 -4.7892441942089796 -3.6161352592281752 -5.9847659177928465 -3.797862066814607 -0.11320206066170795 -0.71688094431422722 -2.4537694797913945 -5.6660025470836048 -8.0431688159121713 -6.6751978440259814 -3.4915230233525407 -5.2192896780711466 0.6008818058936426 -2.5732918199216663 -2.6748174140797767 -3.7895822604515446 -3.4969697527682548 -2.0700712191861999 -5.8471274827477444 -4.092047648165571 -3.2214466698228423 -4.2619553464680884 -4.889857524259499 -4.755195891675684 -5.7362594775275628 -5.1851604933063138 -4.1515410152961811 -3.2804806504576187 -1.6993608488388741 -5.0582062422295264 -4.9553758204151475 -5.1146505246322347 -6.0729632907357836 -2.6004121755298928 1.4248492941296855 -2.3260660374354774 -3.0657956793976573 0.087563159698112722 -3.0215539331293715 -4.5129866159869572 -5.6100973734322874 0.34779055988804369 -0.37577782095369061 -2.5397090902284001 -1.0938496579564012 1.0540409427851654 -3.7591412770319983 -4.9418295229533857 -0.64691576076475565 -0.43973191435539793 0.027034091158589013 1.5427502620669076 -2.4959710212742929 4.0361142509800016 -1.8892662089295211 -1.7784297000118938 -0.50858584113094685 0.38993261996231648 -2.0710652675238777 -1.1187535698254631 -0.39921116379390209 0.73888619672266675 0.39760569968716397 -1.072369632113483 0.42221358180436652 -2.2698778419744139 -2.599851501118184 -0.021508063456734033 0.84333931212950219 -0.75365975670860352 -1.4803526066740007 -0.78058578575974247 -0.025535244901072961 -1.5550849535064946 0.78185221198901278 1.5848939463853438 -1.1212019703114253 -0.29624575684734972 -0.37777456649146823 -1.0810155607067951 -0.89695442533612424 -1.9395390891326005 -1.3300050753932553 -1.7803591241510628 1.4981899059976207 0.40626966603308207 2.248915522884134 -0.45894896069496094 1.7467093307963217 -1.6883922506194691 -1.6289331835440861 -1.6385436160384232 -0.64064859787460948 -1.7003136135389783 -0.047594539558485922 -1.0143751315418703 0.52711732052877347 0.84189381223089255 0.11420874088491058 1.650006594249783 -3.5064869829898631 -1.3936589716096535 -1.4671078679964087 -1.1323529398790659 2.2881083933813859 0.8187689228500945 1.1237419904314272 1.1323673397842255 -0.047153135563683272 -3.7204864873795236 -0.18753544904446187 -1.3072873365728075 0.40074062310693997 0.22875524717443763 -0.4756730030469446 1.2693776851628193 0.062498475138837425 -1.3790390767837917




