# Created by Octave 5.2.0, Fri Apr 02 16:05:52 2021 CEST <br1@br1>
# name: ptcls
# type: scalar struct
# ndims: 2
 1 1
# length: 2
# name: x
# type: matrix
# rows: 2
# columns: 320
 141.84192438270838 94.351104957172083 93.217044734641988 79.317743882794062 96.74688144465388 109.3378961261383 69.094695742491851 84.793313132420167 100.16518103878309 110.330888115397 98.634142852058162 94.273551287765017 108.16001826006578 109.02846374925441 108.28396835578108 109.83216160675441 96.166447985894564 104.0810740829193 97.499010561318116 98.257894299717307 99.532304114284969 145.4849295705007 108.36190965410906 146.49170814183896 141.62233559528809 126.09511686640883 143.5813650893304 141.44934343642677 148.45070005451154 148.37461438716002 141.04984650037588 148.63765123748729 140.11446562502215 119.19582178720705 147.27417881782085 144.22906049295094 144.86103946148089 147.09039389188055 147.65127271499964 149.13563674398983 146.54991204062878 146.80324611070216 140.59349935994126 147.7839382975944 143.27670305562117 149.07823083161861 158.60709981648822 157.68162053473594 144.83233033224838 142.58460354518809 138.69983145597106 146.26425708111222 145.97124444943211 144.12730567107013 158.51700944310531 159.48986226717759 145.27333633532413 151.17429508657722 160.97472214269752 158.57885901064418 157.47873657881541 159.02716618684164 159.76028601828583 157.9250924773921 82.578506508222958 83.623978342018248 82.828625503847334 68.500547986833652 83.613687151464163 82.210429241697682 81.27318017848269 29.624598960476302 85.992878854109264 87.294999530232417 84.785328851833597 83.710930816593319 86.17851066883712 84.423249314803485 85.041933481191734 81.233992792158105 92.50739161556551 90.612992605679935 89.452164727114081 86.095194681929868 87.05191117457143 86.096152701812088 87.196172389371412 84.964698236747779 92.773065553136789 91.55801729689054 90.272959006383786 88.029809343511488 88.079061255084625 87.14145976244717 87.154498884679768 86.133328032454543 106.32473669655282 95.350996192392117 91.631758166012418 89.172075634267372 88.088119836169568 88.278843025158125 88.20129470560974 90.656936035943744 95.528964613957896 95.359221153998604 94.477362205232311 89.139328557170401 89.995735134500634 89.172351572417696 89.424585487770116 91.594771463264422 93.794821372185226 95.294365785582897 98.287096998262342 92.396702851599613 90.038320571176129 92.60315550559946 104.05169377294433 90.297625676544499 94.387882921297987 96.235400797907502 96.565009577428938 93.69650881544095 91.23625093118244 91.015399767227649 92.605800628100937 94.166818698453923 111.90047551899201 96.488414167255755 94.423293505290829 96.104436177724196 92.115200254185083 90.936594089798575 94.211683920436684 70.009355378174405 91.146701430304617 90.545529633483298 94.465512776670138 102.87455316695066 97.589329113008333 93.404370337309658 91.978564579485251 67.664052598441344 128.47329766333388 107.77376343255618 75.576154636694866 95.461711107396724 96.415539199238722 98.514519103845132 93.221395511437464 70.995282537727732 114.23483071944933 110.98713119126026 113.24252269568974 91.625903093502288 95.432511598275909 95.633742540900386 105.14498113608788 97.120559545567772 110.14288546099426 110.00713325985063 111.9993948768218 108.20189962375163 105.08567412664655 95.108397709113021 99.467029970413478 101.53431042522365 111.2907575649252 108.89294322071839 107.82497784490465 105.70670180751986 95.13039868239261 97.256215961041349 103.40523707852792 101.95053723443559 117.74879498968629 108.2474089287354 105.25287528106175 104.62399466971755 105.44023418853955 105.79035244094479 110.22958018775438 104.74193300771424 116.7223110206581 152.97892225859272 135.7755804465329 102.61502060274691 138.31947367616914 100.33975640622346 99.88938616449343 103.10655435174216 138.64596507588644 136.69984013909047 146.99696474873997 138.88947260110589 137.57723720539997 137.69299754730753 131.90377380138352 118.23086315410973 137.67699105048379 140.26104687338051 137.94680090622731 139.98753619337026 136.63662713257906 138.95006728124679 141.0414982893991 142.6099361458713 134.7653703353561 136.78486630976704 135.80047654741713 138.77092024798529 130.63932901883354 134.38773210207412 141.6989598172859 145.66816827276753 135.65278288805479 134.63347608133625 134.49209746610285 133.19050494204581 131.31240818457687 129.39999957014865 145.4463170312257 139.79248227200102 130.97304140174353 133.69518850195828 136.79320637576214 132.42229953327526 132.28264932757594 144.43162423330469 145.64494807996729 144.35653194505787 164.56416106427346 131.02459498406526 135.24173758091155 143.27120987787217 146.29834004485602 155.17108716511007 151.8653874413931 160.18559494407569 140.76407376641004 130.3397484131124 131.43855465619671 155.64602745712864 157.08210925847138 149.5552666526049 158.84398870823063 159.74641365828523 141.96270662547704 133.66085433617656 156.34863641170463 156.69815202546133 159.09346841844354 154.61681097303966 149.9158428162398 118.07475097794821 161.47752341201956 161.55469181260378 129.1873389454222 164.31166920345936 160.12448273656972 157.85200304002026 159.67430509517067 160.73165581492006 157.58245579308681 154.13887648551923 157.57314578476507 158.39479428346087 160.92991511844752 155.96332331421678 159.04272888598558 159.67883762976493 158.16291186222693 162.54538511419651 161.14351996909153 158.6016043728242 160.26867265151978 159.77518871485972 161.32351898344453 158.31532741790906 157.51070777481263 165.25754444947856 163.92501269489401 161.9735005242791 161.64134903325908 160.55416793226246 160.49457512366655 161.66346762036093 164.90599775339967 163.09851210970626 162.68358143136768 161.99530438759399 163.92556761107232 162.55106772956728 161.76557024061287 166.36006521188816 166.14360132022605 164.29335183179819 163.76735293169671 163.13799835438246 164.48791797741097 162.72244836142991 166.66320382368914 160.91629521359798 167.2732247937729 165.55339270329586 164.96114262505819 164.59615601228145 167.0209363037564 165.56229505686019 166.09019753596397 159.15663797063462 168.14347014269705 166.77669113940019 166.12702283264255 164.99891307823609 167.27188600207762 166.71774852880043 165.6429504024326 167.29931804659168
 11.703223369792939 70.986581841566831 79.530152131046634 150.18399098287105 62.430715549727914 81.591702879783966 160.91709503952166 103.53273801356814 1.8914762851793772 20.587293733763783 64.93881939851164 79.137020970242645 87.438883802677452 83.132000722793947 81.085576743434089 80.552176442501519 2.9664517968796109 0.084012132271930967 66.496769344320256 63.811403868054953 63.567150483705241 60.63793823379995 82.187932780051781 61.53548407513837 55.943725414199079 62.142876758330729 55.864162074432834 73.947580031469371 59.007903746757798 60.54215726457879 62.255318249668086 62.489843779788856 52.841944762410129 38.442642743392049 59.300244256266254 58.193572478014794 59.431287285994145 60.380845753382879 57.948829689304802 61.533338762985217 58.458604406666993 55.720940948777496 55.183693995883651 61.600271586079145 57.599628857543003 57.682339380521277 88.023908668937665 88.625376281217044 55.933082802967114 55.428144935517444 53.748019922044989 59.6764275867001 56.257689092780787 56.928398587579153 89.467394482411848 88.776432780445447 57.165036951146305 62.755934888585031 85.096747621269884 90.6005145198706 90.293405224503815 86.684683144432938 90.982702217338996 87.078399445756872 79.235589541301991 78.373335938019096 80.365680904599643 78.491040590485269 81.051792507645089 81.381445771899664 80.722352840137177 115.74468952652036 78.961609521616879 78.1439408953742 78.923034496559197 79.50738828842897 81.167315410875645 80.363796307008442 81.492501332448754 81.891215581090705 77.386531485746744 77.267457842180718 77.69434001657784 80.07044967038604 79.47991172635443 82.202013085504319 81.783015502522915 82.634303662705619 75.98507613325765 77.930494561500041 78.499590212682875 78.991068225383103 80.085369448673646 80.635559915623588 82.890079108353575 83.283400650782895 78.388552628962174 80.282330190836817 76.521338407389237 78.73935672740258 81.091772466262981 83.347331195544243 82.209046460523993 83.515895063677306 65.205008404917464 59.078423065141081 77.83374026734262 80.421457492728209 81.248699647772426 81.916315656239135 82.985992927382114 82.519468683549491 63.936593998195818 78.746253867290278 67.491118240408497 78.599857233781677 79.660151071174639 81.848309038999531 94.415990397862359 82.310662039259228 63.08452275787004 61.261887671160835 65.840586990924805 77.126098718158516 79.114138309381474 81.51283913145592 82.995168067882844 81.58307562366528 58.525273602511554 64.531966167412733 64.845717492258842 63.519651157385745 79.930360695877738 80.320706318641342 80.194737012335736 160.20801579024729 42.491156651826294 41.557612600383095 58.284631734956974 64.395113302834929 65.401625249059663 78.182505913188834 80.963061124549355 127.20429256077288 18.802399987570631 5.5982153160884138 50.659809451689298 57.734730068973874 67.048136427340737 66.093106955839161 80.908265584043903 159.64288089950227 3.3376872696085398 2.3288075193241742 2.5540110745323852 41.392631955519811 66.3732560738069 62.523372542666351 19.200703835503866 4.2266810285837106 2.8890086408645415 1.9590031723996981 1.2873342772133971 0.54560917933568021 0.54317499550047732 63.94074649555273 2.8546432759118208 1.4646582079571604 3.588109281276028 1.4868066075704414 1.9012322263883936 1.4579626457003385 2.4459891097559199 2.3374858991150109 3.823085911041924 0.25329367737189679 35.124109662002368 3.307308292840089 4.3561161033710727 1.7808930569437638 6.194112435826935 3.5014295163789813 0.18736032816457332 3.236932899420073 34.606882565774903 14.204610412993764 18.052714172836112 1.8823302179661463 10.418509026793878 3.6045519566780437 0.67418640274375585 0.92481257771419711 16.293821545293028 16.353392824570424 9.5195900851624842 12.622546269421317 14.260573969482879 13.145638526662655 5.2409720877298396 38.850960612817246 16.985368075041087 16.745949411485942 15.460482316562111 13.650579561378359 13.779212761267869 15.027510805502118 53.63315140860368 56.724608969106001 16.796340391062817 17.579377908388842 16.975176389436797 13.902715088552196 11.351803238689188 13.881357884992266 54.788446076762646 55.253009121759469 15.675826249589161 17.829964737337257 15.771817153463051 13.946671061664606 12.196417465466649 11.574156955817939 58.409118884019577 53.97397997084601 28.62410048092903 14.927596903230764 15.208733212512026 12.863543927744397 11.786016149797144 53.813677426324837 53.836946904769889 54.931762431686884 8.593838128442064 14.316810129698336 14.739555865815417 54.557535778519814 57.44343877046974 83.312362113413002 59.435325718333516 85.951544305037686 33.49571981384269 12.553108330414489 13.282692677249635 81.703396857562396 83.728039112853068 75.298438214875659 84.258656315001119 85.013134440153692 32.930454585581593 12.965235213713628 82.807135342173325 81.810156346073356 81.341725801111252 82.341949758124358 62.520797708384919 161.0730988960371 54.85794482875778 55.907113610082732 92.404445367204985 80.612735695240033 82.043014062567082 84.70225473312145 87.708545476290467 88.02343747888186 80.993669612303577 69.569868900386965 79.912659255684801 83.298652892391161 82.814911789030404 84.591946431007656 82.431108095090181 89.779989515108838 81.908990198778014 81.444981131374902 81.712048717696192 80.317079978157494 80.869595767603556 83.178651224694747 86.21093134106475 85.939835064645479 82.754690211981142 81.098766429115514 81.673798369672227 82.483447312536981 83.724302535286128 84.044736955885654 87.020549871977849 87.267751558817025 82.051894979787306 82.315979001797928 83.373813532537923 85.350710338227202 86.231758900179074 86.683598657859633 88.438300334879798 88.042154451371246 82.066615599207211 82.958534247190116 83.974815992330903 85.438485566899871 87.33210519958844 87.742851628408104 86.930076094089159 89.095022666713831 83.928170806545509 82.961690835812576 84.019742476696806 85.05484638025527 80.082091079326929 87.285805382619046 85.946764462045635 99.945273259067108 80.472257603348922 82.928712225215804 83.893990770277881 86.093032769316807 81.868621736520524 84.930187417950066 84.959003454750459 86.034374003063235


# name: v
# type: matrix
# rows: 2
# columns: 320
 4.4631351475886749 -1.5491047806532685 -2.8265567263760345 -2.3617106020879088 -2.5654236270972568 0.33868655976824497 -3.9621040068494624 -2.1848560259870178 -5.8016348387078382 -0.62397535907694635 -2.5660644924365315 -0.99821159843733609 -0.74118715823311598 0.19338885287431953 0.67184068339542735 -1.1134922220500276 -5.480753024610622 -5.1113804280742405 -0.50437781687510386 -2.2017545605948272 -0.63922143983842084 0.73984656536686466 -2.3225355373215861 3.3315431908262809 0.67843597886640716 0.18963793975630527 0.68996086207918261 1.1313036246855084 0.59459198614453102 3.3610414475802393 0.076597165524798977 0.034411693488730397 -0.15668348589379502 -0.315502311910072 2.4087113448774198 1.8197498991981367 1.6414000788821483 1.4132146233275718 0.054446860779230617 1.670165574546697 0.092131509289829189 -0.39294443961268533 -0.16479648692642374 1.8417956721129523 0.39002024103624872 2.5037772724292857 1.0133625892196148 2.1690380579451283 1.0363672774456112 1.452346026308845 -0.50115842932538768 1.1943084982121257 0.49280078415132261 -1.3131547878585497 1.2220235123344367 0.94154779508531483 0.40446310033640698 3.7631567758346556 1.4333526234628309 2.0037542989176709 1.6712898040799162 0.015366055976236193 1.9205929728942683 1.147468273508067 -2.321784802010268 0.31047896917685774 -3.0228208084725696 -2.5555409142093808 -1.0715662776260295 -0.38168540683703689 -2.3385319500528596 -4.8083481724781443 -1.6813422584628037 -2.7910523015673472 -3.2272584903260908 -3.7561473573175137 -0.8493819683163073 -1.5080138354850727 -1.8556395424575582 -0.73112207224320747 -2.9236481192767885 -1.7081991855232446 -0.85016991560077892 -0.5160448521044152 -0.52125849571048866 -0.95259995299802536 -1.7936518949336808 -2.7555248969257251 1.1230072928618997 -0.023666118708978723 -2.1158412227280774 -0.76965112781428835 -1.3641624835264605 1.6320218044476054 -1.4328951373393235 -0.67605935354839419 1.0957960171126855 -1.7090268782352862 -1.3699501175121622 0.73126523115676378 -0.34650656902558852 -1.2329129695756487 -1.5049673850594962 2.0601101406409938 -0.28128609842269808 -2.2317348440446136 -2.9190769313607703 -1.1338099496596459 -3.5229749572784557 -1.8950069890866574 -3.3315683431711713 -3.941307552153674 -2.4471854867987033 -2.6564630956760054 -1.8673214826785762 -1.4469381647372623 -1.1657585974499773 0.048604641937482478 -0.98235940944024569 -1.2650314745795392 -0.34510015916469811 -0.75644875313039972 -2.9067094444918133 -0.069872956476486087 -1.2035562090609637 -1.6394726573093363 0.22502778806219942 -1.5500177918903502 0.63942593884555221 1.341815323124997 -5.21403664915207 -1.6991398721254827 -1.7291067700205824 -2.479559230376537 -0.57352525046983749 -1.4700010957099294 -2.3295606051026536 -1.3204129477863964 0.30142652688260108 -0.94314333146569318 -1.1164804145306351 -1.4198801527839426 -3.1298639339923242 -3.1420302346738094 2.0503194377782759 -0.0080558061979926696 -3.3052369035009281 -1.6766699090590726 -0.32570169307978836 -0.80208327708836602 0.0091823269171706912 -3.2718157917698218 9.777103180200422 2.785078650154416 2.5995044066525259 -0.8289384276424635 1.0143450197016521 -2.7111782619717699 -0.91553894821569615 -5.5460508212900068 1.3096729594593977 1.489934857922131 10.477240649153391 -0.40559398731143192 -6.0472065763856602 -3.7876276496086319 -4.0793532405863404 -1.5955085902395993 1.7475659862324591 -0.639865487529233 3.1049100464038415 -4.7085621873660015 -7.1256937460962222 -7.4765135450960285 -2.3566829602299788 -4.1604863027115204 0.97190930461279557 2.4421080792583867 -0.50129649300085899 -2.3593504925595554 -1.2219696915973903 0.45421460365903649 2.4560926042959732 2.4035257842530577 -1.7033623565980276 1.9063454546835059 -1.2266580314024642 -1.2962379940087767 0.28510215693587282 -3.3812509801179074 -4.4601704746011137 -4.0240974446626803 -1.7491561437450358 0.8952305440599313 2.5327848163482951 1.7059820637848426 1.1187701132354602 -0.35862823442318809 -2.1791776347234002 -0.61849749866477577 0.85264328330517747 -0.2202968272886861 -1.4114532437568996 1.8678542613464897 0.37298512942961004 0.1454284095564794 0.43941522096221058 2.672958122347961 0.0011677751874191178 -0.72453103144501485 0.59080342039569389 2.1468642721274089 -0.31133607003401992 -0.68136928172776512 2.4526134315835217 0.14466532342865573 -0.62707261748900212 1.1498256313651152 0.76119513989725629 0.96503266416956723 -0.87974496676599701 1.2279597088897822 2.6991052992749229 0.20955384105398783 -0.92266956557525615 1.6622971461963556 2.8472248012196197 1.8885896680017731 -1.2957155965850782 2.8441418120880515 0.98135890457784447 0.39929435168321736 2.2728166734052841 -1.4113026715221524 -1.4283264244040212 1.3490431974082677 1.205703356605365 0.75021038316147959 1.6039025045154522 1.2700592119846448 0.39421919820852597 1.6320731135630442 1.2453995892776142 0.86944247827509114 2.1484059983928248 0.79445250808365253 3.910533726563576 0.58605116862906537 0.60320913378397478 1.7621277200691399 2.9188045066215293 3.9967983041712682 0.67605010393238929 1.1921822308226715 0.098598374428439245 -1.1396072695747648 2.4508480738154517 0.94717773569066888 -2.100086601167332 1.6192158102648817 1.3640743831161932 2.7477070698228556 2.3210874188615551 0.83180271194871325 2.8275420061455767 0.88167391345715806 -1.310070900240127 3.4602925461740268 -1.8157215171067143 1.5824616075774349 2.329318837855213 1.194158248031862 2.7267910962213002 0.75401364370809376 2.1256058667888444 0.29895788647511323 3.4225655825399954 -0.091280962025338766 5.1231638723364474 1.1876242232918219 0.56777215964233163 1.3996482680591089 1.5018970035949166 3.078655344996815 0.18741578970964634 0.96731311523190522 1.8383898264541647 0.93629226001517818 2.6435398985115031 3.637979483288063 -0.28256771009098031 1.4395215134572836 2.7922940434992007 1.3070742612604349 -2.3664025002608029 1.7155675033579467 -0.25008684721514224 1.5262934451924619 1.7199568750713454 0.97539938344745392 3.0870752170715119 0.61421302831382141 0.36482636207967767 3.2254898470861457 2.053740868588025 0.037488484042463868 2.2086670101779062 1.1177536791491298 1.6469395896570171 1.4343526087540357 2.5018875263485252 1.0795806053282941 0.8152837559121584 1.19977985701916 1.7541949238481716 1.2389018060701091 0.64535123583886955 2.5028870300133366 0.87998719420568794 4.0500765137709296
 5.5882195178359559 -1.117490105380994 -0.50654030602901712 3.1959294126884794 1.097169793464126 -2.3741716519626315 4.5758398047815128 0.29108599795669898 0.3488493238193624 -4.5400459979297505 -1.883172155731718 0.92157380863910576 -0.81039780598378297 -1.6790301689570644 -0.70160048028204047 0.55631454576047734 1.5421466447362515 1.3686075169504126 1.3144280185662063 -2.1539184542102894 0.22214986276487647 -1.2273887996181398 -2.0737983239950344 -1.5701461950216999 -3.6977282802037026 -1.9360448762617062 -3.9181208874621229 -1.3688265063269536 -0.57044091642092987 -3.3347822952643327 -1.8863316855641648 0.37878990285062725 -1.9174668831836768 -2.2349141519500417 -4.2643863787329233 -3.3117327819225393 -3.6105582914915817 -5.3145605420418773 -1.4582248868547634 0.30895456067291982 -0.23994275360881262 -2.7236190366122743 -1.2552708579994187 -2.9338869453528207 -1.4047795272329253 -1.0128022203455898 -1.5876081104157367 0.32244648893847444 -3.630742600082947 -0.31407901455347215 -1.3011090370005218 -0.18697536053452596 -2.3512824328824937 -2.8861801321182412 -0.35595095423762685 -0.26716304746148473 -4.7869723201331604 -2.7364067956743776 -1.396881582693833 -1.4934956853711077 -2.5374059101069522 -2.023188261043801 -0.78980342400233028 -0.68452706251238138 0.66763851394990914 -0.61903856772804211 -2.9484055831962626 -0.70265671128496998 -0.17671272584035794 1.1966622071373179 -0.9100723124384239 1.2975106343904557 -2.1585198677115414 -0.19363035575879436 -1.3876913195567637 -1.2239260517973189 -0.40519361298005407 -0.0085731549651020776 -2.0333188060884102 -0.90258380804678917 -1.5116642769997253 0.63282486230497736 0.12478946034733855 -1.1198841842628806 -0.79192257613514072 -0.078103297554937529 -4.1667209065825048 -0.16819915110718636 -1.6937850646628088 -1.1253366972282861 -0.32104678573548273 -0.49362295356412811 -1.6061464938556296 -1.6391967961520442 1.4703919929795306 -1.3514784379540501 -0.76998383527079506 0.56165915120327092 -1.0738333707035992 -1.993165870223478 2.983681139705185 -1.3289386491144743 -2.5326697646159335 -0.0028978010086941619 -2.0034859520456831 -3.2493621841702165 -1.548340463255222 -1.5309352717181719 -0.59136758363914943 0.16757466390612052 -1.0629701297283254 -1.9186722032149466 0.38081699983340073 -3.6370953114648623 -2.0417049855566169 -0.4526139447277821 1.115493218749225 -0.21248479035713447 1.4511542305423721 -2.3896080089023375 -3.3607613470907793 -0.88576634721893588 -2.3276109735350086 1.4054639607761066 -1.7228899209079402 -3.1684956404148816 -2.0350350176115697 0.84782411539510849 -1.4985947257817349 -2.1662317155105715 1.1264560770455898 -4.3451545667826021 -0.49926451375027003 0.7782684042772936 -1.4498655273984389 3.9731240691006091 -1.5062568858619081 -5.3064293750202847 -0.9420925503239449 -1.5869886814609546 -2.1470406584903139 -1.5117222256987362 -0.71831323801650404 1.5120815234880927 -3.5162276711970275 3.1493279248853243 -1.9440862629784657 -1.2870899455535327 -2.5930470663865663 0.83814333391577667 -0.63009565282250624 3.9618636209911129 5.5780759707374514 -1.4498006388208455 5.6267361998161167 -1.5978812715682711 -2.2340819524671041 -2.5621199132503603 -4.8047683630626112 1.9473185159698119 0.44129891606030003 2.5051403183193504 -2.2387118660372658 3.2896285335199185 0.76182625941818816 -2.3479589297855181 0.17923524588505135 1.6755358825814886 5.085548947709527 2.8660304322934236 3.7766251942915954 1.0989285577535208 3.6471807931166533 3.5821090243484441 3.2192111363854106 0.71140409918179204 7.5864288939509157 0.52556470066128036 2.0645416285019382 1.8115526634695196 4.3694467567735238 1.2474682438997164 -1.1586670109864545 1.673126468014241 7.1331032617512529 5.9957003488919911 -2.4288269341914028 -1.1786944599649947 -5.3632285216909406 -0.063704024293843975 -0.19583229762976342 -3.1184451572435794 -1.9316641868937074 -6.0012556003822723 -4.4806091023851753 -3.4706059960995286 -3.4437018396252057 -2.9541508004099364 5.4234164077172782 -4.4713313397959453 -3.2428631251870152 -4.0772668091848612 -3.3947268607477885 -4.2634890067856528 -6.0579512381092941 -4.6764862294421548 -4.124495557009487 -3.5472786520370172 -3.9723085063056893 -3.0773199980172796 -5.4819324422921962 -4.0914181525218689 -4.1906652049497577 -2.9444372205363969 -2.6483262308068709 -0.13460597241137837 -6.7604724748022518 -3.3242037524797348 -4.3947992071275639 -5.5301691021253729 -6.2761027209445928 -7.3042997211911693 -2.6765111337730008 -3.8460096244855873 -2.5976670930922872 -3.7490324437361227 -5.06773867447047 -5.0809604861887765 -4.6669003698496656 -1.727736308417267 -2.4855539877453046 -3.1629436314672832 -4.9553758204151475 -7.1151715937033808 -4.5202999802447161 -1.1856804630999684 -2.2152453375242196 0.66043534459579867 -4.0373863935836658 0.09970524919740742 -3.5427747692432217 -5.9118513624775817 -5.6687830808441353 1.1897508247548039 -2.3561861762722747 -0.81940030315974965 -0.14360024183350539 -1.2126823194756973 -3.2379204409181122 -3.4648379219344179 0.0030343738959448668 0.036163958495766091 0.82920878452077318 -1.89428846372879 -2.7084048755165915 4.0361142509800016 -1.4632867720352283 -2.2044091369061967 0.86357808203941411 1.7398596949161684 -1.4369016997890984 0.46792768972275112 -0.83978733305756292 0.78805477889378017 1.6999122293573323 -1.072369632113483 -4.3338568761637619 0.24807888767691924 -1.0937746741028656 -1.1478013534148288 1.7603680248459777 0.81134250860754764 1.7072928040398552 -0.65051656449978956 -0.56484854379099159 -0.23933868059236996 -0.21361243344279968 1.2621816230360221 -2.0405656003664427 2.1917500119861777 -0.40390660931903649 -1.2921310916801096 -0.27010658186399678 -0.43224836599750244 -2.1820001963093372 -2.4966240821643377 -1.5369705265043587 0.17676743381114415 -3.6753358296108072 0.074022924786830091 -1.2772588929886293 0.001721509884578646 0.66042276127911881 -2.4975267498775855 -0.3340446544594608 -2.3604729997288532 0.32478514802921554 -2.3014489741457704 1.3326026325222395 -2.9474985080296494 -0.30241957040323908 -0.60391807650198492 -0.16043050930820998 -0.63193409564057679 2.3291987928514244 -2.2793923376376197 1.5512305458958118 -0.064116472248901379 -0.17362241113414345 1.7985082785773194 -0.045744905642200739 0.86129832952167451 0.79343607168516239 -1.9639924898454735 -0.17740418346827386 -0.50604490274924174 -1.5902564900082674 0.8178118307549459 -3.6985867640489252 1.6345338645126442




