# Created by Octave 5.2.0, Fri Apr 02 16:06:52 2021 CEST <br1@br1>
# name: ptcls
# type: scalar struct
# ndims: 2
 1 1
# length: 2
# name: x
# type: matrix
# rows: 2
# columns: 320
 163.15065813368869 86.91540201003545 86.332363949890038 67.981532992772159 89.739622570387155 106.61094276442905 55.221349848560713 74.30600420767621 75.730348249377528 111.06797206842374 91.884535034449925 86.867213895307742 104.602319900552 106.12686769824633 107.89036025084697 109.38489510177375 64.997248504178458 90.373789586251974 89.979860023650588 89.907397510731727 90.771133695383242 149.96747686852706 107.2681064420868 151.12816253055669 145.84741723753163 129.60725690419889 147.95206090361049 146.87960083492004 154.10470372315595 153.63080241597089 141.41751289489841 151.93587261339698 147.42407306373852 123.12266754189923 151.96221645826873 148.78665506624904 149.73920748968558 152.96352856923903 153.51609896089661 150.74436140956706 152.42404030389835 152.96917031358058 146.07046449079672 151.96149610285582 147.7966978821685 157.26127084973533 166.22992819747802 164.81687999321019 150.28740752303742 146.94547159220633 141.41627479011714 150.78030755529002 153.49374093704657 149.06428688297467 166.40141133860277 167.35746281176296 151.84462090858327 163.68580230267693 168.91276744789923 168.96781346894466 165.43643554610551 166.99177383068732 167.77780495125819 165.2541007512622 76.469722703588801 77.566470362072977 76.002083281487486 56.233951598625453 78.621925432191787 76.81389190615559 75.002918144577109 6.5445277325813969 79.09430810949442 78.255643299043356 78.774126721539886 77.179414917482063 80.354810487784022 78.188572904127113 79.127419843595661 75.81220098931486 86.27055287494818 83.389948217387783 81.359499273557418 79.718906024129666 80.016797617335982 79.777041220626771 81.39410566331189 79.183533130804094 87.328986620812103 85.093167682805145 82.496722414613217 80.499435037162186 81.115706454295434 80.844740760757091 80.873509031879124 81.401098600005341 108.43364882934715 87.705779467617305 85.466916173754484 81.805204957019669 81.841766965238236 82.092194999498673 82.526411462747717 83.328994269582793 87.914945012862617 89.447864149613906 87.939143618706979 82.321656507980066 82.960200495408102 83.158313809834226 82.075790896137491 84.279579205059818 85.831187841116332 87.844596653261419 90.938761439293827 85.498380338462653 83.490849173179171 85.565118146019799 99.336368607632636 82.631464026084387 87.999170623703435 90.476007798025435 89.081668868153997 88.436513093085466 84.423184168020867 83.583475497192282 84.158141578288365 86.370155586723143 114.96972002545166 88.715532503926809 86.55658770481233 89.085457959434507 85.289173003245565 84.19672064640811 86.54305460719246 56.407235969908157 84.489696905913291 84.013040012028156 89.865554076586335 99.362540844713493 91.184149767602293 87.162123632752568 84.784580868341138 52.582307472010257 132.50028884033762 115.0402202407563 59.711017499892534 88.861137953831431 87.653628755697042 91.009231553228418 85.763763600377871 56.691927547144779 161.89337549564624 123.25543576485359 127.52113858587892 83.316619732797676 90.013225674386149 88.632771450675222 104.89594397967939 65.943684786417251 115.42069995639268 122.02065660852141 124.21835789670897 116.56133359767314 87.98776018215392 87.774402238331277 76.045437332131513 86.331117690524337 114.33684199520748 117.19875335838778 117.85786884599453 87.511396452874692 66.850197883221725 64.958064024449016 97.027535133005671 85.569833090131709 116.49900796820924 108.36303550653197 104.97433481440595 85.218076390887205 99.527990005453589 109.94666670720953 116.36846107804416 100.11826058530505 92.604998422070381 162.1251460826206 136.49556895773981 86.930232828651242 147.51890592787115 75.161138201533831 76.719624748437269 86.306435546725268 135.76751340145577 139.04909812041399 159.9898642247081 147.59571328831373 146.40133397306124 144.26742559427385 123.75593697337551 128.05998968342195 134.02209485318841 134.63201687991665 144.10302456843709 148.5441555819728 145.46329767088767 145.35592899050474 148.21503027833288 147.93418785949808 135.68176562520424 133.11834757433911 140.22425146905564 143.15745075643338 143.20925342933222 130.3725685252009 147.05807418265056 152.32113180194702 141.18835061678951 129.93338511549894 142.43124091677063 132.01512047638644 134.58160975942928 120.98443180966531 151.30365311753826 144.84581678618699 126.54422748698786 135.42395319133712 143.49191032826513 129.17084202792412 162.76075165798227 151.24140265150268 151.6496388207008 148.62391422776494 175.4736810966198 131.42623491105536 142.44874110681764 146.90349414066176 153.13854023754644 162.94069477373165 159.56835382150564 167.98775741651065 143.51211590065475 113.51058415605075 130.92476782180873 163.73416681968664 165.05686258745052 153.3686386914172 166.05090488994773 166.72957111242906 144.00232048479592 134.1589106653976 163.91465552431279 164.71869668972809 164.4500852881398 162.65802836612826 151.21609462439616 112.60463608398339 169.12954864037974 170.21319046987279 119.10692325982473 170.74349628384883 166.61321370211834 164.94608374621222 166.09742506003326 168.24108678885375 163.31615865375804 158.37091127010086 159.80953432094262 166.91529333617731 167.91254552197805 163.93124712051682 164.50802392507325 167.38983182596633 165.50532867875091 169.69017599415716 168.07889527801203 165.7444705009639 166.92559784979261 167.79418491053988 168.95287759366315 164.11121267929357 165.77371003347875 174.40265418819385 171.12187272513779 170.11380969040093 169.01330173042072 169.89216149110894 167.18341285548874 168.54770623659388 172.20496360191106 170.9800685744755 170.84097253130625 169.90544334971753 170.54665483092569 169.76601229349845 169.56911244438351 175.07195594003579 172.00296518248564 171.89783918875438 171.78514284824291 170.65055174332215 170.40973079017184 169.4779277260879 174.22770803404879 168.3353660711056 174.76293388498019 173.14835539773691 172.92126579588569 172.6543366448613 175.63571726837858 171.5177857166093 172.70846587439112 164.33862487621627 175.15947480475373 173.96883747619677 173.66750796465999 171.48409083207804 173.8939276562505 174.46253775168358 173.43424521783498 175.28505124296728
 38.57646827397091 65.62262933573983 75.215042582189795 165.52445216376569 55.854838541836045 75.431764496564298 180.61256837452467 104.92995080376609 5.2143699216268544 8.7474225660338725 56.55034121653209 76.277859232695008 83.548974333956181 74.418926961788245 75.360907767827413 79.014197587745429 14.944069052991544 5.8735647346713362 59.555780862332931 57.321946338502343 56.545432626159254 48.372110832871833 74.532277682080149 48.484226951096353 45.582329284672468 52.819549436485808 45.6744138347986 67.377212801095013 47.912065045034652 49.493678400226841 53.20092615895917 50.254009799025255 42.947352645898611 31.310373960325187 47.734355053257957 47.804017338434996 47.239940758019593 48.280071681255272 46.978030063589429 49.778111858203324 46.760808964189479 43.495710667621083 44.540575669110481 49.147319496160257 48.443158943129937 43.708035305483257 85.219666946939256 85.643004935615892 46.106741364588764 46.198324054076593 46.267495637678948 47.437668912295337 44.451038491685054 46.187805952978643 86.33907976537806 85.679184623819211 45.551588995015557 49.015026761813161 81.341479632460363 86.90427769146585 86.56240222125075 83.244015276392105 88.003603176219613 84.576526722493909 76.379643186526835 75.896588655922102 77.469890598641115 75.118288376312691 78.579278036920527 78.352280276210308 76.555185766813167 121.97274057159315 74.061784437812989 74.779606783342714 75.769654132552532 77.210552709463343 77.447790771398076 76.89169822182312 77.466452649595197 78.759161332864053 73.638184586323817 73.965354113210765 73.075628103740641 76.423291064379342 75.375854353110626 78.467865297821874 77.229524516763519 79.541391444286887 73.328549692474994 73.553375298967055 73.298253012881304 73.857189147745416 74.892717949595209 76.275861685753853 78.506834287439034 79.512717434847957 74.376972110925252 77.562456584179913 72.573269984122064 74.092243967934579 76.040817022524124 80.402180960062367 76.985110521041136 80.456855386443735 59.228313919236655 50.674632785856645 75.398679581033278 75.081139162337379 76.023807197134502 78.393951474647494 77.982229475899715 77.945074725034331 58.102441595870545 76.499810625280077 60.264821645426544 74.523329823998495 75.065460008560777 77.6979845782528 101.38153070446772 79.49627017044952 56.780092066172386 55.074981311194342 59.038285432463326 73.80864647404556 74.580074621035692 76.86327851206363 78.982809366362048 78.526721655870617 51.332018918761371 57.726281047888911 59.275355726487632 56.654748864071813 75.637605379930378 75.956814162607884 77.436638031814823 180.63829768866046 27.924505298535564 28.970784078334876 49.609641315958186 57.307577847846431 58.919547584314401 74.403071635487962 76.972283919992392 134.46228387350999 9.5333141197347704 17.617216293303652 41.32819538939556 49.026730091856038 60.325254362968849 57.863004200261528 76.594123480099029 179.56909764147662 25.178695576646966 7.2906152210354289 30.332609005023304 28.175387675096623 58.490687312084418 55.319344455912628 26.482792646955509 15.733768765191456 19.955049102601748 7.4665869961396236 6.6127340164904833 17.851109317364081 4.0086689178323249 58.190545894709629 3.5306201569362141 3.409130583221879 20.89406613111392 16.894352383208354 17.92080552786015 3.0870245551652205 16.541603376693999 16.223635675162608 18.071425796017927 2.2715119318825385 25.051279208934524 12.470692263435231 10.111272581635435 0.29930767699720601 2.4581478550255373 8.588475351961204 0.025628553346024555 4.2321518315596212 70.555114560493934 42.984093356781578 5.6626767995045704 2.0624460291186764 1.2762543588338418 4.1226419813453576 4.5791892212384946 0.86967532311513351 4.5063486631527372 5.9642673065479093 14.438338118991412 3.1257711871603409 1.0423732109312245 2.1766166562400735 4.6440365587363983 58.071905540991892 5.1964494784728847 3.9446361562978249 6.0406639245582037 1.7531159822299707 0.15676798916904908 5.5865335464751213 43.62748695794938 46.95043668382047 3.3216992103010017 5.8652255893082206 2.4151684747104554 4.2802588801287405 1.3603368065949841 6.5383577102045134 44.025501693262925 44.374039986967333 1.6092226574079327 3.8395412065313117 0.60688438788292554 10.723733044736417 2.7140321245548393 15.025877539773257 46.497608551891531 45.1796196831191 16.155298434085864 1.8550854437626905 3.2072123703013933 4.694548873261879 9.6515947866470366 44.588651382208084 43.472201983375847 44.800579721230193 15.19196580955062 4.39528020908178 2.1533068374956001 45.10731214298859 45.844329972961191 82.741560580008652 40.055749760022927 82.782907265116847 16.356126178757627 24.833245571320507 2.936665869798976 80.708487468214443 82.282141199727093 71.365316759705365 82.755160559059178 81.928761541366029 17.522711211892261 0.36076368920524776 82.148336532628988 81.224415594692374 79.900605541233958 81.231721630050316 51.035942730138345 180.44644730075231 46.276418621021072 46.88369945490065 96.549620160989448 78.417517347576208 79.806473738866885 83.460150745275484 83.992906818761426 84.653636859714041 79.774085614176187 64.42249466624834 70.124519090378541 80.904362983191447 80.186764941834895 83.526856263501855 78.736159015376856 86.750262066531249 80.247484820427005 78.655005173985955 78.641289437643849 78.615211951553064 78.712653367273404 81.537239490967735 82.462616716917495 84.564609093805117 81.340981031994545 80.64257813752927 79.39330322514266 79.667426367251068 80.273705962905098 80.880601187170015 84.402102331308654 83.653334759387249 78.718639026811886 80.557167605607702 81.589305207299617 82.030331096114708 84.037838685444285 83.322744520043472 85.997127770366987 85.584459527909772 80.012594728143796 81.077325089655176 82.374485201988534 82.717692461863038 85.15751959757597 84.414512158487398 84.88681046303121 86.065369004766865 82.568003465282544 80.990429699671878 82.211947504233436 83.361252339564857 77.750716801324657 84.470799169884657 85.009907897090699 104.07950524077387 81.409241596604318 81.762939523335618 82.985674400299629 83.390219452391918 79.640644922796028 83.671046423057476 84.130247450131662 84.464582294564252


# name: v
# type: matrix
# rows: 2
# columns: 320
 4.4388033362693289 -1.5491047806532685 -1.0925855443962542 -2.3617106020879088 -1.016990771576515 0.13197056170418925 -4.0582034189142178 -2.1848560259870178 -4.5960166102304143 2.4058907102644311 -2.4216167098032226 -1.4512721377233826 -0.74118715823311598 -0.14902737242205141 1.0005667353471679 0.0054553980679680576 -6.4961687223001814 -4.4819068742017949 -0.87902986907570946 -2.2106875485690907 -1.0025378110986032 -0.061411518680785045 1.0429398174981717 -0.60979153053378155 -0.068796354526885567 3.2865924376512514 -1.1215701404307161 1.1313036246855084 -2.0624526438118829 1.8748045857433195 0.076597165524798977 1.3578653949379966 2.0170707265037211 0.95492287514684171 3.3281056842777028 2.9633624658421724 2.6116789774848943 -0.58015297816410338 1.4396657097243217 -0.13387381414258018 1.2195714033181195 1.6927678496731366 0.29377918358721794 1.9442446710413201 0.46726034977889697 1.6961192366017308 1.8280588466717529 -0.77171513872706632 1.2711614017498596 0.430673758018224 0.56229828007824556 0.10936950481230862 0.26010135380180971 2.48488750658221 1.7733916136773566 2.9708907913101901 0.91792018314157808 2.5807933735430915 2.7111601188903141 2.0895669078145276 0.69622466352502443 0.51111394600883953 1.1313625488516215 2.643714727215392 -0.66284613403819781 -2.0505131136318746 -3.4908805138462293 -2.5555409142093808 -1.5077071854644566 -1.2045422574516684 -1.6476043014502322 -4.8083481724781443 -2.4765362704986691 -3.3831950053424977 0.088582004479865986 -3.4832894110053703 -2.8442310051425803 -2.080919485346771 0.005309360207596682 -0.90902886978874087 -1.5499960110351731 -2.2540569261648593 -1.4323088233619499 -1.1794797613876218 0.83866394787753318 -1.9195222190057974 -2.8261667780382664 -1.4127205892250283 -0.6020231394803286 -1.0960639549035949 -0.79229864714602216 -1.8372148026038209 0.11551136418423517 0.2073075560726533 -1.9597380682106924 -2.7397967971818935 -3.1682207864163789 -2.4949522041247465 -2.2449768177499041 -2.4243921363073566 -0.61035821711340676 -0.45812616147760066 -0.10715704456151406 -2.6285570169830383 -2.2785956626473154 -0.97456611691671235 -2.1896837217296303 -3.341314496601961 1.006707972506502 -3.9390625180541057 0.33589112420024803 -0.14527699746101014 -2.565808119075681 -1.759299596095055 -3.6582142076917821 0.16275164623774802 -0.86631690461381905 -0.13051418635314449 -0.98235940944024569 -1.2993274048376371 -1.9632611211618856 0.87787214755859611 -0.39884650590045595 -0.99367540879632077 -3.0066605476788353 0.09846857267805495 0.37707480723109843 -3.2647911212784702 0.63942593884555221 -1.6492719426055791 -2.1094175652429947 -2.5519677698008789 -0.33436192622032118 1.1524378842007095 -2.0783446506184964 -1.6332550827619514 0.46292430641171367 -3.4309919044207526 -1.4957166384855209 -0.26415823193366156 0.9205810153150279 -1.5130588469036395 -1.0525446948723456 -3.1420302346738094 -3.4185798629185005 3.5571574910687298 -3.3052369035009281 -1.0901691332787555 -1.0932207390744031 -2.6964619955492752 -2.4803607510393029 -3.0124623926530552 10.35078207216706 3.7348233489201386 2.9794398013476497 -1.5108443825224656 1.0558431002588602 -1.1574954428978583 0.28301216482355873 -5.6091493302331816 0.50122354399183333 1.9291053876694315 -5.946706352189465 0.68467474729100142 -3.6240308908180112 -3.6283796551604541 -5.8437100517212821 -4.7820916405686837 0.97499066241336185 2.527918658689229 2.1015921764159811 -1.7966021606722182 -4.2779395006461343 -9.2258649412906504 -1.1946868770402617 -3.6901114844469323 -0.31910471256220463 -0.86365086495798538 -2.0628606792712292 -3.7817530173966656 0.020232868407558436 1.9661984537658426 1.0862742734625994 -2.9854016544627027 -5.7702912516331297 1.892113619862053 2.1111071574186955 -3.180466665755417 3.4649971789589453 -4.5833034787030398 -5.2479886979551322 -3.6875252458180725 -0.32948415540967885 1.4096056935038199 4.1268127163193284 4.731607621260471 4.8010133058994189 5.0563185054633246 -4.2294680883881224 -0.3069193709385597 -0.17840334145691877 0.45441881095969022 1.0532556106067559 0.637506940807825 5.0856706824726006 1.9026020827902639 3.0237596921384311 1.5386543244656088 -1.54222350575806 -2.1340909685441369 4.012925211846099 1.6362084205448795 2.5586823134423056 -1.9005465394526262 -1.3150803022383977 1.4765171974635765 3.3360134399478776 -0.23385907855052965 1.4256964585435161 0.28012933818283015 -2.6285217647752996 -4.0778283734668985 -0.22158259348692411 3.1088173661639691 -0.92266956557525615 0.54688962690237219 2.1408131044312966 -2.0455705683303478 9.7918552122602343 2.4620516650614976 1.605722144985877 0.31276865508608404 2.2728166734052841 -2.3975886739957981 0.75521055578572183 3.4789277549691269 1.8540672015362083 3.8984342278185187 1.6181343393369052 1.3174501970785095 0.99248652949534899 -3.8653379513087658 -2.3325938861193345 3.3362838050295833 0.091267496843723123 0.79445250808365253 2.0154783275944208 4.0896789299159462 0.0049418024971501946 -0.20367756037400855 2.9584516153513909 1.5822250676095404 0.72274497901281576 0.4863442623962953 0.36632514285010992 -1.1396072695747648 1.4338594504347366 1.964166359071394 -2.100086601167332 0.67743044112538198 2.5313470942818395 3.0588246385450844 3.443933021232271 0.80302522760272088 1.6479054659376948 0.88167391345715806 0.51532177851477956 0.52882137538686314 2.3853819085889332 1.4521072986996613 1.8470110492367431 4.1855403769384862 0.5308721063081504 2.4710041303136645 1.8061823875532905 1.2785633664317702 0.90222263079113929 1.6319109546751855 1.4161390423317155 1.8664389392316278 5.5454397065370182 -1.3503391985286552 1.7294344809755295 2.3642643008767932 2.3571905436569254 1.8044555035993388 -1.545298767860235 1.6703088555543579 1.5824197191261642 0.71827994803979522 1.2136330162985263 3.887995501818089 -0.067651415098394646 1.0568241156373883 2.4667350146713538 1.7057861357847803 2.0755554263794922 -0.76271842258028799 3.697306675104151 1.8822003974693504 1.6652183662853832 1.5938337810010517 0.254803720894828 -0.54716557451319525 1.7207022754366545 2.1928106303679091 -1.39565781473485 1.9580056933131651 1.7439419860067886 1.4618434348990559 0.71904045661134963 1.0795806053282941 0.82372460316681972 0.84227304398889624 1.2505258548282603 3.2021466561739809 0.43867216813325682 -1.9229581010921712 2.6850790331731798 -0.51027973608219579
 5.5987895625229687 -1.117490105380994 -1.3768529173220971 3.1959294126884794 -3.7778410474295261 -1.866885888065916 3.945173826532633 0.29108599795669898 2.1778117713727312 1.3485199404043056 -0.24707802799501932 -0.06360150400847743 -0.81039780598378297 -3.5171544656027067 0.90691949006495509 -0.11200043242230964 4.0677176570838869 1.0634697339613519 -3.2778625586596055 -2.0332394066007993 -2.3466520477594601 -0.66795303393584737 -1.6092028177117843 -2.4695649497646026 -1.1859321791751005 -1.6842615605321667 -2.1584343628421663 -1.3688265063269536 -2.1148053924406613 -2.5927086852808205 -1.8863316855641648 -0.97752397345291198 -2.8703528640036891 -1.3575735504779309 -1.8796290732800802 -1.8451573996441937 -2.9609489853181357 -2.5710607495490949 -2.7565375027710921 -4.3412949337775402 -1.7977567456277179 -2.995262126855692 0.62701019507353362 -2.7514676760970374 -1.2123739386219559 -3.0630822844400307 1.0508880001513217 -1.1428247049795541 -3.9373972198927332 -1.9298247472115468 -1.511915700213561 -3.0688681830833469 -3.3861182290336682 -3.0212812777259717 -1.6174612662391019 -0.23925626316669577 -2.9545292407659085 -2.8624243468958199 -2.8763139843288115 -2.0061549908378309 -1.6199971108987015 0.01054698722624061 -0.87669484283012888 -1.3167141796028781 -0.96535147095974205 -2.06674520186262 1.1803121708577244 -0.70265671128496998 1.1598929126802098 -1.6134463421139074 -1.4297573260212142 1.2975106343904557 -1.6351811972431813 -0.45567629086177558 0.14839066712188101 -0.63071884255977195 0.96119659355557507 0.47398122299110751 -0.53368476558016575 -0.89419377256995425 -0.35640922751762566 -1.887531531937928 -0.89143353988224416 0.77118161004334507 -0.31733787821973508 -2.1337558894418169 0.48902846445815817 0.2749136987646339 -1.9334273719873141 -2.023725683560174 -0.7190414434305944 -2.0237598605200997 -2.8199884345666484 -0.025085944778203528 -1.4330765308684146 -4.1517493444016855 -0.84394580096932414 -0.40506333298501535 -1.105332406032256 0.72959317693054482 -0.57565861260617301 -0.72121135621497712 0.30530077531207334 -0.59047401121657594 -1.0886382822759855 -0.43657259425601419 1.363334170827206 -1.5146927147622027 -1.3520781007231222 -2.4769032641263382 -2.3172101308303672 -1.0263850368400105 -2.1280139942291836 -2.1040441971971053 -2.1597378278198383 0.23050485177518909 0.36476382609378094 1.9660154886680274 1.4511542305423721 -0.058131075006010294 -1.6530378835446977 -1.4911460889643591 -1.1478925060140024 -0.63821202547438138 0.52416797252802205 -1.9658054511711853 -1.7950152094648335 -0.37071233893110828 -1.4985947257817349 -1.9052962031411491 -1.4143383981579449 -0.39146845439056716 -1.128404101198468 -2.7574830258186576 -1.3665624291104113 4.9291567219091457 -2.0418180042104659 -2.7356964237970414 -2.5595416988917621 -1.2143987563600565 -2.4731021305780314 -1.2260847915640696 -0.89397710713323231 1.5120815234880927 3.8064647779610414 2.1641473871138839 -1.9440862629784657 -2.3649817031388922 -0.4872841390045396 -0.16784622228789087 -0.85034806584176714 3.6364969464314552 4.0790060925250726 1.0647134871099184 5.6950017758415452 -3.6330531044429484 -2.4553437677558594 0.31043206973237575 3.9756514192921975 0.59933077666779289 3.427267268122252 1.6844396611178798 2.7883332483354968 3.5266312207040866 1.1137358024046624 2.1450473006429198 -0.035280514130551041 0.39553627813280373 2.5253501188139249 5.0100527105500205 2.0394812935804478 -0.095334821869409336 2.4531412185849484 3.6020111718522956 2.9453708658843212 0.47350773161190823 -2.6530697814681132 2.182676113160066 0.45209373950366916 0.63418442141016085 3.7567794046768732 0.4859847456204095 -0.093875694251633293 -1.5820291845645964 7.2161940694279778 5.9960307082412312 -1.1274211246311816 -0.72462654360661438 -0.38569813599523162 0.92521207624540569 -1.0173748651433787 -0.85944873979322123 5.0446224932675419 2.5207145001160329 8.9777298278450584 1.2551759132249192 0.20744763086449877 3.5485114322343718 2.3597120432197776 4.1833626856438144 3.7943464320759519 3.3001962309690418 2.4630878249931518 0.35781956070703602 0.65684967327116595 2.9649102614038148 -3.4941919893637285 -3.9781714172949831 -0.70301164487157985 -1.4178816720446097 1.8699677150492036 0.86557373764690171 -0.79825810519893592 1.673496772081541 -0.54692504592719149 -1.3512700218566429 -0.1781026631159929 -0.3625161471935382 0.74925742674484952 3.1063486834243226 0.36570605681835583 5.440488455974358 -1.1687114081994761 -3.4149933323954107 -2.5976670930922872 0.16412680110876887 -0.28386242316731153 -0.42153902379017644 1.9077300108608601 -1.6821727195639871 -4.0860080547327104 0.06509507748869714 4.9553758204151475 3.0173127783546407 2.1880271860799168 -3.3204844947257772 -0.93563744600677756 0.069447741771625271 -4.0377167529329059 -0.024574101419187047 -2.7084774625954786 3.6190648965486725 0.69052681767005908 0.35525143194707143 0.076223000264320676 -0.81940030315974965 1.1677796759219914 -1.7218503125177571 -4.0722177475658494 1.4877868361099646 0.53020902718026797 -2.2191851835363114 -0.90022962233307369 1.0821366209155328 -2.5639670239149237 4.0361142509800016 -2.6839710856448948 -0.98372482329654354 0.86357808203941411 -1.0692594774918538 0.13843560650820472 -1.2801440768313896 -0.025073043083541677 -0.81256938759947084 0.14002228046568693 -1.072369632113483 -1.9795123299974435 -0.45472822584732758 -0.11209487868251097 -2.2759819242106114 0.87992837805943303 1.5264109381085504 -2.6718792320487545 -1.8906819629929212 -0.1043616398132102 1.307700073002358 -2.1145358402145957 -0.55474660159986455 0.91480601774836035 1.5970287459391022 -1.3202375668457633 -0.96188136314266059 0.80743784439332267 -0.47939719220945215 -3.4794442945494968 1.6789033913974445 1.3168029906172458 -2.623933430772782 -1.1913715345656339 1.2032489470015006 0.32632180032003499 -0.96669525850340099 -1.4159824897289348 -0.64568259010743256 1.7642358800627786 -0.41466013102896049 -0.5842392562411346 0.90022001373434923 0.45610062315024469 -0.12741378166278222 0.17366940459547248 -1.2591559083343409 0.43452520963384006 -1.9871887638573542 -1.3457715535957602 3.5838734195349744 -0.92475311595406617 0.22532712543541444 -0.17518694368094051 0.68675152182000432 0.64017116354209302 0.86129832952167451 -1.3306049998058154 -3.9810898508191443 -0.34611646706922122 -2.4966865232410806 -0.74368769817827474 0.017826381050002185 -1.8338443170034671 -0.71704722511795571




