# Created by Octave 5.2.0, Fri Apr 02 16:05:23 2021 CEST <br1@br1>
# name: ptcls
# type: scalar struct
# ndims: 2
 1 1
# length: 2
# name: x
# type: matrix
# rows: 2
# columns: 320
 134.2405890282846 97.83659071364238 96.233875185705912 84.631592737491829 100.58915386651154 110.27628024094214 75.825966520061911 89.709239190893896 104.75363089754919 111.73483267331848 101.30408572034044 97.548670862563782 109.82768936608787 110.9400848775234 109.14725019120306 110.02695354705131 105.12143037407714 107.0404148874325 100.51019148328098 102.02687702125401 102.20958217005096 142.34173528568996 109.47608187781829 141.37319863487104 140.38899577769155 125.66843150196004 142.03770928168066 138.90391028088305 145.31839079238119 145.54974329660456 140.50703905060277 148.1086827199683 138.63947553097682 119.39769270147549 144.48269954781949 141.29958237081485 142.20268523157355 143.83789471302802 144.59423891111811 145.96712810810001 143.17342365678147 146.23619327995081 138.55697344780813 144.57822872564617 141.45154665390561 146.54557731277075 155.46900838754581 154.67617876320915 142.60161569032397 140.96068730555837 139.83201256964415 143.39070900951387 143.60754697808602 141.66977258899985 155.80806538176222 156.79191321908397 143.02640772027601 145.63092606993646 158.02423030139121 155.01007864159982 153.82886746181543 156.78225363787834 156.64020219234141 155.54717221165549 85.42545350523028 87.57024100465695 86.45314780673354 74.250515043806246 87.212981691027963 86.181702140975034 85.303389892026928 40.443382348553286 89.739682402821046 89.043172074735608 88.320182632505094 87.353559631017092 89.3733055984694 88.206107346726455 88.247169174354198 85.17255485570935 95.180181860236118 92.644191347843687 91.820303038990872 89.122433229604283 90.240108588204166 89.339593656101357 90.328946102739721 88.411969358827832 94.496798109281599 94.070255615273979 93.110059123429807 91.05304735893813 91.313289483719188 90.547577508189093 90.5169214340454 89.432866202983405 103.85919565804626 98.244195975531852 93.502008059530411 92.299082130108033 91.620066390302213 91.521869927882307 91.498727183673267 92.549422745443579 98.79242083249683 98.434506883804133 97.041148392659323 92.510186756345647 93.547479569432312 92.601457185877777 92.40118288894341 94.718737990234786 97.400165323600234 98.211500397914136 101.19150479319286 95.169954574925256 93.402862380015904 95.625616948604076 106.26200244418419 93.635118446655412 98.675258108945883 99.480116443321634 99.491674401080061 96.022498051262772 94.298536737927321 94.632153735006767 96.503213666982958 97.188491502761693 110.46176715658905 98.51793844929739 98.468864285429177 100.65062380968671 95.231192255828063 94.427539100089135 97.196319232288587 76.355593835633272 93.890383415965999 94.594100582053699 97.537634231942249 104.99662566274914 99.980675696816363 96.312554404751026 95.48118849518994 74.733620626455917 123.86007892832993 108.06541695343306 83.01293766957096 98.103407223009611 100.10960422316879 100.64529780892308 96.331703504965574 77.501595314939721 111.84874805148849 109.70652326886619 111.3411022797507 94.911202115466608 99.356099744943506 99.87232256960101 107.2049437695707 102.47384327004418 109.68433240586802 110.54068836235037 110.34788667529662 108.918054968558 109.10091130285699 99.59094050567262 104.00070324782111 106.18085595971725 110.78985462991025 109.50817687801346 109.10980956754294 108.02017868544552 106.15924882622636 107.21907129033001 103.77229191193828 105.91632389274133 117.83724661779245 108.34840476622686 105.73081120537279 108.01261657952472 107.23056072766188 106.69825841367152 110.00644121966404 106.77093046033524 118.27962875951894 148.68964498555727 137.47067437408137 105.72655685662282 136.92527465004628 103.63886598201866 104.76727769079842 108.06119900781191 138.1143618387747 136.75732892731077 141.29819891195262 136.66141284965232 136.07636982088704 135.58020473593865 134.36620475185674 120.13049181363455 138.242031011432 139.29478827881809 137.34760282184939 138.96785959716095 135.22374515159066 137.516456112074 138.76684036640123 141.50258295484721 134.56271562997665 137.62473938214214 136.54820630447546 136.34452755530285 130.62674768460943 133.15426605917284 139.96823566628487 143.02664544827172 135.65030606716198 135.46110809435461 133.88263263543527 131.68528707874472 129.02482536149074 128.28140876372453 142.2913699634037 137.62373032163205 133.04904792428525 133.35401348891622 135.00442527119941 130.13439368064704 129.3819511295265 140.92770774849123 142.3062740751343 142.24592566280344 159.45032354911112 132.77709981029571 134.2932381712321 141.13374817348171 143.81362792835657 151.94501386274999 146.90077331891143 157.30378416856573 140.00878850406474 129.27162291465723 130.49640611194417 151.12867025256904 153.07830602702921 147.76774850941163 155.80059255455691 156.97110526702872 140.47377814083919 131.25272985618361 152.16481998895608 152.29863799369679 155.23351733143218 150.7686913759172 146.60687014204751 120.63886733449422 157.35353537517491 158.03312177805992 133.91253379804601 161.15545840649372 155.58306352013221 155.04549370112073 156.85502836867434 158.05273315180673 156.20555327616404 152.1551101802466 155.14861802945384 154.54857841551845 157.149411767505 153.89268077658548 155.12792024068989 157.17026723359143 154.45042131172926 158.12633440401603 157.03561765734074 155.69095931096945 156.58607411464618 156.25963665419135 158.66038541778184 156.20749549192863 153.22130169671752 161.33769713577175 160.18076416094405 158.24867613597203 158.22055524336244 157.36746671435236 157.83635893862552 158.88305927195233 160.32430318268962 159.29553519688616 159.61738500120055 158.90093523829384 160.35142328085104 159.29754313212817 159.94336327924745 161.76885218162062 161.41159761869503 159.4375321546076 160.838033484362 159.95487029771485 160.68391380256713 159.66997444668317 163.05019923371907 157.84850483886987 162.73721809771834 160.53832175458831 161.83957300120858 160.93251020225688 163.6266167040572 161.78417618480361 162.62236516608567 156.72758160864322 162.32659695251797 161.61311180714716 163.54052148264861 161.40059148658116 162.7201668871889 163.61770214125903 162.15969958141153 163.71122887835563
 8.5181864277772412 73.500934578673238 80.749671455069333 142.99314980432669 65.802032450733975 84.470568860173131 151.57736182954102 102.87779451816284 10.014868466247245 30.802397229105853 67.815308667536698 80.137227866753577 89.262278866140548 85.766964621098992 84.06894816278907 83.140281292813427 7.782270365877376 8.936865991447398 70.030710691892992 66.852856636894217 65.521883897752843 66.429133779905371 85.215270310422284 67.001984740094841 61.569418416518054 66.498977729920213 60.480618826130964 77.027439670707352 63.217817197306026 65.398481475924157 66.294693758934002 67.384110121616629 58.015607522815067 46.638797109045811 64.884948059986044 64.068453699742747 65.032736257718796 66.942523817554218 62.391189318054003 64.302693810147233 64.311945172533768 61.55887857785676 60.8359037688572 66.180888162869493 65.839920366281291 63.022395146090687 90.260453978411661 90.966365279169707 61.386158695601296 60.565504506476387 58.859638663646841 65.596751496112944 61.458932849287415 62.572167511063682 91.366004808812121 90.568072753537564 62.594166421265619 66.875856764778803 86.374452060711306 92.025707601271762 91.966129026136642 88.311906928332959 92.834259857506581 89.111157615821369 79.799324846088354 80.01474394659779 80.574050573954239 80.072018190878666 82.855300936744641 81.707550357818363 81.000071116257047 112.82529059914249 80.644623216148048 79.730839848814 80.736413208373051 81.368063557085037 82.584882807323979 82.169180216872604 83.300291871333542 82.044982397843924 79.259780801477561 79.638151095953972 80.408390995455662 81.549575591917161 81.929984540215926 83.605164001796993 84.230225418622069 84.326752201638513 78.461695298746633 80.050455908887372 80.718448590576941 81.135650508268739 82.382842740272125 83.159937880612034 85.361691383494289 84.917305238588696 80.121016258324431 82.264935939711449 78.867837543366093 81.514547776444033 83.483496832902873 85.730191822246525 84.690734704988373 86.198743874168926 68.319977976747879 64.310361223798793 78.748447968585992 82.61796554638066 83.079103382817109 83.865222556639011 85.135454554440216 84.676502823977643 67.155531289952421 81.016705179727168 71.072208540511767 80.383460679388222 81.885803139113847 83.995490470792745 91.150893379141095 84.261066186317478 65.685852687849447 63.958646382267986 69.039197995766386 78.449545896839552 81.166159360923473 83.403873831249513 85.100955409095292 82.602110655857359 61.897111735519452 67.180934469170381 69.375382072846634 66.899227160829255 81.625261703578502 82.267572910069902 81.349141336735713 150.57903438496734 48.307112399181442 47.396738134479151 61.899902881930885 67.965837836122901 67.783988781627599 79.645212921348175 82.77823070925119 123.80210913292167 26.713912247764362 14.037013170574525 55.034003543389488 63.00709263683423 71.022244725901032 68.738820216751051 81.865895347484724 150.46223365129842 14.412120528995999 14.414078708439511 12.915578306887433 48.661327622082197 70.132824068466647 64.925718746104423 30.011432652395179 9.4517083063863936 15.506426145668179 13.678313470101806 12.489841499714105 11.087974101055861 9.669784784976299 66.399966064193833 7.8566257661472783 8.1114691054113113 14.667241745487749 13.17975758402236 12.122846098628356 11.732622803442684 6.9941129169605603 7.6306954201438542 10.622315357503265 5.9032430426810407 18.871219739828934 13.007313942609494 10.379896538641406 10.465953790949847 12.629994940667412 11.273209345539739 11.172929286542145 10.055071142746286 17.740825137618451 0.71428462798693138 27.567794546598815 9.2647201159847068 20.924588287302178 9.0410720816620813 8.7295209625941599 9.3567072448805302 23.726407164116747 25.798580896021647 19.600960565528965 22.025508673053256 24.948023022692684 21.774513924382223 2.4267421434811567 45.743858603591946 25.432291171155224 25.075196199630685 24.693354673065382 22.61950678699025 23.891636966541615 22.888567820956109 59.507405855871262 61.430150012198574 26.410400072246677 26.417183961714155 26.855702890254122 22.99880634559047 23.088992165127653 24.034002869044393 59.921105433690542 60.06749934029645 26.123797211844501 27.253084517238776 25.417718126610435 25.279467818599908 24.518865531316262 25.384665574085354 63.388303645461903 59.905799265239487 34.468851440386089 26.497706552437766 25.317266120388972 24.326348382695937 23.353549646051373 58.51046264666028 58.184051402646553 59.30121648894923 19.743433724376402 25.04101268954291 24.34521862518292 59.513823539660095 63.342167012792153 84.144847616886821 67.099671509694446 87.376363544967973 41.431097576452323 25.742060265018633 25.449482469822456 82.579471404838969 83.698232687246872 77.142088896986735 86.089216803351306 86.282869659432862 40.2516410458351 23.97473775597286 82.978470578636475 81.893529422243546 81.942077195796571 83.649962799605944 65.852724895873635 151.99184183132684 60.00040474832555 59.01696948563319 90.461394682618518 80.893296075450607 82.92471286372384 85.12684557290882 89.471188936053295 89.552947587048152 80.023468102334135 71.982700572639445 79.95473778085001 82.858066372537536 83.852303233444076 84.543918567583859 84.015675791379081 91.803883656530473 81.138553339453821 82.138039080632566 82.622716779166822 80.964464120383241 81.534477795179541 84.687414388015071 87.663397623382153 87.414806060637233 82.615870797093748 82.049847345131511 81.335564952062441 83.2151726114745 84.475323499826146 85.243069073034192 88.481316103102586 88.7621723419999 82.668482424033485 82.116727935065825 84.663561061415322 85.56575292510054 87.049732074052898 86.663148076036379 89.061690357760284 89.521111130810979 83.141832773849217 83.416606402775699 85.104382630586798 85.712416117537444 88.155804345671328 87.936110870267754 89.207657683685696 90.586640175868581 84.966599381108466 83.776077362242859 85.476428881870419 86.183284724188141 84.356874724490879 88.452685226167986 87.758905483693297 98.007352017642063 82.56589788796289 84.282375711914412 85.832828318657945 87.316100822003278 83.66652029263436 87.147621372656232 86.553734928629652 88.198862097276674


# name: v
# type: matrix
# rows: 2
# columns: 320
 1.3579693284185725 -1.5491047806532685 -0.97689086955736193 -2.3617106020879088 -0.95685856036412031 -1.1320925499585044 -2.0570704976015479 -2.1848560259870178 -2.4271735444526432 -0.62397535907694635 -1.3575330440128748 -1.9157238881073051 -0.74118715823311598 -1.3095472337087313 0.14950730971472806 0.35510885330747366 -1.1660938218810333 0.15243962419950624 -0.91286719496372415 -2.2003606602126506 -3.5394273660486553 1.7427445367345418 -0.2950880426885899 1.6655262557316441 -0.88794810581906813 0.18963793975630527 1.7866324325345819 1.1313036246855084 0.46668758762515405 1.2150819228641974 -1.5981193856724356 1.8519486662249329 -1.4592444064245074 -0.46287999204226909 2.2305382559244316 -1.4779937758762518 2.6307672470047976 1.3634161032509595 0.32019455620689469 0.60483029479662875 1.920202875114059 0.54085958562452019 2.5200505760841212 1.5903070810683182 -0.11346038628115399 2.8431779709297538 4.35104151110232 -0.27202599789173176 1.8694125221974685 -0.54999122511009113 0.80622138143987332 1.2638329899396028 0.99054883182957565 1.5665329967448289 1.9419972962501157 0.7265774936860373 1.5258348804515411 2.1291284956585796 4.4564271464498599 0.71124070227630254 2.7248218399348749 1.3004313585994525 0.88785405772208847 0.90809419255602108 -2.3442784177244413 -1.8076505899335702 -1.5202795716029509 -2.5555409142093808 -2.8167475212075153 -1.4732341677533116 -3.0424812766445024 -4.8083481724781443 -1.3317669067296389 -0.13038535103766771 -0.57549880166034073 0.61886835253963013 -3.029148657644404 -1.909339181282969 -3.2390541323923379 -3.8431819162971417 -1.696999943476651 -0.85385763965461126 -2.7372116994983706 -0.34164975219685118 -0.894886615852867 -2.6290658802186506 -0.92571959724191499 -2.9164287948417216 0.82047393940855684 0.21725676590110962 -2.0632493198793234 0.39860349570221537 0.14766477886374274 -3.5607388361937233 0.53751233896675576 -0.40863365956255082 1.0957960171126855 -2.2634818896239253 -1.9053892865016127 -1.3176069080467043 -4.5046007968542296 -0.42688423562528915 0.088399252199326817 0.48957691638674666 -0.020837915684412733 -1.7305172721355147 -2.4229790720164877 1.2402771748881438 -0.44207772598424039 -1.3543744439228143 -2.6506271250779743 -0.33555230383706325 -1.7425713782497891 -1.1891592355269476 -1.5538442756038886 -0.80049425668413543 -0.1602367982084088 -1.3429906428414466 -0.98235940944024569 -1.0251412129312949 -3.1913816589335822 -0.43808659770027197 -0.3612536041146428 -0.10680607809499537 -3.2062846252413326 -2.0823703350649656 -3.0146218927363746 -1.6625066803601005 0.63942593884555221 -0.049721578207495676 -3.741734085528146 -1.7127402189681693 -0.63427587605559776 0.15989832968590381 -0.030321360210496029 -4.0270072596595954 -1.1961658070636989 0.045145106092073645 -2.6756148924773391 -0.94314333146569318 2.2443898921592216 -2.4186451973911813 -4.9211904669857303 -3.1420302346738094 2.0503194377782759 -0.51963775576324756 -3.3052369035009281 -0.61322851653140198 -2.5652008544389804 -0.52424741410544062 -0.3767547949935639 -2.619843137068075 1.6507890868743673 -0.56386903367725494 -2.7097478850967271 -3.3278912795598887 -1.7059151204381453 -1.3201722527894468 -0.91553894821569615 -1.2329137987272372 -0.60891648478432858 -3.2585309647795229 -0.20751461459174131 -1.9797573981125753 0.041928501337684776 -3.3182344931307157 -2.3100953590630677 -3.1215677046677905 1.7100153242203806 -0.19032328262092554 -0.47272693116939907 -0.44675976677581603 -4.314578053391096 -2.8741130601065388 0.690643396024062 0.5388519838693745 0.36623278298322332 -0.49931318333243291 -0.072226367971053654 -0.37108252708308404 0.17350502033049814 -1.5826499363314324 -1.3817667307729227 -2.0742609877054554 -1.0976858349684571 1.9063454546835059 -1.2675848608576696 -1.4736687827219461 0.65693914564587863 -1.2276058402848582 -0.53737015668773136 -4.0746722696400042 -0.84014872889269732 1.4235833189156637 2.5327848163482951 0.78373045810104969 1.7596570742693751 1.5747753000821409 0.9259881844467065 -0.47111981853257506 -2.0818323873075744 0.43560654353894396 0.11364493753953159 0.81836386051184018 0.87392211830616162 2.7238017544579476 -0.95083464320021949 1.2455132656184544 0.19094763593600403 -2.8009001735538499 -1.6036257048920719 1.5135442184441721 -0.25259473904933105 0.168884155911107 2.6387824448481605 3.4046616095928046 -0.24899910192472355 1.9814626140826703 -2.4748023812838742 0.073407748155460556 0.84363232660684595 -0.42155811691213968 2.4890249598984169 1.4915779908636968 -0.92266956557525615 2.4012124750892068 -0.34040978324496851 -0.58125655750701777 2.7701614928590383 0.12543209448212633 1.6447547500900424 0.74477984554884624 2.2728166734052841 -0.54867426026184307 0.29075207958187294 0.51209519040245521 1.802071843313616 1.7692930916550309 -0.24124049960924449 3.5659137350166947 0.027008490803236793 1.8528198038664532 1.836461420627759 1.87151891984136 0.62882499276281156 0.79445250808365253 1.1220703819684099 2.2386965165830555 0.97041984118927005 1.1740417845829496 -0.21863281881298385 3.5222752778288213 0.89728812387018642 2.129566793437911 1.9925609263399704 -1.1396072695747648 0.62718238403259163 2.7708434254735277 -2.100086601167332 1.7123639531747121 3.4513916878790605 3.9554202495506572 -0.95354706895553409 1.7069618057610021 3.0926095081416913 0.88167391345715806 0.21325286536438207 0.55355201367029327 2.7341482736968183 1.5000283128638194 3.3190906531504201 0.29910589261698806 3.4920468851285156 3.3727607983631995 2.6325733961455287 -0.67190740592327824 -0.33071009843611271 2.0936956074300488 -0.99185602842937981 1.5021712595809886 2.2588940601807121 1.0590404239135174 2.2517527640657011 -0.77691669185748025 0.45770319885574728 2.619921886061797 -1.1438736866438453 3.1712367762440175 4.0302440395193022 -0.64014140823873822 2.1239414380006005 2.9656136180467794 2.1025010965716193 0.2235776585223512 0.91725900515170411 3.0179096366684202 0.95979485346482085 0.7924620336467616 1.9873564998257722 0.91288388557921274 2.9591000516463049 0.65404487309291892 2.8775072165819746 1.294687051093439 1.6124223763305032 0.4171684408679579 1.8782337039973078 -0.78238619548443666 1.6687519261677282 1.8435689954943935 0.4282916987328963 1.0795806053282941 1.2380911049748218 2.2516357619607357 2.3936064315119032 2.6228052057381683 -0.76649892143097642 1.3379860983823837 -0.10677684013661481 0.21066594022464422
 -6.3445512990119379 -1.117490105380994 0.28294222586901718 3.1959294126884794 -1.523729282182358 -1.3980439269952465 3.1102168249553466 0.29108599795669898 -4.413712195375961 -4.5400459979297505 -0.51171450536770313 -0.32140925752648758 -0.81039780598378297 -1.2029626459503353 -0.2906906982037783 -2.536819249325009 -5.3818464540866806 -5.8378629524421726 -0.49775572212209962 -2.3257528486517547 0.18705190487640039 -3.5051654801453451 -0.84376955896192252 -2.6486601442552566 -0.77323808211072564 -1.9360448762617062 0.079447877229755826 -1.3688265063269536 -1.8910904607015999 -3.2319564101508078 -1.9015686515657972 -4.2143693199384309 -1.6766462229032366 -4.9150395943939786 -3.0187997816493399 -1.4890317508860842 -2.9396379087277977 -2.9804185898122348 -2.5748420665962404 -1.4024574117332895 -1.5205852423014721 -3.9892432056010541 -1.3876337513952919 -2.5389605507198802 -0.61196230747947311 -0.95204251255092265 -0.83921094167026855 -0.3201926674830714 -0.38919415765879328 -2.1343057592940715 -5.132661149108019 -4.2777725572473821 -2.0793718261955578 0.087093441455202314 -2.1544600331112713 -2.1255496627321371 -3.1988743061742411 -1.3205779573337482 0.19189663664242401 -1.3377505798393894 0.057895845386053316 0.80290171549831268 -0.78454069520101799 0.86553433873226093 -0.41720923504674307 -3.0698110588903824 3.1684596903912805 -0.70265671128496998 -1.361326658573851 1.1031128993175303 -0.4065942743737751 1.2975106343904557 -1.4588516900651782 -1.6975563628701456 -0.36168754500148498 -1.4712416314491044 -0.19909529242283602 -1.7472222661093824 -0.48468180051785187 -0.77268977683792328 -3.7227061391152536 -0.96484389457710873 -2.4093788649536783 -0.51908166073311612 -1.3705373497057181 0.036719871167725932 -0.35954873263882853 -0.2058321560103773 -0.88232677236033152 -3.9822124348751324 -2.664737856930202 -1.6819964867071042 -0.067157711051667096 -2.4046392957004388 -2.9575047872160645 -1.5314122270481978 -0.76998383527079506 0.22353575116942612 -1.591408599597318 0.48010135525069492 0.80662410086787251 -1.3579943604891078 -1.3946444633611668 1.1764140601900865 -2.5993676036003404 -4.8946539726509055 -2.3555944822913943 -0.92265998555792494 -2.7215104403751287 1.9973620893466451 -1.4772789412175207 -2.1340916323512755 -1.451422869832492 0.22420242175953711 -0.90148607064960662 -0.20646838158316577 2.8779849471799874 0.84999170086467057 1.4511542305423721 -0.64847815437531531 -2.1882063292760985 1.7325915204951043 -2.8921473851397388 1.3579706446409516 -0.21998153844274446 0.71262473120177916 -0.72768903673465746 -0.45448240548177388 -1.4985947257817349 -0.48004944077034445 0.24682148628047232 -2.5760507827280783 -0.32061630841743671 -1.5201173588792174 -0.34272784175713422 5.0428285382345006 -3.6543387719063194 -2.9745130472742933 -2.6943401328629011 -1.5869886814609546 -0.80291011171888471 -1.5914927047267533 -2.8142610206461272 1.5120815234880927 -3.5162276711970275 -6.8489080437097325 -1.9440862629784657 -1.833276066063861 1.8778322949192237 -3.061426179091161 -1.6819991074797986 4.3577821316833658 -5.6099436189102727 -4.8885367972137175 -6.6156688220503277 -1.7817157132698551 -2.7543212875679517 -2.4122252655404886 -4.8047683630626112 -4.2010080620346537 -6.0813995410311046 -6.9406925135472672 -7.5461432974086815 -4.3290772461575928 -5.8201781714295588 -1.1948969632742326 -3.9408840561126124 -3.9997896536404998 -7.1897138285407571 -6.0252418811433017 -5.6956444752625153 -6.6604854180181476 -2.91753771305864 -6.5622916337523503 -3.2932407581075118 -6.9132869174760847 6.5274379438661718 -5.5556911795622366 -4.0382838870177205 -6.9355974317364533 -6.092616653025102 -6.2640462601575901 -6.0938291711282959 -3.9277470551429197 8.1920942118360021 5.9957003488919911 -5.186225375196976 -7.2482153940025809 -2.5234769778290707 -5.6244279383701494 -5.6434129456114137 -4.9481699610601027 -3.8196638565166516 -3.546260019257609 -4.4806091023851753 -4.7741557130965315 -2.3217440821996211 -4.7838209664546296 -6.5093544091306157 -1.7912058973520111 -3.5917057760131104 -3.1395867752778939 -3.6412856874416266 -5.1800601320500599 -2.8743529123068003 -5.1763468866765328 -3.379819242635294 -1.2780146353256936 -3.8590304821405841 -4.6902894880943036 -5.3603434289296468 -6.2668661488376909 -7.7114221892467834 -5.9219592835326269 -3.5667646090406819 -3.3241340729771625 -2.0575731613402022 -2.9237365332445608 -7.3240900645030109 -5.5693337608569911 -4.5561869429568134 -4.9457905949496066 -2.5228330975514957 -3.8689925508677869 -2.5976670930922872 -3.3389296580768999 -3.8642233370928381 -4.2883970634710957 -5.615720968831643 -2.1040006392267703 -3.3175694918952967 -0.39776703555651016 -4.9553758204151475 -3.7232223151380501 -4.1036514348176265 -1.7439172313552294 -3.7749722665092014 0.63475033062123032 -1.8407138656356516 -1.4864166610413232 -2.7138061623087677 -5.9528041865396455 -5.4439436824097873 -0.49542609795073839 -1.1586117747360181 -0.81940030315974965 -1.0938780187253603 0.53536687668612426 -4.0668890478525865 -5.8237216801653924 -1.1808815868915323 -0.8665536725032521 -0.21894882236717855 0.29324237259286018 -2.9243265781402075 4.0361142509800016 -1.4014238298215487 -2.2662720791198696 0.86357808203941411 0.75276306345403188 0.79256530997924157 -1.3715685186674034 0.10704301714670614 -0.54419996327344999 -1.7779849103920264 -1.072369632113483 -1.1883825635734606 0.59175434070160626 0.51260747345019386 -1.3315022878211051 -2.6072558161448485 -0.51548916420829904 0.14680490053870443 -0.88703806883514114 0.4268325193498077 1.431482650008352 0.028508176400141819 -0.84535052735787186 -1.5913993056450764 -0.69914648426029102 2.1116466030891989 -0.36176875046672502 -1.3431699899744713 2.0991884755097887 -1.6297475303124755 -0.25140570426504855 -1.3563898536576924 0.9554530702178704 -0.60871041199277254 -0.16051521411996214 -0.41661804781036638 1.1545779437901982 -0.20387209342264506 -2.1101063584381436 -1.3519407855058387 0.83467514469418558 -0.4878128535550047 -1.3879105705020176 -1.3728975949281752 -0.48539141104399602 -2.82655647651135 -2.4212213989321194 -3.6393646763460272 -0.093909792514281026 -0.90177691426924789 1.3699085915249554 -0.50440150479906964 -0.63660416677022535 -3.1942084426877848 1.2141885511837343 1.3235679251510351 0.86129832952167451 -1.6788540772199085 1.1301748847058255 1.5104666186562525 -1.0928582273539562 0.79194207436309472 -0.67699519534020491 -1.9000583258656394 -0.34760145465808095




