# Created by Octave 5.2.0, Fri Apr 02 16:03:58 2021 CEST <br1@br1>
# name: ptcls
# type: scalar struct
# ndims: 2
 1 1
# length: 2
# name: x
# type: matrix
# rows: 2
# columns: 320
 124.73480372934159 108.03158835429129 105.7232849768059 101.1635669521071 111.18135048384518 115.80121686456636 96.656787798995524 105.00323137281217 117.71160269186463 116.10266018685196 110.68346669473216 107.04147787188123 115.07600581865067 115.53567543109409 116.30945605785794 115.089537337462 119.3369326049492 118.49215180649429 109.64480586133327 108.49802154418265 111.6431611676952 135.33827076986071 114.27083096249875 134.71673503755338 130.96549001910631 124.34096592367493 133.70158156925407 130.98478490808037 137.15614014347389 138.4662782491985 134.39992300942546 136.30481352418531 131.41972131215834 122.47163282388931 131.31974071798206 132.1847493265156 132.9724849637486 135.51743033104495 138.68620200565505 138.46516099826914 132.45978099618463 134.85558125436012 133.53436022576051 133.93987930748446 133.46820450419975 137.57922009343173 146.85821036766839 145.34446935244839 135.15268674547463 133.35727381679453 134.52835377696101 134.47460378480875 135.6131938078907 136.38057391070421 147.22440070958137 146.81061341860885 137.1619227357603 135.47381775363846 144.77744755299324 146.15066999979683 144.79666853844435 145.7508159201588 145.63400873238413 145.83763377905211 99.673526751738137 100.61684746148487 98.480450737715472 92.139301443276537 97.55101083397706 95.492115075499783 96.53021814933453 74.101819555902011 101.70637691272047 100.8550877605589 99.298875006975109 98.313695515243083 98.572668353686907 97.510588530843776 97.873430771651044 96.623471711080498 104.01993473378357 101.86897631882857 100.41466501657158 99.422484731488908 99.452826946388399 98.602899693222056 98.880792417141507 97.466458204197878 102.91754688283042 102.50794511556629 101.42004730216101 100.43040953738517 100.58209131956136 99.686504993845531 99.674046560628867 98.627767234836753 106.94770889964092 107.15151092434002 103.6167179457933 101.37776839394407 100.59768099215152 100.66744908605574 101.62806489136564 99.745017893941039 108.13010387180888 108.75524784079015 106.02850859708198 101.6557325221717 102.80126728764749 102.59942658115342 101.65843504806952 102.77585934649252 108.7726055366801 107.50340123655818 113.22295486300487 104.67582242733938 102.29727267600957 103.52314366286443 104.5333752391152 102.62874933745323 107.81262419258083 109.1217378638826 108.37133091905903 105.67622551783398 103.3644973679791 103.64990346713716 104.60325165784131 106.6523759154252 108.60292654119172 109.44434591054507 107.55304288055792 112.45829084871902 104.41698980765339 103.74292801841572 107.60187977645836 96.237941453348583 105.52857766533349 104.53709975774755 107.1830785707248 113.94306952455838 109.85376590131968 106.54338640552898 105.13696738741359 96.727832269167919 112.68591181246779 110.44451684526231 105.95069321137242 107.52266678345121 112.6917726585062 109.62923747030918 105.49773718032534 97.715872678595147 111.98655346913952 110.93581920757597 113.01368116776263 104.88129533682853 111.67403416288053 109.49491672936364 113.61371640707283 118.29197444951599 109.63635561806366 111.6079618169187 112.61185132518615 113.87324658967806 114.54974159851383 108.57988355683142 121.53492043378188 120.50448913589825 109.28259402611974 111.73046580944983 112.85271335468327 113.91183432247927 115.10988762472368 116.19959956299883 115.84203132337136 119.76208016168496 120.3193204531631 112.06686717421218 113.21236628283718 114.32121973006413 114.24902870532041 115.21326906227776 115.58543258958204 116.41660399813694 120.91772628804452 135.3452268027803 135.54009167409635 115.40593403449064 130.07956143009201 117.14512880375473 118.44253139103803 117.33730896789731 134.57207556488839 133.30765611486657 131.89868422849526 130.56933048181446 132.46651606775126 129.45325031406858 127.88428746073674 123.59455036524464 131.52177487555528 135.46854499847734 131.46152643238821 130.3301815336803 132.57988321155793 131.38406511800852 132.33178776872626 132.09013870458057 136.13970648260465 135.2881230301019 133.56800138090168 131.42043480361357 129.76172775045319 130.70880326675777 132.57214834623309 135.89404887721415 134.48788618204389 133.48791579635284 133.42124856537993 130.49658950224446 127.79038666632614 128.97714450792148 133.31691908902278 134.53917420865181 134.49457994145777 131.77006343570525 132.3995833184282 128.36567102823869 128.8442681602892 135.93040732921165 137.63805830574006 136.33797220633346 143.54060683527271 132.44036876691069 131.46322515165269 137.23446222978703 137.54406647194537 142.62757758730865 136.5553005681995 145.72779742418038 137.22661804908651 130.10466562218508 130.98380985678261 142.6073901018143 143.5855308564083 142.18003091859032 144.49110793443097 144.35479042581932 136.27395027186995 129.427097739571 143.55484272125312 144.3427441233766 145.31254458913122 143.42533285904361 139.64818946275247 128.61611822152472 146.25077878589502 145.34969770079678 142.61473906213465 145.05561933652237 146.18382122368456 143.36692204024612 146.76900956931263 147.40225104828383 144.11181277375076 145.98339278606505 143.40052278638447 145.59859434875489 145.49350347399485 144.41054143548476 144.3438103084153 148.33509073076081 145.46296828342534 146.68297636983593 146.46199624331723 147.19830292611934 146.84717611414115 145.54234722302976 146.07809663058995 143.04551917655257 142.94040479726908 147.69488301836071 147.67650128048203 147.83979719121245 147.65006375530729 146.73745624171463 146.8163960213908 147.88194888512177 148.88792005564829 148.3134447616433 149.24174861183462 148.81939506494453 148.50663616609907 147.3402971769392 148.98696590622845 148.75345398405446 150.82975074655459 149.61438854150626 150.05476493819523 149.62365481318429 149.27303622921301 148.17877970886107 150.14027334689257 149.57219563304375 151.42519783699365 150.17051979096024 150.83677760087232 150.39951218784262 152.43714332639692 151.19265248982725 150.84885799273547 148.76806265727436 152.02428073127484 151.11603484674032 152.06870004786779 151.49079513532936 152.49029595977251 153.89413578433874 152.05966127342174 149.78283876202434
 52.930045520859352 81.584908278665537 89.301301278260937 120.62164391551545 80.095286006300782 92.910250780490841 122.11270576338694 100.84019253245749 48.482905108177199 62.582719214609732 81.301235114318402 82.162747783576989 94.150543859991345 90.97871004922338 91.757190314251432 92.086417952068814 47.715780944445484 49.284736388014728 81.196468259120905 77.977023081241214 79.115715788481282 82.305427958863987 92.79228334750762 83.242095583346895 78.518770735587566 80.051291863758408 78.660149088190863 86.609225215003292 82.885558394961322 81.934515833323402 81.723307989116478 82.023181161144308 76.354101397802665 69.389486546859786 79.678672988533691 81.051644985007059 80.034620090200093 80.108946594189547 80.858994106702539 82.982477680114656 78.967938379952272 79.07321619109193 76.531880641503804 79.672766400041553 81.093024937978896 80.838302253955916 95.016049676932724 93.338396641381721 76.99024955537665 77.680840496016629 77.902716053928387 80.634420988761562 78.076835907220172 78.952008563343284 96.185354267041248 93.811815502929292 78.054652543633892 81.20152062407449 90.443020897412495 96.03256981369465 94.278716494172812 92.226908870456072 97.276878276448059 94.348594521513874 84.687877497144953 83.755011575085163 85.183242696218215 84.990615169880343 87.297550903187371 87.071456520143641 87.701259989781406 103.74271615841134 84.128717988903844 85.0433037725346 85.792779277780653 86.402904816226837 87.559191694285474 88.362970226593035 89.587211358039269 86.615702748269982 84.808970650041559 85.504216564528335 86.132704917870271 87.016897041933234 88.099195698606181 88.853327088291124 90.049083164648763 90.743991039707808 85.165578633141564 86.309111778373904 86.568640432070296 87.25765396569787 88.626792225976516 89.344058719418271 90.626598038058972 91.159171341272767 83.357628604008909 80.763965038597235 85.971886454101423 87.869468964566295 89.899631694597517 91.089497042128997 90.374210465621047 91.991765015371215 75.719386074817891 76.836962705616031 84.222981111572466 89.063077623550285 88.577271979462722 89.749189169551997 91.450665157481424 92.100804579408589 74.771510059003973 79.619509641128005 80.582279720241615 85.745340155761212 87.383393214531353 90.291732967083988 90.834067729846709 90.941363131880337 74.16287206894043 72.231400203936388 80.577718463426905 85.221906447645608 87.097309195417637 89.24313799132031 89.721658590896169 89.811386170061553 73.226845065556489 75.719947926848633 78.510113805129805 79.797804912944429 86.88182060894178 88.085353608901016 89.165019679293977 120.99977091220515 69.159773617628716 67.016910605261558 71.56575290092978 79.654011025263188 74.626839653618859 85.789567067344336 88.353053807929371 113.21753846849568 54.213446139200165 52.146609095469358 67.666281327542066 72.688908054151796 78.497043172232537 79.316455313453602 86.555738905059854 121.93036072610238 53.399517068422405 53.150364817031758 53.060152669588504 68.038792716699149 76.685653338203281 78.244570241085484 63.644811193834819 47.535912274986224 50.999002876816512 52.28753378157009 51.868034953565335 52.465922224122927 51.525983621807001 79.05234963986905 47.283258617042996 48.125342741198587 52.137008006197277 51.201243767328407 50.858326711891671 50.401314787879471 50.101845819919546 49.592818680967227 47.067980189420027 49.259387817332794 32.363415321179971 49.971778553357638 49.123733164243916 49.355137846394143 48.357953377611949 47.92426453020731 51.083175769842555 48.239085842694692 33.521506781183923 41.255617814256134 52.341645720393089 48.936485483278048 50.943894538885004 47.489053944287143 46.35310727150015 49.519387631222706 51.867735215776811 51.401361587897284 51.363168211272473 51.890879076268604 54.276958702528283 52.075587084232744 47.99222300739622 69.936887608000092 52.520079076754783 51.176473747802667 53.597933171520964 52.987168638303082 55.385797991304209 54.824202086210164 75.818162027278944 77.964238800747466 54.338865452915989 53.324473756576147 54.699040044643056 55.839980013648997 59.779192945039803 58.04339488747074 76.948252327950257 76.007489343766267 56.444315420078567 55.866514142101813 57.015542371530728 60.741735826906165 63.009844832099624 63.021366915692489 75.22253424356488 75.437464456777988 54.18341387870268 58.440715088775555 56.538010107038573 62.045658876137523 60.886813198288223 74.89118581732798 77.123749604686211 76.97217989437884 54.431064467284884 57.602259863369589 57.077016474786767 76.079974558898968 79.53241926114822 86.741190240905141 80.085620026759898 91.116507951719967 64.363540605891174 63.295289313072594 59.141743840781793 85.743043277338117 86.337963014190379 83.006761712281772 89.251046774359452 91.441792340460495 64.784064487525782 62.125163957191262 83.791087236178612 85.552507108142009 86.033065698850464 87.516371871274799 84.590252402831126 123.73904207445348 72.765220423825639 71.926025172722859 84.491423648965977 83.703115762050516 86.677302788253925 88.735869236138598 92.123692436760876 92.920147272869755 81.922717367496574 79.489287997424938 82.763893845340633 84.859758417428182 87.529042968005569 87.073249933400433 88.142603363074599 93.625316079218607 82.520000277633613 84.507735885822669 85.581538505969462 86.338025636770254 87.615242673864216 88.884537952011044 90.118351220491149 91.279009390174267 81.106883458833096 84.124301441649024 85.353710672138789 87.315837284820972 88.56047715156194 89.110045909035549 90.915177716510058 91.894294318076618 85.414824198794022 86.370736017010373 87.532302848937164 88.538104771285802 89.55046828191351 89.92143348151977 91.613843964537566 92.649937319312372 85.934612701591789 86.169688434095917 88.377584081592573 89.371938850913907 90.428445504190947 90.679440711822366 91.341874536518262 93.762599214906942 87.034644428093713 86.999822565722994 89.138974409627778 90.360006743385554 90.949238718781686 91.175414805513356 92.206950471777589 94.627576730604986 86.049151696894484 88.071436538357915 88.477875955188736 90.200293214038382 89.610951758245051 91.157101587938229 92.104605663492933 92.43360448628674


# name: v
# type: matrix
# rows: 2
# columns: 320
 1.3579693284185725 -5.0403482509681634 -0.74204532488612707 -2.3617106020879088 -2.5124763563078405 -1.7648939188572381 -2.5205970719900193 -2.1848560259870178 -1.6967660873216848 -0.62397535907694635 -2.2032070042721519 -1.0300771106409037 0.40967243213147214 0.48240978997012413 -3.6388683196864475 0.53993387644772672 -3.3765058536882799 0.87409294035822693 -0.24884752210001859 -1.1683403443865232 0.40309043544892043 -1.2886873683898823 -1.5924736814710212 0.53528186814522849 -0.092089577580339782 0.18963793975630527 1.5375447318998505 1.1313036246855084 2.5171119078356461 0.16004813611211427 1.947824730545048 1.47108203648489 2.1325766524618581 0.64156991575127109 1.1613092520760955 0.071178869139602197 1.3348741406814637 0.12263014215092893 3.5541959537631196 0.82744839966294792 1.6805625989338622 2.8802533899807861 -0.63071209369070813 3.3432029150494902 0.60219597774088218 1.499094971935709 2.9611940312916305 3.9970093809097271 3.0707597175221828 -0.12130226356235446 1.2424049606318393 0.86815245131347407 2.1359672755788432 0.84776241005241026 0.89209040102764758 0.43102233197849904 1.2704088291252007 3.3145660314265268 1.6240748586719487 3.6126520050289188 1.4112262417198773 4.0741126167395381 1.6681956278104468 0.5860739848524158 -2.758967528285956 -1.7051377746935272 1.2074442695898342 -2.5555409142093808 -3.6195281046673249 -3.3591921850371618 -1.6016057823834127 -4.8083481724781443 -1.759300127484714 1.5710448887988626 -1.3380519411785134 -1.5026376479887988 -1.543771364525734 -1.7294924526390021 -0.43308001890460535 -0.82614492343021417 1.6815199572937021 -1.2370754258049514 -0.28881173729578002 -1.2002640383491399 -4.1432186990495747 -0.6456690537202191 0.038442739518568636 -3.0982409080618445 -0.99448699716220723 -1.4787856923561105 0.56788940798259047 -1.957826958394439 -2.0864638260803754 -2.1812698925293712 -2.8370625610958089 -1.2761461294130503 0.74369523322008946 -2.3924168617253709 -1.3131879120915191 -1.8129596301270752 -1.7438287920219746 -1.3749958479584028 0.5180809596577628 -1.5320350628737365 -2.6058460666243097 1.3449657744608821 -1.9659740218341903 -0.58914219061972528 -1.4484127743475372 -1.2035612603113333 -0.47483072836062029 -0.82720155228652659 -3.338704481699148 -2.1362277367107421 -2.7007456937419847 -2.6596235220482098 -2.9439000783259677 -3.1151856320994105 -1.8524613023729648 -1.5875929710514389 -1.0780091783812726 1.0122842946033024 0.55462332241024304 -1.6839646545113085 1.2676194354455235 -2.5385905965141506 -2.3424333726343125 0.22282416422762796 -2.673418050285679 -0.2106674909457758 -0.15421734791910868 1.1944567558780925 -1.6711190286857207 -1.7249798415002786 -2.4000988641338687 -1.9898323158300857 -3.4044357935712193 -2.4367249407603473 -1.5245473938292837 -0.035416432904834705 -1.9145468844792131 -1.6525073836335815 -1.3440395447645477 -3.1420302346738094 -0.60128444904369593 0.16804230359288555 -0.62885834372828542 -1.9294016816238313 -0.076733949872111518 -1.9995008765020987 -1.1642880122284638 -4.1934915065090985 0.55279390234617998 0.58528260244029218 -1.2440389541673369 -1.3141298059726054 -0.48959065058118018 -3.0280720447557994 -0.91553894821569615 -1.908131791199017 0.11984435784277706 -0.25390759640262917 0.38997799894769797 -1.3124473206648593 -2.8569533052509679 -0.52279906717387259 -1.417766206635807 -1.9907627598643407 0.11222445798081832 0.3828172835381875 -1.7340076719689155 -1.3101318963403101 -2.4338289095103547 -1.350493188677697 1.2761978014842805 -2.9859899458911459 -0.15282374676848781 -0.095094041208655444 -1.4216241786871586 0.045975824639711033 -1.8520291712564874 0.76355446283177331 -0.77868443780655361 -1.0705228158778717 -0.5786293052167466 1.9063454546835059 1.2123115846571759 -1.5485849621649022 -0.78596354436954274 -3.6372088781248801 -1.7213397846757381 -1.3631435971311987 2.2368137120675344 1.3888390413341081 0.4302502897354753 1.1765743958629256 2.0603500340241232 0.91253494295361592 0.9259881844467065 -1.5755697263261159 0.37883495490515545 -0.66267658999534529 -1.4184905890617716 2.8008812399415803 2.9629937935992388 0.68516694415508106 1.8476223545225772 0.32876394239319034 1.4705044768882332 2.8614974745790596 0.1973761377583404 -0.30555035933853381 -0.82346967252878944 1.2675884025197459 -0.46389453893938981 0.82236615903425725 -1.8132166820734652 0.52241356201647438 1.630308764159393 0.066730673476001506 -0.55237399133165588 -0.78157768312416909 -1.1078984114909602 2.3402933276686766 1.7191126034805888 0.17162729619543649 -0.6131745989429036 -1.1960824281431426 -0.99045523034965366 -0.092699599432746208 3.006002378252433 0.90533787132682397 2.2728166734052841 0.19606063991396561 -1.2097172014041717 1.3633390261371205 0.84232447288706713 0.50161514604490165 -1.3606051602919225 2.762686467479865 1.1386603421593944 -0.31181255415884324 -1.0195905905688556 1.263823933021418 3.2876397019780081 -0.091452520003538124 0.40857274729199106 0.33203021889716672 -0.14123201016688974 0.5444614733649189 -1.3314886611969472 -0.28022444609083691 1.4293101213523225 0.3043103470417069 -0.16969833010724997 -1.1396072695747648 1.816852477495688 1.5811733320104262 2.6311013412885336 2.4028076745584954 -0.093173273353865396 2.0325534260112121 2.4239574345382375 0.82694244559558361 3.2836745676235153 0.88167391345715806 2.1820084519282075 0.38715970851193293 -1.551630696146604 2.8160842894788103 2.2554994726087472 2.7210240454972774 0.95560436862720555 1.374862723201608 0.2510115314109026 1.2292395741746378 1.3372317803240883 0.33996341322734985 3.367810624327896 1.2658337714818169 0.83046877595794621 3.5201695135661915 2.2884158985842351 1.2809968774379603 1.2338761304020545 -0.17256794041021434 2.3507396813850625 -0.013845028368011837 1.8310860249648895 1.6596907509888366 0.97843703091935419 1.6222742324582804 1.7838447668913275 1.1271683960066297 3.6493550524493705 2.3970333483552126 2.0488419874098591 2.3708429402219728 0.94737780346138423 0.86939017371302418 2.765545581850517 -0.42302464756034841 1.281348015625567 0.116916335128199 2.7488352964096081 2.9374772528354738 3.4156476886388791 -0.53840446307653345 1.6882417417245019 -1.8625070864550402 1.1244521483562901 1.4995949483311311 0.085024710205092668 1.9851385066442044 1.3414893122875051 1.2299489728378328 2.7996269732124182 1.0373584842304058 2.572098812540462 0.35199348425615329
 -6.3445512990119379 -0.89397993776860196 -3.3081713319272268 3.1959294126884794 -2.5611729614142198 -1.2497528098831661 4.2267699224318376 0.29108599795669898 -6.1488188820041474 -4.5400459979297505 -2.7211354361628328 -0.9259631368777389 -1.5614380640203813 0.06741785419509215 -2.8116388684854559 0.17788248201220913 -5.8086399086644915 -5.9142482736918627 -1.1391941540488124 -0.78920348936281193 -2.6533397554194638 -2.5109626244036178 -0.17143117729060936 -0.30745389676417878 -0.4697071650197856 -1.9360448762617062 0.33564969718894111 -1.3688265063269536 -5.0536860192173023 -3.9746764858369503 -3.0750029054598325 0.58297818500004905 -2.8180768711982362 -3.8287159170607747 -5.1817210450952516 -0.89920246613483157 -1.5768510644926066 -5.4634337619358 -3.3233433410141173 -3.2630237305207141 0.050575394839068477 -0.065577118355162806 -1.5801363959453232 -3.3475522261554449 -1.3624957564508786 -4.7188952999788176 0.69969720916449774 -1.0671030840788007 -2.0220526249240809 -4.7492382198380412 -0.37496990233477778 -3.5123145478186641 -2.3418377650087603 -0.9668006524571201 0.10100293159498012 -0.41013470990526024 -2.3415050071655212 -2.3986100351164561 1.0692799236363351 -0.53708403009508143 -2.116623057675342 -0.62358384277521861 -0.29501117965410278 1.1915819855792722 -1.6510460356242584 -1.5862712550557003 -0.97368050939538231 -0.70265671128496998 -0.82676383761393257 -0.70510960965293323 -2.8330959928781509 1.2975106343904557 -2.4318145859702907 -1.7467715367885079 0.59248782478233153 -2.0660912876783302 2.3964884998539664 -0.22284058242628135 0.70172419006375264 2.2224020970834339 -1.1369589591382907 -0.28180617378593864 2.3975565933071157 -0.25765309408432585 -1.8497257086942305 -1.9886898441262342 0.53533517513447382 -2.7719183748016016 0.95630320047378403 -1.3118867528605624 -2.7202234246156918 -0.76529118550284903 -2.5614202662259014 -1.6773395315136623 -1.423923841680939 1.111655965632727 -0.37889191178651571 2.6551881578850733 -2.8656655236723805 1.072276024642095 -0.43556007078612502 0.77091597539130741 0.8219270064620503 -0.83129319763017884 -1.8095942561429963 -0.086357034906860822 -1.4672834055584607 0.62730631352741995 0.85067544731576072 -1.5188273345474088 -1.4949308591644961 -0.28807563213975568 -0.91790622931762722 -3.2294408418653791 -1.3326317913203318 0.15836789320512257 -0.2455032113249451 -1.0769835882176211 -2.112698922127715 0.51168477618401209 -1.5170674689056762 -2.4845948575352459 -1.260834083739123 -2.5188507977432111 -1.4799285662825632 0.41687113979383678 -2.7179920881983017 -1.2377418325203913 -3.0612621872761658 -0.68860120328961361 2.5563538061218303 0.8403331764352624 -1.0817808524398742 1.3260599259733414 -0.53657170519007236 4.6794923392265906 -2.9340329288382003 -4.3591282890288241 -2.9928021754521215 -1.7097817358569072 -2.7263464872527661 -0.48036394988805131 -3.0097754094450275 1.5120815234880927 -4.3911594783570944 -6.0794331804446484 0.19452657432706827 -2.1637803575349719 -1.4793429316071047 -3.0914559882263948 -0.87331535495406432 3.6045652332147653 -5.9178730004726932 -4.2068219022382305 -5.8133931091296809 -3.2560191518889718 -1.0903640733790649 -3.3694159376538018 -4.8047683630626112 -6.6632423473284659 -3.9911302793523267 -4.7030263206325431 -5.5939857618214095 -6.590253544558009 -4.4620051943083272 -0.36162226696937422 -6.6241902320391208 -7.5491079520426503 -2.7206716355948837 -5.3672246868230697 -4.6021751390134904 -3.9438195878229796 -3.8205639080916005 -4.7146298390581922 -7.7353179819571007 -7.8652871610825379 -8.2005940153267893 -5.0689706568823381 -7.4479686758014729 -4.9636742035737722 -6.1150187127397428 -2.8201521128878624 -5.0125478423533405 -5.2516024169056026 -6.3976325938640723 -5.9957003488919911 -3.1452966223591972 -5.7328583888812625 -4.6400796738821946 -6.9794209995357503 -7.2683526513135099 -5.7137736311175731 -2.0959173154231356 -4.3867693146491051 -5.9238970681097047 -3.1291277311098136 -3.6559258747445469 -4.4293927269721616 -6.5093544091306157 -2.8775295746852398 -6.3464112777817201 -5.3979169464613488 -2.8318717152947261 -5.8139639178714964 -4.3202090741249011 -5.0390342885023358 -2.2888925573945582 -2.8917866599107196 -3.611706751131095 -3.9934950668530553 -3.2283658126203729 -5.5623198065732273 -1.6691992601216856 -3.9945203170684573 0.48633920982876272 -2.2203257086260719 -2.6210586205757211 -4.7061118996299909 -6.6482355457203939 -3.7387826239655788 -7.1581276320230041 -4.7434549672537027 -4.9905226530474005 -2.0908046480997995 -2.7655644398399257 -5.5151721921498407 -4.1247333461532198 -3.5115971245473316 -4.8486456864764547 -5.1444975730010709 -4.4450959918403079 -2.3608531377458291 -4.9553758204151475 -5.9904836976440778 -6.2752212089389356 -1.4449736761398766 -0.74318991109843957 -2.3834865985367362 -0.18086074907841934 -1.2762650630474031 -3.4190470859415161 -5.4929143380894452 -5.5092778594254472 -1.8270124882063397 -1.2577668492601231 0.13276813902931667 0.32854958646793703 -2.8785223430944273 -3.3616481242198528 -4.1133960168829118 -0.61422974082600024 0.081824034233728332 -1.8875888982350726 -0.11372045707371492 -2.6129638545001113 4.0361142509800016 -0.88044120966084449 -2.7872546992805702 -0.36663023388281357 0.12188507596174181 -0.21234404641884314 1.4283775575563344 -0.23616912886105151 -2.261342449400729 -2.7476854603902132 -1.072369632113483 2.2716787228727071 -0.26523901164622504 -0.064001181613577859 -1.746245199272626 1.1667121073093232 1.6373628659965651 -0.26277779892752495 -2.6463703821204887 1.0742114518876504 -0.02125172959790797 -1.2834219450203506 -1.7369032549341781 -0.10572066350995396 -0.099859080159560687 0.90658021142728529 -1.2662117864554641 -0.5964391940992223 -0.70531498420960237 -3.4863255232184298 0.79383620285172585 -0.80624429544167375 -2.9080924905439547 -0.17193003450734662 -0.31582403306661666 -0.15172208549899976 0.27429066067844654 -0.14985475596702802 3.3212232418102405 -1.9609400580211565 -2.1051261239569428 0.40774982156748624 0.62667753748368293 -0.14842849692559018 -2.5571035244125371 -0.30603172309182514 -2.7225297900430396 0.88890674886510146 -3.8643384469627353 0.50181335983152209 -0.44180414766085208 -1.3835325589001026 -0.45964546632776404 -0.67644018916997994 0.71768388241631409 1.1128176689069027 1.1227455076568844 -1.8991370621931265 1.2544491222213887 -0.64903880004435599 -0.50911776306380807 -0.023831913337339208 1.150949621888651 -1.7101055137937213 1.6433584010175843




