# Created by Octave 5.2.0, Fri Apr 02 16:05:47 2021 CEST <br1@br1>
# name: ptcls
# type: scalar struct
# ndims: 2
 1 1
# length: 2
# name: x
# type: matrix
# rows: 2
# columns: 320
 140.05667032367182 94.970746869433469 93.766950869087808 80.262428123629221 97.689716127044193 109.5086963263759 70.406981286118196 85.667255542815496 102.05628850172162 110.58047825902749 99.25837531418648 94.864027511386396 108.4564931233586 109.14553227145009 108.45871203092095 109.89958763377754 98.881925147046616 105.34293319070635 97.744487406454866 98.622724826047502 99.699903269259195 145.28258420566746 108.72471589484617 145.00903124274265 141.3692735140508 126.01926169050682 143.25362009438888 140.99682198655233 147.55809915691805 147.49027017522994 141.01920763416567 148.14812910049974 139.9048236590273 119.17332142776253 146.90549434994298 143.78157530976398 144.52733596034778 146.38994417154694 147.21746899072878 148.73270446756544 146.55855312319866 146.6947193855535 140.53097016742362 146.96710787043048 142.85240707163663 148.50306840110585 158.13062922004488 156.90036747568772 144.40881594621465 142.34317611312429 138.9390408631314 145.76327359820334 145.56152745379433 143.74769705689167 158.06396538004924 159.04587284800695 144.8569481223611 150.06845843999747 160.31314668300669 158.11238283238845 156.81305585090425 158.67340578328339 158.95414856912623 157.52505748393438 83.44703505463589 84.449429577151705 83.495238948819463 69.522764352517669 84.557245250745027 82.937271817603602 82.039899072017363 31.547938229467544 86.540240562892166 87.347485904460015 85.5439208303859 84.445377790548335 86.697717822291168 85.583356394785795 85.770394713268871 81.842690111760874 93.065515275594635 90.692638067725184 89.671379376322037 86.580117902727622 87.627876465233726 86.705667961151448 87.62975421666205 85.851660022605785 93.053956121917167 91.943508860087334 90.868489896638792 88.804461278548089 88.703080252853667 87.76925805537617 87.543722798214631 86.638736387784505 105.88641828970721 95.796605006895746 91.867040694032795 89.884027486362228 88.845447892164501 88.567967945677054 88.568058587252537 90.70918185960852 95.940754738623113 95.714293229134171 95.115099463249862 89.800659309770481 90.782234533946109 89.864110460019376 89.642970211948452 91.932632267483015 94.004403213828624 96.203076560275932 98.802875657635369 92.868663624711019 90.679765481976261 92.592493524057105 104.44463753672031 90.703562512738813 95.721816087162537 96.314043411222713 97.034514498243183 94.149720828817664 91.83207212534866 91.686301152172405 93.055809122207251 94.518435758469593 111.64470514345371 97.205471549526493 94.96908102975172 97.70981728130252 92.80555308322721 91.605241726489197 94.785557380886459 71.019925368534302 92.23169200149124 91.09882394058009 94.913117443476906 103.25181049953706 98.167225496895966 94.0518087682063 92.642863130286514 68.920864692310602 127.65316988822207 107.74385037632864 76.898249398095061 96.111215599262067 96.805331940069593 98.617232232134583 93.711932748972245 72.153995361473136 111.01920554808605 109.08906234985201 111.25053865553311 91.779183007431442 95.755558288260673 96.770028108892163 105.51119671537371 99.147860700812899 109.6215610155797 109.47688431538654 110.42250727788287 107.75359114614218 106.70920596057131 96.489234582367487 101.04611469138095 102.8434904134751 110.8254873453117 108.34158737221325 107.6406117657654 106.8135715765073 98.295188229351254 99.667204976962765 103.39357442121519 103.97015034771574 117.76931150780918 107.20760770808373 104.8032870575056 105.76291264233907 105.88336093993476 106.18619465641694 108.99333264476658 104.79692284812219 116.99437572332933 152.21638407671975 135.62092503281499 103.62740845904351 138.21466084976754 101.73909452146754 101.52459726995831 104.7638953089087 139.00421453084735 136.82000276263457 145.9838508222 138.67886624949242 137.08820765255871 136.98800003198997 132.77544485527324 118.62696343778417 137.99115769297742 139.98562284075541 137.70213853281331 139.57708300584042 135.95464183575262 138.84745870701727 140.66933953990861 142.16729000208667 134.73053534337396 136.80546045835459 135.73551014309228 138.01544920073022 130.33132799575307 134.10979299022353 141.77483722141153 145.18909611103149 135.68746077280235 134.82734026096571 134.48915317264135 132.88779514695671 131.12984180473623 129.40172363766166 144.86044510581581 139.60238540324289 131.34210922797317 133.4213148774856 136.45030112604576 132.08249218211392 132.27045241357487 143.57349279444048 145.10171019715196 143.9664667362035 163.65503439491127 131.65332253617103 135.44186899779001 142.83554839924619 146.05310170224948 154.75573394366964 151.22382643958784 159.34798294560861 140.6141350585016 130.28014747817559 131.25490155948847 154.5469413166586 156.04459691628091 149.23748564937054 157.93513889488563 159.27931206836712 141.7136740005885 133.18967551954464 155.32572914932814 155.98202675914999 158.59964118093538 154.23592525216083 149.19755273128527 118.53059388577861 160.54085580204406 161.13214909877692 130.02737358588865 163.50569424962399 159.56260284860028 156.94179844144938 159.17795676784067 160.16745114771538 156.42237353679675 153.78620692013743 157.54482507447335 157.40666745023765 160.44098995799939 155.49228958033049 158.47937708585658 159.06246199596146 157.51309972653766 161.74273591619894 160.65142093591672 158.44961631563601 159.92254419870395 159.18026172574253 160.84856571058705 158.12745065614405 156.47682743549569 164.66612692496136 163.23983424220481 161.49353185188781 161.41651296889503 160.31398745468076 160.17357966418066 161.2627909661816 164.2376434694373 162.60804989884204 162.30066372527492 161.36413708658657 163.12928889451467 162.04159843198809 161.21420743840184 165.63166561006122 165.39259904376894 163.61468557606557 163.06416458826226 162.42898556679626 163.87935830443934 162.64703665868976 165.87332187598915 160.09172227508674 166.53422975498395 164.77979747779239 164.12390127163496 163.43850119681309 166.46629966260221 164.89153753152357 165.71242283293799 158.72480572850282 167.58510062689072 165.92872867312835 165.36231220860876 164.47819463537184 166.53525047466781 166.11096414681964 164.88614588618245 166.81254844674027
 9.4679355626585693 71.433577883719082 79.591017693372862 148.9056192177965 62.661625447510325 82.039057860117467 159.31122586845646 103.41630361438497 1.9458856508770699 22.403312132935707 65.543146771917932 79.281958825985754 87.763042925070891 83.826175594554627 81.671719102262315 80.788493999055049 2.0344591618198953 0.19950915473004963 67.21889724149618 64.591298387219908 63.60814087671185 61.347939882524727 82.732857444350444 62.460065647205028 56.982657003546926 62.9172947088352 56.983327285363949 74.495110634000568 59.561893151253223 61.628635759338266 63.009850923893829 62.418993149644109 54.335183107714244 39.506326552721823 60.522545578883296 59.073084624910031 60.639703327181046 61.54954561194527 58.321891041724079 61.366036960770359 59.339843070790451 56.521945489894328 56.174535725557284 62.6984296916132 58.447089499372773 58.549961562200593 88.504220320239796 88.68378060788902 57.085846135191588 56.564782042287234 53.775197172982928 60.261087654787673 57.161856687469069 57.999368827094557 89.659421155067122 89.057655104248852 58.556148817951438 63.926614121246132 85.462842972290986 90.834957483383761 90.860615242452951 86.798602090961083 91.567672706841449 87.463115476770923 79.277767583813485 78.725222416733502 80.519168040513065 78.772103274999651 81.492277503599425 81.422272703528762 80.79532184689063 115.2256852727643 79.096183170003329 77.932524383592792 79.848499592292811 79.822031131244486 81.367703944924841 80.976572861291373 82.156086887211103 81.972747315642096 77.8944752833481 77.803327196698064 78.181009120295812 80.205490153297418 79.712532746702337 82.551245583819536 82.010926730849306 83.300925579561834 76.812993670505975 78.121023266333552 78.901774849116038 79.193394336145531 80.353600552546524 80.954438970998169 83.350828115730948 83.979595215460463 78.696546163071019 80.721107890880049 76.961301501112118 79.283244534595269 81.588741635587397 83.944119947752455 82.792957442970717 83.488587225054829 66.089738674516497 59.778813553721278 78.164383194786268 80.692973370391059 81.337552701818112 81.860899662804741 83.121730923680687 83.253320235756817 64.647764872420581 79.151520907982061 67.509582764884357 78.969592583217135 80.035529226708007 82.386325350787402 93.835528705645245 82.395668673868968 63.531002143127736 62.239221907276942 66.287073317216453 77.454141380922195 79.400956867800332 81.974926076216619 83.430056909043557 81.441711531308741 59.124711492824069 65.243936204808804 65.406107534042533 63.993231542884793 80.113408172413614 80.62659806671455 80.402571616836056 158.31288779257002 43.265183915961948 43.266543285536628 59.049747330945827 65.029908775419457 65.561008279313995 78.496936167578127 81.290421051793388 126.59945995137711 20.208891056049517 4.2324420744571194 51.437443956880443 58.488088957620363 67.881123680101524 66.453003871170594 80.781043897978705 158.13954707029563 2.0923690818564142 3.3510225678946917 0.67690957486581127 42.273901019210875 67.511188292423128 63.219545049964637 21.122611180728988 3.1318856912063873 4.4040066552226982 2.1774254472265877 1.2685102247928193 0.020371811600371496 0.18199074931431344 64.347227681903959 2.4935948769232592 0.90901290278565305 4.0753530033347678 1.9528090130496096 1.0020044741902172 1.7452060006374375 1.1740945338142543 1.3681370197969722 2.9581059269558327 0.67463796732315007 32.270208758194777 2.9020452914419379 3.6580506326649314 1.2092063581044004 4.0979451912283169 2.7737647154110054 0.3999245036052389 2.6384782711225232 31.57297060730162 11.806330273437032 20.257975889732222 1.8064775566320848 12.605860578250915 3.3634850751053955 1.0598946512046024 1.4244674004792697 17.299108738014095 18.045028916561822 11.311833726116525 14.544097487789116 15.99593320109342 14.903177799348224 3.0716055246429432 40.469775000185841 18.29622782688373 18.179605243091128 17.221758839186432 15.322715526654358 15.478132178226096 16.195741725677937 55.061294644091063 57.612899647764117 18.278085138432154 19.233611254866979 18.703459589912807 15.413934631976245 13.460346829644386 15.586816559676326 55.356578314215646 56.062889837344834 17.535289817172668 19.44628473462501 17.246782193038104 15.737114154386781 14.182615631996761 14.254759818975455 59.600081868144137 55.411261008905647 29.663167318165961 16.68289060357931 16.835129487227142 15.032715162241058 13.989516527907016 54.77077302505986 55.028650233497942 55.981211315117712 10.575988456608121 16.771207154104477 16.535566935004546 55.62523764890895 58.402392106573771 83.850653380600022 61.05028027576715 85.916178854279877 34.924179625596828 14.944891807787103 15.734880211738364 81.824098988771027 83.648421922596057 75.626198336139851 84.772535511984287 84.819048724148217 34.214272857892006 14.529922632329358 82.637114511833332 81.771695036502592 81.60198661624041 82.862629780735375 63.202340084280557 159.45865319564416 55.602590295728092 56.629546506689003 92.059014134389614 80.365113292525592 82.331242317770673 84.495284044980806 87.978218943708441 88.390290873779676 80.172169110302946 69.99881675323185 79.809968340767952 83.353366777296316 83.309446697339609 84.672402336434573 82.736090806047017 90.292344610395944 82.125457807062006 81.749966916808191 82.190427192416578 80.498723426733918 81.31366331074419 83.599539234610432 86.399078015097245 85.92321898668348 82.675279750289036 81.19063769572702 81.475975340867194 82.841053480506048 84.099051703447373 84.357692353599319 87.227565665303416 87.432279797687983 82.247479704809592 82.456209598517049 83.485860430525022 85.375995270324722 86.441883715219589 86.522131426567185 88.8204246659528 88.327373439437935 82.220228014945434 83.278392334040078 84.266311561507962 85.189194762082764 87.339459992763466 87.427451284809152 87.260401075900788 89.551758785439105 84.085353754123929 83.32632890353517 84.454174567093062 85.404610157774883 80.378707219563964 87.53525798520154 86.151990587623075 99.600753927258211 80.214015682093077 83.243590034628809 84.248587156636844 86.330064703881845 82.365666800681254 85.113819654928946 85.226874134942193 86.333029235233724


# name: v
# type: matrix
# rows: 2
# columns: 320
 4.4631351475886749 -1.5491047806532685 -1.598800891890547 -2.3617106020879088 -2.8424088107985441 -0.17205529125362246 -3.3193626037327255 -2.1848560259870178 -4.7315610843851239 -0.62397535907694635 -2.5320172931995528 -1.9855105117165093 -0.74118715823311598 -0.50128054440174241 -0.75232375216537839 0.39611217555615413 -8.1825465274289613 2.6883646355377597 -0.62813774373859199 -2.318098292297047 0.20141830345824849 0.54386949335548462 -1.2025642510690355 2.8541278424385181 0.946949480723837 0.18963793975630527 0.51346626073597978 1.1313036246855084 3.262747317786618 3.7106031360265037 0.076597165524798977 -0.11471403576439883 1.2970069714231374 -0.17046407899149377 0.84285676521353625 -1.0279938370066364 1.6721964867185406 1.527067467744732 -0.58712582773950828 1.9666477481246041 2.5277688877292093 2.2658301516410391 0.32138967350242709 -0.038801082045034331 0.11341985490889406 -0.63816293121773549 1.8247344156756546 1.8039836197232766 0.87553585881188745 0.65403234506484764 0.12307150236528069 2.179826235720387 0.31975459314101407 4.2319468618413687 -1.1241981409598831 -0.69114431354918193 0.34314683240478067 2.7185682446876234 -1.8043997961304212 0.4320604325543011 1.9666401822417319 1.5360181113578126 2.7610379500936197 1.2083897967208608 -1.8793992350572992 -3.7772996195035939 0.0017722398439323703 -2.5555409142093808 -4.1359106041205536 -1.582506611803927 -3.7047984288611007 -4.8083481724781443 -0.91166290211608381 0.55011192270728881 -1.6425702517895744 -2.9327724218505109 -2.3793640220089891 -2.2496633287397607 0.36404853118912894 -1.3510344868146313 0.026331624878854994 0.57709159208933281 0.037812173863631289 -0.073939637848793649 -2.6351067945332272 -1.9000796409396472 -2.2340010546124316 0.10527939916973246 -2.2779302275892674 -0.62093410226952594 -1.9047022229208914 -2.9284776806219339 0.20476015330523872 -5.2098293304830356 -0.80729672179212209 -2.1932038306958725 1.0957960171126855 -3.1920523122018105 -1.1576350681983036 -0.50284218948142323 0.8696751258532226 -1.4293440230293031 -1.8156163528356086 -0.6685470536754502 -1.6815608644604969 -1.5056024008132489 0.70829868243611782 -2.5965820376611988 -0.77660636985438003 0.29094402433233729 -2.775192727117159 0.38162828699818596 -0.97095031587797909 -1.587964653433793 -1.3522464676117343 -0.93639128353513257 -1.477422387553317 0.40273718287266641 -0.98235940944024569 -0.56488085201243998 -4.2741989516464463 -0.87839859181037216 -0.7477583661112257 -2.5676966792428098 -1.8095015179780818 -0.42080684497020415 0.37034236587861447 -3.0257884679261533 0.63942593884555221 0.13304778129465325 -1.7067582099258196 -0.55500135220722335 1.3535099657789755 -0.86839840708916727 -3.7176110639470656 -3.6764507401355253 -0.81043327541132038 -3.1003213432967267 -0.91618171533349368 -0.94314333146569318 -2.3067505650243745 -0.90059265578894121 -3.7224349036231388 -3.1420302346738094 2.0503194377782759 0.21776675498860432 -3.3052369035009281 -1.2234469794456495 -1.7391962742932514 -0.49783382162867196 -1.6745857439299829 -1.7081075504609624 8.0599681351946746 4.3088433779180324 3.6174279290562947 -0.56815736182346632 -0.63020350612943288 -3.118148809218614 -0.91553894821569615 -5.5072735783946154 1.6558102692918959 -3.177239940847393 4.2577553108455799 2.5649379003206234 -4.6110616128850213 -1.8975258156613364 -0.96950030890339589 -4.1575585031400584 0.79372102643108955 0.67670358754844218 -2.0783169287965517 0.21301805710383037 -7.4835686153283909 -5.0009539664942952 -0.27773242135152276 -0.95915488521705439 0.24459826317613692 2.415532218520517 1.2383480809286553 -1.3367380528366204 -1.3834473483663829 1.1244999879163693 1.7540126791027801 -0.59834733146648156 -0.97605131516136967 1.9063454546835059 0.77786962786078007 -8.0422513645177585 0.23423820658472003 -4.0977805833993317 -2.7855356972388261 -6.9469045050433715 0.17237108166126125 2.8339244542363087 2.5327848163482951 0.48299981739007625 1.4583539562267296 0.72537690058456561 -2.1791776347234002 -0.7635357315833522 -0.064020529437819398 1.8780612557835001 -2.4276827719222158 -1.3709963125018305 4.1913403080338432 2.9791277515383232 1.4001371652747983 0.7277203750872463 -1.7657629930984822 -0.80633823730453036 0.1282594521982281 -0.00778210818275063 0.49063167802891106 -0.92242036709391839 0.35269699521426923 0.32997787797331463 0.08155794593959359 -1.0148799904568171 0.026199853331492239 0.56670024115308637 2.7330205044516722 -0.1741920125405344 0.20851264457616359 -0.74034062079318763 -0.92266956557525615 -0.11913742949555187 0.80240078513711488 0.040121423117901449 1.1998817686065675 0.89374674273419952 0.89825199138139245 1.5582051966680122 2.2728166734052841 -2.5351223165253849 -0.35326898430980258 1.4802627027399993 1.5796292052946999 0.010984669319133954 1.6039025045154522 1.9526145712813561 0.045022831280807814 -0.64513466651251028 0.78556009406821414 1.757206480346071 3.3937046906666248 0.79445250808365253 1.7113762863864892 -0.2292950368518899 0.95240550071169472 2.417707084873586 0.14668023641326725 1.6849780757334867 0.21359371857596321 3.2843659281441706 2.4825682944584759 -1.1396072695747648 2.7621302744756946 0.6358955350304254 -2.100086601167332 2.3882655482174293 1.4872024695834876 1.8718033907476077 2.5512894174172795 1.2078644749646934 1.3877426128099239 0.88167391345715806 0.53670606730173487 4.8946189646884859 3.4644645893050199 -0.074603204515486743 -0.57627892085104782 1.7131562153194815 1.6783552288986883 1.4860961649550635 3.7590522987180566 1.0486752360198273 1.2289600919378816 1.6689439990391683 1.9868510870626046 2.4302813925487792 2.4645219739972859 1.8729755473979028 1.4640309069357198 1.2196185785307117 0.63343338031517249 0.59232712016748457 2.1091073004500451 0.68922554875845754 4.5917571116349194 1.7271225584807195 0.099273177872892193 2.4824089471529258 1.7048296079569065 2.2098921670712168 2.5239755299976965 0.24264576007245517 0.81212097186826171 3.4186235878702256 -1.1314911262968781 0.56914756825984514 0.91450539352056825 2.6268946622624103 0.72948247560671065 0.38266758255777705 2.8895519567060757 2.2921319120105181 -0.85903280377825963 2.0195690786816667 0.76929676242893508 2.7387237981454544 1.6484839438866936 1.0795806053282941 2.2905374943570767 0.86281371671439533 2.3869184827782979 3.1702585486396222 4.4675607740816901 1.9562782106160819 0.80859923091833064 0.90092674239614723
 5.5882195178359559 -1.117490105380994 0.0078063965130329704 3.1959294126884794 -1.4189899899884442 -1.6923859089050717 3.9947819309821893 0.29108599795669898 0.27511441746052145 -4.5400459979297505 0.72636869586883057 -1.2618705389413141 -0.81039780598378297 -1.7148330202049231 -1.7892538601505248 -1.1864547665689658 2.4107766586513795 -1.5429894327926583 -3.0549588137758223 -1.6733742915348355 -0.79967225521382834 -3.6334622619642638 0.11064147639319295 -2.8979511131415214 -4.5246793043577753 -1.9360448762617062 -1.3414101663956959 -1.3688265063269536 -1.1342433577454161 -1.8361597895999748 -1.8863316855641648 -2.5121187193700116 -3.0667715035302932 -1.7878720401368775 -4.2204138282576036 -4.8161221632148532 -1.7113718688614099 1.0894462503192051 -0.037518934608458079 -0.082773861107689861 -1.3318785292607569 -2.724269771348514 -2.1869577303666197 -3.0545406567740199 -3.1592275825653058 -2.9940554617688706 -0.95866664945509739 1.3721638391132525 -3.3124527405331601 -1.3668517673006058 0.81247518726463641 -2.3401249836433164 -0.70038404431670331 -2.5490406691828538 -1.163345474789333 -0.38326841671742706 -4.231930865265114 -2.9459174034528623 0.36251645117330106 -1.211879400037809 -0.66592167141175818 0.15224792115493779 -0.26289624565987679 -1.0789272022447103 -1.3865777497389378 -2.177340012183175 1.652568185117409 -0.70265671128496998 -0.89894750134235224 0.094925990699931226 -1.1536696004160485 1.2975106343904557 -0.76049269036602762 -0.9477199228467138 -1.9966055808066394 0.1667788829832926 -0.65314344726764517 -0.2883998331092732 -0.35476948807981545 0.1313164132883112 -0.83567103660280895 -1.4858951972567627 -1.2266436077059542 -0.9595181963508651 -1.461447882746217 -1.1257746878647381 0.31259222053701352 -2.8287479551159684 -1.2055657930290322 -0.2781381839712449 -2.1065031881294916 -1.93624132165457 0.35841844959072888 -1.723440236722511 0.49489140245608365 -2.9946824639566554 -0.76998383527079506 -1.738935755059462 1.763564950230216 -3.0736128161528913 -0.24576358179812263 0.75619544422854379 -0.26605702639885148 -3.3533672827299834 -1.5981326914160876 -3.2484322107517003 0.65498892480282855 1.3348684004275087 -1.2333389196912239 1.5060617733003452 -0.88687662971676984 -0.16378455496470035 -1.4919022084217037 -0.71121675428295283 -0.19056006153247546 -2.5002164232905857 -3.8629615480250687 -0.44812190054970291 1.4511542305423721 0.17447487877803708 -2.1042752612001405 -4.7211936691314946 -2.5731369839161595 -2.3727112163532547 -1.4918752322522177 -1.2347283143071304 0.21525859101931741 -1.237598391635528 -1.4985947257817349 1.9176342548202794 -1.3926075653401917 -0.66937013570167936 0.39995571761318593 -0.41373714347849583 -0.37937393022018101 5.0206746439435337 -1.0862415926402813 -4.6803942229265711 -1.0796688402914367 -1.5869886814609546 -2.6596788913442082 0.26018605142928386 -1.9761559483023745 1.5120815234880927 -3.5162276711970275 4.207194837509892 -1.9440862629784657 -1.2707934572456079 -2.7249604623293693 -1.9821750201252823 0.67464331854304582 3.4953709199475069 2.8831538245567692 -4.9116511993655196 -6.9127063418079908 -2.6439317168836149 -1.348293684682049 0.39053093092753616 -4.8047683630626112 1.777570963542366 -4.4130833157598044 -4.1929469604246439 -10.210846850425733 -3.6382150590937239 0.58463000392170439 -0.58379300019390612 0.32914149844367691 -0.043615146308953877 -2.1100991024115174 -7.6834300519774432 -3.8072125515538957 -3.3195891136996836 4.7706557678061463 1.6310387911872719 -0.47125285929326988 2.028388402006374 7.3163379350264632 1.5275925965424282 -2.6290718845777041 -0.70719935578295934 5.8705793292043023 -2.6790591866752669 -3.5170293519964031 3.9355427474503406 7.4031942206757089 5.9957003488919911 -3.9716563860045713 4.6259750843736338 -5.5891895876550164 1.3510377459241547 -0.48990496476254458 -1.9432209536727221 -4.7010718101446942 -5.2423592946759996 -4.4806091023851753 -3.7684693424576925 -3.3621566204061546 -2.6864031912324884 5.4234164077172782 -4.9183734516091056 -4.8516404149462415 -2.7505338430340238 -2.9852799091480957 -2.6176615427367711 -4.2559339216150658 -3.6132885719538508 -2.6926255007140818 -3.9475056325606328 -5.0274449084219466 -6.5331809714673081 -4.5352170663905387 -3.2954076582983229 -4.0173582080180834 -6.5871078224493518 0.22169370230357063 -1.7016384228993169 -3.4768096703787688 -2.7668109204910238 -5.4769041413245905 -4.1875899042635716 -5.4711073750637782 -6.7809356750159697 -2.7393408352095352 -3.9827474697534453 -2.5976670930922872 -6.6166975806739625 -5.3956592960483016 -5.1245037205718651 -3.5200517359646915 -1.3264855403404896 -3.9123861457665075 -2.1958283700164891 -4.9553758204151475 -6.6230936325517309 -3.0896726665174241 -3.6222467250373156 -2.3583344521351757 -1.1545667284238899 -4.0373863935836658 -2.3656690344600415 -3.3173106561456249 -6.3212058836326097 -4.9427465621535598 -2.0213746002738398 2.100557497954568 -0.81940030315974965 -1.5222304469455215 -1.6576257130473779 -3.4633845540157102 -3.7147717297848462 1.2956078593785754 0.83759013374948543 -0.53337098608830358 0.40827882047020309 -0.66648045064104822 4.0361142509800016 -1.273096440232667 -2.3945994687087575 0.86357808203941411 0.50462127117680178 -1.8875706598673023 1.6989268081097055 -1.9632705855792105 -0.59454419511242473 2.2503741102623187 -1.072369632113483 -1.1862378948806862 1.3388430594900853 -0.88291056598715634 -2.0861911426221567 -1.2423541232947839 -1.191452390488547 -0.56407025446677528 -1.639643921386791 -1.0603876743746175 -1.8832706359654321 -2.5126810419957497 1.1933762429029324 0.38474288409656732 -1.7526956327579399 -0.080608344618721225 -2.3363264559427797 1.6415357829032389 -1.568991751072641 1.2000978189514304 -0.45723735347060673 -2.85171476052101 -0.086431388377769161 -0.24381368622568475 -1.7692840448303762 2.5940228935011551 0.23185233438180888 1.3526380823736681 2.499864607505268 -1.3676151449777814 -2.846549548943587 0.11960277681269253 0.57735365530629534 -0.09507694500939684 0.088344617875266818 1.3204362036179025 -0.32289492079259807 -1.3390534379024961 0.24665292658220678 -0.56459924540640638 -0.11114496088044448 -0.83944144685402611 -1.3628544855308005 -1.0490882114643729 -2.1390105485623749 1.1371932194425174 0.86129832952167451 0.42263460349212134 -0.39671598460449609 -2.309121339214347 1.0586793947554303 -1.5149841772938915 -2.9250257519494332 -2.3196009710952392 -0.26321482027849413




