# Created by Octave 5.2.0, Fri Apr 02 16:05:17 2021 CEST <br1@br1>
# name: ptcls
# type: scalar struct
# ndims: 2
 1 1
# length: 2
# name: x
# type: matrix
# rows: 2
# columns: 320
 133.62950283049497 98.533687864936439 96.747160496779671 85.694362508431382 101.46397848447619 110.41411019901703 77.060495000849315 90.692424402588642 105.22955333914064 112.01562158490277 102.22671725810298 97.696941396256207 110.16122358729228 110.99237280511471 109.26546265345027 110.2743015807096 105.77189331787731 107.33627234991884 101.01648870789431 102.48577582668948 103.45933062082094 141.99027999685163 109.92485374474674 141.05780587998629 140.27668508041538 125.58309442907029 141.50007823514534 138.39482364977431 144.39072682745419 144.64803487976516 140.33286991155347 146.99040246359016 139.16531930015077 119.99146434992235 143.6959374267866 140.93424923511813 141.88233608762908 142.87289060128364 144.38666979733239 145.13402363768338 142.83455545641914 145.70027477907914 137.90532381794748 143.81758417747261 141.25464971622159 145.5628382267582 154.93295758556252 154.09313509559485 142.13605867690421 140.45658411346187 139.58629534440868 142.6662884742513 143.15165337861924 141.43629730017574 155.36113596817012 156.05276646876291 142.72686305057462 144.85374812903038 157.36982912231844 154.13803491954693 153.11017752706564 155.94049937421914 155.92531200149048 155.25244290733539 85.978908657887288 88.213996114721624 87.160227432594311 75.400508455200765 87.723368252347484 86.881793926114796 86.126817976001831 42.607139026168753 90.71276612457423 89.723048149869726 89.040297312289823 87.988631138523829 89.904622450050866 89.007421515773913 88.766248437165302 85.877050257117915 95.460301087293331 93.268562081480411 92.443658711807615 89.91300101468623 91.072735943548508 89.884746820315073 91.289204037766083 88.860693391106921 95.390487740890194 94.341085232358154 93.602407034641075 91.604456988284056 91.994901113744788 90.911370142266364 90.785221707234285 89.777848720952761 103.36608745034495 99.074619392968359 94.207746640144052 92.682285661286002 92.005043863707471 91.932522170560247 92.701083385341775 93.002355905269525 98.68329933352193 99.654889196895738 97.940435625773688 93.065620191896087 94.19007015976149 93.170273922646146 93.628585532145763 94.992682731642589 97.95175220787381 98.808534585368164 101.8785966329967 95.772739040966655 93.812248264442502 96.435340347346425 106.70406417843216 94.100363057584019 99.492613255470673 99.667694194136743 100.05811773984534 96.469544605745895 94.767867633329047 95.395302188540938 97.401533193889023 98.087088929050708 110.17402548410845 99.416722519173689 98.991966334824824 101.87594005913157 95.903729768698923 95.072180594100558 97.919173208239727 77.65661570834672 94.89541134367316 94.706998392769407 98.801863315916918 105.42104016190883 100.17988457832935 96.808196019157165 96.38312748059289 76.147534232058831 122.93743518132914 108.69427538950417 84.500294276146178 98.190478697970363 100.85476193845557 101.10901502403533 97.046896146170297 78.882809363887006 111.6513172561782 109.77088791227987 111.87948861333636 95.808786768282857 99.881569929960804 100.55465695032373 107.61693629626727 103.33144303145092 109.30743201654697 110.78875219146013 110.61909864273933 109.43338156169348 109.52360132885019 100.33741436763908 104.6838552523099 106.88259619540574 110.596030571003 109.75287869001845 109.43068251390675 108.38678426255476 107.90801878990322 108.28614373139924 103.97593624746771 105.7469969825199 117.8237241666846 108.30195946075916 106.53163375913758 108.5308524356762 107.29564655325365 107.62130400314615 110.64689064946222 107.60409916449495 118.62230508402016 147.83178953095018 137.70048392502434 106.39269801181094 136.35115802171075 104.59889179638964 106.09559373743693 108.53787522533545 138.09859154899871 136.95713503008929 140.15844574459516 136.49644218684284 135.91541931608933 135.34349839416407 133.94951006885617 119.95702007994623 138.01235087296743 139.35684365503315 136.86155378281686 138.25837333670313 135.27913185568909 137.14727746990866 138.23275206290404 141.06823116953902 135.0062359342171 138.01164971314881 136.89241401841974 136.12294459072533 130.10536172784575 132.37019850786092 139.04716790377236 142.60437370489012 135.96905650343308 135.85534204893546 133.52866318401132 131.5765165433825 128.65282853661816 127.90838926360868 141.92088538937591 137.17191539844711 133.46424922879359 132.75105384628208 134.76425997467561 129.99438376672663 129.11696729820778 140.43804312159494 141.56502836147652 141.9772262623672 158.42755604607865 132.28827605151213 133.70893203984949 140.8876407980456 143.35940146639899 151.40652232006767 146.75238106537742 156.64319606605969 139.89998024652598 128.93454256886289 130.58773264316301 150.72017238464213 152.56803431019162 147.41024488077298 154.96321037041685 156.20230445476031 140.13374364898132 131.30721860114346 151.88163248166722 151.20422660594869 154.43113381312813 150.2530026044966 145.83717608338628 121.15169060580342 156.87982710781725 156.97771843113978 134.85757276857078 160.28822726979516 155.16424359105449 153.99851150441708 156.40289870119912 157.52416640168477 156.02680298506135 151.75835691919207 154.30099257021243 153.26919004238516 156.07120283734287 153.20154879335971 154.53377183334058 156.71404688554213 153.64123732908968 157.20255214548345 156.14358973305397 155.31634547250948 156.28200261396313 155.42122693593001 157.65684788030373 155.53175051944504 152.65097406040761 160.82424118146375 159.23700149761311 157.40809191183567 157.88091849656504 156.7632189789104 156.91185343425761 158.20455869635731 159.78643842596543 158.30479435273554 158.92403382003411 158.06342169091812 159.55909973031098 158.398024508368 159.39741778919881 160.41598874254333 160.7255329234726 158.56652851860227 159.99259996880932 159.17300637910958 160.4716435535662 158.92423140192764 161.47843779388191 157.29153650021428 161.82932220729234 159.80443196959246 161.20776132278326 160.28826264643155 162.87556371824346 161.59664767902598 162.2411466463839 156.24177033624494 161.90387927019697 160.76403664208615 162.26972043073584 160.9922567822091 162.70239411019926 163.11451729279446 161.42500444062085 163.00194239218288
 11.373234512332537 74.00380512609452 81.366951310621957 141.55498156861782 66.69070028430302 85.023057784686188 149.68993107896267 102.74680581908179 12.00325431765077 32.845417928174136 68.919474960295773 80.700098497469639 89.626957878833167 85.94588205107226 84.606113513305885 83.850199222623914 9.9104655149852938 11.422111023446524 70.250794587977623 66.524246725134546 66.030750211548849 67.568171512837793 86.059309411355073 68.256243508036974 63.058439160303649 67.370197924238383 61.162154575325388 77.643411598554948 64.665334322019334 66.53208055234029 67.400253642958091 69.093970490911417 59.597880186139619 48.347163369979334 66.166313294264683 65.051309952132002 65.892367818265072 68.243823017441272 63.242447898986399 65.369283719509497 65.494176823204384 62.629903140504972 61.623836198709462 67.377466279784556 66.760853409013549 64.207117667445843 90.768141225684104 91.613800716996039 62.067562012441776 61.346695524521671 60.595570997089197 66.688986667193163 62.264950902852291 63.555630179786775 91.785702733257338 90.702139044324184 63.496595596659247 67.573693217645328 86.527423185062943 92.651471133249345 92.086525167139399 88.399527429671892 92.643850696714992 89.438059622183275 79.613490397772466 80.444692092843681 80.414406838332013 80.388213710957345 82.748107165383558 81.734239391499969 80.844966788363848 112.24141081366692 80.859915478586856 80.461547070663656 81.25442557163818 81.620071586033092 83.192530407183384 82.485861995137881 83.657270678467668 82.712470158428047 79.873965352950833 79.993272643679973 80.722199432155946 81.797528952178638 82.4911868026809 84.245710637972664 84.914957808246811 84.824888389491122 78.751558617559098 80.215959843422254 80.990937259275597 81.50419848366883 83.013458218210957 83.816474406496667 85.879568499540014 85.501319096204767 80.467508984196883 81.574580019423266 79.06618573399173 81.843897021055028 84.044489240774325 85.891081845266569 85.017659260455616 86.652126235864984 68.817288002011438 65.107396899091427 79.544379410266643 82.944766922969151 83.47194514345442 84.013712476188232 85.552788446663186 85.219394864118442 67.997880644502715 80.527237375752208 70.951043295895204 81.002435524593551 82.156700343447852 84.409160581069457 90.497873975396843 84.610305906247007 66.434277255999646 64.019985537465772 69.735886774997468 78.912356446779825 81.48989785699456 84.045727585721366 85.02382396124132 82.946126907118114 62.571479362121032 67.913125681267019 70.023597775838326 67.716267771804468 82.14828861341185 82.896709703850732 81.761952519255374 148.77803322290825 50.000422376453393 48.9115821353165 63.294516512085494 68.679982742780496 68.665519532233148 79.913236277197996 83.327980594516831 123.12167244735143 28.296214699803109 16.764363477398003 55.908842361729526 64.206843146393879 71.43593060524806 69.197535725529605 82.471199366429047 148.52079319124317 17.095241546997503 17.083062110789285 15.834352437394823 49.237929033575604 70.845925478642187 66.097012433411933 32.173578415773441 11.282302345869173 18.134222150703017 16.3216961672723 15.1068487396339 13.780117843791976 12.627504522092202 67.152816450317488 9.7470168236274333 10.233060258307832 17.805003659252662 15.922522904113823 14.875391725588438 14.243315540220465 9.6177875405603181 10.715139330282652 12.389253356804767 8.7356312871652921 15.512089293720967 15.410818037772419 13.331258387509527 13.079007348115516 14.802048944741903 13.55404877704923 13.866948200372812 12.512149890331722 14.47616611366043 1.9837805290144663 29.199663020645335 12.143580404265613 22.835892174884112 10.863341665316222 11.180901645503381 11.738704521987694 25.885903784860396 27.361540636476839 21.617234661602261 24.029818224586997 26.833771757113507 24.218303485161467 5.3559516275899401 47.0533028139441 26.950887084963639 26.606219291846365 26.163276922269141 24.759142037095181 25.962398591298577 24.982880001403601 60.444146955120786 62.20933801864701 28.313242171694707 28.013579718355768 28.469476819847905 25.079521184397287 25.474859520726046 25.875373442633911 61.73958359367878 61.039735518197169 28.011567819920071 29.088711459584871 27.400675043092331 28.141063498087064 26.932302423869235 27.842948382157253 64.647242583085927 60.751872963581818 35.637801632277316 28.206293332025538 27.074566226077479 26.619278902916669 25.90651992366308 58.994379344765839 59.023480603085055 60.096976280470166 21.973352843563376 27.202407613998634 26.38118977764044 60.112195132191189 64.366966898927345 83.875031943005766 67.806425914144597 87.352854457009755 42.884205623717151 28.110281485572887 27.649577384839684 83.025636535213536 83.771643213265307 77.51081903340895 86.108686160196669 86.11638832430296 41.849845843142909 26.867871284059166 82.826817556882034 81.968224960080107 82.638271323187297 84.068429404337465 66.828702083006078 150.17559041838479 60.878731700398738 59.789105692583654 90.072784545701225 81.552201394807966 83.641393656438254 85.457695965595349 89.65977595326703 89.749613595910404 80.186610597911866 72.465266907089941 80.382733909149067 82.99453527098882 84.265599239722505 84.737528574502761 84.504048569383983 91.777666768882654 81.69434127387791 82.200156054045451 82.846939891982444 81.136277083821881 81.661166267831106 85.199959039702406 87.8197853682653 87.151065037159071 81.945693718025666 82.459009637817132 81.963743115385867 83.592713988962089 84.69245941085461 85.128985386651905 88.656021159202169 88.857748963530099 83.005537272972262 82.53433658549865 84.899932880111294 85.691225952573816 87.25192126472497 87.053893489935007 89.260493844329787 89.809303869029876 83.510577056297407 83.762148877816415 85.373015780088664 86.04077448669635 88.631035345597155 88.09521697163072 89.849170057765306 90.827470845725784 84.385931751636065 84.065502597216522 85.547889841298485 86.466770874569306 84.893620157212524 88.664676171674856 87.563991388367867 97.619767769357054 82.928620591806393 84.552527779142778 85.773795238410216 87.682440413779815 83.757515925955531 86.758205672453045 86.704817897355511 88.451301904970876


# name: v
# type: matrix
# rows: 2
# columns: 320
 1.3579693284185725 -1.5491047806532685 -0.081373960357547431 -2.3617106020879088 -0.33992587991006484 -0.2562538592053708 -2.8697583856342228 -2.1848560259870178 -2.9479662749977802 -0.62397535907694635 -1.0948400675849495 1.1233073592060132 -0.74118715823311598 -2.4390441201738593 1.5497828346345377 -0.46468158283892186 -1.6868946254608641 -0.40416995254009674 -0.62646554511069175 -0.58082881458967595 -2.5183614353154882 0.41394812272826798 -0.621914935750009 0.4371554647610415 -1.3912088913114495 0.18963793975630527 -0.51261907133325402 1.1313036246855084 0.88469988070077576 3.9417432428026933 0.53129170749429488 2.9030962597787697 2.0393851402136427 -1.3584358711910252 0.87340591744656415 3.1454681770831643 0.11109272221795494 1.6672749184086177 -0.11083298638002961 0.59208988873184232 1.1486124641494888 2.0114553605226777 -0.73422211181040997 0.34440597979342713 0.05132575664908217 3.9812574200651381 1.4840790410941671 1.6919801205993183 0.87472009350432967 1.316421211314454 0.29759898030776233 2.5581406276820502 1.6061768811853427 0.28068449090971309 2.7191590973313442 3.1923789782348302 0.55845902411021198 1.2218308675003922 1.0199568878871736 0.56551462027054766 1.6174901457895989 0.8866045845951267 1.9857451626074836 2.5249481441910056 -1.7454458800053716 -0.80958870518495629 0.42046557600725276 -2.5555409142093808 -0.5880112010952373 -2.4018641839214494 -3.8839077931708541 -4.8083481724781443 -2.1475860839943754 -1.7577390451017592 -1.5316065613437004 1.6165488202345073 -0.50855916750133301 -0.60239487144192261 -1.0669876712520772 -0.96126821279301511 -0.27777850398902426 -1.14563769114217 -1.2672172030262583 -2.6180148260462213 -3.2013045192253498 0.34688470808587824 -2.3019095652335904 -2.7567777960592297 -2.5647422204239301 -0.84932787444796354 -2.9130845403663725 -0.95641401070676357 -2.0310009818091008 -2.0069591456237066 0.23977855026722739 -0.65964247745150573 1.0957960171126855 -1.13989217310498 -1.7137232892656755 1.6080088342911103 -1.0145556624361769 -2.4858540139313923 -3.2736190672987453 0.11264589896324607 -1.5944243295187621 -3.3945181202824539 -1.0897334173697601 -1.3740194956304503 -2.4046385752321155 -1.9121636740123973 -3.3020551985221704 -1.1253619511978954 -0.79779578237133386 -1.3843319936038834 -4.4341044923013264 -1.9906215811848422 -3.5461912778156197 -0.21361926562077355 -0.98235940944024569 -1.1072394430074457 0.123869488364445 0.035515285945556738 0.34721002711472748 -1.330584899174915 -2.8827424525601302 -2.1520043186272786 -2.0383371832308064 -1.2698947246704431 0.63942593884555221 0.7887567954737984 -1.3093106877844216 -3.9226050828855032 -2.9778056315065893 -0.38922365760230054 -1.4845596197455384 -2.1559779088490876 -1.639115159669071 -0.68067609219904501 -3.6871157192312927 -0.94314333146569318 -3.1780489758091828 -2.1561856509089581 1.3864673177443481 -3.1420302346738094 2.0503194377782759 -1.194109497035196 -3.3052369035009281 -0.13794487804911271 -1.1187078371587629 -0.027174441404433487 -2.3199490392909974 -3.6781845998459151 -1.6964094134490559 0.27837096347001034 1.5765582077066558 -2.1591207286634009 -0.050598313311295523 -3.4866188542885772 -0.91553894821569615 -3.1998069498518111 0.2375952167453288 -1.1550461757088784 -3.9662431362161263 -2.907868748810623 0.902016570241717 -2.983921402471394 -1.1044480413931288 -2.2905474386415849 2.5959298018944539 0.52568386039446835 -0.72579024952158966 1.6713702973436804 -1.8973745738705723 -1.8145038711780423 -2.6608078228024783 -0.0099417749245726533 -0.12783709537311597 -1.1316126814960081 -0.69130299453810895 -1.6215171609359116 0.17022577160842564 -1.2168589286856268 -1.1176435094128598 -1.9170506858336407 -0.6036159566121182 1.9063454546835059 -1.2124847865867927 -1.6408231492680383 1.5031271798300823 -1.1036753084670674 -3.8335565804569964 -0.76254444924405806 0.15809537730637221 -0.22755610368058135 2.5327848163482951 0.36388136304982349 -0.37337660782692866 1.157605612715249 0.9259881844467065 0.42443606061618055 0.048671269895753017 0.087579516215939845 3.956435192408001 -0.1928803238220505 -1.0051023669184891 -2.9837875248589714 -0.99523324855429462 1.3290457961016178 0.031807486262237394 -0.53405008452209057 -2.2025815070712458 2.0217179930878761 1.0343195640202856 2.4190836524814889 3.4153475709568295 2.1887928802680721 0.90681233111548232 0.62757978573622564 0.18896204176263751 3.2767126353170521 0.28125337906933062 1.6549794649922636 2.4640255869706884 2.154023175995234 -0.92266956557525615 -0.15303479329486033 3.0844477235041783 -0.68653614414897235 0.55587161884821867 3.0877356676928249 -2.4987219630687929 -0.54287949631693966 2.2728166734052841 0.85287126010495329 0.66487557157458399 2.8392106471727394 1.8349712924708621 1.8552343568880907 1.2097809272232061 1.7304607679539037 0.040986648946478077 0.26817942386412452 -0.89593423438339415 0.95055673836128751 1.6903946153654301 0.79445250808365253 0.29004317945047475 1.0397740424769379 0.95644168304602717 -1.8785794946234724 1.5499773887187838 2.0263504798677991 2.0263010409205133 -0.87932531396831726 -1.2720558371519868 -1.1396072695747648 1.1051385793836757 2.2928872301224423 -2.100086601167332 1.5139074840554672 2.6679595487465582 3.0212049039310971 2.0933296817408005 -0.53362189158653306 0.75280148303940808 0.88167391345715806 1.9646857066615082 0.84613164967434029 1.0833852328375329 0.23391129933127799 0.46078869292705837 -0.65934147837958812 0.065374500040682071 1.3501529945504762 1.5600332829815129 1.0708591490372084 2.0728220132343829 -0.96400228729982673 0.88939467591328358 2.0968934752802966 0.94593880070337966 1.4028289265002767 3.4379571888539617 1.6699234244167525 0.31803288032165411 -0.88239192725555327 2.2815893324518726 2.1249019338275854 0.90691095242928566 1.9528903268369961 3.7977390399765385 1.4606907638382585 -0.16958244694344235 1.3428113413863352 2.1335052789832969 3.3431948638228417 2.1894085851917264 3.1277231787245601 3.1325224409795189 1.872518833714593 0.98747078684616807 3.3147032905096943 1.7953352216699823 0.85044467416655822 3.2052891820571814 2.1607760746948128 3.2599104334861484 2.9891209230453759 1.8080294260287444 4.4167000651532931 1.1449339674588928 1.0795806053282941 1.3738138053947329 0.47325488667802851 0.22232878922802751 2.6083764165874146 0.7800949351657559 -0.10862746176324267 1.4047654007859873 0.64036445162889033
 -6.3445512990119379 -1.117490105380994 -2.6377398690223295 3.1959294126884794 -2.1822776377401882 -0.46734834297279282 4.2540377884324094 0.29108599795669898 -4.5035471514980907 -4.5400459979297505 -2.4957231865225973 -2.5137850943220599 -0.81039780598378297 -3.3285064723783302 -0.9544442661468624 0.016815718153003187 -5.8506529511887164 -6.1294297940272315 -0.31207008072533965 1.8714379793487976 -1.8543307039388053 -2.2386882657662186 -1.5388027160913069 -3.4099908538554549 -4.713099825689798 -1.9360448762617062 -0.29757065852409365 -1.3688265063269536 -2.1689357344321141 -1.7143673349759643 -2.7380171139183376 -2.4103076697977461 -5.5366925593703264 -3.7163072076811803 -3.7798296511958891 0.84233657367558679 -2.8753007048385766 -1.3853728656917474 -2.37658367737474 -3.2685913872556154 -0.51891062719497383 -2.5486317223827544 -1.9525356460936136 -3.1988259554349119 -0.96827515761411287 -2.8829253265176042 1.6351164381595171 -3.0087777557124884 -0.96759891483015747 -2.7420473572756108 -0.52798920727962195 -0.77545929282788673 -1.6048383368424997 -2.5750238066349329 -1.2561124707360158 -1.8952349976546317 -1.3106881461944224 -4.699009228228193 -0.36350211441014429 0.2807452252985998 0.035384970445022687 -0.12805136798076394 -0.4903169514801739 -2.4562077245208407 -1.6800706939587224 0.93543796564226034 -0.18158111292749762 -0.70265671128496998 -1.0438419346720904 -0.82086878818610398 0.97624735105429139 1.2975106343904557 -1.1925825400936358 -1.242251129184702 -0.7118031190247972 0.72735404933301295 -1.3285528230613157 -0.072247047390374936 0.15975496081959242 -1.0439427473199681 -1.0472025627177304 -2.7266229880984927 -1.7171954543335259 -0.95645931102143489 -1.4102265555829263 -0.87106433364269398 -4.4253810709883297 -1.0922563992016177 1.3717328292003865 -0.69958852191369103 -1.1607928708629727 -1.9059821200522413 -2.3537603679070096 -0.6758864316951515 0.67630471297536698 -0.54793649125376498 -0.76998383527079506 1.9253722908477529 -0.5762851693071922 3.2065022381360468 -0.53273004533395762 -0.10275376833676136 -1.1227963244156278 -1.5597038204257379 -0.051685719368733417 -2.3508960655907112 1.0839518050409707 -1.3938672415474989 -1.5834505528250831 -1.4201820311953277 0.061411060386184158 -2.0932854550169293 -2.3785260045067447 1.3515343082116194 -2.2274440043100894 -1.1502198247836151 -0.68256355921530054 -1.5023210566036564 1.4511542305423721 -1.7017519565979418 -1.9050424287213439 0.27576813281705448 -1.6399947913978719 -1.2223438162786229 0.16644469619009306 -0.26580914396932348 0.23796849945835943 -0.29441093664610801 -1.4985947257817349 -1.8569011045908665 -3.2352047680478173 -1.8086327493612799 -0.74374117175917742 -1.899338962809811 -1.8614161285356174 3.8867780541677184 -3.7892929001878013 -4.3428978622497798 -4.4802235981652245 -1.5869886814609546 -0.12425030555221939 -3.0998613856004584 0.96186690844055178 1.5120815234880927 -3.5162276711970275 -7.5660662234313865 -1.9440862629784657 -2.5139206696179395 1.1360207406390548 0.078524591052373416 -1.6521724399536715 4.3700116522730879 -6.9405536247338091 -5.6721747250900103 -6.6496135915516188 -0.27837677001288008 -3.0007297506171424 -2.6562659478080919 -4.8047683630626112 -3.8327960175554208 -5.0140007377598845 -5.4421235579180367 -4.4257488719768716 -7.1319029004685692 -5.1280536093904399 0.16093246020591567 -3.1608947448617273 -6.0669973643614483 -5.9698782125334189 -5.8245915913116511 -6.2903829540520215 -6.3058793091276968 -7.0024445307259437 -7.0961760372259493 -3.6867833569557962 -4.006565687725522 7.6261893911106133 -5.1502044477440325 -7.9195881514248772 -6.1188880434202702 -3.6658485861024732 -4.9793941063780371 -5.9021111324182378 -4.3441296227079595 7.0933427645915748 -5.9957003488919911 -3.0466237110706995 -6.7485124946006083 -6.1698019533672372 -3.1965944310058751 -7.424455871337365 -4.9381474947137631 -3.390382457825218 -3.1982215890475176 -4.4806091023851753 -2.8140772582327238 -2.9707436184246894 -3.5850592065624873 -6.5093544091306157 -2.9899382840648143 -3.1524717188818858 -4.9941209084518388 -2.8488061254881489 -0.39430474472950106 -4.2551933717347712 -6.3059493566809666 -2.6658751403379477 0.21326335366987981 -6.6830037206840682 -4.7481964631130271 -4.1513533667571263 -7.2869613316755055 -6.2931712232275743 -4.7615005649698734 -4.4728162248130428 -4.2394912511942007 -4.9781188894723689 -3.3116939479611394 -3.7267305956523868 -4.8634085089063381 -4.3263189912835101 -7.090263919707251 -3.0087833753869053 -0.026554743332780399 -2.5976670930922872 -5.2976905405931767 -3.9695566426184934 -5.0801803854597702 -6.3850512019613888 -2.8098608686674944 -3.485571079226391 -2.4786563384627658 -4.9553758204151475 -4.3893873142789408 -4.2989951784007703 -1.9190057183920353 -3.0199301130572311 2.6575175522013188 -2.0835755651697454 -1.6944728807113565 -2.3992456949163414 -3.7832786492046435 -5.2705983453707059 -2.5496189632945763 -0.46802414470449955 -0.81940030315974965 -2.5580315772525304 1.0169497266544585 -4.381449515245019 -6.0787057636971884 0.42571169919289314 -1.1812897193833007 -2.871663377926065 -0.040775173430850492 -2.3177240435351263 4.0361142509800016 -2.9892666389919325 -0.67842926994948849 0.86357808203941411 -1.4876344677993878 1.016712163088711 -1.6087522769376605 0.19644283126170822 0.9924799429930552 -1.3068696019346209 -1.072369632113483 -1.1916244150960054 1.2460746699644276 -0.32465000775999242 0.16347558131744216 1.0563075596256706 -1.0582332201687212 -2.5550203753235405 0.053720584059938084 -1.8941093484946259 -2.222198223903701 0.1779701044998222 0.51722122939982551 1.660417203125137 -0.32783449678849258 1.3610448301857774 -1.5807248846521595 -1.655541875849005 -2.0219144398533344 -0.7197769061288033 -1.1686368343449338 0.59789996832376013 -1.5158196542715809 0.21836566587091483 -3.3132194833471207 -2.0826961269448643 0.37512347409261715 1.0191730038345228 -0.91123093823115653 0.061464963773211229 -0.19351822710907138 -1.2856415686340152 -1.0628077220588745 -2.3396009912609603 0.28885387400647572 -2.9843656258546716 3.1861729619579919 0.31313293236077128 -0.23723669218505322 2.8006303134923725 0.42687776191860599 0.060742524819456384 -0.29010484547084131 -0.23787099062685138 0.78435437710254741 -2.7600163111143199 0.86129832952167451 -1.536018246401853 0.31369140617936275 -0.3900269876037516 -1.3748462002852044 -1.2580892181625174 1.0029656684243311 0.48565293233068185 1.2336490862144045




