# Created by Octave 5.2.0, Fri Apr 02 16:03:17 2021 CEST <br1@br1>
# name: ptcls
# type: scalar struct
# ndims: 2
 1 1
# length: 2
# name: x
# type: matrix
# rows: 2
# columns: 320
 120.53556177557621 112.26998677723157 111.06975504538374 109.19338299920595 115.89950672610205 118.1591621655992 107.89725741254507 112.43174186117247 121.58424752670446 117.88972630510087 117.31923998013795 112.6005652527984 117.2657779210662 118.32442944053301 119.06387777317228 119.74074690941153 122.75874984887422 120.54797783577246 115.21136271609372 114.39315165035828 116.06175432387852 129.85645549347467 118.44707565533012 131.43092117237512 127.06829483838077 123.69619692850787 129.40239543442277 127.36292907508852 128.57204941886778 133.1827144291932 130.92372875099559 132.62281790606889 126.6660339327112 124.45174359687769 128.08973384425622 129.8231636236998 129.28077602394103 133.84281920817998 131.97355277769381 130.91196531049425 129.13502803357719 129.7193693080084 130.46280840413849 130.01662360102975 130.69980023720098 132.27949080830658 138.00395255293103 135.89705825777506 131.61286585290438 130.18177656250336 130.88282779854171 131.74517979325847 132.64600464526362 131.92385391733524 137.01447237252819 140.98664782197113 133.599279331052 132.82272446853992 140.56988343561045 136.4087724753266 138.9664935576252 138.74411251523784 140.26328140070697 139.95559769827653 103.8521341650787 105.01255868640479 103.90498713831914 100.86380077917794 102.49180893689547 101.41299613493108 101.30018614773081 90.450203342325153 106.03772378078395 105.12946995771325 104.21781526146073 102.98491212627729 103.4570353990606 102.43752117604737 101.9672080002762 100.70629589420287 108.85431777560588 106.21872744455557 105.20948849348501 104.1703340522314 104.34870860310156 103.33799536516622 103.39301642582022 102.1882988564235 107.35817639087385 107.16733316118854 106.25025691398993 105.05458806358253 105.32478308100458 104.55902129746696 104.21543378665595 103.05291588268446 109.59107148960676 111.68952935967016 108.16884442364928 105.92392002368084 106.40148951153792 105.56951812252503 106.62980813616963 103.98181363114716 111.20637355683863 111.9200328907999 111.03195171958247 107.00533521886369 108.27799865858145 107.56324946763833 107.62008534114405 107.06103330538608 112.41793968519104 111.60957146937221 112.81004633642712 109.52684442076944 107.82840655773362 108.5306659246891 108.87442008908465 108.17103531592333 112.40097610358768 113.82628988763024 112.68671217512053 110.3833262443265 108.8159619982026 109.20926280183673 109.63163912813536 110.14014432862437 111.41803436713067 112.08137219811736 112.86400940758634 113.88004820613394 110.03695609651939 109.35046526444057 110.86092140319796 105.42892206129214 109.75407359108402 111.50724538764638 112.51469210166132 113.81115321128138 115.14916331587011 111.5175893923435 110.38053488886776 107.86913456740243 115.19462132057134 113.77736677724413 111.13948191869366 113.51505971791612 114.80125629627032 112.34660973572387 111.62644919026542 106.41935399747658 115.64273068099392 114.28619686394129 116.3466709173846 112.22552726797332 113.32359317598767 114.97393039566566 117.06099893361564 122.04233783941258 113.91198347028453 114.86083479287123 115.88395867528193 116.69840633572038 117.77025527759339 114.1319398212419 122.71038087213934 121.75685228656471 114.20684921737754 115.10923524770709 116.18130074646969 117.06978473075065 118.09950551969079 119.29869825022195 121.47479755947511 120.6061560745535 122.4000919647434 115.40598105530225 116.68146335546619 117.36816111964657 117.80726817005349 120.33647809874809 120.09069454839835 120.34494936717033 121.32389515321363 128.86365225686006 129.61467468625904 118.54374963410362 126.45074230653897 121.17341583800291 122.16313154862534 121.09907148191463 130.63116488493679 129.72968570676179 128.96582069325262 127.70519575293345 129.43992869429144 126.86512514695879 126.7917613774035 124.79003894821079 128.68214126982019 131.19598923238973 129.03504945817477 127.88809546466439 129.74235586860999 128.58143071749396 127.81189574312944 128.13721176418881 131.12605612052766 129.84855960527412 130.59178471122419 130.52775535835184 129.10120051566707 129.63620419676354 129.14032563869571 132.22697046448934 131.61529513884295 131.37831525903133 132.42349809812089 130.89801810517184 129.99638139670216 132.24824232029022 130.60219240178995 131.45997232470222 130.08126431598382 133.20103129700121 132.33116858313861 131.12445026547911 132.22613996358078 132.53222251493696 134.44903173836551 133.28137176096058 135.81303014569406 132.81960948669274 131.4940207627327 133.63829328287937 134.75987321786269 138.26970438328604 134.81224466735259 141.49646779725722 134.91003287209713 133.49670506451363 131.95816425209546 137.81659002013001 139.44288344524139 137.0035270561896 139.45138029998111 140.90016839808814 134.6204954513039 133.35525377091713 138.51101701040849 139.47168560364457 140.44142738890142 139.4153601105748 137.57880731961473 132.49078293807347 139.47123031832677 140.57595841604419 138.00411084857222 139.6631310724641 141.43280734847681 138.82253050201666 141.117935619658 141.96457847190857 140.73694185429349 140.87150721258681 139.80099909415716 140.59040534687287 141.26851490532476 140.56573340671099 140.04891239417063 142.02570590439541 140.92236920654557 141.66775449542868 141.45364961638788 142.4449257001267 142.23831207749427 140.94803421873982 141.75963943376271 140.19877304668586 139.66268928309719 142.53509688896091 142.56450159286084 143.23488249356663 143.13929981714756 142.03063170108072 142.73202326118763 142.40777868839086 143.50773743107678 143.48550802551463 144.30184040483675 144.16405546014767 144.02676851445938 143.02542689609285 143.57808427907631 143.45145096182972 145.59838477486761 144.51403067286859 145.19116902302758 145.18900692002029 144.92982152839116 143.95444340314498 144.90503900622107 144.57232376836353 146.38826423504059 145.27762618173784 146.27874025847399 146.14180400302089 147.00336768418796 146.1960048397751 145.95938282909509 145.78793039679707 146.58508460208159 146.21940868314769 147.47881339008654 147.26268223249343 148.29317204053032 148.05974456758409 147.44460770553835 146.88143717942287
 74.94949741766726 87.103529441326629 92.516840061572339 109.75548391237209 89.746182127376429 96.171822498443404 107.46651629724168 99.850500139400609 71.099060654222086 78.359572976402561 88.343129569700238 88.285673567715278 95.34773457746887 95.047131872150061 97.009139279988005 96.011440462647798 69.958850080519994 73.729876780533786 87.526440885974537 81.20504193504334 88.615638430018095 91.656315969990601 93.954593596641189 90.961951172667 83.404901175117715 86.633844443051245 85.364362272565742 91.324470385375989 91.146738959548259 89.911791899547381 89.93734470552775 90.880301963890034 84.538608249469704 80.43544914769609 88.193834462483508 89.632073094241079 88.637005714650982 88.190248506932562 92.033662201660647 92.268537550013576 84.226097720521537 86.529578177545801 85.599828582927714 87.616020326483891 88.424363305288409 89.004429442176203 96.352973098596692 97.165539093015411 85.944711965940201 84.078066887838176 86.834718099238813 88.077998440587407 86.168696734311737 87.014444910930536 97.099338260888757 96.349947794193852 86.631132534673213 87.697208661022088 92.168006379632004 96.186561753140538 96.887340228037289 95.606045011133233 97.065135267894163 95.907036913291435 85.293163264544404 85.69463480826802 86.696356173575964 87.449711968554737 89.127127639835649 89.425230795943165 90.504681922199367 99.331180001484782 86.680057886859913 87.236035284714603 87.966730050834656 88.059551759664743 89.894994417863614 90.295015363970151 91.449170301139958 91.460896538671932 87.255256805589099 88.101840175393619 88.636982476908869 89.126105088861337 90.599844547730939 91.034571601028887 92.157764702380959 92.549007643041747 87.537563078658891 88.7881499221632 89.269324514422593 89.69217585382512 91.171334105989814 91.81066975561707 92.868951935331822 93.176610046487809 86.286261998973856 84.782424558182711 88.302057551857004 90.272915643566137 91.504975041010027 92.283959489235286 92.545676773744503 93.922156960951554 80.482041548562918 82.583050963906729 86.552270296202209 90.628375208405032 90.793119939522668 91.621609348824563 93.027700838198157 94.026872630843627 80.433609638449809 83.583227148688024 84.909907323339723 88.211128116532791 89.760316050702215 92.161694836871689 93.21298981377258 94.1285391684129 79.08002745448006 79.647192326070297 83.328863843272174 87.490777923759069 89.294915679242905 91.340984606373041 92.36666930855985 93.47013809902279 79.302826522433364 81.45481293935002 82.122907403993224 83.97866365059491 89.458952990088662 90.250517026460372 90.326633824311202 108.73564937138192 75.518473743598804 78.155905478841873 77.805118055492031 85.125167073002231 82.153307526494203 87.961011280480619 91.46516705834803 106.16353471113617 70.473904152964764 68.697389791154023 75.130208824103548 78.597827316615337 84.688267119193682 85.987524195104356 89.151050595206129 108.21678482799918 68.993933621529692 69.803121317872353 70.021118237626197 76.609345617716954 81.234391595721831 83.545443286950942 79.640326259414877 73.41791663684279 67.56561227638791 68.258827382355193 67.906935187210465 68.944347359376835 68.961366608552353 82.70869235683017 71.023620112098627 72.208443452177647 66.347586755512609 67.036973870517883 66.930041313097647 67.941128227122121 67.589799027621794 67.563959506877552 67.990076319743324 72.308248380788882 58.117089699923056 65.818998409644919 65.827604005812333 66.793376751855476 65.767373771754052 67.053576684526561 69.416979407754056 68.203242658183925 57.401802873689888 61.640999000488357 64.996105731512145 66.583992485259031 67.660456356559308 68.995298230742748 69.050791148165018 70.030867065436809 64.501221770006495 66.165129250738275 67.103153162514488 67.524096752442702 70.756245054259281 68.656288237988889 69.748517505905298 81.692159679100186 68.145321732546762 65.486906249219729 69.550269803542946 69.529863488324253 71.890835641088685 71.68620721090555 82.518125886905409 83.609364611276078 69.807364119993835 68.122717677158235 71.06106380561971 72.719074509494504 72.74840767853982 74.405114502971344 83.17777085838776 85.117087638186831 70.861465858786389 71.865552094812912 71.577961079909741 74.471929919175537 75.546423333474138 77.021293847242248 83.059743868649846 84.06971277649491 69.921281837597888 74.81486442752788 72.765991824871278 75.793083176268937 75.793610831389159 84.084403022327606 85.394246217113761 84.893592764376606 71.279342256697575 73.701877692209095 73.525026580641651 83.875298512023122 84.383115545956926 88.924579152952518 89.102229930618108 92.876825223495842 75.534651820518761 77.061326503607859 74.666966188018861 86.30827585199205 88.310282862769753 88.935016650084592 91.406895953181035 94.945666908179376 76.613953142016868 75.963484850303473 85.185404449218126 86.998270770711727 87.742942727868638 89.443595095791551 89.996368375935276 110.0162536211232 78.498305190184368 78.663106496764939 84.128431743530484 85.973004709085757 88.618939249649259 90.378760222458212 93.875162030179723 94.717281292828432 83.329210803127893 84.29769939313158 84.961582097985996 86.624954249864942 89.904246312426267 89.096723445963733 90.280925549370622 95.869952416640615 85.355301779782792 86.347144044657639 87.40760480003965 88.326496450397059 89.533881127480981 91.082481179796687 91.835666733111495 93.404170345757322 83.268794735413024 85.387636521459726 87.32253521063231 89.150778852345866 90.264062178755211 90.658432043681245 92.447079691834645 93.692213008944378 86.730918557976722 87.988150689657573 88.59316365905164 89.785922562284711 90.895814076019818 91.379543360577074 93.205826587320942 94.350818290361786 87.008543157618433 87.021900347542712 89.293856750654243 90.329488477346459 91.510811641640757 92.123805487396695 92.566801166045821 93.958851504715284 87.691120649511618 88.229793694198548 89.761417557730454 90.847209518048729 91.495131764762604 92.310030978787211 93.324651129929634 94.542934501678189 86.612767206418127 88.768217712056824 89.346231803157139 90.396715291430525 91.143160646191447 92.259342690817377 93.182863442342779 94.198674832118485


# name: v
# type: matrix
# rows: 2
# columns: 320
 0.65154753961169143 -4.2329381888070614 -0.33117431099272948 -2.3617106020879088 -0.45047207846982551 -0.89567186349845551 -2.5971305222896865 -2.1848560259870178 -0.043114634069157914 0.12038517057415332 -1.4093629116356092 -1.8096499226703977 -1.3755110264562229 1.3355711905676177 0.072556754853912581 -2.3693250237387025 -1.0231846406167491 0.41259039779660495 -2.1423069923055436 -0.90216081499690792 -1.7371960191965266 2.3495123534206681 -2.3318398531935163 -0.26096544620086115 1.4643847723759535 0.18963793975630527 1.4491438496050846 2.1489202596207262 -0.88508983201927771 1.1157020409452287 4.2444251727887918 2.4152349876874184 0.069152441451327512 0.30695314085812447 1.7243701612870612 2.9047559090795461 0.68721391153232703 1.2890810399846915 2.2023805947648598 1.85251232817004 -1.4282439135583527 -0.51029316877002762 1.0380056877216868 1.5117755528144348 0.69033752748845623 1.3152079498663867 4.0985828983905517 3.7648119607741197 0.62230985379712855 2.9509113038014441 0.31186005827551294 1.6401078307333847 0.47253513929745916 1.9879996878525996 -0.60055383660478534 2.22222912755621 -0.5617817329935918 2.0485804229738549 1.757000806286769 3.5382941550585301 0.73748208647836044 4.5527958639485302 3.3212479444930163 0.38939965078942912 -2.9710573441448584 -1.6166734954154798 -2.187924211773363 -2.7256193133015421 -0.71100830617434041 -0.24147927390206111 -0.65162358320570035 -4.8083481724781443 -2.4031806047305095 -0.71621688697001673 -1.3011456096699359 -1.4530136816762482 -3.502704673526932 -2.6295072106635247 -2.1052956378925161 -3.3738530198347667 -0.97476866439956433 -1.7132297740909799 -1.4962411011323915 -1.1566586033928481 -0.25296820668131786 -1.7707926701504206 -1.666969884892787 -0.32545758796046648 -1.0492475056252433 -4.1502491808047068 -2.5603809925548742 -0.7724141617950816 0.39523328074613295 -0.86399560224990601 -2.3863245721539617 -1.17193119365403 2.2920472485971626 1.8146058671460172 -1.6560531684956608 -2.0093832985640505 -0.56425316498359201 -1.4388276116919489 -1.2701890705522769 -1.0233436337519755 1.6160551594009633 -3.6870742782365031 1.7591602498260692 -2.7513261398987341 -1.5776125851510585 -1.7445069521676351 -2.540791586207698 -2.6118367511768361 -3.2447993730672273 -1.2225226819490729 -1.0775406986296334 -0.50727296992811965 -2.8034339668292092 -1.4513780303593522 0.39515722758555377 0.72231996020752587 -1.1266269899884238 -1.0166806519289828 -3.0296321463757137 0.35391281695358889 -0.72124648976502392 -2.3929698340364007 2.1240035156836194 0.0071030051209243043 -0.19367306781670973 -2.6433871555466935 0.7210229573896727 0.070285174875323819 -1.5588965750397961 -1.8083843552699002 -2.1516314996765429 -4.1483743281459713 -1.5703622540024762 -0.78925665778421861 -3.5265038814237926 -0.98125602257940314 0.70561917064003121 -0.053129134752125398 -4.4635496354682607 -3.7826932384692595 0.36168573172934249 -2.2579649392425289 -0.76315016750439668 -1.2185732280795669 -0.73271571906926991 -0.62511156795867251 -3.1336644870302024 -1.3177530400981019 -0.19270553319951481 -0.52042628529678348 0.013222517329609669 -1.2378002934712631 -4.1725505433920143 0.158919165699349 -1.659899477866793 -0.6485548890730688 -0.39658135982790244 -0.74210732023902515 -2.8859834411640222 -2.6085427320820753 -0.9826430490958098 -4.4624109976684085 0.33939772761120313 1.5177561756001221 -3.6819409642767615 -2.8448300076162099 0.19943769823681101 0.096533117214819053 0.32531389147757866 0.084954190036520882 -1.7993359625902794 -2.9821152253738052 -1.3558388786347702 -0.92101150136120213 -2.764704451648226 -0.79938695901298484 -1.6085996222751644 -1.4682122755837117 0.33708374649809764 -2.0698059790872367 0.62438582664953812 1.9063454546835059 0.54719809757226334 0.30660941461282842 1.1543286977830145 -2.593569380069694 -0.37411999293342141 -1.7691655411589928 2.5189111751792033 1.6294168883974818 -0.89905730262027561 1.9045835727846334 -1.131995198067359 1.8253125096719904 -0.45865752544595978 -1.2409529514329694 1.2057796208397866 1.9395153421310058 -0.014308720686246069 1.7342555928872347 0.78760535259106845 -1.1917164526110213 -0.7582515940617196 0.37645066708398794 -1.5687562681348499 -0.52030879734742574 2.8658428669459393 3.3604319430069989 0.68889972255264809 2.5389315569826434 2.3062212181534405 -0.76908596993546541 0.10929735065240966 2.385386950152927 1.8130687020008129 -1.7938088226567643 0.14736403723434172 -1.765976870819449 0.05743216328930939 0.37901310733222021 1.132152962647788 -1.3992151553433334 2.1522594496812735 -0.91508202791356907 -2.3163419156880742 2.00052180115657 1.4779611984752983 3.4621339517043008 2.2728166734052841 -0.82553397123641992 -0.45324136883835475 0.97357795029337468 1.0570827183875762 1.7980134790794058 -0.13541829000558733 5.3270112332385962 1.3250235116928584 3.3463483392895399 -2.2890072231536016 3.5494635826484262 2.545985281603472 0.39251988668844251 3.1293664103133207 0.094806277842121631 -1.1128668122144856 -2.1235425712641702 1.5457503510810886 2.1450472776574956 3.5149552752315714 3.3024923629000935 -0.33202442497980511 -1.1396072695747648 0.64619107638364193 2.7518347331224806 0.20035120660584685 0.78684147005806548 3.5430339221659684 2.2136885545888241 3.02443201547463 1.2296242585086774 0.30628841868813261 0.41201151463004226 2.5755683522760027 2.1460078886222305 1.2445113660281475 0.4133188524729407 2.8422031175345364 3.8465932512315617 1.2803625400227505 1.3134936581115837 1.4926205890762678 -0.24237562504110979 1.1971431916743756 2.6830141232727969 -0.47929787484816877 0.020527555871517139 1.1647904156733455 2.6903503353286444 0.90193310063699572 0.85299129267599572 2.0630276345573075 2.0520724604565852 -2.0860082528568591 2.9327259221759072 3.2329418374525947 1.6465449128488385 0.95712064316170531 0.73104695828152344 2.887811339067178 -0.14459839106753955 2.3104495184602092 0.11426070724856406 -1.2434125126435223 1.870562521623351 1.4101800729256582 1.2746569443255797 2.7207119072142394 1.0130606395557038 -0.71366700549460249 -1.5010701670361464 0.58843693133501163 0.51192650080318236 1.0016081724859489 1.584378494328762 1.3256377436150042 1.4548927809190688 -0.65820573843326202 2.8134989543481144 -0.99073740896949514 2.0307921717217536 0.28474092814755469 -1.0677370741015066 -0.3014035167532344 0.88767318730644185 1.1545110191832211 1.4234961286336625
 -5.9797847547366461 -1.7920326396973532 -1.3200544880791714 3.1959294126884794 -2.4621621117485479 1.3987932856167407 3.9689332555507719 0.29108599795669898 -10.389920120480941 -5.4637162525695828 -0.96191650321813837 -3.2768446222312417 -0.4846478720606876 -1.8403676274953964 -1.9528150786058218 -0.85715387511881391 -8.2638759047797254 -7.0711152811092992 -1.4693718673200347 -2.3684785065751854 -2.8012140803737466 -1.4076907117768649 -1.812769415808331 -4.3639317342113211 -1.0387676017906993 -1.9360448762617062 -1.0110046326307713 -1.7087483475539516 -0.27780818276408309 -2.5317443414928804 -1.7187070962860389 -3.5883920019820583 -3.6484174834137177 -3.8504670525387161 -1.4371730098555526 -4.345994330911644 -1.2440714695752528 -2.8737998697496696 -4.9362988054258601 -3.2957341851029014 -4.4167416239887283 -4.3850641715432488 -2.3203177313870746 -2.9893962004605883 -3.8862426151787832 -2.3627962481792975 -1.0630036461005659 0.16239946469164557 0.73212676027356105 -1.5265458772134848 -3.4719871345110365 -0.71567076540129648 -3.0164994356917463 -1.6580578632417697 -0.45002869375187771 -3.0069761179419396 -2.5856550873201862 -0.28139550761354193 -0.72714006290408029 -0.16156237476491619 0.74682671058681538 0.42529232668539757 -0.85234899498288441 0.68022769711995945 1.4656444142937868 0.1378102795905829 -1.9939248291189098 -0.99884479740579513 -0.60195616637796168 -0.33951682222435242 0.27732575861260983 1.2975106343904557 0.78730264691777296 -0.48844400368826818 -0.92813398734616082 0.66544835846718342 -0.67686139931747857 -4.1185607988442241 0.046587654437748503 -2.1104708654246731 -0.74004963832667658 0.45082430595674633 -0.51031109828373078 -0.036771175877479911 -0.19212861827444511 -3.3943954820194828 -0.56732971919076736 -0.94602865607747921 -2.4372694810774869 0.26540332860413751 -0.62973003785901283 -1.947346113067109 -1.8039828441555712 -0.77258120881603087 -1.1847371252476493 -1.5030534787761136 -4.649838078707945 -2.2152562611819033 0.7053791610606317 0.47969197893501048 -1.3659755997331269 0.40545547393871317 -0.38606814035307319 -2.1279105952436947 -3.3355748451467031 -2.9008588803546114 2.9004489602079819 0.68330346150354204 -1.1416695776395736 -2.4904637788281923 -2.592756980551322 0.4745783479863746 -3.9293300881918016 -0.1796208985788125 -0.24804482004493023 2.4230985872986541 -1.0179285044743009 1.1953741093630428 1.7649452473878202 -0.92457320120914666 -1.9295275064798909 -1.5597983460710776 0.13943179815500523 -0.39627354364285422 -0.65853707929622352 1.8551048106088395 0.55186740667742362 0.90941250565925469 1.5072222973317306 -3.0508180095173492 -1.2473869751871447 -0.8557247131973762 -1.3684534747973698 0.51191869373471433 -1.5406528910619421 3.1403343850166059 -1.9160741386167588 -0.69634022256476102 -1.3612698412889153 -2.263316074607717 -4.0843471558305531 -3.1797896291500787 -0.29877430572584929 2.4522352806483645 -4.610300567485667 -3.8937601259066432 -3.3136040204256685 -1.1342960295905302 -0.8292981061493786 -2.8231385290529993 -3.5959427583180341 4.4614060971455194 -2.1773844440016759 -7.5636668070601187 -5.9512247354023575 -0.94721572553725653 -2.045678033788318 -2.2247179583300314 -3.8810981084227771 -6.3163463328939686 -4.5051478452210718 -2.5937771655612987 -5.3015912357956712 -5.7271309098188432 -5.1830793262214305 -0.7453471346113727 -6.6131539551170491 -6.2850327930243646 -3.807876756801313 -3.617587501361863 -8.4300170038405167 -4.9470967996922912 -5.0902895017871446 -5.8726127975541997 -5.8770884637493577 -6.1889706903821269 -7.2268236596197779 -4.6276766437005286 -3.4463715198532312 -6.125531720732817 -5.0857657389333868 -7.3048065843813239 -6.544350564363115 -5.8332590102282937 -7.3714029495710998 -5.9957003488919911 -5.0041332181565181 -4.2447927433686976 -4.8632412283854825 -4.7533636967582682 -6.8668198793049866 -2.855340976123506 -5.2976248098301317 -2.1416171166907496 -4.2126671125138326 -4.9650131355181166 -3.2100659771189126 -7.4050913869982571 -4.3937840226966305 -2.8557784392072985 -4.5657597943883976 -5.0628248354485672 -5.1679913336595584 -9.0726129118400767 -6.1168532002581042 -4.3356653206461298 -0.45006183831342195 -2.5558111489228761 -4.0693292666626011 -4.827780644872961 -6.5297053975245394 -3.3028384005935258 -4.9125632476933676 -6.5597266951038922 -1.4298289854839925 -2.7377859461409666 -3.2916868411135951 -4.4315504481954635 -4.3107389233018134 -1.9482708718219988 -2.6285503308442779 -3.1694277885289783 -3.6972110082028182 -2.4025170475254556 -3.2778713771225498 -3.1009455090256068 -3.7055420078714549 -3.9655070145805964 -6.7740554813513318 -3.5751443496032786 -1.4596333541934705 -2.2567672423753331 -4.9553758204151475 -7.0466511893914658 -5.2551501015799849 -2.4150230829090313 -0.28619215527365915 1.4991241942061222 -1.0409637439418618 -0.1895692122487404 -2.9168359608136019 -4.9420050704936003 -1.2808868806856257 -0.58429078911332477 0.80297333581857455 -2.1880442429046001 -1.5559074999411173 -0.4728483253458749 -2.2997419705555235 -3.9059405563844867 -3.4881502329124143 -0.5198584033558673 1.4070953797072616 -1.3542922799767516 -0.33826400465562023 4.0361142509800016 -2.6790448759183771 -0.98865103302303914 1.1216242091916668 0.10620298713147812 0.088058407367543501 0.61129596095513361 -3.1567919020477322 0.82872373417335365 -0.99489551583457658 -0.44738631203387008 -2.9760724457795171 -2.0180580522208471 -0.71346827659207279 -3.8300519501452657 -0.5696317348110802 -2.7056297514532472 -0.30316517583483282 -0.026238874409973523 -0.041804658847921089 -0.86528944676358754 -1.8744360228145471 0.042853661369019767 0.2562527005125334 0.71363199249177878 -0.60561604461518082 -3.1040379094373267 -2.8144066338266778 -2.2454934748509778 -1.9830116545482708 0.83387540447531827 -0.83109321548454507 2.7432889213916005 -0.92352548214611874 -0.18658736797445502 -2.3510989180970205 -0.20318390040710818 -1.1011890051483046 0.075419541100081394 0.67707464563238517 0.96646827651245071 -0.53339409321120246 -0.3597819043770798 0.3959255258058324 0.71394187080163252 1.5831574215318087 -3.0645987953975595 -1.6986283743625701 -0.57769004458481266 1.945257204900138 0.63135615774785925 -1.3803480088378406 -1.4881759393236569 0.95776955533006258 -2.4014053886478246 1.832216336020259 -1.2327477009640115 2.3880227591912759 -1.2699460352543239 1.315480725175405 0.85477309678950353 -1.3302350785126285 1.4510236413929798 0.63375086145848414 -1.1012563178273809




