# Created by Octave 5.2.0, Fri Apr 02 16:02:45 2021 CEST <br1@br1>
# name: ptcls
# type: scalar struct
# ndims: 2
 1 1
# length: 2
# name: x
# type: matrix
# rows: 2
# columns: 320
 121.74467419147037 116.24032865280233 114.56854876314429 115.34018419664545 118.31695289514991 119.76624096936821 115.51919365397565 118.13571884673539 122.15283800779289 119.34224352141635 119.76397997603375 117.30122879588438 119.6778113197355 121.04861778358968 120.65792925270173 122.12487541385508 123.84417653860167 122.61654023920653 120.43322534347426 118.51598010424051 119.36122319207659 125.26972550303418 122.16891922388319 126.17582202723486 125.40211093967218 123.390710958754 125.09614903666592 123.52057318687001 124.88772621751323 128.0069024354097 126.20481912804718 127.1360386739501 125.88411373016507 124.70409074324256 126.33476207186699 125.02124764244653 125.74436265661804 128.89174892389622 128.38573003044422 128.73567755886873 127.24664937214661 126.43927059175267 127.65791508083656 127.35407831215662 126.92207699969175 129.00377756002862 130.19422903292607 131.10747558580763 130.2802107251087 128.66011483431501 128.62309269849962 128.15104595700814 130.78391781412009 129.31724754093145 131.35793295788451 133.46774172219614 131.30376111060221 131.79975757811982 134.10742995175258 132.5038788523342 132.00581263504392 133.24147990428094 132.54498382947835 134.18622878807255 107.99774029008837 107.43356587519726 107.24209156617738 105.71527998131232 106.13804089848786 105.33680902510174 105.67718963060878 102.95190859076638 108.54601915626307 108.24462208466527 107.96625269607161 106.80509271863683 107.17406629063753 106.40634378960114 106.72092983161971 106.1942902450478 109.17932778328363 109.32656963880486 108.96890033384295 107.90470045228446 108.3152314278432 107.50965248464161 107.83866022468112 107.42497682734474 110.37048744208896 110.39086410987358 109.98544137808679 109.08280161274196 109.47551118580101 108.62653296841529 109.24150119278296 108.55734357693335 111.44009310911831 112.50546734705475 111.29979752770366 110.12544106589027 110.63295579233743 109.73163254447776 110.42537061265135 109.62817660573008 112.9712110720257 112.56615693152499 113.08653207034095 111.23254198985516 111.65165917011582 111.15221820915488 111.53488424946677 110.90565100458986 113.79963018708663 113.71048559107592 114.11755196550095 113.02775901459034 113.24410683471787 112.3093430903868 112.55885829816428 111.79742647332792 115.47853352087293 114.86301001033304 115.28438625357802 113.85684451659033 114.01896727779503 113.30525945622334 113.59600561778046 112.97118751094081 114.62998868292286 115.82461792966342 116.45346936717684 115.03874664041746 115.0457921843384 114.23850965629272 114.49029732224881 114.23513340056496 114.12049075808082 114.848508718635 115.68750568638184 116.64019716386963 117.75912717500654 115.50160345537417 115.0561521154938 115.31814911698356 116.30096641780426 115.40171852098858 115.90211066797501 116.40790514681346 117.39416644453414 116.13084373515599 115.61528650772165 113.33531117058909 117.2726073733411 116.78406579288192 118.0267919825972 116.69107597650408 116.48379627774561 118.51571100001827 119.89498074801102 120.53345236208155 118.34729151812286 118.3424126200452 119.35778401200311 119.02043344750859 120.06747174189749 118.20909550402112 120.02517968578275 121.00565451566167 119.3384152541697 119.25754862983375 120.3336118296114 120.27063667299583 121.1597025177938 121.09187812760408 122.05640581283056 121.26308840046659 122.50231590069991 120.32961166827016 121.37658048832755 121.23622969383999 123.49709946713482 122.0554892784866 123.77060598595205 122.44931372593555 123.18668002314118 124.54761989759892 125.60399068015384 122.38835466437241 125.80802889898706 123.33658789897659 124.73251492950169 124.20317483753448 126.61596117732708 126.6433531926391 126.77815466074256 125.28725054958299 127.55682084402584 126.0723357900241 126.72618235113677 126.27501425419815 128.36697044199531 127.47033067668485 127.6321894005542 126.47918591695077 128.41450438925318 126.86424405390397 127.38973880115039 127.4360864644128 129.5158686193285 128.34185962691237 128.58484882786524 129.56286403329347 128.73477557790599 128.92817336865889 128.51662903241416 128.96531428072186 130.5584366288478 129.56078696077464 130.88706894635112 130.84134430800492 130.14855364075768 130.63946470577315 129.24290907398924 129.67409985503491 129.69426657222039 130.684727827534 131.96790188275577 131.63651798709543 131.80839767392354 131.35638757367354 132.29639556234162 131.06838163413971 131.84473166510767 132.77085024226216 131.99190033449619 132.07042623692635 132.39367877143812 134.31878534211401 132.46511712326068 135.18666425914654 133.383636137167 134.43533372928019 132.79762788057016 133.38880685880784 134.63321634756858 133.83437818005476 135.26445109826309 134.47058890210585 133.43891093702092 133.81768234616692 134.08854305284748 135.46322854641187 135.66982132041005 135.01085909948236 134.48640241359303 135.44376245390137 136.60130466190734 135.4290779527602 135.27865461468485 136.45881583137793 136.72886679747586 135.67307203593859 136.663986812421 136.40831217297173 137.25759022673049 137.24756994189576 136.72645394605277 136.4581601310486 137.56432308718632 136.18892427935398 136.939342659869 138.7818020737592 138.08418610207215 137.48564962683054 137.47331705613803 137.4906298980417 138.78585745631185 138.05042330365063 138.71597207321295 138.03095397522998 139.19683098030006 138.90417545541797 138.50726813388644 139.56884379635181 140.19730169621215 139.65586695287442 140.18665331711435 139.1412663279325 140.15779671639658 139.60802798093025 140.06376880308778 140.75004971451767 141.2592390194261 140.72933535536453 141.14168834045111 140.30841422331355 141.17386647327612 140.68265082556286 141.29040638641533 141.86154740145452 142.32940783121214 141.71846714089278 142.20437336061366 141.42760350526319 142.1232321655049 142.05539933569716 142.38125818202727 142.92044029926791 143.47412455530048 142.86381228378497 143.24285496369993 142.49519074162689 143.05730406809198 143.07015526456809 143.43857692331014 144.03518523949157 144.67519138091987 144.03787628709574 144.38040557782517 143.53983960304961
 88.915519470086224 94.660092681158147 95.011121382249371 101.28672668546425 94.344780883940189 97.911879730770821 98.252075499162743 99.076938239523855 87.06048826695266 91.041370165863157 93.189514202805029 93.962691881122282 96.786664661393914 97.665122894717626 98.742255716935688 98.977853414418874 88.175109943427955 88.320600768055101 91.956406294618247 91.824091324471325 94.580110833166103 97.159444389762825 97.899799233730704 97.783426761740131 90.249221138218957 91.60148809830433 92.305327524230862 94.153265421548554 95.99364342386923 95.50473642661953 96.640703197018368 97.467426939066371 91.205653416485035 91.22472125512536 94.235791061604246 94.345411546747087 95.161393450837963 96.442266764958859 97.595982352321968 98.665728659289741 90.977854670852693 92.21625516543493 92.190351534860383 93.436942376962989 95.117107409282227 95.163622174459363 97.532906711782275 98.601818583702439 92.539401481242209 91.693578853285814 93.018694441956868 94.392474726942766 93.827193046912996 94.146519334969256 97.289983993767976 98.068607104605647 92.087389767980198 93.132964951330706 94.158620772525637 94.945266427741572 95.998440181921296 96.216368979864356 97.348382971093244 97.146318187198261 86.385084082792176 87.571895384452148 88.855343437208219 90.365554256382453 91.358375290407565 92.312460614340779 93.449587017918901 95.957652352070355 87.340969952387937 88.307454499246901 89.662658843904723 90.361829468040199 91.488129213600999 92.392830174484217 93.383861238318772 94.432467257226037 86.483253359598194 88.05353500179109 89.18019515159601 90.700452231874692 91.643702848165319 92.468393578704053 93.691880432990999 94.692192926472984 87.103452595396547 88.526732410274562 89.599512639302645 90.362297746675964 91.62730003437936 92.630746261042447 93.56228135913662 94.496269696822978 86.989109204057883 87.295044433027343 89.45910121091697 90.66322437674323 91.659498822491599 92.632132097691965 93.881273922306249 94.702794722819277 83.999464297042053 86.088246738419585 88.367349020412135 90.655777537602432 91.679432921385171 92.63718554561062 93.622648266545411 95.314756272754479 85.101102392746611 86.739635966599678 87.796707279858211 90.084947418063805 91.953229394399557 92.940680133201255 94.011305654096219 94.780466436943215 84.950099611989032 86.060775362202378 87.749548844783618 89.104497808260987 90.148164103551039 93.089623851964816 94.33000868784373 95.157279735323741 84.223977576301237 86.869584394072135 87.749352093665962 88.985451155269558 90.529211778452606 91.505273150483035 92.760168028569396 97.860404311640494 81.933689619730558 82.857188260046669 83.514904367743057 89.2159152003169 89.391277940011676 91.487886189720072 93.789877799331961 99.332619675458531 80.9123716607359 81.614988345531657 82.553181666707815 85.961344061948438 88.275921144942401 90.540950422890404 92.80019126172094 98.837163027674634 79.990211249177804 81.866000030642738 81.52923226610892 83.619420510206169 84.656507619909931 88.4439145633077 90.007570945166009 88.80163762892731 79.44196018156785 80.531213643490204 81.113151121324336 82.145135841013641 83.102698548493009 87.345283711213028 86.426528776521138 87.618629417363323 78.821957399908939 80.036084169667205 80.863740021251076 82.058065532619324 82.709296180835921 83.984225777301489 84.645838596471876 86.321513387763872 76.261432715244254 79.589297116895423 80.140561366200984 81.474312618825977 81.744340701889072 83.422164469903862 86.041451723066103 85.731538880338476 77.241054384502576 78.032802323936849 79.022274962652645 81.517777964032405 83.784136350373501 85.037050757660069 85.57694378161932 87.048058114290185 78.490413046936581 80.073563013277209 81.200018636725659 82.685024390625401 83.140180010365839 84.831619798561206 85.917473029305782 89.483185957945352 79.930583546861754 79.339271869903371 82.002242195957891 82.912498415287331 83.818415216623848 83.903167556429779 88.676601806741616 89.767066836092923 80.099277054016312 81.149149432550473 82.656789632803566 83.459590675043174 85.048798380626494 86.334960535069172 89.441751725013191 90.539795951988808 80.546877248442357 82.246129908902802 83.233102292953433 84.899407656608119 85.855086794505851 86.929452467089689 88.409706771695937 89.580932442887601 81.137436959508719 82.022734205478798 83.262759559027415 85.852532251507938 86.960500506121249 89.840285680961301 90.713605414748457 90.926870662592421 81.870676926314786 82.497465926651628 84.617649999330439 88.300283416320568 89.591444699499277 90.951836481451139 91.69972797258859 95.555117226706258 83.442271883861991 85.131861549245059 85.450142571832373 88.846911159908018 89.725287895062351 91.989590043578929 94.249098860196312 98.310120463713716 84.551049394225927 86.136048271347562 87.929053647873261 88.912606773389001 90.317566098359919 91.980064965329262 93.188873693300437 99.493321843253085 83.856712451392525 83.977456755383969 87.641282199155228 88.087190181992923 90.704190131411707 92.967141604192136 94.469220251515068 95.601416577500316 84.73457204285279 85.940781597841138 86.863652275675165 89.564547306594108 91.428540698603427 91.652566806083485 92.469577127311737 95.582308368160255 86.780196248797296 87.636967445111935 88.806568103911786 89.820272461031522 91.608186879281646 92.380982517921851 93.207139064044185 94.009375294554673 86.457945699846363 87.557245488896726 88.626882980738841 90.460533210702806 91.519445381858631 92.56459828709454 93.52771856740479 94.287090834032824 87.157903694811012 88.354050290783888 89.46273994915272 90.556650748969361 91.691678249787884 92.661654469586864 93.961626620492908 94.704034577284276 87.460533482655833 88.516542604423108 89.546453085483151 90.598669927139269 92.015362176524491 92.996126793470978 93.903190383349283 95.197291434649728 86.987696348296112 88.180136580096132 89.354478350092833 90.968274973957065 92.013243689201857 92.98903410772526 94.049256558118003 94.975386098587293 86.437741274243464 87.556205653269558 90.017727519966826 91.03557376267014 92.034385445093264 93.02090592585003 94.149921365022664 95.321649268727469


# name: v
# type: matrix
# rows: 2
# columns: 320
 0.46301223035364991 -2.0348651277128647 -1.5929685137045473 -2.3672763909808223 -3.1596089865891472 -3.1231385867518906 -1.0780940935851866 -2.3492362638701327 0.78809961713598553 -2.7525909159033013 -1.3842584176219284 -0.42009846635775738 -0.2068735728698827 -1.3255740353585301 -0.4798641567035169 0.68613937710331863 0.70269604547564879 -0.96262614638781174 -1.045848097349396 -0.69840247196680738 0.20345363540869432 0.832364467950512 -0.94525875770408752 3.0754168298791473 1.1877762867169588 -1.2513953753746188 2.3407243082406906 1.6842296306587059 1.272820328804761 1.8933865899544504 0.92652218533916253 2.5430386647541403 0.34464358891919517 0.28373055109314732 0.35291202899042023 0.67074116551915042 2.3803118907776866 2.2305039888918325 2.3982979593610319 3.2400780898777786 1.0473633152808204 -1.1693146752149843 -0.93491383897085645 0.81416622220150514 -0.3009116397459155 2.3995032466057147 0.67061537303312768 0.48252427274571674 1.3699633153988677 0.57534076988190908 -0.20793783925246589 0.94707020789633245 -0.13042091643384549 1.5137312589000318 3.5588103697431115 1.7131922350780311 0.04260697439930692 0.92199890275379881 2.4826182283844176 0.62365760792983971 1.9299893544914326 3.7629592877758764 3.6281891211252684 2.7498247257066875 -0.48956252307039261 0.012568639591455509 -1.9467631961714469 -4.9385100572348168 0.98583842532082588 -0.97803887191284455 -2.0847221890228274 -4.8083481724781443 -1.6581989667762862 -1.0659111798070953 -1.6320577798176914 0.92423375470676317 -2.7636646988889231 -3.3895211602716095 -0.086503971091853232 -3.2349572149085799 0.0098831573887201984 -1.0403652430858494 -1.7545754270940062 -2.9102501807310626 -2.394892205924616 0.40058417160803206 -2.4723789395738134 -0.7361837134028334 -0.26907232557750893 0.16762799379701951 -2.643636746674364 -0.89965785508478469 -2.3946797852055615 -2.9015352399558711 -3.9940968266180206 -2.446805379681483 -1.4098256456642577 -0.7175308050855006 -2.4031438144205302 0.38611707249106847 -0.93842161872180385 -1.154158070121114 -1.2722938416977985 -2.393077048085416 1.9134212180753805 -0.98822899693264032 -0.1336857808423503 -1.1919935276874711 -3.0635974702683173 -0.23657510438293716 -0.17695710377392282 -2.9878767041083307 -0.75843418893450676 -0.33382423062196698 -2.5653270988339121 -2.9557223407401891 -1.1847848829200121 -2.3498589758197679 -3.2838205043187423 -2.2379337067380551 0.99391255906729603 0.28093061241924444 -1.7008502506415231 -0.97129500796229551 -0.91398432674182639 -0.34435495957026813 -0.91646174433417238 -0.81163400343964076 -1.2191404887850352 -2.7580950357242626 -0.05132459379210328 -0.68392796714317816 -2.3722450352863467 -1.6833234942218576 -2.1515512054864678 -4.3252487838618414 -2.3769833890542746 -4.6167919454429214 -1.5132889447043325 -0.59798261326257462 -0.38451029941520021 -1.5368024801114419 -3.3275414533574876 -2.2490639969844182 -1.3732687819338019 0.17770342881036583 -1.831007937354423 -1.6586559116887332 0.43087131916918103 -1.8089656189093546 -2.7330916530370879 -4.1879784656786612 -2.3708294075429643 -1.6115264672206626 -1.7901979882737022 -2.380724308401863 -1.0060929388046378 -0.70208405121841611 1.7267256910941633 0.65640212805148934 -3.6147554293006832 -2.660903267996487 -1.957319619603437 0.78235039577256982 -0.97158846635461071 -1.6165879226641715 1.4413875154597404 -0.78144947461856162 -0.03795650024789779 -3.9383802988268974 -2.4871345639090419 -1.1082096134878598 -1.0870031239868709 -0.81642475284513838 1.1723857051430535 0.58129371231760241 -0.63927120440886831 -0.56200781517367238 -2.2941742924170354 -1.1100450821564811 -1.0129028809259624 0.38489986767902207 -0.61116603635858879 0.72412032456719744 -0.68225039617979555 0.81203701730286415 2.2602269896823484 -0.28699405066005457 -2.1621765280292897 -1.9386346641837049 -1.6484304676089083 -0.13630080332575376 1.2178237858328083 0.49508835662899697 1.5509171697913731 2.0336165855409347 0.45793646453630843 1.2285739857754894 0.23178057847550085 1.895121143783882 3.0492610802768887 -1.3531581228990051 0.28851662323576688 -0.76441140041637734 1.8915906971068031 2.8103462128758663 0.90730507045488307 -1.6417669597403921 -0.76606645482484215 1.8601368658995852 -0.81454375003301893 1.6136085332805739 0.13877713737149314 -1.2329811756494182 2.1475388069729227 1.2319901074055113 0.38581641129311173 -0.33269094825322609 1.8185824585453916 0.9182385273066892 2.7394792631610212 2.0068223575095234 -1.4290681817146609 0.38305162213332866 -2.5158746655183526 0.35762049689051639 -0.37366243446025299 1.3019110748522518 2.36313452794389 1.3297882857426164 1.0703201944323948 -0.30818238504788503 1.027540255371014 1.6497817980016121 -0.10163532890421753 -0.84586555822613974 0.22113782789801151 2.7178497758982356 1.041282339387029 3.0879922192058449 -0.055284211791282525 1.005641598338012 -1.374105359683772 -0.93705711454804674 2.7393365031113581 3.0485307168080644 1.2317790918687006 1.9437332953593782 -2.2771168603827268 -2.0500311164859979 0.88278186393852309 -1.187075282972508 2.2766299941125636 1.7565446393697572 3.3696877102970326 -0.9311908331124702 1.7137232934104525 2.1339862073323697 2.2055307488200664 0.99178501501831895 -0.15817723902514372 0.22153671083630536 3.9616386063179942 6.3257919054513723 0.77874674694438828 2.758537994497043 0.4566181146237332 2.8073877570307206 -0.52259769443680981 0.85417026599776646 1.2822922660558924 2.8765073881031702 0.95036449885211283 0.51887236165191619 1.4384074144841574 3.0116633458733255 1.116209358661276 0.40548240674436781 2.2890300669237487 2.6331951606753581 -1.3535973394308025 0.15507944064706011 0.3313501949112545 2.5823689768695299 1.6075186166742941 1.1232983223133512 0.21332524184693555 -0.86916549758380535 2.1341056180529856 1.4285205959157534 1.9583656421302353 2.7601343987610605 1.7138424061093205 4.6388892999602245 2.4955950495341312 2.0725853834040318 1.955079352740122 -0.15083678525194447 1.921988878878828 3.0637723921916833 1.3802826281976961 0.86681100797171107 -1.57672315946382 2.7719111186401104 2.5116828428112274 2.2864502802637987 1.2243207160244189 1.7363033356220976 1.7988629269811525 0.82845245837403103 -1.2733117679032788 1.1888778050272779 0.48415932167129061 -0.22264229675882047 -0.039764993808732399 1.4807325749964482 2.0471173823185542 1.6691957397776758 -0.83942194939604409 1.8008385293917462
 -6.1749804094231537 -0.58982394902195512 -0.6839413051914901 3.6596046096812622 -3.1257145217914442 -0.76265088669415759 1.9106430843454623 0.4104888661031646 -8.0575930255010046 -5.7236695367898021 -1.7683360281023688 0.49923392620545903 -0.13469717680006979 0.79384136104417458 -2.4257335664889008 0.099605010218145426 -4.8170848607938748 -4.8623082925941388 -1.0774882890177244 -4.3677625487905729 -1.7264687154957663 -0.18919618774528016 -3.1984128299733565 -2.8199229620221935 -1.9345931258579261 -1.5330563271925184 -4.6348054034947008 -1.6072250573765896 -3.4260806478997821 -3.69260385971713 -2.4987729916628276 -3.3299260059563811 -4.6448151212331839 -2.2164093831852414 -2.7744923181634369 -2.7271845156430272 -1.4810942011730059 -3.9495668336731335 -0.14627901960493137 -1.960713278211818 -1.1660499478218456 0.20806690186488846 -2.9853849318722494 -4.0324288982066951 -1.9809703400557925 -1.9163355769752823 1.4194737824612251 0.8522369558961933 -3.7686585864982041 -3.7219920164047982 -1.9841632427141336 -0.69484597734936571 -2.0972836388733298 -2.9665510292962698 -0.93739637516925101 -0.49818612503184045 -0.17102186083530135 -3.5436551430079439 0.18394405298769079 0.52409535273446572 1.371692228410694 -1.1450023628380706 -0.081729632681670411 -1.3917104507448013 -2.1031886978954004 -1.6902173469452166 1.2148706012025909 -1.6474679125924032 -0.23727373067375535 -0.47712191786982794 -0.1683302205966993 1.2975106343904557 -0.052962688936687541 1.4345973033729909 -1.776333180548884 -2.8835424342865084 -1.1651050549122492 -0.97669301919323348 -1.5949380396057529 0.50339392959612217 -0.25031445008473718 3.1818907159751371 -0.37107138086924824 -0.25235711862979937 -1.145458731967159 -0.17894423431737971 -0.29263027667190489 -0.90446913489605285 0.43562141937115861 -1.3016263178643086 -0.82147363809062712 1.133996770802074 0.828601301701265 -0.33900668884261553 1.5493393188885516 0.1563474458315508 1.4942532104070012 -1.7699852278189574 1.562999368968748 -0.34142883979754013 0.86044022239987328 -1.2544949227885518 0.79271752438361875 0.62804513962707165 -1.5218820285784482 -3.0055407189622159 -1.8541624387684703 -0.66003754395896008 1.8038054492854374 0.24171991449014985 0.96293967488216303 1.4369691705064105 -1.0521197225578285 -0.085347749200801779 0.093205764397333968 -2.248551352439375 -5.2262446440597721 -1.2210832331422155 -2.8308609931729158 0.77651177176301578 -5.0351166091539872 -3.5907123252616158 -2.2909065533283024 -3.1832244675420069 -0.087166817338400995 -1.0988286798102838 0.52149042163693649 1.8986787868112069 -1.8411134433764766 -1.524511876961542 -1.8942890060892283 -1.8378471726965524 -0.19460367189389918 -3.0876945884224023 -0.026989276186400339 4.9586535808680239 -2.4948547836979453 -3.4953684938113243 -2.8718589356978947 -0.38516738254183447 -3.2092271356804027 -1.2595162634468224 -1.2343245772632847 3.7299232560900584 -4.8044321524154867 -4.1351926043741489 -5.2069777525303627 -3.1910543503168318 -0.31389507003767259 -2.0302003768022114 -0.32810623283258911 2.960013900064923 -5.9294300910447975 -3.1673681307838493 -5.0158671499459828 -3.166127673523345 -4.7939065577513551 -1.3003719270518854 -2.816928157033264 -4.4705580097556723 -6.2199481919543933 -6.1277392974642373 -6.1951660153307566 -6.0379571105767011 -5.3047804818021946 -1.4963227209225156 -4.6919848791624883 -5.3601655156371679 -3.4030123988630603 -5.7723088349948002 -5.1102823812019711 -5.5406659171843478 -6.6610818628820558 -5.9859653310576819 -6.2766560765348638 -5.6615607308906624 -8.923778860944811 -5.1930444836896283 -6.8600959537450601 -6.8325583902937881 -7.1327850177920773 -8.0601846059791864 -5.1195799273109071 -7.5934202176221852 -5.9573287234438057 -7.3160541985194918 -7.7922392972107195 -6.0674901782755493 -7.5040710993311057 -3.0040983746218273 -4.9064327827540701 -6.4908479435737885 -5.9493156426623921 -5.0414351701616011 -6.2394995263074007 -5.8370511070345081 -3.22755250401292 -5.1882662067390655 -6.7024219001689067 -5.3226307802221013 -6.452158986454176 -7.5176729223601448 -4.8806465656951996 -5.982202909072746 -5.2780045996791394 -2.5362031627939516 0.34918656429869149 -3.0551941489868968 -2.0403275447694109 -4.2450634240515273 -7.1323555041744768 -3.9311933435703268 -2.9023890871852935 -5.0000265945652895 -2.9511688103558225 -3.172904379997548 -4.0116018784890146 -5.36179723346606 -3.7922921033022137 -4.2069694035568155 -5.7976011397996574 -5.0224707607100667 -2.1947778382699554 -3.9561937889739571 -2.8685830915327335 -5.2635685563494476 -3.1303619584487969 -4.0850122789320436 -5.1335739220403598 -2.4603349439354627 -1.3455215049059781 -0.94093099088112975 -2.235485326617296 -3.8895277595699671 -2.7337034473230077 -2.3508498701469378 -2.4284215954849104 -0.43880793720138345 -2.2933902568134696 -2.1731071533966642 -0.12470777218664499 -2.794698054218355 -5.1887153668085784 -0.17775531528796271 -3.9479293250739955 -0.60816684310270974 -2.6434833768341721 -0.56010468670344882 0.13272562684222516 -2.1881533821542605 -1.9027891091797222 -1.7088888450581223 0.3393479808859694 -2.585283998771331 -0.72306579965395346 4.4522784476615334 -0.04557385894090521 -4.2727186850280763 -2.4427437369114919 -0.071524784231741245 0.3109140192859241 -1.5563620363893327 0.65621007294226619 -0.22728589189419726 -3.1141466803262916 -0.059005614018688923 -2.8957806447310013 1.5473004037210361 -0.7120913304033224 -1.2033666498416882 -2.4273966685284427 1.3129228421709267 0.20081218890076497 -1.7521985516741965 -2.2731306099746842 -1.3523195205992156 0.058108806118258902 -1.3395093268258702 -1.2860963336383602 0.23811488947619278 -1.3045708234877953 -0.20640878629455189 0.63593025478261755 -2.5783150810264988 -1.7125507807760065 -0.65175213863913228 2.6652385943949146 -0.30197752791051513 -0.23528992193932247 -0.63593907382117265 1.270290393560914 -1.3300890670366523 -0.50951547452193613 -0.54862584796032365 -0.89986459798186325 -0.16809552722241397 -0.4209673353695863 1.6000921357512057 2.4195006161548855 -0.62566463347672785 1.1065185548531946 -0.43501716225839804 -0.74431367258042358 0.67505830817456114 0.59217451813596012 1.3628289811553767 -0.17018225402127468 0.33593022717908794 0.094756860904474188 -1.7849816033701424 0.34756943181454553 -1.7191444937097571 0.49476504953490924 -0.098585339013716328 0.028906736056727889 1.4437048895118072 1.4009705534215207 0.64570109489156613 -0.79070560958125291 -0.4463493975746175




