# Created by Octave 5.2.0, Fri Apr 02 16:05:53 2021 CEST <br1@br1>
# name: ptcls
# type: scalar struct
# ndims: 2
 1 1
# length: 2
# name: x
# type: matrix
# rows: 2
# columns: 320
 142.06507718742876 94.27364971813941 93.078846823123783 79.199658352689667 96.612537557303597 109.33070108992695 68.907119704040838 84.684070331120751 99.873876558909956 110.29968934744319 98.503737237818314 94.203737788680627 108.12295890215418 109.03186755682245 108.32849279922371 109.77832217347492 95.897061280698324 103.80218959203359 97.450423762027754 98.16093450885937 99.484360281539907 145.53964491376468 108.26341028942258 146.67070867878607 141.63747055372966 126.10459876339658 143.66792582690255 141.50590861766108 148.4669644665974 148.5273806997632 141.05367635865215 148.63729725561896 140.113378577177 119.22321078709241 147.4246153829898 144.34252678353732 144.96019913131221 147.20408804050035 147.64288121145887 149.21254210346871 146.58022984577326 146.85444071325634 140.60814094201547 147.88623908462844 143.2881859801542 149.19233038911835 158.67041864008146 157.79611323613753 144.83890412219586 142.64795451575316 138.67846801741959 146.26901620660252 145.93515398315219 144.08707826165158 158.58616689457816 159.51938066526807 145.23822770823688 151.34973846110131 161.00003654874314 158.69652975855303 157.58263423508041 159.12732358563849 159.84067555260009 158.00127543928224 82.468125058303926 83.643544423821339 82.672958898832064 68.37277094112315 83.545096567682606 82.208452282137259 81.17211268216171 29.384181551852397 85.913517877726704 87.151984266329677 84.613488563610844 83.529169274023772 86.134041176226049 84.377730303316511 84.960374821751003 81.187514565184756 92.403262713933387 90.529912042285659 89.435983435914395 86.075936045595682 87.015909821731881 86.044000768111317 87.072888361262187 84.853486489283384 92.819350221126427 91.492727469442627 90.203088705559651 88.012763384389856 88.036235812016358 87.151207889234044 87.117937353583002 86.06973554456664 106.37952649740852 95.257101395423007 91.574411482635554 89.171501465567886 88.125247659918301 88.213765325649021 88.041442576655143 90.755379063664648 95.517841118837424 95.250736282858583 94.409568679625281 89.084648783247289 89.839347779818681 89.117976983272385 89.259723268175875 91.392447546398373 93.67231717086824 95.162600230740651 98.186036434475014 92.330011054402092 89.970622724076918 92.598322890750751 104.00257580247234 90.228179670494569 94.388110527398041 96.197616984553278 96.417091563854726 93.608565578114707 91.183949846469204 90.935365028385462 92.607116830180573 94.077711482908114 111.9324468159343 96.549799939531326 94.192844010836239 96.028297428866281 92.026060455713392 90.836288941473867 94.156712924052002 69.921696271393628 91.032911061714415 90.471269960572485 94.47355517908575 102.82739600037736 97.526140524887566 93.327229848357845 91.85520285531733 67.506951086707687 128.57581363522286 107.7731465793281 75.410892791519842 95.381923387977167 96.404364416108791 98.473012859268181 93.217949418088367 70.835321638243059 114.7139321504585 111.18387396664684 113.37978732772828 91.59000753597671 95.501084793068856 95.478691391768521 105.09920418867715 96.840218714760965 110.21796812228582 110.01542866246808 112.51900934000373 108.18574688134134 104.79165219247146 94.915182390873113 99.275318667627587 101.45959921885236 111.36581231992896 108.88646077785901 107.9700896741487 105.48401815163616 94.784604838864851 96.870693215132022 103.29476623551905 101.75139824304628 117.78640997709074 108.36877440918052 105.18995921352177 104.49479713748714 105.37924830423809 105.88032467506039 110.35100309864823 104.8245712116878 116.64812338065441 153.07423953132684 135.71559409641426 102.53840364339871 138.33383489678883 100.16401659546193 99.671658816723209 102.90825607753688 138.56554926853769 136.75760822101054 147.12360398955747 138.96662544767571 137.66270744830996 137.68663621088851 131.79481491964731 118.15677416369564 137.71791189999522 140.24627422396506 137.87136269172015 140.05845490221176 136.65183299650931 138.94977338918648 141.04425629742786 142.74890909151986 134.75128389793852 136.73038094228818 135.8564930601961 138.86748098033755 130.58522001642882 134.33686925685134 141.80177079822218 145.69832335062199 135.67198767681217 134.69153385848088 134.53813478003946 133.22577302557832 131.32892921278273 129.48377901196551 145.54390225141526 139.82231959415165 130.92690792346482 133.79492507777422 136.91549973718037 132.54848697822979 132.27718157830276 144.57817759330797 145.68025313567168 144.37931993700329 164.67780189794374 130.95209520165994 135.11920344286841 143.34457410147778 146.36280934788226 155.22535329754928 151.94558256661875 160.26527956813413 140.79583530950526 130.33840566389941 131.47794917585219 155.68058273486267 157.17306123274912 149.59498927800919 159.05699215249592 159.79551269686681 141.98081649898148 133.7526074890628 156.46539437910604 156.93854960631563 159.16076947703456 154.69088319193344 149.91041699121988 118.01777061446941 161.59753602521545 161.60458048988318 129.08233461536389 164.35717919300555 160.14724624195986 157.98304152514655 159.75777446064862 160.75419234019137 157.72021017419144 154.18296018119196 157.51435810426071 158.54463307730256 160.84671212665626 156.04818938992335 159.18979853687381 159.73104562452482 158.25009930596451 162.56198219210057 161.2693483602994 158.60453590031807 160.43283838815594 159.82327505553749 161.52785951740759 158.28607213928944 157.51902721562752 165.41725482988511 164.00584002873504 162.11318149828162 161.63633866845103 160.6012131236229 160.62029932707102 161.68374318302 165.03872313634628 163.25464612912805 162.70367393631744 162.13483964903426 164.03218624468207 162.61936487699214 161.75662311504971 166.47467882307913 166.12745752189693 164.36524829831885 163.8654685904296 163.19778111302585 164.59578884739733 162.73577569070443 166.67435204750186 161.00299884688206 167.36174113783372 165.52879022000764 165.05617575601946 164.59520059864008 167.11335167071493 165.64882719878923 166.2293474352891 159.2106170009011 168.17073903808352 166.84084956452682 166.22369127503555 165.09989417445686 167.29047250574098 166.84386595524541 165.72255587145503 167.47988889745494
 11.982637334625444 70.9307073362978 79.502231687185798 150.34378745350537 62.478584636071581 81.495671508276516 161.13801338622235 103.54729231346603 1.9037900448953209 20.360291433867292 64.841921891057197 79.109033415202646 87.398363912378272 83.032702652735196 81.033076400688387 80.567483026566961 3.0369817762637017 0.15680668194100372 66.566003759167543 63.717059580295398 63.584050323958998 60.560968588412358 82.106841676326411 61.436172468338476 55.761912046451606 62.04607451451767 55.682990842858835 73.879138706152972 58.972515878262932 60.389337141401171 62.161001665389868 62.507981018766955 52.75988649870748 38.314006115670864 59.07751484561355 58.017448192341931 59.241845594421441 60.174463104436498 57.900057964746416 61.534837498191607 58.467619821799005 55.524622620214451 55.11381101752805 61.442667533432257 57.542403988308159 57.640119802852176 87.939237531228542 88.651423271391579 55.814077046489288 55.408271254100086 53.681205933431251 59.630929665118984 56.241417795086711 56.762163522692909 89.437266507218055 88.727242003733906 56.946309550050806 62.616716451787561 85.027226224411706 90.521437472230673 90.155735062661506 86.688872598642078 90.928605903114899 87.043453340498843 79.242555714899751 78.356425535841751 80.234863185617925 78.455907754920972 81.074306866397933 81.413188070688321 80.692008129923636 115.80956505823987 78.860469705266652 78.155403861867129 78.864756070614149 79.458807374956407 81.109895655330916 80.340879833895798 81.389541494945234 81.840370344466578 77.299038551550026 77.316599330048334 77.658094037230981 80.013613834742529 79.441004948051827 82.20499075280253 81.598523632105241 82.613299078673805 75.922452707607221 77.877728952029756 78.476984764406282 78.92700146572443 79.976070469252065 80.544429185337137 82.931375596614046 83.254651445078565 78.350053437198568 80.303341522371184 76.491781215935049 78.705534736809028 81.188325475693418 83.262764354948331 82.216666352772336 83.486858208711155 65.09699536827884 58.904269701083535 77.84153562136872 80.358298385238257 81.147352194916508 81.905851945178725 82.953210960537447 82.413375974709695 63.954151316990817 78.558363933146524 67.367002051890069 78.612868654978413 79.69090956594664 81.835920157960672 94.488548109389498 82.225657699360724 62.894791768989663 61.240930695256836 65.727789785502026 77.099924634768271 79.033065981578034 81.379806111383701 82.892891337949777 81.609187675147837 58.450343866222489 64.448729274549024 64.907626117099042 63.317018497405144 79.846101751401889 80.35854612422709 80.192668427347485 160.41674688424052 42.397260822125808 41.299222520782656 58.239144434635357 64.315763868761863 65.301818766771291 78.145674217977074 80.943894345938361 127.27989663694736 18.62658860401077 5.7554304293987331 50.562605138540405 57.680737304538276 66.892759209949219 66.120662937253542 80.860858181517514 159.83877283355201 3.6095959180777504 2.2509031445256245 2.8406766105376189 41.324389488198221 66.250140823470517 62.381534982960964 18.960465417350726 4.3180292299510556 3.1446986299432518 1.8604163841947126 1.1816177673249966 0.7277190318671537 0.60005516371601708 63.848645130391397 2.8597072995551889 1.53673688007903 3.8245765317836269 1.6222158207476538 2.0968422119105896 1.5109688271381214 2.6327141180067959 2.5249036369523732 3.9809079888721226 0.31194308795118986 35.498065703948868 3.3219855698182683 4.4960362480198546 1.8686460804060225 6.4107592132154796 3.5218255091783011 0.13365482146539928 3.3189894170236829 34.968903131613516 14.504395430438356 17.927661973932373 1.8318929542839943 10.150749545543208 3.5925842508710777 0.68020065858616974 0.74439190162276181 16.191425682308033 16.052387186044655 9.295559630043229 12.474311588520395 14.120874456255043 13.00505512266851 5.5121429081157016 38.644284965951123 16.801797827338845 16.540703480566453 15.283002075803864 13.43773296467079 13.474010064656072 14.798491061727539 53.436820839382698 56.512046089143823 16.578956988859801 17.412135259616111 16.70389964038872 13.682018976132621 11.129013148476446 13.746700269375392 54.652366191104967 55.15502187308023 15.43782198239693 17.698215308330866 15.504315185276514 13.689925519615636 11.904213784109286 11.215867433934584 58.258885098608076 53.781705077705546 28.494217126274414 14.726844242613863 14.944484393011841 12.621621588068546 11.517291365232483 53.726776940489188 53.725244753029408 54.792304992520862 8.3460693374213069 13.963503862844064 14.445106706888273 54.507252804197662 57.312656436022294 83.33668738777186 59.233456398654312 85.958359150676131 33.312965603941727 12.279118377781398 12.998541148134366 81.782326277038067 83.680613960992588 75.257468199717636 84.261888082459123 84.924845252222951 32.774174034974472 12.768418922595508 82.832817748790333 81.791909708981422 81.360107646469771 82.248396201619357 62.377884515816099 161.27490460858621 54.737938214439744 55.8437354289537 92.447624271306907 80.671437394897822 81.964489219803241 84.721775948666973 87.648083547942093 88.056537556051481 81.053264164092894 69.516250418781354 79.706153884708499 83.317016913531063 82.789675561049776 84.5198229735593 82.467857297509866 89.873251136949136 81.963946413833781 81.403311160385528 81.678374671877663 80.32296508099526 80.884815800954897 83.296935561670239 86.161914974251857 85.958424142909422 82.682456376449011 80.950920543355807 81.631865441274414 82.451441047461472 83.605038960794815 83.929826928782717 86.920136553104939 87.295845665617563 81.981820613653824 82.395381043601617 83.322319982235257 85.314328649156721 86.267002284562579 86.518779730283583 88.36273246271459 87.955528472418976 82.006585722436682 82.85228182714836 84.037465841757495 85.301299353343936 87.291700606815624 87.722217824105016 86.919666410537715 89.14240636105427 84.034111537969281 82.914184537256432 84.034746563776068 85.068285399689813 80.081011233170315 87.326350897234704 85.936046246097575 99.98833817554322 80.511837632844887 82.866554130202715 83.88266837995387 86.078114534754647 81.795093415170513 84.983286911606669 84.808719080667359 86.098357777769706


# name: v
# type: matrix
# rows: 2
# columns: 320
 4.4619257578370437 -1.5491047806532685 -2.477246480146829 -2.3617106020879088 -2.458308092921718 -0.85802564202986198 -3.5111208367541771 -2.1848560259870178 -5.8306296464852077 -0.62397535907694635 -2.4475436693932635 -1.8365783901310593 -0.74118715823311598 -0.082276700226178265 1.0291458190951519 -0.75646477859114025 -5.4454478095087433 -5.9332557869463427 -1.3428785741391651 -1.6955455815881306 -1.2776372459483627 1.4266300603285964 -1.5644903615815917 3.8298739082989526 -0.20683262053434959 0.18963793975630527 2.9360363571377328 1.1313036246855084 0.47452121528615393 2.7381647881051312 0.076597165524798977 0.053971638084640026 0.17547051746397704 1.0143479270439038 3.2963269814097158 2.6596928638623969 2.3105675620473525 3.1970908837847656 -0.41702258042103374 1.2253819860864206 0.93433170508985086 1.1489723300176498 0.77552698541143528 2.2495931419226958 0.15715654181493766 2.0822643368438025 1.5399738920730774 2.3963722704349886 -0.76295287266283329 0.90585268827109466 -0.2853862884444136 -0.80462431241793975 0.22081254223032792 -0.41339640022112378 1.5806645995128707 0.39771228769506206 -2.4860066596020842 3.2964935458285907 0.031197071372370828 2.7035416060166955 2.5398112630259804 3.305195292191808 1.328513828411835 1.8316909906606231 -2.5490674866409249 0.35819014647811054 -2.6890315129116558 -2.5555409142093808 -1.8212720470199049 0.2510600360885098 -1.6592213798566329 -4.8083481724781443 -1.4458281164951854 -2.9034514874166737 -3.5144353531799641 -3.1819819992505858 -1.2097170791125356 -0.58604564515584634 -1.425850023181269 -1.1133704779056544 -1.1321748296709375 -1.6433876619746297 0.1187310167173658 -0.30935932610325273 -0.83313450600226702 -1.0900791988456886 -2.705804830136894 -1.694644312638097 0.74668639347416743 -2.432472759596684 -0.27488091622567357 -0.042279212624669653 -0.074239162227828379 -1.0938258853829785 -0.094346350072150087 -1.8458915881555169 1.0957960171126855 -1.9535462276142204 -0.96010917474191126 -1.1514350028182876 1.5048520242192733 -1.4773054208821075 -4.1600669788743314 1.9268495742978808 -0.29742499332142069 -1.5545961253509424 -0.39479624945251074 -1.2750548936888846 -2.1329568686107363 -1.408549147993726 -2.999314780395451 -4.0433621222850551 -2.2188308830491064 -2.3619096871925653 -2.04493832075224 -1.3765772437620456 -1.5149941982381681 -0.30084685598871119 -0.98235940944024569 -1.5205186239928097 0.067242489823043941 -0.78026688811085698 -2.3948296967742371 -3.1266094482926778 -0.86019095881917118 -2.8129496635335776 -0.24752162249241758 -2.0024994123982514 0.63942593884555221 1.0500422266290872 -3.9319188238162006 -1.8050956734132404 -1.9980287961303429 -1.6025336670400963 -1.6808168615193397 -2.2314384515786498 -2.2702388533120987 -1.501675081402946 -0.77373537099628387 -0.94314333146569318 -1.7023321422124349 -1.7343848076074511 -0.78838716210181325 -3.1420302346738094 2.0503194377782759 -0.016477179613650205 -3.3052369035009281 -1.2747207134339373 -0.17972304168414932 -0.97939310174841421 -0.20243018121409251 -2.9613616059963843 9.4325671504017077 3.8826050302091479 2.8525251376564724 -0.70699804581646875 1.297913706338075 -3.5002144620426119 -0.91553894821569615 -5.6668925846131026 1.8299024878285852 -0.11014344860045727 10.333369753307371 -0.25986249308214909 -5.5714446742105119 -3.7432240845736962 -3.6325188911612458 -1.4341217615755222 1.2699909770184719 0.96155922287553064 2.1170760157893493 -3.8837446699585669 -6.6819997528523141 -7.8195573725158969 -2.0935879664784225 -3.7703588916895971 0.49265616691444408 2.4039475929484309 -1.4763486257257294 -3.174021290404283 -1.2175538000139923 2.6540675727482483 2.4040044756235073 0.87802970925139379 -1.2241092188996761 1.9063454546835059 -0.68278134309478622 -1.5959380997900747 0.28911537827604689 -3.6517816938467771 -4.2603449662425223 -4.2343770256790627 -1.1884254005732775 1.4121438320862314 2.5327848163482951 1.4067352646981393 2.0362184169122965 0.13836307034604764 -2.1791776347234002 -1.9483477376187519 0.13736057907883631 -0.3674253510871916 -0.47304572379460497 0.96558101863117896 0.5294165557280317 -0.32619112046193166 -0.31316671029442084 3.0169932993061348 -0.34160735696645494 -1.2239679211914989 1.301639971489206 1.7197922301250821 -1.7649607923060011 -1.4538365089772214 1.7725921568949292 1.1763188939472282 1.043866475989202 0.79234589262234134 1.2492792328277125 0.2916394028421237 0.8905123790543964 1.9985302586439675 0.93875590940220321 0.81375109040426963 -0.92266956557525615 2.0921244596804609 1.1180992316747658 2.9194143450283585 1.4636637082021209 2.9177342067339556 0.57661092408054226 0.77262028128266835 2.2728166734052841 -1.5199726318362416 -2.8528160089870092 1.2884927608811894 1.1496776350655931 1.3732394430814729 1.6039025045154522 1.4637810072250814 0.88158008951026046 -1.3916788373331372 0.60039992593470126 1.0309909324378088 1.5738999789334811 0.79445250808365253 3.4380701695905453 2.5914810722691302 0.11584824248224071 1.9906422279140701 1.4521133978453851 4.7930915564532199 1.9012497484806801 1.6538659842006469 -0.2524904237804072 -1.1396072695747648 2.3791669888764826 1.0188588206296383 -2.100086601167332 0.63524440101635993 -0.086072384498547483 2.6838427759141954 1.1003910423321115 -0.44103042898249545 2.7277563687178992 0.88167391345715806 -0.91134566194367472 2.0975711787917319 -1.2256003501217008 1.8050751598812254 3.1091981521939482 0.67925250371825918 1.5817906018324521 0.23088533560278438 2.6712959189544541 -0.23880441543072095 3.154018204947135 1.1546219914216354 2.7149094868967834 -1.6783205320096264 0.40204192526571836 4.4726908657031146 1.5152565645503517 2.0853660095654636 -0.20174110004842932 1.4776927218089073 3.3273643362090688 0.1643596088886021 2.3968344063753184 2.6078103092678155 1.1966642873138962 3.6871507543640005 1.4104447207643636 1.2005934368401585 2.3835079167602844 3.1912440428159567 -0.065275634716773306 1.2730968076041784 2.2368165748074991 1.7886320579852486 1.0976179614875958 -0.089560681107249143 0.4444675062293495 0.36907435454690202 1.5483997259698787 -0.6866715382631382 0.9139008413144909 -0.67844972389130442 2.0007734428311386 1.6562333409089307 2.7913444274222177 1.0795806053282941 0.31295472430682741 1.2481614118709832 2.254945885716046 2.8468583629345661 0.073394144092433639 2.2665376773061174 2.5677770890357903 3.0910478769519987
 5.5891210394344988 -1.117490105380994 -0.64508638344605307 3.1959294126884794 0.24869137113156894 -0.7651928954321976 4.2432702212536091 0.29108599795669898 0.094446256015771765 -4.5400459979297505 -2.0496436146934371 -1.8231276036631532 -0.81039780598378297 -2.3156848283061771 -1.6044382164163582 -0.56354396470675305 1.3494679476742191 1.3539519626761292 1.0430766613850988 -1.6147055149589715 0.44749846416172651 -1.8406555519165653 -1.023426174574809 -2.37731278649682 -3.4972767655688139 -1.9360448762617062 -3.2795601598382818 -1.3688265063269536 -0.86157470796635183 -2.8075349116004622 -1.8863316855641648 0.16916082951392175 -1.7163148018963272 -2.7420912624854834 -4.1787728197454435 -3.7671453155914438 -3.9460986328323893 -3.0860850101725776 -0.46186620794504823 -0.22147919058498733 -0.041369727208318996 -4.275450373455274 -1.5277439177402794 -3.3438662746764578 -1.0580254316278705 -0.69006109558766149 -1.7327318305181649 0.63643501843514705 -1.2017602093336874 -0.78210267664035948 -1.3619473029517979 -1.7206858232355013 -0.71902907715617914 -3.6767171987838698 -0.88222542302884865 -1.0094255812340753 -2.8136596532343821 -2.8231835924677866 -1.2681787190413976 -1.5536318015346491 -2.9839682838804045 1.4945438653088323 -1.044341824179966 -0.68978299557674427 -1.4223106680965574 -0.21888330157584598 -0.92094597051617511 -0.70265671128496998 0.61865044111409351 0.040468858702444162 -0.30528868148040361 1.2975106343904557 -1.7938173081137287 0.72032665464464318 -0.88555465171054126 -0.55783962300490797 -1.6805554668023386 -0.82701421881223369 -2.0327137684864645 -1.1221901476105094 -2.0029730181615188 1.2817991718993202 -1.6177401569950869 -1.2148141021969234 -0.99021289797721168 -0.52050400204799119 -2.5201845661888633 -0.7276042332938345 -0.81325475350483423 -0.77999531975248737 -0.62145526892132785 -2.4049717688902006 -1.7649008572857363 -1.8755907981144753 0.097483700132462714 0.47053934004478093 -0.76998383527079506 0.31279465566605053 -0.12498023283665001 0.74838782492303624 -1.2821409434515467 -1.7521295295935024 3.4657934305616056 -1.1405268904693053 -2.4035590379251222 -3.2613250127113687 1.2904335867251562 -1.0531893089715438 -3.3268905294328803 -0.4078157132017296 -0.16412016766990215 -2.2204963890642269 -0.1468427419700172 -3.5943065029335708 -2.8094238668223275 0.83295109687556623 0.0020020868204702752 -0.86370918833116272 1.4511542305423721 -1.1832446075701897 -3.970646830099605 0.057880618239664894 -2.3121214220251365 -2.2631080525230955 -1.5371254180172029 -1.020409718372808 -1.7206028648903766 0.22399618513524522 -1.4985947257817349 -1.3184809043940033 1.3780179599565177 -2.8274478588385756 -2.3869289265513056 0.058021253578731752 1.1212561597818178 4.4964608650245514 -2.3573938929783336 -4.9379062748670108 -1.2046897323406456 -1.5869886814609546 -1.5628854168025457 0.10709788724016442 -0.73583186338984985 1.5120815234880927 -3.5162276711970275 3.1406567161160255 -1.9440862629784657 -1.0028305270536508 -3.4601518971741578 0.2690351672993142 -1.2036594437814843 3.7710964085950764 5.3415070489613097 -1.4177308215617423 5.7974243945731221 -1.1152673646051199 -2.5633526129969839 -3.193680413310565 -4.8047683630626112 1.7024924049856769 5.813888731712253 -2.7272314038103387 -2.020945955070057 3.9669151463613899 1.6294154673365548 -1.2938484505765646 0.085288283515640287 1.1620438019809212 4.436849426928303 2.2681038931250486 4.3792281841461254 0.82019624814668224 3.8221942434333793 3.8474697215316982 3.1085260540188759 1.6341978268517487 7.3553983241049723 0.012838710875879011 2.7007224130918583 1.821906915634768 4.2994610932207777 0.38692985865931767 -0.99395425420889894 1.6116884753802763 7.3641338315971963 5.9957003488919911 -2.7322965469787781 -1.0394826855512849 -5.3481514563246773 -0.41580209276980146 0.43523314790444856 -3.7192867177632145 -2.550910562763828 -5.9653534280795304 -4.4806091023851753 -2.4587665617767676 -2.4275590396142643 -2.7200143751602495 5.4234164077172782 -3.9641542292605059 -3.6919191089511938 -4.1301084309016955 -3.3062383150803401 -4.2591620903812846 -5.9394224669443361 -4.412880051670256 -3.7318786400554691 -4.7097644612580902 -4.3912678858764229 -3.6857928854433268 -5.2652389296949673 -4.7742493835684767 -4.7745934409402357 -2.7641216559651469 -2.7486796130912166 -3.2944284356050115 -3.6208637687145928 -2.4865603062615103 -5.9519034509271984 -4.4723170208249625 -5.1251403610102608 -7.0024274792588965 -3.4237223568924344 -3.5518330453880367 -2.5976670930922872 -4.5092289730876889 -5.7484426596064573 -4.629712984108405 -6.0558003273922365 -1.8985998278588787 -1.984882777424843 -2.2075090187600188 -4.9553758204151475 -6.9737501106565505 -6.1095158397766678 -0.80718756057363972 -2.5939969498095645 0.2299061074417113 -4.0373863935836658 -1.0073754092185785 -3.7684603675546096 -5.1386197329493024 -5.886233508951058 1.9046456698844791 0.63559737464669808 -0.81940030315974965 -0.69821406193331481 -0.9794959121617195 -3.0122348426067242 -4.5922599474498806 0.58815815028808172 -0.48740041699836351 -0.067951263988515948 -1.6653960364251796 -2.8740324096620782 4.0361142509800016 -2.9828185339405437 -0.68487737500088186 0.86357808203941411 0.083316102211072551 -1.8737583040478736 0.26098232791264464 -1.6802662398576595 -0.018430030179075949 0.19891462325010292 -1.072369632113483 -3.7259279292881193 0.42701855310695513 0.012309881361716103 -1.7523399753084308 -0.70122144618101678 1.8268084415013162 0.67209986278495948 -0.53788025906961379 -0.56820923787111455 0.42858165089858807 0.69544689276321536 2.9911088773398338 0.51178771554020297 -0.86755192210999466 -1.8197648306472631 -3.7689552230057171 -0.48614542601820632 -1.1446562760309877 -2.633399403328136 -1.3740299756827541 -1.0856988281708442 0.38688583255268383 -0.52851228136327866 2.2815181193905536 -0.25052957384793589 -1.9184705336902597 0.64815528496645758 -3.6230637070712564 -2.2341970605950494 -0.40261096454294665 -2.4652719628986905 -1.9412332984632037 1.1802199861188887 -2.4907458855231059 -1.3200907291880632 -0.49940099594826126 -0.63420044505162876 2.3923672954509749 1.6509693380266925 0.74604119211603759 -1.5866997823222115 0.46564921237909779 0.1241548185544719 -0.38593624971338525 -0.66801709784357388 0.86129832952167451 0.81189224752375733 -0.61849594127570884 -0.81903759608059357 -0.12530161403907158 -1.3688873587143293 1.4234731372001235 -0.9465373343149821 1.0299405024283743




