# Created by Octave 5.2.0, Fri Apr 02 16:07:44 2021 CEST <br1@br1>
# name: ptcls
# type: scalar struct
# ndims: 2
 1 1
# length: 2
# name: x
# type: matrix
# rows: 2
# columns: 320
 183.64559409246016 79.247333345800797 80.293921574148541 56.291065512437072 84.424903660500945 107.62741255924895 40.12611465801384 63.490966879034339 49.971036490240088 116.42184494706775 85.774809445991849 80.756755885726307 100.93344346730342 106.50898362376165 105.01110193219937 109.41189932220793 32.41771735940538 68.188350558954482 80.981708011998535 81.816554635697116 85.496280192994348 153.97691195229959 105.82690070128771 155.99952434583346 152.08326097646747 141.08711419853728 152.77878923934554 152.47955377711622 159.85657560849668 156.4858279880425 146.58544413627715 155.69915293335302 152.79756229075102 135.76353042107689 158.51615346321375 152.94921518853496 154.78095084027652 157.3360459867454 158.56455165326179 155.22336408574529 157.41433617396041 158.91510941607859 152.30897002218273 158.40200067218581 153.59724110850564 165.65706107091094 172.96338622556675 171.54262052773186 155.58590312503105 152.19438452816215 144.19965127650681 156.77072763135953 159.16505704184203 155.13698160262354 174.18904220344018 176.94349850523486 156.8764198230555 167.00040358981175 176.74284126205086 177.28108832305838 173.70131628032502 175.39511477093313 175.14697742110158 173.35788703923359 69.293262175816992 70.056412477523253 69.350430102399642 43.584024073285747 70.900480274533493 70.301399507539841 69.769266032496205 17.256795721185263 71.25061266395133 71.438465078459359 71.188044714724015 69.910223126791578 72.60114874988119 70.372870304700186 71.339178756185348 70.249489633081012 79.59279411910596 77.551303022109366 73.287870729730727 72.160150574106893 72.224900335808883 71.86415538945225 74.321385933050991 72.901465983270626 81.518137636383116 78.357454904104671 77.302948006716761 72.821485339529247 73.402993441323588 73.311351265756443 74.279363059748405 73.828792791047192 105.70376049922857 61.773665710193924 78.75168673334268 73.869951398230867 74.528534107372309 72.85098872967383 75.743470873273253 71.793485955270398 81.418660720407914 83.724874578916811 80.937085416823635 74.53513000841447 75.646522774240111 76.567073265919333 75.359208851086379 77.71156044203336 79.766342761924463 84.884372688252682 82.271400336227131 79.40661577759451 76.210247326156406 78.743364709820185 94.473689530904949 76.003508647374545 70.928863864686519 84.853876298254491 79.737505081000123 80.542991583264055 78.191425316008221 76.845630006307402 77.085759031039217 78.395314031919213 118.13487842273818 80.297800973387311 80.712612511650292 82.507372804966749 78.934353090398503 77.148922725201331 79.719897156810191 41.98533863130514 75.952369840387803 77.208309589007541 84.093806028692526 98.054957596639326 84.426648020303801 80.518077426266018 77.912656082260526 37.029257810378198 124.9167164403374 122.12298408945479 43.35009482756513 82.731638723451908 81.870546216324598 83.418308991672333 79.837323585195705 43.124651649365113 213.129746752882 128.7385554586572 142.26936560253739 76.488062917712895 80.812493540634435 83.501554654412487 106.31647026836774 34.405243763841227 124.97348259779453 118.45182281456189 105.83779259402948 103.14752792239355 69.525255322413329 79.514874792510753 51.778933035204012 69.130818460495732 118.42885986851097 123.4486533211436 123.43147885614103 71.034170609439542 34.03220383960474 35.128873887787762 91.113835091660491 69.797776216478525 118.57515161691376 104.08796372499323 94.763174452013317 67.877566586953336 95.901851318214213 122.33454813603026 121.48195092627395 89.066813781565557 90.203127528736132 172.25820746813554 142.73634937067888 68.309125954708378 162.31200497142243 50.981886556292565 50.583149198624241 68.694362559352101 141.9645407477569 146.02664630326149 179.71149450625447 169.32960884771219 168.17212969184303 152.97930332818686 121.63292795144082 126.54073879727221 136.92890241680169 136.63886816850663 152.38959223037261 166.80319059548017 161.49469663725216 151.07719839213178 153.35121554419965 154.42329873836701 126.33351160298551 131.05845138263291 155.99054969193239 158.10606855061562 154.16373610485684 120.10224753434265 153.82493977758381 157.04368750797602 158.23235109192137 120.21297788479751 155.25905056871892 124.04034683831323 125.44649562175771 123.95933509922793 156.36487843334476 151.28969292671223 119.2812500087401 126.60779274774309 154.25451413936383 120.24926381140295 211.23043495867984 155.75292629771604 159.32611635113915 154.14940719467762 186.72412362997696 120.27555128866227 155.33721154517733 153.09791608882045 157.87717637635677 170.88469397905891 167.57811880123091 175.11770990205648 147.03717333836212 94.357545224262367 128.99298597031563 171.97070510154924 172.39846536488218 157.30117860644239 173.03958688573258 174.05555451856688 145.77699221461302 125.22101137827782 171.31779539436192 172.67287293225098 172.71339588706317 171.64160680832396 154.57413799199068 106.96358009958217 186.20788310707891 180.83154392494779 108.71149458405233 180.2239093381863 174.88258223058975 172.30053062624881 174.56489285458525 177.42762594833346 166.0805093393239 162.88696697519961 162.20860729110129 174.7231871567914 175.68723891954949 171.1335589709368 172.91283514666904 175.74215239950524 173.73920442509981 179.17261180332008 176.01494007037618 174.06796721776675 175.09357349878081 175.03196620717767 176.03411300251187 169.7783536580188 173.86649321872 181.94195055450402 179.45095001365502 178.33993382415514 177.05863989851287 178.01770077869878 176.27314317511593 175.97594889428473 180.4787131668686 179.20180814116105 178.34943431968998 177.03844557659082 177.1035865802944 176.29882840715672 178.47547369259152 182.20558545337681 180.42770695945626 179.56160557523768 178.85561199415631 177.56634727344652 177.77900133976456 176.63639504913488 180.80411102361899 178.02542944802752 182.56129833287343 181.55742234632544 179.92142343519933 179.28787634357352 182.66946630179137 179.62181891550208 178.84223165066322 169.68254887259735 181.48253337037286 180.86210365088874 180.37846110377788 178.1393374725736 182.38433437845271 181.14423298364352 179.93317879793904 183.76215174934745
 66.588553430556018 60.091053314105736 71.468074103480475 181.34430275656328 49.909945398152111 67.920786480676313 198.76799498233797 106.37082649365773 6.4755742571782928 15.696812889035854 49.287466907403299 73.469715119225043 79.537505194337371 67.988608391834447 67.907341699201226 78.459795447248894 28.023033335926858 11.137739917780394 51.010332785368036 48.822615098727944 50.430023967549161 37.410241718107564 67.145239199893382 36.657300682047165 34.484384341265908 45.819866047585201 35.637083576696206 60.601521594774987 41.490098006869715 37.73455928660313 42.526172979681569 38.527370192020875 32.404822682933379 29.745453503007901 35.269307665536608 37.436714235096808 36.423184364150586 36.779284270431148 34.194642099490686 37.552796786300661 34.826731249160062 32.19846785666634 33.378878974975215 37.284003994244493 36.42505521183287 28.545777997504764 83.193209904535507 83.269700114205605 35.458269372678224 36.545504255477034 38.783512921623355 35.816817072816875 33.275454216214825 34.458228569764401 83.016309505829582 84.17556123059515 33.608953168383216 52.211520910758956 77.715715479619547 85.374223346440829 84.225002291020786 82.613469255988292 83.664599145726726 81.729800280496832 73.107968791638243 70.101616190925981 74.644523044580964 71.640137655447219 74.951404953079248 74.106649445186932 76.902628465696949 128.39541821182448 71.101207779061269 70.057208707767529 72.155671438246969 71.272926260855328 73.678079471265903 72.967969896540453 73.52234967341272 75.95701545273856 69.711458801078692 69.306729437955909 69.409593336917808 72.6319263301841 71.576529553436259 74.443463025814353 73.453790265192566 75.073333630662432 70.868598335021261 70.015994527710262 70.342881528880682 70.61199832988072 71.586803392108138 72.766205661020308 74.450276594640698 75.59095923145378 68.854039310270338 97.695894709503662 68.913208751546378 70.419622554020236 72.3740743984918 76.231712119085685 72.804072604179154 75.623767945498045 49.987560080926457 41.586997343997581 72.282351991824086 71.29513294837777 71.81144934680664 73.556552272003884 73.807587342497868 73.528236512120273 52.761365562326546 72.186177344346333 50.764057177109528 70.823857803513832 70.643450460427232 73.230679735261603 108.5647441456545 74.674744142175442 56.972173207380457 48.695748646689509 51.468094058173477 69.267608011471765 71.154529616404531 72.486109823430567 74.559270409219934 74.369347462032735 43.913975026143994 50.125019156318494 52.134192411328002 49.726921609578817 71.924561330927233 71.504054878100703 73.967451699395596 198.5110400472087 14.094838345320881 14.212557294416195 40.575023968901547 51.296304003862332 51.055751838291073 70.420766991135338 72.31863501589234 141.94708741476859 26.898386995097752 32.189608638376704 31.704968387655033 40.611557699152812 51.817853423331456 50.519838813658517 72.700646013398568 198.19884495352491 45.369775734645174 35.72612736028902 58.522867795436639 15.130972126600291 48.968339256038895 49.347868746943398 45.882220363288418 28.507688528395644 13.781133243219351 18.330341449589508 5.2329062306872727 36.302169898599089 2.5255658793613955 53.734695758776112 7.3557818394567072 3.6397896705358646 39.452806708227456 30.699634791746014 28.848372723438878 9.1856514037237833 29.650017564073273 30.337231521378985 32.651011582144875 4.6099289050207171 40.719352894577817 23.274939023576948 12.349136592178093 3.8245994299668116 5.7641039434897312 12.502253731644878 0.97141031380749998 23.219417219630724 77.472189753190392 72.712895569417299 10.467238623475408 2.8301019456086842 2.7662748842435025 6.3057787422476661 7.4590103605681266 4.6669791413102963 9.6715153717517044 18.441804082122598 34.183277420630709 7.0385661734398779 7.0679954069233446 13.019482040227386 11.59847497738021 78.779550834926923 13.053762380618256 12.032994470558899 19.128618563567922 7.1954625740300431 2.0770765904097184 18.88616092917967 33.261135776152756 35.355210761851218 7.8719163623587196 6.8722611951817498 10.113193501068711 8.2014945967544008 5.6140954596719501 7.0667026732044924 32.058602822110728 32.267446203396233 7.0141302577788718 4.5582066821421128 5.2502383336008327 27.655716034576503 9.5648330529392798 32.083307365481808 34.633856912071664 35.414141325744311 5.5267099943033644 9.1958204940480037 4.3924096861027415 5.9324078620933935 19.094858340408067 33.503327737214768 31.204878485535261 34.138505507237177 39.721076120607272 9.1650185345703896 4.065227247783727 34.379062044793677 33.134625144624096 79.475949046773735 20.069051833005311 80.688212157717658 0.12972570917470408 43.027663618398456 17.195577006521845 80.269935609356651 81.250322774999304 67.309285259060999 80.35872701158624 80.744522048407845 0.12635451299668923 8.3024032424462515 81.085853999606826 79.301183777791081 78.162335450156789 78.675549761685957 38.459024776377646 199.57478715688512 48.150629421132635 33.837195556702525 100.82433166707968 74.519650637910715 77.109937386341869 82.325799211370622 81.657760708717475 83.131817184709959 79.042434279849203 58.723574918030089 60.71662312614442 78.529254244786983 77.951709388484488 82.148887674733004 76.768203033851407 84.752716946327851 77.52519031810138 75.595815508445583 76.895558076245067 76.262041720539742 76.040673934799813 79.706318692411088 79.100351487122921 80.565568187986287 79.52158450498699 79.43338036750238 76.593649052325588 76.793102581157754 76.452982387633696 77.868088850904954 83.303994269788816 81.352332333345743 76.858394694971608 77.718727437134788 78.992273658401416 78.737311702036436 81.058154637500834 80.221066834723104 83.001938344989625 81.408214911221847 78.255638610076943 78.892933027046837 79.951681779557987 79.85966296716829 82.106952766453531 82.306993610193913 82.826196165274141 84.111350317828013 80.420745842755665 78.38840305534471 79.837046699565761 81.043522117018682 78.321043232058983 83.021179602243237 82.080316078775567 108.34293197190897 80.580689319781769 79.287023410867093 80.871975000447577 80.871757063049088 77.129827418423304 81.809908043673445 81.867464266006763 80.42593906729455


# name: v
# type: matrix
# rows: 2
# columns: 320
 4.0452272840958052 -1.5491047806532685 -1.0408390790497468 -2.3617106020879088 -0.42259069312343206 -0.031570696563398372 -6.2893075179876545 -2.1848560259870178 -5.2345162882617622 -0.60100659307165627 -1.2667229252297638 -1.3799131598045808 -0.74118715823311598 -0.335165243766885 0.085277718022607238 0.0054553980679680576 -6.8122525061668702 -4.4819068742017949 -0.85193280100910818 -0.26305663008060032 -1.5627383921501243 1.3387103518814027 -0.51972224340989459 1.2267922960320661 2.8445795203167337 0.35029495785484888 0.29261755286682511 1.1313036246855084 1.7875350110661496 -1.1595736137072579 3.0128946453212055 0.14491470075128418 2.2573238866462555 5.2435936435317503 1.8496545113734946 0.012978526818972796 1.3234713788028267 -0.48866403513003298 -0.1836752061621717 2.0784982051657388 0.44674462030885975 1.6025948491804525 -0.042564322488725465 5.7589415258199574 2.5353832140500527 1.6961192366017308 -1.4015253208491492 0.1747186410852378 0.73205736932935817 -1.208596966003703 0.56229828007824556 -0.19940295339618183 -0.2978166598518317 2.2313079192207979 0.84845421185942105 0.010834597546209787 2.9431480532729655 -2.0231033066758974 0.61912909172401187 3.1918344417635223 2.5094563708184094 2.7575417050444839 0.49936178002068743 1.4852138916189186 -2.5815921595631353 -2.2796410733814234 -1.1459948504308457 -2.5555409142093808 -0.054113984518454082 -0.71705136938645653 0.032151637553256431 4.8083481724781443 -1.3003642286861135 -3.8405148643186107 -0.74469910883081658 -0.10334094393474566 0.22294512986701609 -1.3088871520342149 -0.417493406262059 -1.2728314792273574 0.30864884563543726 -3.2694070199450644 -2.4807942901873838 -2.0783209144260093 -2.6309114767778521 -2.2299085698981864 -1.2669664037074051 -2.664384680321997 -1.6778539066358518 -0.80435536211675496 -2.743366843566831 -0.48299744761047581 -0.2823772075080615 -4.6100996519863777 -1.0081426572404302 -1.0108914210161881 -0.34059057857133734 -6.2008401770682422 -1.5090945388592092 -1.2988145362664223 0.73978911685099036 -2.0955938769279179 -1.4811210770782355 -2.506103803304494 -1.4084622174296686 -0.61265985507667509 -2.9224749252206101 -2.4442312941778619 -2.5217249411394276 -2.0545418107577267 0.80935512149755362 -1.5547420265279039 -1.3949085297052435 0.83635664410673316 -3.613975994257165 -2.0154648174359147 -1.7488836184935246 -1.1264085296029491 -0.98235940944024569 -2.5271477552811583 -4.708855312620055 -2.2131912848990307 0.45564155140665402 -2.5357119737660558 -2.0874709321758611 -0.45085311157421398 -0.36056759055244636 -1.1062507402710713 0.63942593884555221 0.12537207068057646 0.36081563499442587 -1.1219013142378709 0.49529592824869662 -0.29548499465385042 -2.3543672807925029 -1.8202233708225872 -1.7849820069202744 -0.2309942926934061 -1.8501550870119536 -0.26415823193366156 -3.032993164106939 -1.3553510168516349 -1.0139164542512278 -3.1420302346738094 -3.8674711657553456 2.6844205068413061 -3.3052369035009281 -1.097636946592359 -4.0433214718409927 -2.0995725794496587 -1.6405583553910863 -0.59439000551896615 10.35078207216706 0.19756493752138243 2.9794398013476497 -2.4629356809178384 -1.7180207623708581 -3.2654541531694323 0.28907770316144898 -7.2772488207697537 2.1289798520658563 -0.77894882957280687 -3.8979409362357114 -3.3913228914080427 -3.0255931067531039 1.6183617947990574 -5.0830180260573021 -3.0799565654267025 2.9499982785642014 1.4696581593515714 -0.88911493604212899 -3.7883259683974826 -5.6126727776588012 -5.9069483898747084 -1.1946868770402617 -1.3600097703261234 -1.6138769561518931 -0.86365086495798538 -2.0628606792712292 -6.4461986466649108 -0.75816249943952441 2.5437954846200155 0.99616988720600141 -2.2070062866156208 0.5599963309348468 2.0712909729583764 0.16381530405761491 -5.7274668030349343 2.870309396789918 -4.9835381195245292 -4.9699464047663344 -1.1150302448727583 3.4464089102126301 1.4096056935038199 4.7497979433304405 3.2935619878167119 5.7899856812782131 2.0498604029075538 1.4724745076089447 -0.3069193709385597 -0.13116009170864429 0.91129096433762569 1.593618445754315 3.9597389561013565 2.791016442521383 1.1944622198353239 0.35452063349227203 0.87116884496887192 -1.4159584969031964 -0.19023854147997604 1.6670029544563978 3.6778684672229613 2.1467643530014149 -1.0882712968021593 2.2672785249304801 -0.17106654091754778 3.4493344806093016 -3.4048005518982163 1.5722793749682162 0.39657895452147512 -3.3270921153476358 0.22517010776668686 1.0730783170619533 2.5443658537531872 -1.9022973293656342 -2.1687349391476496 3.4958443460469435 -0.51115575712353778 9.7918552122602343 1.2340865635327083 2.168684653598119 -0.47667457433969135 2.2728166734052841 -3.0904677231467925 2.9328075449700086 0.76141207886116813 3.1516998778138157 0.59240851434672159 1.6181343393369052 2.4732596852921955 1.420210683904265 -3.8714034896466614 -0.018388054878221378 -0.64275297993577007 2.388094828859797 0.79445250808365253 -0.11709119804356984 0.79037002741309359 -0.30871597339049739 -1.5652720274719638 4.6143412385260074 2.8309739565344967 0.60341776696019589 3.1439075382014678 -1.8683239901963793 -1.1396072695747648 5.8342632862706818 1.7590726755205277 -2.100086601167332 0.22165964010791001 -0.6570310043153359 -0.16963101108062167 5.1948818973462272 2.4622328257093393 0.48846253060245814 1.0654768636932943 0.33151882827864815 4.0604153924620467 2.6108618606398979 1.6337528391404308 0.77955132600348931 1.0709875919931242 3.0489595118569177 1.7853366526716417 3.9734508872815195 1.8200677382629205 1.9346060343671685 0.81799424234498752 1.3771709586603589 1.1898710067507827 2.7455160580342182 3.9263799519181761 3.6526123468094838 -0.73610440843967728 1.4726030003364095 0.9571333908730375 1.6840893895570299 1.5606835829057155 1.7941697775009806 3.4038176380380096 0.82957997088743141 2.4969534627503736 -0.069797424253697601 0.7183825026049474 1.9067637283052359 0.32792369562507545 1.9270193801222057 -0.8679046436965927 1.1012737218786983 1.576588839889427 -1.0928205633658434 0.53670834842958892 1.1322348427481903 2.7593305877985874 -0.55072242713108499 1.7307908995187473 2.3368360534744079 2.9382893961708167 0.18032455197222386 0.4207611984191707 2.4368712804426522 1.0795806053282941 1.2799223270796776 2.3687890998885237 2.0063487272059994 1.8821966056780948 1.9625406669630991 1.1062522954198097 2.2664599576014206 3.6308238848683483
 5.6746610425660311 -1.117490105380994 -3.0671052175017355 3.1959294126884794 -4.0376817260810389 1.1469467079552442 -4.6299728897842396 0.29108599795669898 2.5830518623913892 2.2802740130875314 -1.7257276467876195 1.8981406539045724 -0.81039780598378297 -3.8176592828739349 -1.6943503938241953 -0.11200043242230964 3.2980783240466063 1.0634697339613519 -1.6583079701300514 -1.6157906508673385 0.82502632567262435 -1.8362779909285039 -1.3996979036857753 -2.3651641517489597 -1.0264797226012206 -0.88210704781953475 -1.2283204777664916 -1.3688265063269536 -1.0139704414147523 -2.4778807264167391 -2.6884861982767987 -1.2670082442947903 -2.7684232928861543 1.6694031693815439 -3.5493456525038329 -0.9956227930103968 -0.74390966782487 -0.76919779928047316 -1.9358454787332362 -3.0069846977156867 -5.2554014613674571 -4.0551099682575149 -2.0158791908713209 -4.7285285152629672 -3.4040675842473149 -3.0630822844400307 0.053572674495634659 -0.44290634520528921 -0.55976855232417011 -3.1054227354636685 -1.511915700213561 -3.6542906520084899 -2.3486134679375521 -2.3303130897472095 1.8004798817077843 -0.11411440896257014 -2.185495596646434 5.4499971294544718 -0.6892792022849642 -1.0822983188104807 -1.6527708166383694 -0.96592482483039799 0.79920454690603171 -1.3106040686305056 0.0079195911894369558 -1.1807109382904153 0.20111339451415702 -0.70265671128496998 0.25399653947107292 -1.2769073341622603 -1.2610382750187614 1.2975106343904557 0.48933265488374972 -0.57798532255745305 -0.13677412038079842 -2.8746733434200871 -0.60578311319645817 -0.5228692544544572 -0.55418874606276325 -0.73081634477266744 1.4572172695005097 0.016124092722640496 2.0224908341436061 -2.3538523388975952 -1.1231407083499809 -3.0765777797468568 0.089875113325354417 -1.1372668673059241 2.9831925483822754 -0.26234494610230413 -0.60602433812074752 1.179277618132047 -2.4549466956120867 -0.76634929648624905 0.060740929815970734 -2.1324196084780689 -1.1655086098561038 4.8970965420429486 -1.5272135661792701 0.39759961060595678 -0.46610115102338046 -2.3017475335873452 -0.26454221734568739 -2.4916345462302014 -0.95061512028746786 -2.1096619315926923 -1.9248723819641043 -1.2190956261272623 -1.8590394452884482 -0.43536598932854054 -0.071811019084122046 -0.45930508869533948 -0.20384205709199796 -1.2511771984691764 -3.6163633427115172 -0.38911406410660071 -2.8954014117100728 -2.3039165612982533 1.4511542305423721 -0.81779611108646 0.79862800313806859 2.183603520055903 -3.5332698770667021 -1.2443798331413722 -1.8839448604558942 -0.29950003838711936 -1.4603583537106664 -1.5570965801168475 -1.4985947257817349 -2.2202170749237338 -1.1458681781241125 0.2198185958664905 -0.8568856944503398 -0.43953115365491657 -0.17168482562155229 -1.0243904275608899 -4.1260816428035074 -0.84859841566140726 -1.2353684376586909 -1.2143987563600565 -3.2399207834357333 0.66061970251249647 -1.1694848866501135 1.5120815234880927 2.9582242304750257 3.1254663180301652 -1.9440862629784657 -2.0160656270352799 -1.7978042927289555 -2.1687448075430749 -1.7782584922291726 -2.3250827015659565 4.0790060925250726 4.8120311240586187 5.6950017758415452 -3.4358874739855434 -2.770913442592394 -0.13121835652969871 3.8793708077086242 2.8233977345818686 -1.8896500028491148 2.3527586518369832 2.4361773678480465 3.5401989572604635 1.8742850398487105 -1.4011307340648314 -0.16302313768310289 -0.71871166706417267 4.3597693000778373 1.7610045518756929 1.0485356066225995 1.9668184924153542 1.8141112093758578 2.7866135561846055 2.9453708658843212 -0.71010760127947525 3.726110767476607 2.182676113160066 0.45209373950366916 1.8004529510604717 1.8249665120869287 0.29496566158572607 0.27046533535377848 3.9997167321991984 0.16374669928492003 6.0062512266845944 2.0519968906894128 0.16348519833364222 0.36685785609324412 -1.1663703721443344 0.79671011578026285 -0.27396287680577813 0.13413655187918325 2.5207145001160329 -3.5044109232115566 1.3403311266601226 0.93602660508006863 2.5554140728832921 0.78002120042224976 4.1833626856438144 2.1566571358870452 0.77303036426182503 3.0995488446533073 1.1270482037794134 0.14789250566249187 2.2349673329738344 -2.3753501947562543 -3.9339482265948451 2.538129394228068 1.4029848457557814 2.0033045347491587 0.94402642257464753 1.6750316375519119 -1.2870928894278277 -1.0459703275045149 -2.2994670294333646 0.39610795798592324 1.75309202399422 -1.0717502203633993 4.859392559860626 0.54002934919580259 3.1347758047453609 -1.6358559638514401 -1.0691050235417114 -1.9734010789360559 1.6573412781233166 -0.57050256493100526 -0.32088440625158487 1.9077300108608601 -1.1631846087709974 -1.4919797620208139 -2.67757907977402 4.9553758204151475 0.73128594987737972 2.1231024269325824 -4.2255991302933964 -0.86350752381404194 0.60025123827641347 -4.0377167529329059 0.56807966447164593 -3.1519113766834304 3.7153455081322457 3.3848254212749538 -0.20940052581762914 -2.1545655898057126 -0.81940030315974965 -3.0872311178186265 -1.0645450622632184 -3.646299758898488 -0.42044879481495645 0.46452615012464138 0.37174416910101421 -2.6876427138298284 0.71296294568437935 -2.8883423299552629 -4.0361142509800016 3.6665063691707065 -3.2505750018922468 0.86357808203941411 0.25396069470093652 0.0058967628454315302 0.76506231621257748 -0.26586672215437096 0.58498077274654248 0.28908030533995194 -2.0263402069739458 -1.0255417551369712 0.98104152739997152 -0.051765169152578012 1.337110066443755 -0.69930001100643591 -1.525612494192091 0.71483356958009725 0.075063407226890394 -2.1572920437792069 0.41787150113027688 1.3059956204989323 -0.35248289397741489 -0.82673650399320364 -2.4236808577292135 -2.2627131356265253 -0.81158748321477392 -0.29614783135755912 0.54463875718461929 0.59381634171019537 -2.8157557876579955 0.5642498893738811 1.084183394853607 -2.4536775530857406 -1.5924307071569499 -2.3929720448304894 0.59656439944142714 -0.67439785628251847 -4.0455561917901077 -2.5674020647547739 -1.5163036290814653 -2.3985294230910075 -0.10226381234640092 -0.25989279191583692 -3.5161221473664468 1.4648585216044419 0.46828141453678185 -0.55232111807771311 1.8716795170979461 -0.79126936892224631 -0.47132854601467011 -0.043208575998161025 0.46931966035863493 1.1943561509485889 -2.2835026735857524 -0.92446769757032099 0.86129832952167451 1.2920283505826213 0.13817374605597535 0.0015544764756354919 -0.56007284581638606 -0.23503718126250769 -0.11679660369029726 -0.54763227229230316 -0.60716826906933086




