# Created by Octave 5.2.0, Fri Apr 02 16:03:24 2021 CEST <br1@br1>
# name: ptcls
# type: scalar struct
# ndims: 2
 1 1
# length: 2
# name: x
# type: matrix
# rows: 2
# columns: 320
 121.08955071471256 112.83622042057726 110.19431168253435 107.89444216805761 115.52411118130338 117.67375126384681 106.04391984908952 111.23007104687889 121.56359916638682 117.7680148153281 116.61792146564309 111.70661629751788 116.71685331838506 118.322206173827 119.01996463499749 119.06711674490313 122.55408335712048 120.64839780786393 113.84100568690931 113.81453650215194 115.27005221196566 130.91456273228604 117.14085682734687 131.66214970800266 127.57744185110491 123.80049779537313 129.89583230788801 127.76111128851393 130.00389490737493 134.09395963542087 131.99388485158423 132.93477870903902 126.73084664187657 124.668330882657 129.25798188829998 130.88581357430471 130.19404484491002 134.57706904502888 133.17995194398947 132.15367855022777 129.36968779516863 130.43132185699773 131.14892027397144 129.7956939612163 130.99507831250764 133.69089678048491 139.43021732865139 137.45288635171192 132.19272933757136 130.78063716253342 131.5788888218049 132.28694677659851 133.28134821372024 132.59522998922682 138.53103066393589 142.59177757430845 134.03841679246099 133.41050006331523 141.47807755196087 138.20450342441245 140.85057232352654 140.28379146417706 141.30795908045755 141.49330461207364 103.37482293166887 104.51416720580085 102.810093197268 99.422732754330653 101.64078120812246 100.49472017317326 100.42896126860222 87.805611847462586 105.90173416730886 104.4923552212571 103.59717647644842 102.48257665792755 102.44174531981753 101.40220181215268 101.43270860144543 99.365882739289418 108.20766312786546 105.14421628902829 104.3133154499376 103.39848454274035 103.35820657414089 102.54933009445388 102.31342907661116 101.24953368307607 106.46894588363628 106.15509014442976 105.35833445737342 104.26893693878732 104.47671372014716 103.52275290089869 103.30277208166423 102.39184142818576 110.33981004868819 111.4932447786138 107.43230940644193 105.36128395546612 105.48321325637538 104.53804061673445 105.56395424501109 103.61283470464977 110.29203576156129 110.55440191444886 110.02747647200354 106.3815861274464 107.50900768260597 106.88090493175595 106.44088589348971 106.49711643281783 111.56532969751578 110.94242910476397 112.57342562899028 108.63723617375359 106.89705445650191 107.4949096896277 108.71058406927605 107.65394603347201 111.4872074294081 113.08302170027292 112.3203953053236 109.30459962197723 108.03130872049299 108.28527272299127 109.15737875638919 109.83110393325065 110.56727710991395 111.59453696091468 111.58826521563684 113.37557840595551 109.14230485851544 108.617800617794 110.22084890087183 104.05148885173334 109.2973884000798 110.86511016961965 112.0564389453117 114.48725470376739 114.88807197567307 110.57649998509801 109.36964433354666 105.80432808338249 114.9328277929001 112.95925169706342 110.38355065046295 112.53212783050731 114.38503604695894 111.78432795479736 110.01108193258996 105.19965813355914 115.05591459837015 113.60270567851542 116.14523005939223 110.9842157803093 112.46143435085433 113.90171821880924 116.33597755437754 121.50265596655214 113.22027604979081 113.99537857054571 115.37615598154753 116.20273031125983 117.40586158933618 112.87436905798549 122.68576977355744 122.59098024998491 113.65723855359045 114.36984027326396 115.6553229959128 116.36735484660905 117.51315607011968 118.5817786641678 120.74026458882803 119.91552731428719 121.86091322881478 114.56562408140803 116.0526160843813 116.82184497358291 117.27842859357716 119.5071667765615 118.48615310202689 119.78252702746649 121.46077471055044 129.9121422569354 130.67850423611651 118.07530808079535 127.54738146721621 120.7263190538357 121.6865605069131 119.72256271185515 131.37217595174721 130.26756149358624 129.25490422675696 128.27759610130002 129.3956350671782 127.36742376390232 126.25547741270597 124.05975176661528 129.19346385027572 132.07104120709582 129.10444132840556 128.13777877895745 130.08666085783267 129.04606318185168 127.8624274722753 128.68991935530761 131.38306705743409 130.5324694368463 131.07353611914837 130.89089018584431 129.79594451940915 130.10992419057564 129.77458843793488 132.66537373234576 132.33038327432834 131.64153434468435 132.73683467669181 130.49610738949471 129.44130693079953 131.81242144817247 130.99056453557327 131.86215358798466 130.39079168681266 132.61156011654259 133.02521860418079 130.60003440212947 131.75683311283697 133.27317626920836 134.44724152450806 133.70726717597918 137.06307931606707 132.47511331136951 131.45634739978777 134.5601499586912 135.19021547144396 138.51512868673723 135.18473674941509 142.42007315066456 135.44337254953399 133.26887923828025 131.58885087859454 139.29868176606158 140.1410903777207 138.30143334024331 140.6559510329563 140.78188318464126 135.19194266958911 133.20220918522855 139.58266858683132 140.1620058526436 141.2122746718106 139.5896549958876 137.16754147599241 131.86399893980823 140.51885791132946 141.39724501826993 138.51707115952064 140.34569023505793 142.02959595814616 139.49243663156713 141.7451666705692 142.75457911923772 141.15091497422586 142.14224224936288 141.00405719402411 141.20019069934369 141.89510498405869 141.02702241203292 140.65846532951375 143.66725060692062 141.45862428198009 142.41946022850561 142.19452773639946 143.00272126501542 143.12316643988265 141.75743762570906 142.62266435934697 141.10344620684506 140.05029177752996 143.49503005810925 143.34277395938437 144.19215056103988 144.0431919157503 142.8746571030876 143.55137816011251 143.18592795704811 144.27314333332288 144.41264875130062 145.24427382530442 145.14508314515291 144.88869537065773 143.70573971464788 144.33466880414795 143.90260456905466 146.60927557471365 145.32108679785418 146.11033516980979 146.01152149805458 145.5951247506066 144.49160680404319 145.44696426641499 145.03983716511101 147.56882914170473 146.50272564811439 146.92206962625855 146.67424420811901 147.63015639663331 146.42854212835607 145.96221082606476 146.05597101629749 147.4102073813975 147.29126468917309 148.37100501272292 147.58557831888837 148.53599041547341 148.62707543749974 147.56545868913449 147.04429589809033
 71.330475721536487 85.564690995363506 91.680435017934599 111.51324508935116 88.200445315546574 95.504550041169765 109.39885030806887 100.01059743827746 67.403021914111335 75.621409644574712 87.886706597298328 86.654066751513028 94.786625606866835 94.421851535112978 96.579490648845109 95.381664015689452 66.242324195661226 70.082858819403214 86.727330605536991 80.190307320373392 87.11852294021098 90.259978830006176 93.815752118745507 89.035629966076328 82.41299036078324 85.569019761106816 84.093766929791698 90.51048679962723 90.950205821551521 89.022588325420955 88.038008117208904 88.928879407004572 83.089423280421457 78.774666619657239 87.649446487964397 88.238178890596274 87.082715540462218 86.725078628159864 89.866171765652453 90.159373862310503 83.07026401809847 85.258743564764586 84.268315900726023 86.100431850540602 86.340175207522563 87.936989773196402 96.231154640789114 96.900465058199572 84.5802645937855 83.134921839848474 85.427106781079516 87.008984836658897 84.931306436783743 85.905212857110385 97.077868060002828 95.695554893677027 85.722374996015461 86.746088750854966 91.967988702003765 95.881487259240544 96.351830869511659 95.340855035248126 97.924323680091561 95.245329077955972 85.524099226948721 85.766842080661661 86.690407575943468 86.993457606674355 88.659925579543696 89.102441898503969 90.339060522174904 100.04481085039937 86.011896007855398 86.829974163972182 87.612391192450104 87.834846061179576 89.328555899732848 89.82978589032767 90.906738282565286 90.831188208366015 87.097601371368938 87.678026758339044 88.404728290877571 88.84246315247016 90.010690748164009 90.782217155068636 91.846815644351949 92.04736586843417 87.100678971666966 88.115862750524158 88.763472530901282 89.444650121775993 90.586820132391409 91.204672299651961 92.364177497288807 92.962407474225046 84.143723293312419 83.960790519286292 87.858975105964703 89.900129056509286 91.128978096251828 91.718246963671248 92.282636791055978 93.438250736114512 80.066403728581165 81.302348072512757 85.935506498780384 90.397616138415927 90.44375944193979 91.375824162456524 92.779138425852651 94.033852270076522 79.351635275603329 82.735947660876761 84.511861771911398 88.16615373735543 89.388247278844915 92.304518338179548 93.256713126455992 93.660582452560433 77.750388214381317 79.118137761349118 83.004168408170415 87.097213567204506 89.033598797271907 91.306875893555727 92.141639487169812 93.426869131892474 78.796578396159418 80.653633917478331 81.756481208574883 83.608601243634538 89.258732120251935 90.237540459388939 90.463164152655366 110.16977508506265 74.407721662918135 76.713619302231677 76.669113002150468 84.565953660154221 80.478770919131023 87.317726441629915 91.070621962226042 108.06702842743633 67.711099718608679 66.218874048444647 73.470192422828475 78.159157313005167 83.466590190621758 85.190978576378271 88.238154215996914 110.65943134728995 66.519536139840199 67.095851232565821 67.422509978542465 75.595359562104079 80.05579634120123 82.419554815245874 77.238841692696923 69.157064999670297 65.109118611783657 66.024828651667733 65.485439774887752 66.206958049381001 65.972772722927346 81.880399643745449 67.391536937223648 68.605114363418195 64.159704354589437 64.956374858171017 64.187088031184942 65.077699956197122 64.88233808011249 64.556212360407599 64.403527146229408 68.850308612418772 54.258981881020823 63.362935684524487 62.966027833405043 63.869545354189221 62.897485982538534 63.968108510363912 65.597129569086363 64.98841303518607 53.230886057537134 58.34336380859785 62.638931562616726 63.569209836023255 63.901402593149129 65.67524071291983 65.271507311863758 66.075240986780244 61.847922858719279 63.969046150486903 64.535827681703807 64.847167761999415 68.003659223286888 65.815124905746245 66.672968663866413 79.664507186678733 65.686722741550383 62.820100344899544 66.953591010349058 66.533038657488902 69.055830581537606 69.07100856342467 81.381714192095629 82.074303328598063 67.224526288403837 65.335306171245961 68.45005017696856 70.00925903399208 70.241305628653151 71.274173044381783 81.747407888002542 83.697945535333119 68.125181553274018 69.29751748662683 69.489970688180748 72.495265290086508 73.606726946196972 74.93012711513245 82.127193627765607 82.833227113310215 67.647033737738809 72.867408403393554 70.605998944770263 73.653129544165168 73.44172936736858 82.815071586358727 84.647413551279939 83.830061029877399 68.553885555469051 71.672631496920914 71.167737501903275 82.839435695620338 83.907068012834642 89.691445380931285 87.676542942475223 92.601570896979226 73.657148320742493 75.239128675598465 72.380960349215513 85.780192806971726 88.172270630901892 88.399205880595019 90.961427605249384 94.372597058928548 74.817087468142034 73.935822656633761 84.305872095762368 86.801276655985077 87.278251345215764 89.210306824384091 89.664954014140079 112.23611645916192 77.177111983914926 77.967066953116571 84.348740461207797 85.343803968607531 88.491869016237132 90.515503548519547 94.077668456832839 94.496526647272077 82.471935780921427 84.073037611628308 84.020519520590724 86.13148977971062 89.576858151308997 88.883438883754209 89.913858727735487 95.554736386395504 85.030637726519458 85.568372256763269 86.608351841728833 87.760834299379184 89.037722591186522 90.653341789246866 91.364439717471328 93.2048650874831 83.040460015224554 84.511088870764368 86.398632377368656 88.705986844154523 89.789057622010475 90.160928315111164 92.089060886273913 93.406895862449815 85.684534734705679 87.521586754937942 88.362069163992786 89.492010418470983 90.681445486109567 90.94225118989057 93.002118956477204 94.305222629362859 86.836380885364221 86.931327814139649 89.031664337146722 90.380070880704736 91.454075156935858 91.720526333533158 92.588066094680059 94.34765721253865 87.276619912313649 87.933488484685157 89.816408870213792 91.20408408715511 91.73156206361152 92.34255151556664 93.540764652533056 94.650740112202413 86.137456781969178 88.691665396589144 89.63486818578231 90.555174050275639 91.067555109126204 92.247654300151424 92.729875781790611 93.907051355598185


# name: v
# type: matrix
# rows: 2
# columns: 320
 0.9988140682866018 -0.64812485154795008 -1.7850972916898233 -2.3617106020879088 -0.30087046735334105 -0.49448144075935796 -4.175071198011052 -2.1848560259870178 -2.7237161891732309 -0.39044531232382851 -2.1386051888630653 -2.7457193098410451 -1.0316807617130972 -0.23342034224573024 0.067637564182038673 -1.9364426877848253 -0.25704154387670564 -0.066073239166887704 -2.369024054789505 1.1092837286707742 -1.6731591043739502 3.2209429808600429 -1.9358321531443961 3.2639462129919457 1.814607097430643 0.18963793975630527 0.56888130030263928 1.1133690075358227 4.0533926544488992 -0.28994131689397945 -0.26744674075368213 -0.53789035503469074 1.1671937803797994 -0.17928380094494062 0.33371728393555644 -0.95356319911591103 -1.4136259235867394 -0.20425808261468312 2.0296714849563569 1.8881339680929423 1.800752199309984 3.1374201659471495 -1.7425882942848034 0.10331155094734706 2.1148421946331255 5.0120130149974367 4.387770764480309 1.9402689896675847 3.664130279394632 1.0820660327621003 2.8522175884602929 0.21340863908958738 0.09263933885728147 0.11841521087721414 4.4167377428442895 2.5447175711997345 0.75028644815183931 -0.48466617033084736 0.48445982461323395 3.5873036515063652 2.720199664537422 1.6639206591905085 1.8540855336306796 3.3927178388525689 -0.29792627881917455 0.73801090801835689 -2.3164128550385334 -2.5612330056071579 -2.0676119299464619 -1.2253277792343205 -1.0303977922724628 -4.8083481724781443 -1.4221811508046067 -1.2801420996891042 -0.18025183398207467 -1.9012345696340989 -0.5659518529673222 -2.2686943484602566 -4.2819066451444669 -1.8027452200342173 -3.8882740910627573 -1.0439273919355772 -2.3034653045446216 -3.8727390453107633 -0.26148332719269052 -1.9027200992148443 -2.5203205747911253 -0.29715477652868649 -0.38892059323159311 -1.2346499870370842 -0.8910779455748703 -0.77388178612495162 0.84224801961913776 -2.5771585461980586 -1.3958021008122776 -1.7150441279890685 -2.3603377851774376 -0.11408001309761664 0.2247460463484382 -1.3613236686552079 -1.1526589446366704 -2.7427777276507221 -1.5472458734793613 -0.94347135874189469 1.0873648660390618 -2.1672140989734268 -0.78265218152195926 -2.2385187375668703 -1.2637597191738394 -3.2115434806598202 -2.645302075089969 -1.0051200304098129 -0.97021349738480478 -0.98686792049389904 1.2027253884914373 -1.9605701307535672 -3.0803384393921558 0.77666093129940006 -1.8309649446771668 -0.019092186811653582 -3.1784441208852861 -2.033335760543165 -3.0959314873194193 1.3675352504733598 -3.4607057270434711 -2.3265678603825055 -0.14699688835471222 -2.5887601024005487 -1.9480591213168412 -0.5587590723167366 -0.7913322241924422 -1.4541253427907499 -1.3123491911204861 -0.67287377100612422 -1.7274274977722801 -1.3477628480095163 -1.1457972399119658 -2.7034556900666167 1.2475264629192664 0.85069099180388719 -0.57024754544095191 -1.5640418971213674 -0.28268158670897048 -3.6379266839333524 -1.2490160484469606 -1.2385289606989542 -0.89822222155062614 -4.258021815719796 0.24239139299942553 -0.77191397304443177 -1.1375201510660296 -2.6851903990490946 -2.3715364841972106 0.05656696649066275 -1.9400164761417709 -2.4370804064878318 -1.5872803670641231 -0.67331354598138293 -1.1490689949688138 -0.25888973306734764 -1.6429848752353586 0.030091715241463632 0.29311836769709848 -0.078403370302352865 -4.7944518361980339 -2.3877075479758094 0.11104238124874695 0.95316379054257616 -1.9727231585510696 0.88088467800115977 -2.0608405955014879 -1.5023446999404892 -0.11907370123092384 -0.52527808070308735 1.606119008801937 -0.10641545819866852 -0.51188337619568902 -0.29509590140201591 -1.0372263944567712 -2.6968476125013816 -1.1394638019865733 -0.94565365940962498 -3.7684213768403998 -1.6286244440918431 -0.21956967578954226 1.9063454546835059 0.43961164335984904 -2.2351720381608042 2.862264189422878 0.068554981984109656 -1.3947779332708252 -0.28221288468267408 1.9128826117755975 2.1977903111332688 -0.26552055691670307 1.2301857410941621 0.7859674752247805 0.70790102818093459 -1.0387066678866408 -0.75471600962990459 1.4363742400918178 2.7778365333615174 -0.6790190368168908 0.69376408507032339 1.3643527747939939 -0.21070491576883799 -0.19516388611578578 1.8602287024888156 1.3607781745801819 -0.45528263525147677 -0.62503623481678372 0.7951752173062222 1.5919392427093193 -1.3949269069154924 1.3181639695396845 1.8873720736399062 2.4401441464549269 -0.90404168058596901 -0.04380505122074406 2.5309285429254338 -0.56504459845971289 -0.69388306007801326 0.16384521897175916 -1.2935763810370311 0.88066168220322738 -0.89522766606742887 -0.082283632392442296 -1.167848885099718 -1.7097170082008986 1.0160807435160089 2.876317183709892 -0.21330856299140646 2.2728166734052841 -0.43168140347360501 2.054288475652418 2.7506643109492277 0.64965329899886037 0.79488828541050871 2.0134612817717379 2.1592678275793875 0.98787009515308 -0.43519034684763308 0.29678092866494904 -0.12462933373285595 1.5396962191805121 2.7880509880692124 0.72551490380688666 -1.0215789569477425 0.24336649758369017 -1.6604461113070612 1.3211220858376589 2.116471152034463 -1.0129777379626803 -0.57627567871222274 0.81558752948772462 -1.1396072695747648 2.8974316431544982 0.50059416635162524 3.0484860478173075 2.5947225327615406 1.4343497249891595 -1.1087043730221546 1.4383025584773972 -0.14714459534866597 2.7022098040696099 1.178812350086905 1.9960928040846895 -0.32044402856516208 1.471952100434603 2.2324496042890467 -1.3205154019559133 0.84991965131811376 1.3522824222302954 0.22259379820922337 0.080731607397346958 -0.65657587440369358 4.7345182002380577 1.300286291547436 -0.97623139550194193 3.6835642053363493 -0.11229691862302402 0.83810461772607792 3.7443647886622764 3.2536069206317784 1.7638305106805712 3.0319898828362919 1.4971538922748553 -0.99998344737362088 1.6819363140539989 1.5148626307819182 2.7013534381907154 2.7908790818592566 1.5890656929169449 0.46399955633674156 -0.11881978739536256 5.4225117248850667 1.6482695125381839 1.5309442288654715 0.45536233115649177 1.7508822290278636 0.34757691668135948 2.0474872581086827 2.281869728974435 1.5831937929498401 1.0789194136888787 1.8627289476581699 1.2349927760237014 -0.63854530812017152 3.51810934040765 1.0207923378199006 -0.6471102692170092 0.82777088888634021 1.426997404392935 2.9197168330279326 1.7797750747547947 1.9415357827219342 2.5607870092397969 1.0631566319303654 -1.2138925369835507 0.22634468507875707
 -6.6863967021932016 -3.2872386556880406 -0.43792047227345859 3.1959294126884794 -4.2218248013404533 -1.0749300262808716 3.5785277019792723 0.29108599795669898 -6.7729594173773409 -4.7626547705202658 -1.1026863984368867 -4.236665205455056 -2.5528015289752291 -0.72745434427423272 -0.82730259966340525 -2.1896890953426236 -7.3651609360707901 -6.2355620542857153 -2.0215323822409479 0.57062926880325915 -1.0138015047966564 -3.7465018859006469 1.8232170110640513 -1.0394584316122777 -2.5128416836462231 -1.9360448762617062 -2.4789914753980997 -1.3723445052987355 -0.65382575891468864 -1.4420292354636564 -0.98378166044404236 -1.3951912013015995 -3.7473810322815284 -1.8991412895485513 0.48129696972585989 -4.7845395004221443 -3.0024080199477385 -3.8073204617890535 -4.4105175679717563 -2.2769521354986639 -2.0674545896049863 -2.9485044957278501 -2.1846552680476399 -1.9521143202888886 -3.8940576447692115 -2.9203784761568206 0.61329643518833665 -0.39737426283768756 -3.314511092558603 -3.0844183691664311 -2.8387813984024395 -0.76432302730655932 -2.9670808695489908 -3.2768234294254963 -2.2469896250630343 1.351202278220768 -1.7965473791383451 -0.44324551939037804 1.4568744033836716 0.031144286872264344 -2.9673996112645571 1.9976713698921638 1.4562103034865368 -2.4184801173750756 0.37443370790738378 -1.6477224603273195 0.40157985280351466 -0.71373761415633874 0.27042734383498707 1.2168025071117146 0.11409197213814898 1.2975106343904557 -1.2533595044244024 -0.22936470066861078 0.68531317964839666 0.22214440019224233 -3.1233285178631065 -0.84925805713141578 -0.86877218632122111 -0.99916649745359987 -1.6859189418245264 1.2960299121530519 -1.0387356717897798 -3.2112417460437945 -1.6093873158597523 -0.19561874834790449 -1.4759988455399087 -0.3643744809779732 -0.9630606522247348 -1.6144484853394576 0.81949414416493394 -0.29652013999334081 0.83676342624578848 -1.2936105872595358 -1.9115671471551163 0.60928656913340939 -2.0813536513133677 0.34678245586160844 -0.44310721041701662 -0.62939931514525294 -1.7737757710515774 -0.7529405670268664 -0.45072563689611161 -1.0945251478215718 -0.93368764068034904 -1.744302279833271 -1.7794609804597576 -1.9442731306425316 -0.14293934802892133 0.71557328561311273 0.93052582541401363 0.2898473338067819 -0.11438108881694635 -0.033860263425965459 -0.16003408727679339 -1.6307008955822755 -2.6863080657241896 1.7457605051840279 -2.1037288911729188 -0.99301953151421785 -2.1932836791030628 0.51664934989453304 -3.627817575945282 0.47378639441850673 -1.0616354873312823 -0.85806458296106214 -0.70950003070478418 -1.686512024492091 -1.3623834034995432 -2.5730897709211771 -3.0688060065290421 1.9093321828964074 -2.4316047849326194 0.17335302418909637 1.9755639187238709 2.8290160653797907 -1.7171901431561236 -3.2191652409700535 -2.1208876345106336 -2.3704519248664102 -2.4819831526025644 -2.6264676962031266 -0.57830412567754996 4.1292203080978327 -5.9941623527498846 -4.3528688776352968 -3.1071603235828178 -2.0323044119759364 -2.8005657649089932 -1.3106911079689141 1.1312642993228896 3.4861449429043705 -3.5226344866034682 -4.4140780301866318 -4.1587767859188425 -0.52062865510209533 -2.558228201633074 0.0053250522841406592 -4.582159590472096 -8.8428308242167368 -4.2105681881599208 -3.6528370151168477 -5.0241382845239242 -3.7312545726127455 -5.2841483383440728 -5.7977649907939277 -7.4410632442630407 -5.5466951500803638 -3.6368018694627953 -5.4831689100262668 -6.6912539440118115 -6.3480630937593148 -5.0457075047016833 -4.3244528748250577 -8.1291208054732991 -6.6824815747199722 -5.7102911055843188 -5.6491567347276375 -1.8778666903587515 -4.6434692992298876 -5.0355125108749323 -5.9123172056388444 -4.6909808459622466 -7.3475080256129557 -8.8879355036065775 -5.9957003488919911 -5.1572595323024242 -8.5671753879577679 -5.6101327385635242 -5.7169557481922055 -4.4805762227619814 -6.4472063888974906 -4.170620630823147 -4.4150935017951864 -3.3119749817537794 -4.7206237161821551 -5.0441008744022167 -4.6607220627671992 -6.2738542160123005 -4.8071042021974684 -4.3951232293125857 -5.4889961882525764 -5.414078183452931 -4.8197264511330848 -6.0510987090125194 -4.6736915446196665 -0.41637033455512906 -2.4064208904725941 -3.9691412299470814 -4.9792269455536546 -3.0583739958056442 -5.486150544728793 -6.839211109688204 -2.3146173552937155 -1.0968910778866028 -3.1644462873226615 -4.1265549980516996 -4.214220406599404 -3.2715814838684798 -3.5678121392983551 -2.4625356460914358 -5.1502347948369351 -2.6228115837178203 -0.87478421762315572 -6.1883139116987156 -5.1986577651244241 -2.7983739136574943 -5.9514578793825468 -3.9226041720629303 -4.8018172488734541 -4.1670664675173592 -1.5350837953516374 -4.9553758204151475 -3.3360237286899705 -4.1288228161385234 0.43561955940673347 -3.1625324884357697 1.1278898573344422 -1.1851142647719251 0.91244244335879932 -4.604466384727357 -3.3082847423756259 -4.2453496510749753 -1.3429914784163586 -0.52967827904140519 0.45461833422883779 0.24293881256958449 -0.3818269914543394 -2.1902502942899864 -4.7488849108910376 1.1049824490903877 -1.5745833868356602 -2.77953481399918 -1.2071844446244238 -1.2106584802154248 4.0361142509800016 -1.6215378445027258 -2.0461580644386927 0.89464181591892267 -0.75913399780550472 -0.93967276452363568 -2.6145774029311002 1.2483689960742286 -0.30969214374921739 -1.4657664682088991 1.4928965497623183 -2.7374582027981562 0.1887916729042968 -1.2840265129964907 -1.6296340350369942 -1.6940144862340105 -3.199940914278272 -2.3142834307112268 -0.07262088916782794 -3.5257482236202491 -0.13611174130615286 1.377669597998501 1.6018754039969949 -0.53406989525492032 -1.9452487586783078 -1.5262362772133558 -2.761049311086389 0.27776679761559753 -2.6249403102115845 0.23594775005725921 0.29933750835568818 -0.95649690648112407 -1.1321018280811306 0.68272221432775237 0.44254137642333113 -0.57304431103369824 -0.21176100807761114 -2.6426805659173502 0.051293708369453711 -1.3206044968756518 1.6464906403648853 0.51296397953380257 -0.52149932949346467 0.18857410187212004 -1.3168670376466391 -0.13889696264550105 -2.3303632220081356 1.167145203829838 -0.57830800899722601 0.79238736317779834 -0.96855231276942833 -0.44691413033659966 -2.0474784769164258 1.2015328515112684 -0.62259540532169633 -1.7389014702282075 -0.13821621906568363 -0.42145852688352287 -2.1408881369929249 -0.025047527486273417 -1.2298667650235122 1.5618817842945749 -0.83072463830606003 3.1978698863245318 0.88488814007956662




