# Created by Octave 5.2.0, Fri Apr 02 16:04:49 2021 CEST <br1@br1>
# name: ptcls
# type: scalar struct
# ndims: 2
 1 1
# length: 2
# name: x
# type: matrix
# rows: 2
# columns: 320
 130.57407184154681 102.01917362140674 99.595541292855842 91.008211363129149 104.01509165973575 111.49262224457438 83.692300744063189 95.608350461062372 109.94091679390353 113.41956614282425 103.63540098133267 100.59139134466282 111.83958303728485 111.73448143192644 110.87459873862201 110.23118246779258 109.1438986815083 111.05641146250561 105.0513019523691 104.77237301445402 105.06313812624768 138.50337693032679 111.97888276974227 139.10641264238265 139.45886921040119 125.1564090646215 139.33371036006528 135.84939049423059 140.95775865844186 142.39229697645163 138.03146484165032 142.13625085666862 136.31112973731709 120.72303095615869 140.4439304011926 138.0928994183943 139.13868161031644 139.84621301777491 141.79448413409079 143.77340012512357 139.46728654181257 141.49704988366702 135.89947000965108 140.33607834154995 137.38237105594789 143.31383901441745 152.83775616032631 151.0530924713064 139.98376576058425 138.45817627830235 137.84183122596454 139.17063932064897 142.20510829893325 140.39450001870151 151.65345824205585 153.94118641816755 141.03745579873126 141.7820117410019 153.12398134732416 150.64046043184146 150.41844926139461 152.19988131120164 151.6399029698901 151.85902391148105 90.255925929951786 92.418917705829898 91.392306051713021 81.150475512173358 90.463674957197455 90.42831715942927 88.2752408140108 53.425922414246088 95.332880148851956 94.582338746304785 92.528378702529153 91.484649563729675 92.964990487014106 91.949352779935779 91.810948438602367 89.321520366508182 98.290546648388073 96.435097031403913 95.584864591869064 93.778799916336268 94.003000443177498 93.039908526259921 93.540642072661953 92.300296606318824 96.53881026545298 97.653456709464507 96.560087553543767 94.856135760624284 95.020638637538937 94.147241271465916 94.078136479464078 92.98035434561433 102.22750313468676 102.03157095230232 97.421398882950825 95.876411954628054 95.165333799124099 95.179648867344952 96.338070126883878 95.202192210275186 100.92677799201043 103.73943707938942 100.42511267803742 95.983851473981773 97.164590797330987 96.314974692666766 97.568788845679009 98.448217962038697 100.87560637263235 101.62622763467201 106.64228910883753 98.431838797922509 97.007672793469979 99.42606045064484 108.48526907858383 97.360904081592437 104.03995721170476 104.48727679358387 102.46824410817732 99.337644011601228 97.652432968506233 98.446610531009313 99.98977291577539 100.31341029657554 108.73531712170549 103.03640335538374 101.61171608356693 104.94712140953195 98.532009426737417 98.005690576876546 100.65959438425386 84.187412176276524 97.770974856791426 99.002724905641216 101.36174693607228 107.2372280447902 101.96414933033925 99.587587520698136 99.201112331286424 83.217102260073403 118.32421644632518 109.17041005787134 91.937077309022271 102.86581342267286 107.48695292211379 102.5776760403138 99.634217606438511 85.304029164983945 110.5493528989896 110.02329698254236 112.34847767904181 98.715048698488516 106.33721807734516 104.00873989848027 109.6768989297501 107.95014796110722 108.92385716471584 111.31825090185001 111.76258917050086 111.97441375607124 111.67703937438019 103.09788780168823 110.52936011764284 111.75003051464631 109.34934365168125 110.64131786633722 110.92633875383677 110.38806395062157 112.52675336859548 112.09225100808089 107.75802860482101 111.2828847228398 118.54276866321086 109.85211799680133 108.54852894270614 110.71445055570952 109.29296545489612 109.62845188126367 112.75389407992425 110.2113860219812 119.54902995446061 143.54251225791472 138.37279101050595 109.03353351774581 133.7532250465585 108.94333647330419 110.44359955608235 111.30578249686822 138.42106843051488 136.34109970592192 135.80729069989152 134.90212770516368 135.36652672687882 133.58585154949748 131.86603665385331 121.32695304750339 136.25285941860204 137.23547143234603 135.55684377983673 134.86842704089372 134.23395182436036 134.31211574251338 136.8076071661788 139.0802389207297 135.68379606136881 137.34612359587254 135.46466799778133 134.61804815401297 129.98359519369697 131.10524396748204 137.46667954977858 140.44639686653142 134.56827493786372 135.66429694894305 133.56240727071261 130.8607475517158 128.28022517412836 127.29608613287026 138.55314246561818 136.88699338346959 135.54051839416749 132.66335015243286 134.36424157305072 129.09304807410172 128.73874249504902 137.93819745283656 139.80782122195612 140.51238069089501 153.3137185309163 132.52157286406327 133.35069620579534 139.13099609575372 140.75771385066926 148.90620319261117 141.53650351464822 152.70163424731828 139.18684486207877 127.98512561763359 131.38190303916954 148.93070267607555 150.05172364876924 145.62272673757971 151.21149466496067 151.9856801194417 138.60266528644541 129.3511285917119 150.1220065510571 148.82958610185372 151.1584013459248 149.80871631460954 143.11638718734858 123.71580696234943 153.50439976031942 152.70758770724871 139.58276762119459 155.39014263260549 151.6036827690159 149.70303104025945 152.96921144654044 154.24556083801815 153.20638288670057 149.77459061391943 150.9398938910501 151.73742056676215 152.73995760018585 150.88338412050817 150.41851686827096 152.88206360450857 152.5646605478492 153.73810395807499 151.88074161426624 152.7053876500176 152.92166863932647 152.31235347265181 153.82618451225937 150.89461063198559 149.77490748954116 156.44055319926375 154.33650954545743 153.8282659772905 154.01984202571913 153.48708726463462 153.49205490636385 154.64777504520779 155.69107115351324 154.70292327795073 155.23010691882882 154.51350795505235 155.52290142621607 154.23300316018253 155.77772783873476 155.39935495499003 156.78851627288327 154.83265954477059 156.41124256079578 155.5971716620808 156.23090243651981 154.97697528888636 156.8992817431506 155.05593377674077 158.38217536128789 156.10280046451254 157.24913819851005 156.42105365928913 160.11011674796805 157.36971915504472 158.52792035533449 153.81271397425354 157.71894091797884 157.31159570372853 158.30126370346358 157.71838953934409 159.16610511278799 159.56079721711154 158.74562167926223 158.44054075399637
 25.648474935109558 76.518157863200926 82.821342117914625 134.36414039007346 71.678522931789118 87.135375748693463 140.24643898195208 102.09186232367649 23.466523431191657 43.060521423514608 72.776787104817132 82.392782114656953 91.353638006371469 89.257409439959844 88.049736464437842 86.818532169934088 21.608588217240111 23.493302998135427 73.29510149290671 68.251446087175211 69.679054632426684 73.659459447010633 88.201660202268584 74.577913487718774 69.053342774295885 71.726298895829231 66.098542945250443 80.723271237792929 70.156834616003238 70.294536119359961 74.789654677779396 72.612513010847266 64.089535625632323 54.665122611934883 71.150349991659496 71.849771070851446 71.692739057113883 73.744041723268765 69.254378451890261 70.669382056741426 70.183758621610068 68.295252020168931 65.764972662124663 72.692720356858857 72.873495866082521 69.571831421921928 92.102520571093237 92.021718444596004 66.969607379876365 66.895590971676071 65.80540732100259 72.799754818820702 67.378922522516802 67.955711507793495 93.163964556373131 92.457966289525572 67.001565233218969 71.281455237727812 87.85894411618753 93.513783119782858 94.624502429301131 90.155335373758547 94.29178203488587 91.258457227375175 81.04637667958859 81.961320011340874 81.420821215897888 81.969191311350741 83.320253369792738 82.191408775726998 82.911059616913491 109.32201188628905 81.955751028108125 82.792077774280401 83.339256695184545 82.712845346538373 84.457830976500034 84.159746508341442 85.372695457739425 83.093256392266596 80.977906488163242 82.384501244050995 83.083061318033913 83.453036343826597 84.550958735514897 85.539749669460363 86.660883296936575 86.529480865239051 80.707865807849203 82.706255709549737 83.523280079026151 83.856430165719445 84.999593857044616 85.743781186117928 87.753260640616077 87.567114562956888 80.380956470211089 82.375355350299188 81.597528210338254 84.385678148581107 86.245551933986448 87.358300938859287 87.856148956351774 88.460816627311942 71.547382607827373 67.908051240290973 81.031637455129726 85.463329873322465 86.136296196996781 86.75827542045306 88.305561314840403 87.553043330244591 70.356541481929867 81.291177402510215 74.008447676670215 82.016441973162046 84.864855021929884 87.064806316124461 87.463983529081773 87.275798280320402 69.105846909038107 66.952383512968908 73.194070421592343 80.689471593417025 84.071640167043668 86.471565445570107 85.877205551604973 84.71633352952982 65.943317495130771 69.836534377924934 72.473878547240744 72.214669050293026 83.30753062884888 85.294654677352383 83.516878717688414 139.32563885037808 55.538150447009777 55.191363494013473 67.708327005033127 72.282730853307157 70.874045114211896 81.752739263453151 84.920837732116382 119.71948901950022 36.20772695999684 29.063367377241406 60.283036453429716 68.690273620871153 74.819160662575243 71.88284833869227 83.829120952519233 139.26731779731901 30.841816529936477 29.738343462481122 30.218884135911946 56.344196552335788 75.074297947159437 70.195570093935387 42.984307232664754 22.07574660982969 30.102410807458554 29.87126642166524 28.378946047513281 27.341282945941035 26.172583880242986 70.964281985555118 20.703415528975615 22.537747454817818 31.158964289739892 28.874083718934013 27.692925070876267 26.655102362552583 25.229509800174597 23.805654078550337 23.246287389619919 21.423691425930379 1.9051160604953463 28.119794780486789 26.200919670344462 25.652507301749161 27.132985024660787 25.617592839818812 26.540273419062057 24.664506307967223 1.2074316223478232 15.474106314021263 37.491709935564053 24.204184336036946 31.479401257715001 22.81882925918962 22.562762076660498 24.609220282458519 36.281090368885657 36.26731974470858 32.458487968637549 31.818894449510157 35.788875535573915 32.62895579537723 20.001999048133531 55.824395928417026 35.158390071094701 35.72377136978178 34.07928181380079 33.023928625302354 36.032122456734214 34.044482609336292 66.448683189822447 67.999049476670706 39.21982842204168 36.878312700686344 36.930040412559556 35.03038382016782 38.153504885541174 37.543273393000277 67.433222894772285 66.015436259419758 38.509607877916395 38.094267066745893 37.898408217986379 39.19762100278534 39.154312085596914 39.642678138678122 69.683623568486311 65.127518681803522 41.477300509739266 38.590262263175561 37.199726620643276 40.185156010144546 38.013694329894179 64.573912136757727 63.962961537617716 64.906205489106981 33.122948439498245 37.496770197361329 36.674130834509867 65.135684053073632 69.065033127470883 84.804067206583341 73.615633135515878 89.019828292462762 50.479812977174902 40.518285510741457 40.212145527287092 82.840113568589004 84.367700901099298 79.354469715520025 87.210209405113744 88.09845005511005 49.510802712548163 39.010563854602211 83.197394268485567 81.58852501507819 84.325544523448144 85.469630291496088 71.645444624987519 141.09433335367453 64.051774837035353 64.86837835106509 88.129733861114758 82.382570767125131 86.247897448932221 87.284943817722976 91.06699796147177 91.263534110173055 81.606399726427497 74.878098579342421 82.499570779705493 83.312361070033646 85.934997832443912 85.538776347044589 86.423110929599957 93.176468839111436 82.521191847594736 82.89027731212785 85.251748184830092 83.736035014535616 84.895666471825677 87.086710604775007 88.718503889374716 88.457614314775242 82.131641367725607 82.550588132833596 82.02698610408406 84.095676449340871 85.496924246659844 86.652257807443249 90.178461841297263 90.195302495659192 83.492062293440171 83.281407425574884 85.371444302064646 86.547361192394021 88.10410121618763 87.637755529778076 90.06638358278731 91.177322712874115 83.547575851654784 84.407330795320348 85.664062098938388 86.346895873468384 88.963746129836125 89.045006296282224 90.117837046061283 92.277441325386974 84.366894807702181 84.562951452992053 86.45346317798645 87.237925130036814 87.182072579771059 88.930564633198173 89.094663257519315 95.681846527932009 82.838666792893349 85.089059799697679 85.654491669312264 87.405584977836497 86.506435382286156 88.56496670089355 87.694845219887554 90.396285047648249


# name: v
# type: matrix
# rows: 2
# columns: 320
 1.3579693284185725 -1.5491047806532685 -1.4190199927984488 -2.3617106020879088 0.65473534401616407 0.62497183494524233 -2.8443501295124256 -2.1848560259870178 -3.1428247814632075 -0.62397535907694635 0.61727031374544516 -3.0732392872928251 -0.76277982529649813 0.39162107225710613 -2.1757227197387077 -3.1763926846436563 -1.7813380574852613 -0.33610584905216828 -2.0052310265343318 -5.0054427882034034 2.4733789469332805 1.2797114535861935 -0.55620896402878539 0.49042863012230015 2.7174333102073684 0.18963793975630527 1.2953337741609177 1.1313036246855084 0.60946538574382703 3.3033896669230476 2.3635736123529281 0.1360392659254564 2.6532076185775768 0.23964303693611938 2.1059682325386824 0.3888038883915198 0.40765091769340478 1.425392082904388 -0.60021281381291192 0.019050976512067178 -0.6243507679286926 2.528091507471415 -0.59668318654928376 2.3570721676806596 2.1518875676017273 -0.10694040765212909 -0.45599179324170114 3.0580676307755073 1.0887673154673234 2.8454536565703457 -1.1086407721937535 1.4016076244962306 4.8815321710388995 3.236689059114418 0.08136393445515458 -0.58475904574479354 0.41043818107157015 -0.17344842252643305 2.1060543822604263 0.32219715839470364 0.7758844919394563 1.8578754785551408 1.6376482130276147 1.6944004541532227 -3.3836061426526376 -0.46159526410172874 -0.77949780321857487 -2.5555409142093808 -0.54025306432295217 -3.234390920757058 -0.66798350734151646 -4.8083481724781443 -1.5825871767258801 -1.6515318366278713 -1.8560026126424791 -2.8527389258452978 -0.45082042802740807 -1.9673025900628862 -1.9674052078923927 -1.3143049024788815 -0.24687279673848864 -1.1175772158995663 -1.4732636519918876 -1.0592655120987249 -2.7366528056149426 -0.91160138627809084 -1.1600786904329408 -1.2885647259133952 0.71469603581449381 -4.6430528436613843 -0.69869646496761006 0.66309998997939112 -2.8407178534696982 -1.3069318340466798 -1.3419452358423261 -1.3578333285619084 0.43483129162782957 -3.8057934938972187 -1.1421095039403419 0.69210143886917208 -1.4635691818788428 -1.87113863933081 -0.81220934192614502 -1.5995193415906648 0.15423026432493547 -1.5608009922164054 -0.33042612287784584 -2.8117931445662134 -2.6050560937463283 -0.55034573547272991 -1.6558718732166879 -0.72207321371627586 -2.3397553865158542 -0.39615359134917838 -3.1448336367271761 0.31572170427164953 -2.9550149020686027 -1.3325089507412362 1.6988530554983099 -1.0306584211624596 -1.2319715418978396 -0.37568263050244194 -1.1320091900966371 0.72525765295483757 -2.2887197887823096 -3.1710323590829446 -0.044279887031683507 -0.24329981051166394 0.63942593884555221 -0.70981398277404073 -3.3049323620941551 0.0095590722464635996 -2.681389066639845 -2.3401247641752545 0.77072681253255615 -2.270256553624419 -1.2330643912041126 -0.38682022551853157 -2.5669250411032616 -0.39389752733589273 -0.41814911217933759 -1.1082565845678527 -0.058499620091301975 -3.1420302346738094 2.0503194377782759 2.8558682715750727 -3.3052369035009281 -2.6657585290611987 -0.98178102316274352 -4.2716729832010039 -1.6764063527338462 -3.5893142111923759 -0.50668538816362652 -0.99006951424053669 -0.67753767812463361 -2.8590273638088735 -3.3878992522179221 -1.985313101341913 -0.91553894821569615 -3.2188494377714592 0.29531626949524131 -1.0960160017250746 -0.93046179328547396 0.33061312379003616 -0.19304695815579398 -1.3584062280466123 -3.1937701651352146 -1.6643804551950694 -0.18331298377036787 0.77441757957428203 -1.8832534891183021 -1.5293089590365241 0.1276569453303926 -2.2578021161368991 -0.69314126097702378 -4.0363906513419714 -1.6946451783838326 -0.4734491662755787 -1.9888287113472582 1.554303765486045 -1.2430912904527449 -1.5027340612907563 0.20798466140248745 0.42141185642465123 0.96319212639859764 1.9063454546835059 -1.1903572867326675 -2.8998775073720546 1.8658735245414497 -2.3450752270272415 -3.2943669872592998 -1.2466172872106389 0.67750809923862632 0.16402213597513735 3.0501444237973914 1.0255350155579268 -0.82875002585772961 -0.59885130934078135 0.9259881844467065 -1.1736428475109659 1.955692509102996 0.9295772215817214 -1.4741893979738159 1.6459941529580999 -0.91654025893453628 0.33039060398433767 -0.901744993512825 0.78505469997488064 -0.32073502095533363 0.80995540844568692 3.6281678544177192 0.64443915494066428 -1.0309548338806969 -0.096571682379055071 0.55248691060129718 0.85824651533995322 -1.0860505094496085 2.9638231095808649 3.0064295845075559 0.86923786222209609 0.85037472225749411 -1.2911549805071389 1.0625038580252235 -1.3993917232712882 -0.92587760585834722 -1.1906136300135526 -3.6650068801620268 2.0923095781003203 0.75001011416986718 1.1057381748366168 1.4168477446960415 -0.97793929729377693 2.2728166734052841 -0.41680685756856217 2.8134804725239926 1.3024959202610336 1.4698948882083713 -0.037142345048185484 3.6146867399540299 0.42104700050633159 -0.40761694654148817 0.059899785050219263 -0.043034167831961859 1.3432701022340576 1.6553851740842795 0.79445250808365253 -1.2028970265981995 1.4627216754205254 1.4050452785339944 -0.64829016331101619 -0.30305501438217641 -0.37998389669713406 2.5145527785065571 0.81230517475884401 0.48130940567797725 -1.1396072695747648 2.984678087484518 0.41334772202160336 -2.100086601167332 0.38947796704800891 1.0547622518343986 4.3207261519050242 0.83220172594081299 -0.55752708271079354 0.63070703058679156 0.88167391345715806 0.48786730639214776 1.3851376969941214 1.8018898023423566 1.2065130115756835 3.2868372338809149 3.0273226559301682 3.8470265875728158 2.518166542335956 1.1322910640275918 2.8480200366505501 2.6625939699095977 1.7411657760296517 1.0125869941756136 3.0390621940201807 -0.61132607503707848 3.5073504098073651 1.6078139152209046 0.0116129325846622 1.131611612926575 3.5004405443629887 2.7977755595275697 0.52903099341047422 1.5046990551257451 2.4009145096184406 1.944175841008648 1.209776649518217 0.34679234408960791 1.5516639269145134 1.6825851207971758 2.4836857450800016 3.3110380008806128 0.46016084857025275 0.045415343529909252 0.026815599383646978 1.8928768899643036 0.79472442895632112 2.9561069192015368 1.9420569248120392 2.22431720987848 2.58219465339495 1.7152261536083491 1.8363627217064522 1.0381640577612912 3.4475238588142045 1.4032058584779716 1.0795806053282941 0.40321456060449296 3.5446275195675754 3.3964358630345299 -0.47064116698329295 1.8189050540525751 1.7673108370784292 2.9555804423167249 3.1344940755669577
 -6.3445512990119379 -1.117490105380994 -1.1544708272463642 3.1959294126884794 0.16219665030519376 -1.5506069866218912 3.6513708946807779 0.29108599795669898 -5.3400932795350364 -4.5400459979297505 -4.4497363817910358 -0.72971011554797216 -0.48133271537812566 -0.42651403317013487 -1.7933699037784072 -0.16705552537830912 -4.3592568997179804 -5.0301655491289905 -1.1534068932729391 -1.7006332574057175 -0.91039075108066525 -3.0097142452502479 -1.1025503038868854 -3.7844110501109118 -2.9965156359509582 -1.9360448762617062 -1.499238274987948 -1.3688265063269536 -1.0096116843669687 -3.5392921735310146 -3.2223760086418793 -2.1314763615846499 -1.8460825940386238 -3.8857939434832858 -2.0320024627469855 -4.3762272904194317 -2.772035396656686 -2.0135179296900776 -1.5373260411678948 -3.75485916598047 -2.9968602535101847 -2.4545090262524951 -0.36751755613233855 -1.6356773623779706 -2.9398692464121581 -3.5149385757972089 -1.7526847481617103 -0.13096150476360252 0.2753819714258437 -3.9324237488314262 -2.7033945769297816 -2.9350938149897541 -3.4724581499205507 -1.1678488782324188 -2.0501300578942012 -0.44712669796571769 -1.6750464592398029 -1.1263791981515257 -1.7209895283948222 0.17625765188978121 -0.47007055742800757 -1.0192225136313089 1.4225159646781307 -0.76065749557521578 -1.4870097354331784 -0.28980177057270073 -1.1054667179669129 -0.70265671128496998 -1.2899678476082392 1.892974884869246 -1.9715394607064196 1.2975106343904557 -1.1387513292546423 -3.3893850612986749 -1.8134080235378474 -0.86784065690675982 -1.2012825236579139 -0.10292010029167895 -0.76012592403316381 0.67147119233766761 -1.7172519451029746 -0.49403687244131378 0.069262365422650379 -2.0090976676799142 -0.36216572414103199 0.87001333664636171 2.8821710952901061 -2.2424807845134174 -1.7547180538184743 -0.71908559330257593 0.058648757668734106 0.33841783259695363 -1.5249902518854974 -1.1415300267240358 -1.2167871573061866 0.76616619429265687 1.7264931158268917 -0.81373222726971239 -0.073170805990632276 -1.4709342640279561 0.46855300632666613 -1.8377829533197536 -3.0825530981435518 0.67396299201008347 -0.16519269093140351 -2.5680925946659756 -1.8605809922296579 -0.65689623659697771 -1.647401328127954 1.7300461326458343 0.40068780723843522 -3.4203097360268941 -0.9696604993301059 0.38864797875857227 -0.47345872054171856 1.9950452950681328 0.20505556841565351 0.43288025656019519 -0.11010018666396078 -3.0461248232380633 -0.95786065567710243 1.3857520235204586 -1.6810147722486954 -1.6048077222681931 -3.8936101911560348 -3.6514518028436105 -3.539922631760358 -0.90807112827940173 -1.4985947257817349 -2.5842361130324716 -2.7212159235850555 -1.8633583524658044 -0.17366702468691989 0.3209696674869047 -1.8140248665607774 4.8664798335146155 -4.00276279234137 -1.5656942738786674 -0.25463353447962889 -1.9523497314627216 -1.2635287981537906 0.90567494677242211 -2.0395662656150457 1.5120815234880927 -3.5162276711970275 -5.9543464719556942 -1.9440862629784657 -3.9374593136591862 -0.16728400757174969 -0.54225372455126608 -0.22743748624165883 3.9929767666778093 -4.3179511034723008 -5.4371914647702573 -7.1322131286111397 -2.842110466230412 -2.9966376074572789 -1.7897951045157927 -4.8047683630626112 -6.8556669230614888 -5.5641729148356696 -5.8912697640040248 -8.9774760617760574 -4.9741419660065596 -7.3475292653551874 -1.5841735399263146 -4.5157015727621879 -3.9247199533381263 -5.481344700852552 -6.399289568978082 -4.5704468509284117 -6.1946765892921594 -6.6597589860223145 -6.3520379737716892 -4.9235588294381403 -7.2478676330597951 -7.158837953849674 -5.0663116391272744 -4.9330977448409712 -5.1961089349041485 -6.6346858146309238 -5.7387916980816893 -3.3730116437316431 -7.9840299813031894 -7.4393886553411814 -5.9957003488919911 -3.9579919475472254 -3.1759363402779166 -4.350421775703829 -6.3941484894929985 -4.5589694774330631 -3.5791627128270673 -3.1855980786292752 -5.5217849612307806 -5.9462353299014632 -2.6297831255178181 -2.6310641221639401 -3.831955797187085 -6.5093544091306157 -2.820451548262715 -3.1120587281278898 -4.3152539168966024 -4.5522571906383016 -5.8264757455704101 -4.701029298354185 -3.979074334161516 -1.0255474323757718 -0.39288449282312832 -4.9416409858491575 -1.9437519369016247 -4.7618288174522645 -5.6598773613316062 -4.0231416031864891 -6.017910721307846 -5.1522361293741863 -1.3993657547637994 -5.1205684145328396 -1.5352271851890431 -4.5490467394970153 -6.7681831651957998 -6.5229058960226167 -7.4164117609557261 0.60217478556246384 -1.9883913275592691 -2.5412697655759811 -4.4896919989945854 -4.2519985603303301 -5.0205716985664113 -6.9621628383647742 -4.1855277982414751 -4.3157176867059057 -1.2846654884021722 -4.9553758204151475 -4.4540174729331126 -4.8910640429105907 -3.6071621814406827 -2.6891938649022449 -1.4915426503648022 -0.21163009667160937 -0.47488118261322049 -4.4798628814601962 -3.8128198466664327 -3.4209638308642751 -2.0183072788320682 -2.7837933437914519 -0.81940030315974965 -2.3862066206611443 -0.39626229927267798 -2.3008323287011527 -3.3321587667114483 0.12255352967893346 0.53013489898818045 3.1809148448602174 -0.93057972910105669 -1.8368829040938111 4.0361142509800016 -2.1973870483540283 -1.4703088605873986 0.86357808203941411 -3.7664730994013098 -0.87108506661736995 -0.53845337066951116 -1.4226675618998526 -0.92014742058715426 -0.85530069588577462 -1.072369632113483 -0.92797959230737759 0.37528754489928262 -0.1745396322699006 0.14549719650685961 0.59553198664240259 -0.67128824168402013 0.59385137119924403 0.45897635087961342 0.13089124450012779 0.38486625998351581 2.4354290626673403 0.37632169083276923 1.0605198791972454 0.9259896471996667 -1.9233755864152531 -1.7212808693617696 -0.51355141463465304 -2.1203085217104833 -1.283172368626178 3.2507603149020174 -1.6289545155209417 0.26501869382693521 -0.64053065543667909 -1.4144969313123239 -1.5984244143206494 -1.0396309521225979 -0.52931853873938128 -2.2189362051021249 -0.70519942606708497 1.0408851106389883 0.15789336411088994 -0.37190354272689108 -0.39225737923273674 -0.35347697061293382 1.6639124618182712 -0.37071839489674829 -1.3248497819507086 -2.2832748113727579 -3.4139689700483866 -1.2715521751819987 -0.20496252260825043 1.6824383538141425 0.44099774413799675 0.41077070094531615 -1.9970784326323445 0.86129832952167451 1.3878454290874971 0.7906029804250283 -0.41038577158634371 1.9011537712554178 -2.7525291373589091 -0.50368536255639318 -1.1710493505193185 -0.96426135475825381




