# Created by Octave 5.2.0, Fri Apr 02 16:03:23 2021 CEST <br1@br1>
# name: ptcls
# type: scalar struct
# ndims: 2
 1 1
# length: 2
# name: x
# type: matrix
# rows: 2
# columns: 320
 121.03551470821496 112.86633818754893 110.30844674352593 108.012527698162 115.54789712349454 117.70928312701369 106.2462927511021 111.33931384817831 121.678039849035 117.78707932720404 116.70933145490996 111.83483796779524 116.7797846320973 118.31984948777574 119.01462952299667 119.14391318786683 122.55339502623578 120.66134850938155 113.96303493812816 113.74267484473906 115.35212650221763 130.7722234579183 117.25149999662939 131.56016640594942 127.50706987858031 123.79101589838538 129.89353320191253 127.70596518504726 129.80212466719337 134.08491680915986 132.02083480735848 132.92039854121865 126.6625353947922 124.68015899299 129.23197207456045 130.8784799182217 130.25384982422239 134.55224991496456 133.13668131557571 132.01264124056362 129.29010577843798 130.33685868911033 131.14356399079031 129.75449127770366 130.90952912296154 133.44425411495996 139.20440174257334 137.33032225363067 132.10375691524038 130.71080650077414 131.4030142965639 132.2832897789516 133.24610058542387 132.5987103246992 138.35239705563768 142.44760928894118 134.00057019936969 133.43565028216182 141.45636746572228 138.03504990146007 140.71024829646305 140.19409518609694 141.21358880502993 141.32495025302867 103.39333932563865 104.47674426189614 102.94103374372396 99.550973435513853 101.71633479991627 100.58029837700907 100.48247391262393 88.046029256086456 105.9659162386268 104.5156481323838 103.61377514322216 102.57511858682454 102.49268572435795 101.51039932515567 101.62271682021189 99.467473364936723 108.31124379751388 105.23940926755517 104.45028586345094 103.46415169218881 103.39556931025963 102.62780537856922 102.43728441037791 101.26974484281841 106.49370635299444 106.28486287783967 105.37297346106216 104.40369919566881 104.44026646333347 103.65320845953686 103.4099323584543 102.46221812216638 110.46697294556728 111.51711374154084 107.41220299405951 105.42691659442374 105.55999140818527 104.64967485757276 105.58247184025315 103.6494808088203 110.25984201444358 110.67151460401654 110.06557404981889 106.46155071310379 107.58546393670909 107.02710283969684 106.63074842744557 106.55948622532551 111.62742502955889 111.00154769862964 112.55083097047421 108.77051927401594 107.05961412900349 107.50429181679975 108.80122266254116 107.64370160323003 111.64137402796837 113.20161608733103 112.4502600094284 109.34697578747145 108.1582571323262 108.35531394055312 109.15756350110512 109.95065142672344 110.66794692455117 111.58598835608149 111.64763598928926 113.3580044190447 109.22754820595559 108.63803088754676 110.31241686474199 104.13322920381152 109.36303870869452 110.99861227178431 111.99556704818288 114.43695526949008 114.90900007118896 110.68037479163037 109.36134333902046 105.98838449763569 115.00464732732824 112.96705627256421 110.42102611099548 112.71435332336355 114.46616496557009 111.78035181883918 110.0103617331862 105.32378602166531 115.15996381527566 113.62503565769634 116.22111342263285 111.10940403001811 112.57020247565472 113.94826448337021 116.39388875786625 121.51437470446494 113.29515089364673 114.04634069198687 115.3464579411022 116.21842515528419 117.62621195255582 112.9562001752941 122.70681415383811 122.5271224537842 113.7573854667417 114.35971399047244 115.76121039862538 116.46995270386417 117.52444367780892 118.64861296963338 120.68408935009718 119.93056324386444 121.9020503984748 114.59000971329553 116.12040230127984 116.93920880710776 117.31987450047087 119.56713504577871 118.68115509953604 119.81988007057964 121.45621019348967 129.81682498420128 130.63962120761136 118.14531898721813 127.41451938290665 120.71731401925554 121.77708819458034 119.7032163158014 131.3089689250987 130.1736970638955 129.29492198231392 128.17563614589224 129.32918414026815 127.30898260479795 126.31739411006835 124.09462364681102 129.10960489521696 131.91205034499706 129.16531960102614 128.11736149821095 130.10191401324445 128.99530418914412 127.86106705718967 128.61603869280995 131.33551848650313 130.53706729973854 131.12119579420096 130.82195351035091 129.69827892189849 130.22483426647258 129.71285535328232 132.56030894550187 132.18046138111754 131.7203495926907 132.7552124806441 130.37200410292053 129.48667685651844 131.85542398756695 130.97929024873918 131.93119996711235 130.31956697636392 132.71218553035277 133.01607735004063 130.66196508207176 131.77622715482812 133.23898003482677 134.29598403145775 133.75232692926139 136.9494384823968 132.48857384582476 131.34484630491548 134.40533319985448 135.1535532100747 138.48248227056885 135.09107490834037 142.32835306726648 135.39276894671471 133.28323398711962 131.57667737759778 139.30369270587798 140.07049962791919 138.16904895820392 140.62198110993006 140.74325077040939 135.17849164275415 133.27098580741273 139.55084872993118 140.07365039226849 141.25785048506984 139.62882927579699 137.14167535799967 131.92097930328688 140.38461788200232 141.36158375712171 138.35662395168342 140.24297561246919 141.97673819685531 139.56462395915116 141.79411617465644 142.73564045191648 141.00544554404564 142.07452718629781 140.88852827640594 141.20245439271616 141.82094632453595 140.90290918448534 140.72160527657402 143.6268544588462 141.38904175598557 142.41902047532935 142.18410747870459 143.03321824328685 142.88509320880596 141.68543088010395 142.66121091572356 140.91471301953536 140.06964407747523 143.44466749846796 143.160809151649 144.04125847839433 143.93256175184442 142.73892974976246 143.38851820837257 143.20095327702069 144.17137874052389 144.3124013607468 145.11207452482739 144.99684931299768 144.7696214977307 143.68202073780458 144.32625647853408 143.71524161755593 146.46300895573111 145.27604973439199 146.09530602904445 145.88371341550987 145.604880767509 144.48409360604714 145.26376812686331 144.93364095525391 147.52483630971295 146.39569374680815 146.81895077207508 146.59703683621191 147.57174516116959 146.44551578364582 145.97965575270706 146.0485591928898 147.3621336615017 147.1519375376275 148.25664057190963 147.50643419702033 148.46362990637587 148.56629119666053 147.59715988748991 147.02813312169843
 71.651607042166248 85.731630589552822 91.720071513751947 111.3534486187167 88.400763840026372 95.538404552066396 109.21372458672252 99.996043138379562 67.741498118347536 75.860063072507614 87.942432718611713 86.860537774919464 94.922896449097507 94.477555799067062 96.607202371755363 95.491322055067272 66.615230238193732 70.388395111327398 86.825730984456229 80.152018804994299 87.176925318135872 90.438127593875194 93.730000768549672 89.185869495958457 82.533618065364379 85.665822004919946 84.213632040844345 90.579205710506486 90.981829273362578 89.090060412231082 88.097945511115654 88.908583037575511 83.2848121231454 78.865574251307351 87.62825097991788 88.40802151060754 87.293153962278339 86.884698027011481 90.157394326747692 90.261008347217839 83.161378173767133 85.33524019321564 84.357052732890196 86.247658634891906 86.500851002552764 88.067341514521161 96.197534783355636 96.900612434752787 84.803096062491619 83.350283621567698 85.598866994395493 87.028447110713344 85.051762186257392 86.036841093486615 97.172701720564817 95.609586566684385 85.857371045492854 86.772212630773623 91.875154756776624 95.910085434877317 96.478000600901936 95.28859157997762 97.846272585598058 95.36669540854524 85.523712899243506 85.80115756228939 86.679676710169616 87.029497906239826 88.638314265550221 89.060469887154909 90.332000543699465 99.979935318679864 86.090917131684265 86.865354775190752 87.568764490140907 87.835213614918544 89.511505812184282 89.841482312564025 90.979918035100454 90.876050600281971 87.190196235862103 87.637338710596993 88.373428513744329 88.97342313630223 90.095163021586501 90.778401164835614 91.888725038568751 92.059460635074771 87.118973884495588 88.184096861268259 88.803708427528534 89.533774815380667 90.552898888741197 91.284835464280818 92.421141914634433 92.961536794971181 84.245256545800444 83.94086500117038 87.89502033262788 89.938138029976173 91.183593098631448 91.758626961771768 92.266595243071308 93.49174956038793 80.114026249840933 81.376984800286834 86.040289144833423 90.469957697827411 90.439392207479486 91.347862535331245 92.783339090600791 93.998548420428875 79.371191116813179 82.748947644664298 84.461341360746928 88.204766890269156 89.518777708382856 92.24388233589319 93.347153940615684 93.69474789064499 77.852476384266396 79.149616300571296 83.178244889556183 87.086071147593771 89.134518425147093 91.365094977041508 92.192557470611931 93.500960978656124 78.869069051173128 80.783522879487535 81.920663241906283 83.526561453824684 89.347471374731384 90.235801972120427 90.364331189429194 110.03371908505868 74.487654062271929 76.878925172625927 76.784608168282588 84.689643955345048 80.601196802904354 87.38922784070445 91.066975380962489 107.87226974362659 67.986683676052792 66.425637583120491 73.632596609884473 78.224205995507987 83.577250052447326 85.284320124913208 88.223833507406283 110.47422630153191 66.745676450519298 67.322698865146293 67.610913528649363 75.635469813282086 80.15750285661305 82.451006814331478 77.467428982813615 69.598984005091879 65.361727985291793 66.216383333416246 65.683743883736526 66.418941904136631 66.239691664885086 82.175409742645002 67.766930130694391 68.872485525653303 64.29131230363717 65.232577172058598 64.519575651260865 65.375227693243858 65.11152310689225 64.822021247858657 64.811385673488459 69.193219637363939 54.580960627773088 63.65941065896908 63.084938751988155 64.146013303433534 63.113237134503962 64.24251111751208 65.869998591684265 65.36549206120138 53.638818641244399 58.643148826042442 62.938630887342988 63.944434133873173 64.194905405507285 65.951394375863018 65.486865247331465 66.42241273214907 62.03890043456547 64.183399555190107 64.711220269956357 65.107607127540902 68.296114793218578 66.017648407127297 66.979773420252457 79.908911829615917 65.904993376970296 63.08186305281771 67.205136579083785 66.779544600359074 69.356713670577463 69.317811603599509 81.384759426539844 82.219927262426552 67.440944889480434 65.574733435522575 68.598427910007373 70.309060570237676 70.506160029436217 71.44881465974612 81.821332016545668 83.816943005170472 68.345586383557091 69.523540237707905 69.654735500981559 72.676698172355245 73.724617888022777 75.177417853884123 82.21416695036055 82.892441056365399 67.904297075219375 73.081198957797 70.752632404196959 73.932166126833209 73.702756923720614 82.996847111080186 84.862997640881929 83.930345021336151 68.801654346489826 71.842491957059849 71.380743948112027 82.843478924526238 84.041050351526707 89.624800397595664 87.763756870178781 92.550536935573689 73.890388806607334 75.387714370138085 72.563740378589344 85.853974187604067 88.195602817925888 88.395360560142976 91.023328758514168 94.390590206940914 74.923653883072603 74.174196013179085 84.254216067728947 86.871846091690827 87.412463068125646 89.281835162433353 89.722767608749734 112.03431074661295 77.267410373088367 78.060153359390213 84.307287708890712 85.370157326960168 88.509280305626859 90.622529799526887 94.002782706049302 94.533071463626015 82.558279938590118 84.018261918419597 84.147475624849491 86.148460530068391 89.592918108510759 88.935810222775274 89.957077779909611 95.691553647652114 85.122464838444429 85.572999177891631 86.804162715416865 87.774774701874009 88.978729804811849 90.634085780393917 91.390071009304052 93.283235984912181 83.13406634592458 84.664230454567701 86.379948644301351 88.785046540717417 89.840001366150133 90.160774643061558 92.180342546786861 93.397144944687952 85.65385383341858 87.530907414497904 88.374282225345397 89.51891742192349 90.749228268140499 90.932703651279695 93.062084671481927 94.2722290248186 86.822843868386386 86.957022587967231 89.01864753948 90.42633920772063 91.507158994412748 91.828754233272448 92.539246548785428 94.351747222082437 87.259179554785575 87.972269860814947 89.773319860752963 91.264650056356587 91.628770330860107 92.358172058019562 93.600521277689495 94.670063499336166 86.144256740408437 88.805845442585479 89.652741387177429 90.62481599503343 91.022633759667315 92.267518888836761 92.707951225910378 93.855526069523052


# name: v
# type: matrix
# rows: 2
# columns: 320
 1.158068886839031 -0.41726854006079622 -2.1529683090346898 -2.3617106020879088 -0.68689517122137389 -1.0086359071090312 -3.92375367984683 -2.1848560259870178 -1.2024483204778451 -0.3718367543861148 -1.4639567196186469 -2.3759161650563243 -1.5201561776233075 0.3312481219485835 0.15070698725911816 -1.1500028979794465 0.27381123845904481 -0.42659498499467374 -2.5212466040183381 1.6311466878580307 -1.6170128219551565 2.4189171487506593 -2.3673799479612856 0.13920529562894449 1.0584504194564055 0.18963793975630527 -0.45030604432670462 1.0906605331987993 4.0814946765302205 0.65433944494528573 -0.66412727831007146 1.3234133017137446 1.4401457561048323 -0.16292474168922214 0.78764748960296338 1.7291920540494563 -0.54739740551061056 1.5122030976327052 0.40718903731808137 3.4811593759582458 1.3499121402963157 0.92642048874458949 2.1946852975667661 1.2696499983336194 1.0854342149496852 4.2162728454719298 4.6650186541696206 3.1982761890164042 -0.81780947515341751 1.5266616719412505 3.7501550895015718 0.10561646475425636 1.6413503432303025 -0.26216650074976916 2.5015549478275876 2.9760281240647273 0.83276185288407834 -0.3662300112518308 0.44886870170198256 3.1952379685629704 2.8644217809675006 2.1450278169912687 1.9325057289804648 3.3392813508897832 -0.37017144014927206 0.73031662142377263 -2.8576978602604513 -2.5687274807892146 -1.3444679725789008 -2.2116960529153191 -1.2594858002730169 -4.8083481724781443 -1.1482667720051827 0.40886110317103302 -0.95070388315865828 -1.5460814463377783 -1.5385762158397691 -1.4110472480903475 -2.6303815629055092 -2.2371372875039812 0.58146908440000677 -3.1493455504823906 -1.121125526512506 0.11558714299712908 -2.0629361468645762 -1.7062525722469191 -2.2218530272892822 -0.71426162466141585 -0.53272817788064808 -3.3036497934157567 -1.048884226763757 -3.9318887820984396 0.24099377826885171 -2.0916541786466181 -2.904577731670968 -1.1064299972608203 -2.5604054376115992 -0.98089881008866608 0.4826055494683073 -1.3549493664100705 -2.0008209900636897 -1.3225341485449436 -0.43624158281420078 -0.53662676700523382 0.21420895589850147 -2.3251604278068632 -0.72275420388909495 -0.71269430316776516 -1.9497922604640412 -2.3559850002746598 -3.3818830067890673 -1.4204949617069724 -1.7319434601181505 -1.0978164376947168 0.041437158306352487 -3.2583330054453192 -3.2740872420400811 -2.1822244847849586 -1.7665633558255118 0.29098026793579229 -2.9828570521801043 -2.8750919948505045 -0.47016420485118693 -3.7655104947483578 -1.6921254576553302 0.0044507805540174861 0.0089244855370316373 -2.159463631820564 -1.9002712786689597 0.37776548403901555 -1.8632709235613687 -0.4183538576560335 -2.3827076025552718 -0.10259020826717719 -1.5729345056472286 -1.920465989633624 -1.49529253843305 -1.5428007523511746 0.054267022935926501 1.1508905699859806 -0.15253358156725991 -2.6954361501232578 -0.72889796634994353 -3.7246830506473816 -1.6361369662634446 0.56301234681839007 -0.58602552064823132 -2.7835293433351 -2.4857332718625718 0.41776279346498607 1.2643715748901652 -2.2770484088751766 -1.6761108899488621 -0.88496076195451989 -1.0852215145981625 -2.5670177953080673 -2.4060467043161622 -1.9225089712028001 -1.1676775529065269 -0.22221748262056304 -1.2612262855249048 -1.6248242051521937 0.42268325291134995 -0.4881457487651758 -4.0344706078857282 -0.22443162195465544 -1.6411035333315442 1.6196451660278128 -1.6232542984514569 -0.62731352362250026 -2.1335258950392935 -2.2403418408963884 -0.62686677864573492 -2.6800477215506819 0.011359660508855701 -0.49665190813298588 -1.3430669543593874 -1.0107074206795752 -1.6893114992089067 -2.0391291967917788 -0.78401961970592993 -1.5814178281150333 -4.1806924154897533 1.1199803539628757 0.61161390237415625 1.9063454546835059 0.84157884558045204 0.48742803804789359 2.4567488673641216 -0.27071728513495014 -1.753693343790697 0.93268839405893034 0.87700032076076173 0.88817163144437361 -0.015659336449539735 2.2001504820500206 1.7837179405096004 1.3789893191909413 -1.4404772916828295 -0.77107506888562316 1.9187206481477692 3.6057260587976452 -1.4878549719064005 0.057496096361133439 -1.4331829714271414 1.7683259881562567 0.18049917834665932 1.2024617372775572 0.6705346375384601 0.25306373191068016 -1.4920511445247326 1.5911028526069027 2.3204290698541254 -3.214583352548638 1.2111030480311991 2.3377905147738947 3.4051358777960474 -1.0259989789109303 -1.1240035850214221 2.2761448823014097 -1.2966354912908811 -1.031440844102391 0.35309597556060252 -1.286615049378125 1.9240869707859423 -2.4312550929425445 0.43158927724844576 -1.220026895801186 0.30945490520351099 0.43390047068746462 2.3064218237822462 -1.2308047670873274 2.2728166734052841 -0.020688890967140657 2.2998043898897347 3.437145398521448 1.1256695687676805 0.54574171846702568 1.3495470826433702 1.40641624460458 0.95725228037933641 -0.1326503717062105 0.20746185680302456 0.24996455278769311 1.3150027593044782 2.5203078193339246 0.58981733243280821 1.2502853842973434 0.37776723147451385 -1.1014477042367028 0.2389969843157691 1.4136289187069422 -0.69974220079699467 -1.0368736137389887 0.22289794374146138 -1.1396072695747648 2.4580286358613441 0.93999717364477875 3.0541772260022215 1.1143421834264373 1.5676534308256593 -1.73850862148318 -2.0710056311345717 1.9752001492775535 2.9753864003276251 1.6107076642219289 2.629383057513091 0.21039122760014192 1.644576113271359 2.3864776213702563 -1.1337782643918322 0.99199682723626048 1.2740021125406216 0.0078620536854997862 0.59214966454498463 -0.54724421331873796 4.0660777835067874 1.5775121263669769 -0.19279279457631426 3.7510117004653423 -0.51591519664928154 1.1590030504034134 3.0696104036959508 2.7903987005273199 2.7312464386464845 2.1011508162219417 3.6473675182543617 1.2704423835413692 2.4422537048553044 2.4055158680860025 2.5199539270653597 2.787983630045975 2.6994285651970733 0.52841292024194475 0.70087617845819206 0.089967755642181069 3.6162862027690736 0.39258838346211139 1.1936283740234133 2.9804952242958649 0.10233738808912318 -0.37762179402892693 3.5608496260054094 2.3672402561161574 1.019410323323664 2.2904106595120584 2.1855797925150164 4.3097161312301067 -2.0130124604538975 -0.73478031024862089 0.28425354119083801 -0.18558495083695192 0.73603400482489789 2.2221180299231973 2.8031203398483018 2.6029455309880647 -0.34683882387503112 1.1081256851144223 0.20931145833235229 0.19664926685963657
 -6.154663350042763 -3.1758715099951909 -0.78634102305088416 3.1959294126884794 -3.6488418502150148 -0.35395429604370821 3.8307229585150187 0.29108599795669898 -6.758479667251426 -4.7838998014218754 -1.1536457720208995 -4.0325579982695698 -2.5491479016976433 -1.48506546004772 -0.36684500338586373 -2.1118147055477197 -7.5812592585465426 -6.0088710249240043 -1.9190842375688064 0.88869624354761623 -1.4353495889463683 -3.3439991800163944 1.3178667832503448 -5.1572197214902982 -2.1475106261499777 -1.9360448762617062 -2.2798618078344606 -1.3767481409347828 -0.65176017879843873 -1.1956928006384722 -1.7024039511528677 -0.46861738875214526 -3.9678107610221294 -1.9464934596603802 0.38296759952889664 -1.3318863327766612 -5.6125576831117332 -1.9242995463949881 -5.6821125416718177 -1.7551062040749765 -1.6545872141551454 -0.27195582404512236 -1.3259716998943492 -4.0764015399170841 -2.3830042914636502 -1.2995020029316093 0.7040463896142729 0.46779669558238679 -5.1137437199004649 -4.6834523971556861 -3.6302130754900399 -0.6890109489547438 -1.9389770106343163 -1.3630971495769659 -1.6277586764107068 1.982384000765304 -4.0035902980869578 -0.87753651755679685 2.3695286442329189 -1.1643535461648034 -2.0836435493067458 -0.1597431846146366 1.6927682955132386 -2.4363470092195438 -0.35049307708019312 0.23470336085949745 0.11861467182483028 -0.72853932934776078 0.23997041122498869 0.44786123473867501 0.21180565862021583 1.2975106343904557 -1.8837972900875564 -1.0828923769268317 0.86229227379672813 -0.24816553757039828 -3.5500265991971047 -0.08326744485734304 -1.9099252773761028 -0.80363960728718276 -2.1249236053196023 0.19468271110833521 1.6807014816671884 -1.8493388939274036 -1.4028330627497456 -0.12492494019319039 0.12097117002996641 -0.10942811438872921 0.082573680560200619 -1.3752882904491679 -2.2303486145306577 -1.7362147771217278 -0.15354341115546633 -1.8766988728923633 -0.33640503368899022 -0.79422636039235317 -2.0303081845044386 0.52944431872152553 -0.8559488177360306 -1.0088680944685255 -0.068068791188355168 -0.75042235701591353 0.18049128329206682 -1.1117643174258296 -0.96635986819932562 -1.35518035360282 -2.4304248531427901 -0.65747271376983363 0.17571885264026388 0.67020261137835224 -0.99159939621226156 1.0945206921105763 -0.75434108029855051 -0.82583223447684861 1.6832250759037093 -0.28388927916960682 -2.2446087112010504 0.32976960194817773 -1.5470214104997511 -0.32408480164378789 -2.0208640258848325 -2.225204769482799 -2.8002969010551104 0.065132906205245505 -2.7248855831956544 -1.4539754810994578 -1.1715064654671443 -1.2897284776078779 -1.444446630650565 -2.4005372816281776 -3.0730249653661819 0.89954649499759887 -0.96541509626213662 -0.26593694310048627 1.7543802377887734 2.6178736936041886 -1.469782116727365 -3.3753306860184753 -2.3023080586131357 -2.5636413450176381 -2.3725510364819868 -0.19120561302658007 0.50369276210776337 3.6644810607986558 -5.0272552049235335 -4.0045283793344 -3.4000556872973529 -0.1394888599600802 -1.742071689948343 -2.0963417980858559 -0.59921045704875087 3.9098313054434031 -5.5974602274813359 -4.5222236024353943 -3.3848637195060305 -1.1829809921257652 -1.6357800562746765 -1.533790820469134 -4.5609145595704863 -8.7999336902828311 -5.3444411169416064 -4.7615871644025924 -2.9190801101744888 -4.8675782694604326 -5.2888739944888217 -5.7589441684039917 -7.4822581480884836 -5.2365904078362071 -2.5705624499126087 -4.6977272903208034 -6.6166046719551987 -5.4918075792544032 -4.2013272190067079 -7.7162888796720868 -7.6957646134563999 -7.0421990305845057 -7.6014217178432988 -5.9095253215450212 -2.8376860021245038 -6.230612975433516 -4.0105877683756495 -5.3984573463618712 -6.1058093477471154 -7.482013909281215 -6.9968048913476002 -5.9957003488919911 -6.5547641864603046 -4.9150798080166034 -6.1265666759854263 -5.4239445238401984 -4.3310406646034236 -7.5289241599210088 -3.7680884916442765 -3.7463123500348137 -4.3483051401736814 -5.4944314934068066 -6.4020084032210018 -3.6599645952006656 -5.9874598645091028 -4.7597520320856379 -4.3069189516384707 -4.9725492604214345 -4.5913041977579496 -4.9423335725979891 -5.9798393664730831 -5.3668572793320788 -0.099286759839966779 -3.2452074444601293 -4.7407914074070128 -4.6025443412579117 -3.4055924613246886 -6.1799662767815375 -3.7775064848820032 -4.6126387290653597 -1.8619182253312621 -2.5546181694077554 -4.6633047626062059 -4.6156267038954715 -3.3381897036591939 -3.702403975727921 -2.2382206414104213 -4.7365458284608186 -1.5915908722146002 -1.3996412562721186 -4.0964008553268672 -3.7348497148557986 -3.1033427461885728 -5.1895626473022709 -5.8317307957565419 -2.2050398913900144 -3.5960650768577782 -2.523403300491565 -4.9553758204151475 -3.4531608519173345 -4.4102677688861194 -0.58593228584297874 -2.5291472429152604 1.5589403418131835 -2.9058890827414006 0.95972411018863668 -4.3423882775883786 -2.6294666421970945 -3.368007994093817 -1.8210339105814015 -0.36712707940759526 -0.29473263390277993 -2.4914827817919969 0.15704194314659442 -2.4550934342709363 -4.79294050654293 0.97698754718359204 -1.2769972527889619 -2.636411720988165 -1.6355600213580828 -1.0913508278486084 4.0361142509800016 -1.9960869650885047 -1.6716089438529138 0.78955080219478646 -0.11539448799001989 0.49706978707466298 -1.6745446312622343 1.6315660340290652 -1.3440795245294974 -1.9118030082339126 0.69172038373897515 -2.3022513131077584 -1.470764685694065 1.1593267986584586 2.4999130942393588e-05 -0.74240426386814606 -2.3284198598156665 -0.89672223339752088 -0.25435854068326691 -4.019264829158689 -0.40516079307735603 0.62863902464201982 -1.2497744677677276 -0.24930376207773175 -1.3280205619383523 -2.3245766148451268 -3.418700574131377 0.49800448280938042 -0.26053101141206358 -2.4683620116225318 -0.38973688082691449 -2.4384193017576852 2.8562275819156664 0.56868547558460703 -0.7310601560009532 -0.086141110489283593 -0.69484314103956213 -0.41357390767078817 0.13624270674547329 -1.2074236677427055 -1.2620043030903587 -0.038376388324477234 -0.59956361545559378 0.4138242397719667 -0.52017459838924918 -1.6513828661900911 -2.0733682626469676 0.60005959394834585 0.32437437200503727 0.06381813675774721 -0.36890316793798977 0.11459468440782178 0.31598556167931047 -0.10586495478241137 -0.35192268275984967 -0.22784341517546383 -0.73858614777851561 -0.013883428003702507 -1.6317042134367361 -0.70840889718961186 0.88006850833158401 0.12832780018499898 0.23244099755429917 -1.1875396646966212 1.1245979740685352




