# Created by Octave 5.2.0, Fri Apr 02 16:03:47 2021 CEST <br1@br1>
# name: ptcls
# type: scalar struct
# ndims: 2
 1 1
# length: 2
# name: x
# type: matrix
# rows: 2
# columns: 320
 123.44473286734396 109.50473824785941 107.51626757954539 103.40719202409061 113.2152534824058 116.43737292614411 99.601363288929818 107.07884459750107 119.31974708032789 116.69543677797436 112.38244793463832 108.322283021579 115.2947332815405 116.24652557708666 117.38764284124204 116.65640444067279 121.21580113489097 119.23069077487928 110.70084585689393 110.30970244949344 111.98998400125888 134.41349252757132 115.34605223583591 133.41055065936018 129.69412196724161 124.16080988090766 132.60969429373407 129.91004646462858 135.63130665033452 136.53236245517851 133.10999349278242 135.46746123076733 130.26634191773815 123.19304572517734 130.5142603556248 131.41163776927922 131.49573224485317 135.41401355334403 137.58273937803659 136.815069560182 131.41920983975186 133.53514335157553 133.17074693772508 132.52608765833821 132.15484880281625 136.47078338458871 144.48264501886888 142.6818141927192 134.26717861734696 132.0990548762905 133.48856135066654 133.7672935615239 134.37642996928835 134.52153271759849 145.20312323648875 145.3757161139583 135.54185926773505 134.73298170890885 143.80239081809484 144.1877421358457 143.29936828960783 143.37327950648515 144.19015899747649 143.99711716353687 100.64275319499592 101.75620411106084 99.258050807353939 94.567065311776076 98.656088157494182 97.646607467358095 97.613917636350678 78.669750319755536 102.35093816531769 101.20012518946727 100.06348096857545 99.779046139792257 99.663431673899922 98.542960386734862 98.824153948850977 96.818275368683246 105.1741045635985 103.20069355302462 102.09337842209854 100.97138835056938 100.93641875075272 100.01864809526896 99.739159441313546 98.565803171549092 104.21251631384293 103.93753923227092 102.89029187051133 101.84110513864813 101.76859179524213 100.82485656414244 100.77328235738074 99.504287059670972 107.10233886546187 108.68221055636265 105.12775142429118 102.63648544951876 101.71188449662229 101.93114023231639 102.76007052874432 100.56677411144041 109.27831897945845 108.54363635673955 108.17042304691108 103.08446744504866 104.58433951746858 103.86856387244637 103.18721182761855 104.04539011100708 110.50489192446953 108.80528870292471 113.60546153155492 106.15989317651685 103.76479069752988 105.2181801632931 105.91470856106938 104.26649839269746 108.6891847651949 109.80996086763014 109.59587691448633 107.18086394023665 104.92002029290286 105.99724044022939 106.52485127929515 108.11846644561194 109.96452997138246 109.73653275958253 109.11222128049926 112.80748741454856 105.94743889915874 106.12682668030415 108.66520951818578 98.634944138256529 108.11245548933685 105.73238536565835 108.7376985964144 114.268473178657 111.86266558608477 108.11113774666882 107.00595024922328 99.712760992107405 113.22942979876521 110.85294403468257 107.69626786641128 109.09353501853845 113.44157894780022 110.77629198975117 107.06870120991196 100.64301935336563 112.21767946444039 111.09553838418385 113.67826485103961 106.75149868970644 111.91958568626019 111.85418442519052 114.48347840787669 120.33938223698333 111.44105758085244 111.96930516763743 113.05075360292622 114.28331622234715 115.87349243882009 109.6682551959429 122.50483199442967 121.64920808823511 109.82416975964752 112.4788214033528 113.66192570523629 114.87065401560007 115.95001185907984 116.91086553748157 117.75543497533846 120.0871402117078 120.41860912316331 113.02903991591543 114.03013512769392 115.14245092060435 113.73156649468439 116.94434168161112 116.98343891162112 117.8631315046629 121.51331801743018 133.534198620832 133.72806694182029 116.10201787168275 129.81357332378604 118.67031906659042 120.24028527160804 118.03333608281434 133.06171166442689 132.60021938056846 131.55885406127814 130.55265775714838 131.21966693267379 129.21606889489343 127.00459868551332 123.76043728400273 131.06476122582251 134.32458288882924 130.6926799384635 130.00872251496483 131.77170911269371 130.72601951226989 130.35564939573638 131.01517338003384 133.97247624930159 132.18093724163074 132.23375237837556 131.20824667865719 129.55600692206767 130.7498573639017 131.45555924660616 134.83413860151464 134.3233011726073 132.91621190623425 133.43326324344761 130.01593686026726 128.49517734354433 129.75184594358771 132.47588001976825 133.61334419778552 132.75207879805632 132.17425703431869 132.34680954431374 129.32645682367814 129.91018546944869 136.2872365283302 136.40107499972325 135.35934129093764 141.3814309955375 132.969405313354 131.76355460257054 136.16533403876846 136.77240539905821 141.21019552430948 136.47216020488534 144.45270867982478 136.76418705320376 130.77396170946668 131.06368259503307 142.17883992993242 142.79977896221325 140.90669805222558 142.87771760231095 143.3487051481458 135.78882435236005 130.52911697207315 142.47351904715873 142.94147536836522 143.82420097245375 142.26541106502265 139.66364046965381 129.69874512761922 144.79571658175104 143.57663538591004 141.37018093814493 143.28368157231628 144.73863992902056 142.06981517536511 145.33003924027733 146.0788327897956 144.02921853969943 145.09156217294634 143.20290969260793 144.30919890338248 144.45494408500139 143.49665849231363 143.11728149225917 146.65205508882605 144.1602350382264 145.38836037685016 144.94456804047744 145.79374003858024 145.4767617563565 143.93935844042394 144.85516662507652 141.81300640158628 141.87397322294464 146.37307352544823 146.13717660608552 146.45899740092455 146.25108143403546 145.10410012301864 145.65729992726156 146.50567701131473 147.30770262376458 146.87707614176426 147.67232283626026 147.35677527926126 146.99242884205702 145.8673605075777 147.78961740917455 147.15426319054765 149.75031627662284 148.17194477101975 148.39638384822211 148.06015287648771 147.83377725091944 146.76344561565438 148.81036911327843 147.66130992999689 149.89874716451993 148.82933375127863 149.35222777076453 148.87434613010305 151.10280980898952 149.80585459695754 149.42970913566492 147.86969248600707 150.83027660105955 149.54976548618032 150.42708795697743 150.04115214646768 151.13521895931916 152.16315479271884 150.50982801711064 148.19017082639138
 58.957369254920195 83.165934170663519 90.392365004799132 117.58551097346069 82.962744520089004 94.211393059954091 117.65745491729226 100.56366083439748 53.863735911463486 66.895762912643278 83.97927848724332 83.250163644136364 94.295345885635157 91.744749990340807 93.711081312902451 92.779199500374915 53.852583716629113 55.091664420387133 82.730377600133878 78.603869060151368 82.0659335199108 85.578166032086344 93.205139108624707 85.190154261434103 79.413927996169306 81.890534496207877 80.522225723311692 87.909610396014884 85.781881772332383 84.448837222725359 83.6144212214503 84.79436971588143 78.49763984644656 73.327621543859763 82.875373333504044 83.863922491901207 81.865993091704269 82.353565494122734 84.035870614790085 85.536489773123989 80.688297347068755 81.206093722302015 78.768250813675991 81.774567683182397 82.916019850266139 83.375600020747228 95.174752843072952 94.239666342895276 78.946761508777627 78.884585330189211 79.791958958195707 82.680521996935965 80.524410415745976 81.663780555227916 96.635857152900996 94.354409995588242 81.327339892834715 83.489051632689552 90.537142663727082 96.214219427124334 95.434629194103692 93.103910252446667 98.35439733512024 94.237540884102714 84.944442984331573 84.954285492101633 85.065599343108431 85.658139045601999 87.441699347399322 88.019294081176028 89.436303857503731 102.51008105574068 85.843642645596972 85.946484791939895 85.861775368628869 87.011554876760698 88.19169759198806 88.831587219168483 89.861880489450471 87.081263291829472 85.755623117313831 86.540933461924553 86.860221638164731 86.951275244644975 88.681114931644373 89.260536430651158 90.395061017294481 90.895140342630128 86.258732171243906 87.453305272687274 87.623141615032807 87.896952603350442 89.531811753364806 89.977076348455725 91.335592184065604 91.484086621888565 83.500136343057562 82.121002254854957 86.883047446163019 88.70473311241274 90.681181813951838 91.770036597612204 90.869073893066314 92.40483371191587 76.583444401427272 77.338865358338666 84.340840381641513 89.624649785177738 89.460709639195485 90.344772178813287 91.891965334818892 92.588713329448623 76.777777571392122 80.170444355405834 81.664709961816939 86.363136421023981 88.690956773042757 90.65571331977111 91.537229009883688 91.431056934083827 75.700934296157257 73.818930534674521 81.025231098359768 85.968009946518222 88.130820420774413 89.655487751868563 90.676942642120963 91.292424093871375 75.452901094712047 77.525914938259476 78.556207252071218 80.809879115647746 87.475187968851131 88.575996462055002 89.959501294576143 117.1318366244889 70.430354122816169 71.307520670319164 73.619130693009808 80.217419564392102 76.720580044425148 86.742230734851987 89.34065995555747 111.78106102118072 58.790412391317417 56.716286590200603 69.329053845122814 74.772938999891664 79.53167533650597 81.210764103704719 87.006111870750658 118.36825973978375 58.171673245167888 57.877442425442609 57.731945575544351 70.651750734530907 78.009391592088647 80.486622168092495 68.209341138743241 54.679990191493708 55.795208119379595 57.041936247594805 56.638384236706358 56.632862610278018 56.222572734128647 79.579493316949581 53.843424330374397 54.926844378065113 55.606675821460705 55.685215065938728 55.702021222068488 55.614468024560615 55.166217862391889 54.568526151660613 52.360857063297203 56.464958275267058 39.845715860080567 54.610270458743628 54.709659252230026 54.536607396886609 53.458797044108465 53.114433491372672 55.661671434297133 54.025047135176621 39.907521521014679 46.951533145703372 55.834790719335757 53.91834533627118 55.174947712627578 53.005909483617515 53.272235858170284 55.080000633938873 54.480771847790713 55.845968583814461 55.913771607938187 55.881204256254243 59.124044299213388 56.243106985849479 54.176109696070824 72.369685828158907 57.092243638140239 54.679374968767469 58.114052373302094 57.008227767848595 60.356474567655432 60.256164981222859 77.281861484836966 79.425050379517188 58.419158902320149 56.903242276240285 59.297855349771574 61.339926736307945 62.342852711456018 62.55885433578986 77.991941922629294 78.068489971300693 59.729638510758527 60.288337808175271 61.502459585312572 63.355606728200073 67.281835454303959 67.241117481431914 77.844484020115843 77.860918571418722 57.905154914458855 63.413696164918683 61.291068488473613 66.180822405590504 65.284778821410129 77.319039230790366 79.659287641197537 79.249813825063384 59.138671496679606 62.541246621080091 62.227760199847658 78.436495576705838 80.836541849261494 88.479593365822566 82.193410866540916 91.584104106029926 67.353620422534661 67.700945248226603 63.739353205802978 84.982725155036604 86.898825982222291 86.0765400593083 89.901936866683229 91.96013671113468 68.235645120535537 66.49166766928289 83.585333470194868 85.629490932985988 86.423173147046143 87.867368216462168 86.783940512288083 119.90473353602296 73.896750131957262 74.27880657808565 83.78048888038839 84.513513261458428 87.465532127980111 89.246073778493169 92.467390801751151 93.393805812742968 82.043067589738271 80.576017448468008 82.789375748686226 85.22141362550731 88.470206525593923 87.722592809472403 88.7464235715196 94.304211734369957 83.798816385878851 85.234918760022452 86.30118130311628 87.026990999147998 88.30885977323436 89.47999133748597 90.483573683971642 91.203876842478962 82.658385879253842 84.78500878942215 85.987533005846387 87.888185042803769 89.033048008078893 89.314757651242587 91.228814850545476 92.110663258782992 85.381579716090428 86.811704741077776 87.490470694783824 88.802051701893049 89.827189548297468 90.076112808493761 92.14504738674745 93.29773492115109 86.051871748729639 86.534240281011435 88.365908284422019 89.548706650740769 90.580707668983052 90.897774122086531 91.496395687460762 94.598727632894864 87.202982218593533 87.347051204272844 89.250334660789477 90.289936708274297 91.098822547630036 91.125932408020631 92.397013434782863 95.945186934878279 86.715858425984337 88.231921120725829 88.988461005335608 90.120600144935153 89.992003294536801 90.325910749864093 92.121983139844815 93.272845896558181


# name: v
# type: matrix
# rows: 2
# columns: 320
 1.3579693284185725 -2.949235366669066 -1.6553313816661825 -2.3617106020879088 -1.9587889723731604 -1.7862766937251917 -3.7744010730816724 -2.1848560259870178 -0.68781638862652572 -0.62397535907694635 -3.1844279626294854 -0.72153732279409033 1.7601990217766676 -1.2854706674548484 -1.3394169851000555 -1.3994860685872177 -0.51437210133665667 -3.0804809628875987 -1.3622405980370009 -0.31558492555613971 -1.3124669406195677 0.5186678093660767 -1.5137684283747357 0.37127623197994652 3.1308055416079887 0.18963793975630527 -0.40882024289208424 1.1313036246855084 3.1831110461563217 1.4477910138329648 1.3889232191225878 3.2829328115462806 0.19639077771459759 -1.9749887635354821 0.050353314015478115 -0.22548587014526575 1.9433873318878954 -0.26999908841401743 3.2125331954078153 1.2607734793573395 3.9281814879239296 1.0718187295602517 -1.3133216803034358 0.99577749325478826 -0.29461100084760722 1.8852933555628117 2.5019133760471943 0.76647975825506476 -0.44636661429275459 0.47829594335229447 0.60359787445779223 0.84284657050133727 0.77585241431860053 1.615735460802481 3.0712959785238176 0.78940223848405966 3.7708367892921264 0.2800561875463663 -1.4402114953700615 0.32107703286374956 2.7180095979441958 2.8481874726238385 1.4788588342234492 1.7886949151296097 0.69077471222899212 -1.2059311988596497 -4.0316662657469644 -2.5555409142093808 0.79830018778757261 -0.97202292951326896 -0.71419126505531527 -4.8083481724781443 0.59600075516709294 0.30869579045905338 -2.2045486749607917 -3.3667692758662096 -0.59219208076460517 -2.6760812008145547 -1.550497876460722 -1.4390000547982662 -1.3657406933985974 -3.4184232657727143 -3.0287859572576101 -0.55439814095690532 -0.1882619202539704 -3.0478812948662588 -0.67862602519359772 -0.62412096056802624 -2.2897311947458294 0.71419870753927917 -1.5067788502477732 -0.47368996587175916 -1.2349358905388383 0.66254659938309446 -0.81403062832969841 -1.4700807991110838 0.60263689907058771 -1.1829871860972356 -1.6633041639681265 -2.0817391584435674 -4.7209059876379547 -1.9035401568399564 -1.8980092364790666 -0.29484749796076432 0.90315237617516297 -1.0052548694392751 -2.148744460530736 -0.64723971055855944 -0.92559896093449823 -2.2852518103553865 -1.2641207056974677 0.41966954463590372 -1.3913108628754964 -2.2092058981260454 1.4484043246636145 -0.78894490783332749 -2.866775902291995 -1.9617630312288916 -0.65173580249986829 -3.5999729853235092 -2.27335384447515 -1.1540771152669878 -1.4992714636187467 -4.8752395689464612 -2.0226465832226688 0.2481552289261032 -2.4088285223978154 0.14333610621316978 0.8002662683637034 -0.28241324425414677 -1.2362682528949895 -0.17020661489559863 -2.6435224977717757 -2.142762190776732 -1.6111181049703747 -2.4258092056818099 -0.81779852979911394 -2.7234828577764825 -1.5134032997527711 0.083552124602540342 -3.2001770944874783 -2.0037534135477237 0.36492363329201788 -3.1420302346738094 -1.5915214235895021 0.43324815774851305 -2.3660839418210036 -2.6525061881865306 -0.098110171267792187 -3.1468885938171907 -0.52713483449221321 -2.5037106155657143 -1.6554000747835989 -0.85235445091163797 -0.42845457945823595 -1.8767835546358509 0.084113317496930184 -1.7516842644040009 -0.91553894821569615 -3.1112506490697229 -1.9674170605083918 0.25206178488752173 -1.8250926280509032 -1.9288109595374197 -0.35147779827874071 -1.2534760497882904 -2.5610539573771947 0.098724915076458281 -1.1030852131749711 -3.1518686060213996 0.68803218262009402 -0.12005121023670395 0.60655142172451582 -0.59371295647770506 0.59604019937327546 0.78044234012581626 1.0784935676408576 0.54508723586846997 -1.1719549304674883 -1.4205537640511408 -0.49216542306129196 -1.225755490498398 -1.6654052883217418 -1.6525895317914385 -1.8099466196260878 1.9063454546835059 0.20657857779834971 -0.54887826938698503 -0.16682144553925396 -1.5254099611755461 -2.834335702687337 -0.6293627232140544 1.5444438397390983 0.49111963707441086 0.67044314002006433 1.9693720715037994 1.4099039562239644 1.5096552752125394 0.9259881844467065 1.0409889529606375 2.8281316759709965 0.75462714550010968 -0.97481572317283893 1.099065394782555 0.62593793075431226 0.16033648968091027 2.2755198207422653 1.1200926342069359 0.82562899954619851 0.69319449686537882 1.5154077913908648 2.1669646063056875 -0.065997898943707806 -3.184147513164632 1.6414398751608685 0.62140290506726903 1.7137743170739219 -1.578218710381331 0.43269356496290706 0.72003938823820302 -1.8949913318063636 -2.2444067248071757 0.46985757514886428 3.6713310797620213 4.7308047602944781 -0.73619476851827692 1.0273177416556796 -0.86045324757521791 -1.0610870607577743 0.93551219841842947 0.66428425293109161 3.1945910221319629 2.2728166734052841 -0.24825806004758494 -0.38668547379291973 0.24780623656658096 1.1713964432806983 2.6135955159800743 -3.0860549445864685 2.3950661543261789 0.86737911771936804 -0.6561801389325066 0.82612921352569835 1.7402193514666522 1.4477684374360911 -1.6070758461197192 1.1974622824626786 2.0303901205489181 0.13004921427313543 0.5457688055167752 2.3856066548339081 1.3396362350874533 2.3109908289131291 1.8448064449574266 0.48604824303748867 -1.1396072695747648 2.0088449556120191 1.3891808538940955 2.4397452901248551 2.2547759038941617 -1.2768338379991271 2.109256523209873 1.1458863663367345 1.95358604746132 0.24776968925689838 1.1746617729394027 0.49891169729588375 1.4325377969782271 0.094172148962366475 -2.0073493024848714 0.022072550736111973 0.4335341890725054 -1.4722064286174534 2.7689002355160346 2.1210155225871583 2.7070299136090199 3.8505261418218044 4.4296574948566274 1.6878982323501472 1.7884233062721737 1.5938717673431868 3.0435332240735899 2.5338460995607974 4.2170773000878068 0.11711954869804704 -2.05890388018152 1.4715070989368941 -0.65647246402504611 1.898618537710012 1.0327286807117781 1.7199070378393366 -0.51813594303095911 -0.43114171843425564 -0.3514180311666944 3.2801110593552893 -0.55354045505061755 0.85220759332616958 5.6392570922766758 2.6762974496955838 1.5152492928412562 2.1465474618490354 2.8935167995476432 1.3220047352904547 3.7085055225991015 -0.8068757375141189 1.6253381365052197 2.5523778519666971 4.0124359006729753 1.0568374930107056 0.92220679891962565 1.7116976450639798 1.2563474219353765 0.6120326836803428 -0.65388752284946283 1.5417457795696321 2.6353254529561272 0.59131427386015467 0.64751190692937177 2.4703968330568138 3.2799093536682347
 -6.3445512990119379 -1.5529390754569989 -1.8833012625744279 3.1959294126884794 -1.973584464830942 1.0021688912701456 4.2543707738287289 0.29108599795669898 -9.2166214608904262 -4.5400459979297505 -2.7461761730613592 0.62288923788873496 0.064769578164081049 -3.4198068324271618 -1.7133125034211183 -0.34819286397771082 -6.4476030122978933 -5.5121188925130822 -1.4851027195490356 0.57010069937752672 -3.6703238748435254 -2.1067212870087193 -1.134586853080539 -2.9170837088760306 -2.396630454476719 -1.9360448762617062 -0.53769385623900712 -1.3688265063269536 -1.8629895267412955 -2.474256255271607 -1.7497845331829247 -4.4474333268682189 -1.6236434727941209 -2.8179153205754326 -2.5640497269377671 0.32343834377060543 -3.7472538281086076 -2.31886450650028 -2.9230278447034261 -3.747199546147439 -1.2849863782346937 -2.436351404948268 -3.132469868560336 -0.47489116787620722 -5.6140635056807158 -2.2230470139672889 0.3821849090993209 -1.0700522026675958 -3.8675111162001747 -3.0146666796403485 -2.7477907793981844 -0.69683572599787436 -1.4922251432810127 -2.3564774440448013 -0.35440523930582607 -0.38249281672754637 -1.9393964415121103 -0.21819989886539393 -0.045811581092941436 -0.77883367106870893 -0.13415440669745854 -0.23498791974527722 -1.0787115722698806 -1.4052581752154827 -0.0061583226216801925 0.057088205060988564 0.087202375145164115 -0.70265671128496998 -2.53245732889232 -0.92177432999866593 -0.83796945569568071 1.2975106343904557 -0.69281905083011219 1.7334682662988692 -1.0975568562937101 0.17427842820956801 0.22390842393854316 -0.20143678854694164 -0.82279251087178717 -2.782618631040267 -1.117237564353974 -2.473216447077669 -3.6483267038628244 -2.0785158467615958 0.0097906881208604281 -1.4780895789569042 -0.61155342272693491 -0.42319286397529421 0.10668773445917226 -1.4773956244804818 -1.4821185661699756 -0.97213317412840716 -1.7625594914688483 -0.18692830064297697 -0.73479673528245348 -0.26493639136543246 -0.36412275468259642 -2.2143758946078851 -1.603413207398136 -1.0905048264640118 -0.13663805866833392 0.18422567455883943 -0.12283012456687473 0.62877099469076903 -0.4474638131789983 -0.32885281011001372 -0.14039275390472966 0.56222028257125722 0.53982647755801005 0.45631531984423096 0.66200235298145482 -2.4844982671468823 -2.7920902454158441 -0.73003666836025971 -1.5480843903451387 -2.0732379117888944 -1.1488779963847675 -1.5231741912005057 1.7953918528434707 -0.011952471905741118 -2.607174572973384 -3.0078203466041411 -0.969953744979828 -1.1152649476883851 -0.17212302828147641 -1.9196068848270169 -2.3424039594537365 -1.2640425497695682 -4.1617704643417186 0.16359829806764831 -1.0830551023185711 -0.67233888048430035 -1.405510551116639 0.16651319919202978 0.17944613233865692 4.1271247893110043 -0.46305566639607054 -4.3308080921071932 -1.8068775951058409 -2.0604420907201551 -2.1640631959929757 1.1593189216880384 -0.083096333800013245 1.5120815234880927 -2.5841824937460167 -4.2534102392135331 -2.46807760332283 -0.96923682584792692 -1.989022700379393 -0.4719242087989502 -0.28941434467446753 4.1293319317334616 -4.9555676417712062 -5.3907259517898387 -3.9437238136260722 -3.0927124336028409 -1.7299189897598832 -2.4672157656327229 -4.8047683630626112 -7.5152066036226399 -6.4995361720977121 -6.1446035176864777 -5.6151094226847951 -4.8948750938514598 -3.9363802444190559 -1.9380140644675736 -7.0171189056204097 -8.3213339038686058 -3.1892928670991103 -3.1480284114334962 -3.5996143842911326 -7.6759511318606375 -1.1600847592282275 -7.1600109520443649 -5.2983981454653213 -7.8126057335347205 -7.935585004051708 -5.718899060784068 -5.183850964290186 -4.9493509519532068 -5.4249256238049721 -6.0710730176958272 -6.4316288841850708 -5.9378714105344956 -6.6626416051391706 -5.9957003488919911 -4.1678478173174565 -5.440551475712109 -6.0016004722370448 -6.9440347112873058 -5.6491609911013665 -4.557908752516977 -3.7775513043638296 -4.494132130640331 -2.0647191779587915 -5.5453610985316004 -7.5151876673879752 -4.3732466783777673 -6.5093544091306157 -3.8883301711705873 -5.4985362079615108 -3.5607288111531843 -2.5339877648794187 -4.226178836595663 -4.8055709596452605 -5.492319968409606 -0.41925684433900445 -1.744463520896449 -5.0798129485450509 -6.5813968492723074 -4.5645506590389342 -4.7030342863356474 -4.5604239088007033 -3.068331292883324 -1.0719069827500609 -2.1725102638677845 -4.4852205060280328 -7.1056605140653328 -3.3311247694779209 -2.452283615999769 -2.3950456262578554 -4.3627123830470751 -3.1969208346379903 -2.8529690095232785 -2.5162788120146988 -5.3292137280486385 -3.8773156392452472 -4.2838942635222619 -4.7103463920752029 -3.1337554400067775 -4.440994379802035 -3.324027805918941 -4.9553758204151475 -4.6374140731147193 -5.7995805314864235 -2.7023674437300125 -1.9381710305296782 0.84365228333119335 -1.6651264021971044 -0.9361674725176754 -3.4758542717150123 -3.3389750976996342 -4.1242748550877284 -0.33453439797385015 -2.049289627751552 -2.6251483419958013 -0.89310633342521462 -2.3787370659907991 -3.3048409384463637 -5.6143381134643189 -0.8889114962619038 0.037714384494103526 2.2656291631965702 -2.1235105905202385 -2.6116423367746742 4.0361142509800016 -1.3073587884844435 -2.3603371204569754 4.3000145183672664 -2.0222428932290568 -0.064251937438964679 0.34633440968727047 -1.0243652003274641 -0.68812851227830563 -1.0805374113273558 -1.448965740504127 0.085363392446165809 0.27064442013191631 -0.77989987393483051 1.9280992032521813 1.6483436109642855 -0.067949915926679247 -0.10261026595875898 -1.8241634934979656 1.5453105653932997 0.48248143526373832 -1.2139996277172378 -0.55996799868917979 0.94999314075512731 -0.81769126073553444 -3.6244828424637063 -0.14723781106464509 -2.7689755799666091 -0.65055211712414385 -0.51043097784986824 -1.2778771155430915 -1.8164280517830238 0.30633735665076961 -0.5438965618388667 -0.55068076005919753 0.94245836354779255 -0.73659492009036143 0.91772829091114017 -1.7014886241707654 -2.5316758859652078 -0.88393692279105451 -0.58857812609511251 2.5713281386696143 0.92058504023591048 -2.497419204011162 -1.6573595055612802 -3.8942728496645374 -0.15172451105024465 0.59566603246456062 0.5566594503541793 -2.685454196278994 1.7091832087778822 -1.5819173827859809 1.3862874093096949 -1.6475733948365499 1.4389470464808272 0.16968942808588758 1.5809902340151099 0.98990029419985437 -0.1355372969276335 -0.67123927950685114 -3.0903967366317628 -2.198216718614264 0.90647083281855434 -0.28085603777015428




