# Created by Octave 5.2.0, Fri Apr 02 16:03:28 2021 CEST <br1@br1>
# name: ptcls
# type: scalar struct
# ndims: 2
 1 1
# length: 2
# name: x
# type: matrix
# rows: 2
# columns: 320
 121.30212778944846 112.24403052475269 109.79340311852937 107.06784345732684 115.04438919114517 117.35078384444881 104.42683103547563 110.46537143778298 121.09645724589369 117.61306521134216 116.21533112196917 110.7491949236278 116.14061838177628 118.13131354808438 118.99818696600586 118.53865304981822 122.27536307979285 120.93749973496267 113.31783765110896 113.15022533256901 114.37190085785055 131.96710038781717 116.83371623565994 132.35294027624349 128.23555576785287 123.86687107428739 130.30253647299955 128.15652584636513 131.76981282068087 133.97098508284526 131.96159006161903 133.20070810286336 127.10086536468692 124.71109906069235 129.75111070412669 130.81155106713027 129.79548390949344 134.97125118036536 134.12957833678448 132.83474267179659 129.27514437031522 130.96378415847104 131.62616542577771 130.05568091715347 130.86355101134956 134.16556483926988 140.95895470919388 138.71535314059781 132.84678241941714 130.47053740534858 132.09643360242171 132.28843351792548 133.54680850392859 133.00328579250856 139.78615508400927 143.06647694330405 134.23206565324034 133.55603100103338 141.95974876394561 139.57324898722678 142.00702075394582 140.9764369823686 141.93174935809421 142.07055770800935 103.30962843198844 104.40414648395736 101.95123011091644 98.528153728801641 100.82967315656249 99.863238041848803 99.787206407697198 86.122689987095498 105.37611961282673 104.35376031468495 103.11356676466882 101.79161380908587 101.89415456900576 100.8566176662243 100.8397926495422 98.699045056639747 107.39623000227148 104.95147615883165 103.98044513133118 103.01096710508045 102.85244673343789 101.78966836545453 101.88815431016748 100.86805324437005 106.30812991292277 105.94264330901036 104.99620038230573 103.91953140679294 103.86784861307599 102.89802777525249 102.87177944129537 101.89029326293961 109.81693286713627 111.06879413130561 107.0621139745915 104.95699943792843 104.94780332744213 103.90113427682391 104.97001639994517 103.03688619055214 109.95555540784432 110.23891512884262 109.51939496959849 105.94955598767615 107.09943956479218 106.23842624094924 105.95419945059828 106.27301993495506 111.29544005910932 110.89180640861312 112.68044768429242 108.1964082845649 105.89281406743635 107.24588464476429 108.21831126771511 107.02606638736184 110.41376828122057 112.7491956110665 112.06663759829425 109.13789335196361 107.12135629521491 107.79406368878624 108.55650543236223 109.38035241734278 110.48877352476261 111.26796886372632 110.93099061844028 113.45357032664489 108.10886741407222 108.16977406311945 109.80427181918569 103.39731372017427 109.24501444844918 110.14338619656679 111.5324706934193 114.6072230744833 114.85145064909948 110.22235285477907 108.77857837024172 104.57259354671397 114.2733797238585 112.66505900372744 109.7815651290952 111.46146983694794 114.56271816354183 111.55446592420269 109.21910080548449 104.55657372024962 114.68834528171324 113.73306949926385 115.41921235818715 110.28778317984309 112.30396711848631 113.09454104885529 115.9520971508111 121.27340786082965 112.90246446635187 113.75771655831856 114.85742703676559 115.79933847066656 116.8870101016154 112.07462527039065 122.27961068504322 122.41247958095526 113.11201972166504 114.01063712355283 115.10649807250196 116.27391824893768 117.33785054077936 118.39918007674278 120.59826015711073 120.38547820309066 121.5400690559465 114.29087570288989 115.47972897744677 116.61306870546008 116.30858247596115 118.80265725530334 117.89586706890312 119.56077259020427 121.52561031522389 130.57936316607424 131.11011934358783 117.69956919647409 128.37398073349661 120.31915396931402 121.53802502985141 119.07848598180055 131.83468491736008 130.66501239950318 129.64806201803245 128.48281730262138 129.70300677445925 127.38815533844644 126.13654795671211 123.6900836548788 129.47633582837318 132.82821088308262 129.45013023610795 128.43384714035406 130.2288709946699 129.18026348996867 128.1857953864143 129.23650299100345 132.26874190158614 130.48913966339862 131.44998177731699 131.12480317480504 129.76522889213581 129.90719729622305 130.33124758134144 133.17514411493588 132.45046295590467 131.82662590509074 132.9490023145965 130.67124639763603 129.20753605222694 131.42063088540061 131.49052307719907 132.06510771306961 130.71710568777027 132.58896815646855 132.74628960313183 130.39975852129294 131.47117214878202 133.83276544598067 134.62997729725933 134.04924936332796 137.858565151759 132.7631007238725 131.83779212879173 134.88175510926843 136.11508697236985 138.84188467692201 135.89264187091302 142.65214917114992 135.68118172475195 132.69784724458756 131.68773670123218 139.76624303257751 140.63068689396479 138.53088168202839 140.88680153771304 141.19088948327351 135.32581576622331 132.64064470676445 140.17082345054362 140.30136851361013 141.47957527368155 139.84700015477802 137.61966321597896 131.46513639545762 141.30187909041868 141.80353287250796 139.05078076058433 140.80689241458549 142.57564121211811 139.92027455825635 142.19857101760147 143.22804393873682 141.56006874660656 142.71251861667361 141.38738015798145 141.86174508193119 142.34891932387544 141.52409990216714 141.09627403312092 144.15046188025255 141.91571634733128 142.74772636757601 142.75409040210795 143.58140572339269 143.56482607948712 141.98238012210004 142.96064368103274 141.63783772698775 140.63825420919909 143.7326294482605 143.95541681761517 144.42018900009813 144.48784893086622 143.14750657474687 143.72627030605327 143.35275536488624 145.16237591962485 144.90355234566997 145.57071507656343 145.53116948719037 145.35376167694812 144.14297333526073 144.50630301390365 144.52990795337155 147.03695660361387 145.80227733556509 146.80187782961679 146.40441010007183 146.0798562846625 145.07623707744401 145.65058807518037 145.83871543651952 147.88643672089191 146.71159015303166 147.5664979063601 147.3066512512446 148.11609168654519 147.08946770781588 146.7821743939447 146.07422081185871 148.18351723249205 147.97909196768916 148.79374268376182 148.36014699152295 149.22669088263029 149.11023554931384 147.95374591312455 147.37788257776765
 68.620020792498508 85.268448043215074 91.879370806202402 112.63182038379239 87.311241543924368 94.880556789986059 110.59454601703713 100.11247753756273 64.991362547456603 73.974285569256921 87.307455343106497 85.370219562889574 95.151656436113058 93.9507421520712 96.069375334948276 95.083762978891698 64.016253012951623 67.653687983294532 86.062616301585678 80.080647607011045 86.265849687456509 89.257463961310847 93.41170407020401 88.233920196169507 82.008168287341121 84.891404054414906 83.365234274428133 90.03129148082327 90.451105637214511 88.337167767250662 86.891320576052863 87.214812340608489 81.889378205766988 77.821562093605692 87.481606034445164 87.013212237453217 86.180028702589766 86.189585814912675 89.415805576526338 89.932454012146181 82.58504604251452 84.276627458999812 83.375762459038341 84.888506051859935 85.686607482901664 86.97736877047501 96.480284978036892 96.546996786503755 83.234357056306834 82.325209006426846 84.418448780859734 85.899320578845689 84.163658187501539 85.106890636592809 97.018449691147964 95.699356568399466 85.137079140815274 86.072965390825289 91.54882081648671 95.633225956269129 96.180375319419753 95.231592951381671 98.339020952617432 94.927414376907407 86.349260505854957 85.465203905353775 86.722778097229167 86.747256948095227 88.520685863493739 89.123265526369906 90.429805003343716 100.49893957243593 86.270541814328894 86.558941897032341 87.420779865329919 87.838158258788141 89.073799893415583 89.668088710351071 90.733246985613633 90.487901357161817 86.772168864103975 87.449478120636925 88.021812273353419 88.587621596655211 89.62048493514294 90.181533032843859 91.331726669037863 91.972088579899264 86.717412054440274 87.773247622486338 88.517611144669218 89.12798935200108 90.206099480087133 90.732613667797651 91.911399889594094 92.472994692288808 83.636880833762291 83.460226069780788 87.923873326016135 89.61725639706907 90.820800162624764 91.411394643810596 91.941569181373325 92.980998822549125 79.336167403345854 80.489218532650227 85.553959363990515 90.245819066207446 90.183256296744062 91.521734943993891 92.895811222982971 94.252066559698974 79.041301796671164 82.44801123992363 84.068913151776755 87.440603244322233 89.000906064207484 92.240824252894711 92.84022604709142 93.379119266711072 77.151444712253138 78.094245893335426 82.030975259031592 86.972937862181681 89.124011355163205 91.079448199760407 91.845460463020657 92.81609906866926 78.372094113219546 80.089360278206769 81.353596372129331 83.240107216714506 88.575087578544839 89.692696815679412 90.698955569311792 111.09055393950474 73.564025151320195 76.008976605148732 76.582209427894369 83.834796068666165 79.705855134714682 87.005496664776672 90.627225523800732 109.58473275502594 66.397091184082669 64.691168529766742 72.694337296169692 77.887579020695199 82.520168595592878 84.46913441281086 88.433574568096049 111.9332706127164 65.004905893257629 65.440619959206956 65.967736539521354 74.786970451110918 79.376996898363956 81.938944372879831 75.615280741667434 66.109917874328673 63.330712626493792 64.330863112865529 63.913308767374843 64.674778123634994 63.917302029501371 80.956253288466129 65.117318006873447 66.291081036263435 62.222601228300434 63.077363770659282 62.791268853861361 62.993678782114777 62.876802023891408 62.829308343444382 62.286013240953324 66.638469830300366 51.708431138163732 61.936379133033356 61.755159604693304 62.004250386784577 60.827907504943653 61.849315135888283 63.799419966028559 62.643016885423144 50.672057487177398 56.244868686485709 61.310329063419971 61.935583316254693 62.295298532422699 63.483500191142355 63.254317840870414 63.639931223768329 60.406959756141269 62.725733740135752 62.997705955147779 63.355635266021537 66.234173972415618 63.944843830566704 64.316056734698236 78.2704257906192 64.030205377161025 60.994367043408111 65.085653310269564 64.574495525308421 67.359024045242549 67.199535944065062 80.911104216955124 81.354144667077719 65.747929553018224 63.785749420610287 66.650744071541482 68.813755847601684 68.423090413524775 69.857976800163328 81.202930229238362 82.184885824171928 66.89448272394408 67.767314646038187 67.792846795728238 71.058042004996238 72.659544862167593 73.349310594398631 81.521308095067724 82.47091735983895 65.805865462230926 71.413598653388462 69.135765387490906 72.248211781466011 71.832455590396535 81.321326011716721 84.076917874855098 82.958847940771889 66.819504018323627 70.347653014414277 69.652856679829171 82.040824066294434 83.38802234593382 89.45469443916177 86.781667245662902 92.312957116670475 72.505499795293971 73.606734880680008 70.687354316029385 85.331871553486593 87.927273609877204 88.416402755058712 90.844368938805914 93.82305468259122 73.593843323526272 72.463037892565751 83.919967996606076 86.549652385427606 87.219012213696288 88.8105997896226 89.037485131003649 113.64875644700474 76.414506557405971 77.445978811496005 84.200482819067162 85.023596460598839 88.10909883189818 90.116174459082586 93.550096474023604 94.63387800870602 82.383734056529732 83.619813360365271 83.696610315786316 85.896019283348352 89.191782692763624 88.423327677255998 89.851491937396645 95.518164292443217 84.653759692486901 85.293793335246633 86.817646745159507 87.626683803818963 88.965975487768205 90.376702258809999 91.02829276565619 92.625773299852355 82.905285122468626 83.961044318146918 86.524669872248069 88.345260781474309 89.704547927372957 89.95527813803578 91.865576353551617 93.413469711332041 85.926577449809898 87.270698279806297 88.202311132493875 89.287630825342475 90.339144996114186 90.798185113488955 92.616799796377506 94.004371280253906 86.748222968895234 86.741437680916633 88.928981538794773 89.938604158800004 91.34196167713479 91.668058896540003 92.60831423708764 93.993130150875928 87.488071205136478 87.806419909200969 89.845500299198164 90.941885338944175 91.68450352054623 91.931368107986046 93.002999337334856 95.25718348120526 86.215612205852281 88.613613101854227 89.420309490948199 90.573790243463975 91.407783056492534 92.489446867135854 92.756356095698024 94.186670810087008


# name: v
# type: matrix
# rows: 2
# columns: 320
 1.3564535070824231 -1.2564689106150517 -2.0703766799144874 -2.3617106020879088 -0.69993553087788651 -1.1296050779362539 -1.8484689463085577 -2.1848560259870178 -2.4032676453562685 -0.48745244587736836 -2.6682845752807713 -1.7432725076583626 -2.1775004304694114 -1.0494087998012858 -0.18843789803944305 0.34061675209045283 -1.3322310911676527 2.077254857304792 -3.1089128430932251 -1.930818068999244 -0.23307864114238186 3.9926548380233418 -1.3598843673094356 2.4888472803017474 2.7234270972707342 0.18963793975630527 1.9896904284242436 1.1313036246855084 5.9308260462470495 -0.77247189165309704 -0.73733112523309763 -0.044952785755134894 2.1044419859630517 -1.1836449964233389 0.6708233624812755 3.2952960290359372 -1.4921226609355882 1.8211682603402111 1.9510920301939538 0.65682153079777539 -1.1886957632551944 1.3110231510515402 0.84102975371907862 2.1764959474040597 -1.5638283327048541 1.172859843131606 3.937377472344791 3.3535700105599937 3.0784827423284327 -0.68581217288856589 1.1232184652339283 -1.3350104668715372 0.67128693984881238 2.0541248374808867 4.4889532455086094 0.31860291941287638 -0.41218846675056564 0.052481631237411029 1.0194531571213115 5.5703950422966226 1.1065348285205747 3.9170778564206521 1.732132065245076 0.71650169666508334 -2.6942917289968218 -0.67394846041322198 -1.5063586643419149 -2.5555409142093808 -3.5303436638895911 -1.2862279795178428 -3.3073699680239672 -4.8083481724781443 -1.1113681344411319 -4.5981846391265773 -2.7096703495893877 0.053626603399254597 0.68956634587365895 -3.0950522339698918 0.29345619762443997 -2.5200644435866937 -1.6416668612626175 -1.9463208743946057 -1.6456008698806344 -1.2660797900985243 -2.6409298381322674 -0.8128810896407096 0.44941105741989856 -3.4144696611352745 0.83812310741148599 0.75120888021182119 -2.6260935514121519 -0.51175864066240817 -0.62048186731194122 0.21998638726969919 -1.0890890490854588 0.86240396712085676 -1.960825740540352 -1.4642467682092264 -0.062081569081994983 -0.45006252831702781 -4.1248057551058368 -0.60722200366604895 -0.46111263325690666 -2.0354576290211028 -0.65066131352627121 -0.50840956147315608 -2.2828701490871759 -2.3979982059263381 -0.43687964795321799 -1.8703228465702453 -2.9619406773731076 -0.56801572071050088 -2.442763908144808 1.1762839574103656 1.1985708943600664 -1.4183935943357999 -3.2118675334365787 0.93157160818412021 -0.96417355035871721 -3.0861928734022968 -1.8036572398461899 -1.6106591066746869 -1.451141439340601 -0.33301607682266549 0.058410404330457272 -2.717401974729563 0.13103845323086738 -2.5869795758828231 0.29843966697147023 -0.48330790006524704 -0.52994635714203953 -1.5885040215592945 -3.7203674865075809 -2.3901907535542968 -1.9785199565207026 -4.6261567413690727 -0.17266447793970358 -1.113159773738932 -3.7589037825514526 1.4099787383227094 -0.91330757852125832 0.17044498269393085 0.14690240017898207 -3.124934650935312 -0.061833611806158997 -0.84128521583233851 -1.415759559865345 -1.3558511076775681 -1.0366202377243381 -0.72209790828420317 -3.4049692046685052 -2.2463907903900617 -0.30540964041182439 -3.9249885550565753 -0.54210488341086638 -2.1147567726408121 -1.7971206361598764 -1.318494806730178 -1.0520618614152739 -0.008884335135563165 -1.917817042124321 -1.5642093436147619 -1.212212130013445 -0.33392032500797164 -1.0782387196904886 -2.2178389875569633 -0.81567620352895964 -1.1274615415924676 -4.8922992911632992 -1.4128566647260139 1.7688377738280088 -2.2185949130337654 0.44570107786115881 -1.1954638354338101 -2.3967560624924071 0.42973573655522573 -1.1296320731543128 -0.6776209230332817 0.6211996766380814 -0.37819433645632616 -3.0826017980966056 -2.9791158990547748 -1.4276779339915364 0.2394543406515898 0.39817902116908166 1.9063454546835059 2.6114517144782092 -2.4827498267519528 -1.1795860843095758 -1.5745504123772436 -0.94139700597470477 2.8583076772750062 0.72169569239084919 -0.062806608484905921 4.4448158906726816 0.63770875718258624 1.7811802170214321 3.2630236777910957 -0.96518013586247586 0.24964518584849266 -0.34850634812498049 1.0390719969989435 -0.23477251339476754 0.75575411827695427 0.0099855477609601673 1.613559648264675 -0.019538146702323365 2.9113848004776193 1.2475049527118003 1.6833291380087949 2.411199387079705 -0.43255071379514859 1.3997326187539889 0.18598398043775732 1.1138273778520362 2.0352131798465898 0.65803505594590184 0.55306666356327761 -0.95900257103012765 -0.037761085356808569 0.34895425329946816 -2.1543279531564892 0.77372823556672221 1.1354798978395453 0.75072673517697086 -0.3542624163017008 0.26719885196444226 0.24431236726700672 -1.625617928653615 2.5382653570931875 -0.55964415581152394 0.56118680814724609 2.2728166734052841 1.7015957421467709 0.21164139911421392 0.69192856940879111 1.6439823066174741 1.516884955293774 1.5043199157006486 0.41801280967473164 1.1287957705568847 -2.7963097056344322 -1.023481962711271 0.71277530798610933 -1.0455079671224965 -0.5067189579592547 1.4731150405482707 3.9368983082474607 -0.13136743856438141 -1.0322934728481652 1.3517137722152792 1.9488620039515989 2.1769325455800179 0.027909311810531232 2.1790280594037594 -1.1396072695747648 2.7967159831399826 0.60130982636613717 1.9297926999684265 1.2676071075011213 1.0285047798817215 4.1280075606482027 -0.06292099103130655 1.7312562013778081 0.57718011481718245 4.4484722927989662 -0.92508334332783826 2.3690899349905066 0.88408178772215928 0.38938568631183806 1.7735721430120182 1.8601856068809481 1.3470567460256082 1.0968785694340244 1.7512232073287213 6.2738829270016323 1.9881232727561149 1.7942173969419075 0.89385193394911755 -2.2701338819840329 1.5431215068413915 0.21110478943635499 -0.82843759529551508 -0.28925708286351731 0.75057911462640092 -0.38369251727751919 0.42524801782116561 3.0786441671038207 3.8851696977542853 1.7079139861768331 -0.23357588790644018 -0.88272573815408462 0.36119408590424285 2.8877359207360893 1.7829254771209559 0.85013390776073927 2.160486461190652 1.2234491664724343 -0.1792099276993657 0.65269663046168602 0.81266010720863791 3.3622515295189692 -0.084735006329739487 3.3236211329644396 0.21529581801976255 -0.036545278687499579 1.2837652897349487 2.303044703846719 1.6324174081976253 1.1001884935590918 2.7513175912046113 -1.022477390085849 2.4515590561350735 2.857718752157175 0.12337514169055357 1.9994734476574585 0.19975965631126835 1.0552657782437738 3.9812988076302731 0.32170701120218692
 -5.9164510993153376 0.44511238396796976 -1.4242175690966363 3.1959294126884794 -4.0033994840467182 -2.6637383813706772 3.7489299687200801 0.29108599795669898 -9.436883284832934 -4.6597563928841446 -1.6104615743758319 -2.8952258074550183 0.61187625288780012 -1.5165068836293214 -1.3500250566801286 -0.0049508979008833984 -5.2077969882609576 -6.9284817200818463 -2.083284960870496 0.72480598137661656 -0.85810538967725081 -1.9823883537068232 -0.6256156167790986 -3.9016651302695231 -2.3548539937889141 -1.9360448762617062 -2.4149011132653699 -1.3688265063269536 -1.886928956151845 -1.0970668306542464 -3.4693912027411322 -4.6224473297879962 -3.8111954810382822 -1.9206662250541306 -1.5976030882303454 -3.4185558713091706 -3.0336727555383773 -1.5460776417800421 -2.1426100867400732 -1.1438110609544716 -1.3257956349472051 -1.2300907378926929 -1.8282876534869203 -3.9093968487134059 -1.6412412931554474 -2.8878361448807968 -0.20151513576746821 -0.71833782368531196 -2.9620830435252596 -1.2230800764693011 -4.049158006390436 -2.3332506122114967 -1.725623271998957 -3.3039961153530157 -0.91602993875127525 -0.12523512668102213 -0.91252448071462744 -3.4016522911320579 -2.1066766365668532 -0.54301909873913201 0.015048066684831246 0.062781864192713935 0.98789832023364621 -0.73430691926404812 3.007785764848065 -2.0656323386396593 0.98551350711701069 -0.70265671128496998 -1.9696715788610666 0.77958822968241792 -0.97508227863901742 1.2975106343904557 -0.68750924704556193 0.95289551895432045 -1.5095525076349707 0.58540478901053317 -1.3703406221959911 -0.33287058073556913 -0.77817123151867795 -0.97004016400533932 -1.1408442256001174 -3.0262930846383806 -2.7572184761146459 -0.4641063281810201 -1.8500487370066021 0.4878919003820667 -2.2872836659667541 -2.6304413097992909 1.096806595160327 2.1772190930855322 0.53230395040967093 0.59970138833904529 -2.4937306050724137 -0.64433417852770358 -0.59922723126544053 0.29435946403323926 -0.050672242080438863 -2.6217350474344188 0.79434856442179624 -0.86162543699917737 -0.60151834639176305 -2.1197489678921198 -1.0480636107404377 -1.4346470040894512 -3.5618763731459135 -1.3150225266598878 -0.89365004052497021 0.16158284266096137 0.20835376876171158 -0.41295973597322783 0.15379953625041018 -0.35535359267818817 0.23409182101416537 -0.77752254774893192 -2.1958270735833736 0.063947244897650662 -0.034194937193301786 1.0089297620883018 -0.44245968196194091 -1.5411637658842192 -3.1883166856050709 -5.6514113261314467 -2.0394920678090309 -2.4777425477171344 -1.6915463411553702 -2.9578991667874885 -1.1033441846715593 -0.42702125891918041 -0.33654647632425438 0.45470092945213625 -4.337666022557106 -2.1169311681385237 -0.81608165571176261 -2.1721254886380863 1.1394891635935451 4.2912108294662694 -1.4217573003290969 -1.3026739051815777 1.4474623630622583 -2.0127546180204834 -2.1239739952992451 1.0342396899314794 -0.4030928742589055 1.071896488910248 -2.1008889033982396 -6.9297599377513475 -2.8719786872424446 -4.9332722064224832 -1.8294439844000949 -3.7608901855731967 -0.12024385625279356 4.910871731264681 -4.7465225489001694 -2.9523744526866778 -2.9102815574413876 -2.3111913574330414 -1.3661162157589113 -1.6781495335308758 -4.6850579681082172 -6.7201928835061038 -4.9417530176721041 -4.4770334481987888 -6.2179723257525819 -5.4450812469668985 -5.399665992619278 0.13600364421525743 -8.3513345314069802 -4.7000100749974063 -5.8731487771110125 -6.0846848300440071 -3.5698002639946909 -6.4594091010366208 -5.0963690776082275 -8.2185740882460188 -6.7645546272456283 -9.1971874742177366 -7.6919119074933739 -4.4804644140527969 -2.7212980683318055 -4.9485262870777369 -5.2659418716268664 -4.6051097193456156 -4.9478887781466625 -6.4103410370924756 -6.9063147016975144 -5.9957003488919911 -3.6498237736630696 -4.732084526035341 -5.8607951716013407 -4.7739642545405925 -5.1932377314177369 -7.2208419565730875 -2.3451158659829607 -3.3625349756208878 -5.029437213729163 -6.2025714520136326 -5.0163949121589129 -5.340917182128492 -6.3869947758269365 -4.7855792666918902 -2.0449397822846276 -5.5940971675104629 -6.0084437572369085 -4.3697432997916552 -4.02036375511799 -5.9342011891733959 0.11515758259255103 -0.24878874029755485 -4.035040309080193 -4.8127041151935286 -4.1048260476762728 -1.7725906808265997 -5.167364895303896 -5.216680279557333 -3.2209831233160897 -2.7426989072077754 -4.5429859462190141 -4.3153866357061217 -5.5094686270944022 -3.807350011455036 -3.2242354257975063 -2.9875507473302791 0.67945361037719409 -2.0848577636399854 -4.6050200529052381 -5.5074018415519603 -6.7672410577510265 -2.9827975355543681 -3.8770470782940825 -4.5202209189138287 -3.3301940863319364 -2.0872420033271184 -4.9553758204151475 -5.9118215062783639 -4.8153772467497538 -2.3504374084151403 -0.70585555804871902 -2.4756220281670096 -3.6007236331354364 -1.0379393175110256 -4.6396897171426303 -2.1542759631386414 -4.2435827784689444 -1.2983898925160904 -1.3467072218800689 0.35786954303810975 -0.81431723891655738 -1.6121924501402807 -2.1410054930187568 -5.9604291143279147 0.057193313209779349 1.8614854619550087 -0.60090100720048878 -0.024462374786737295 -2.4526422592106667 4.0361142509800016 -1.0922131705762192 -2.5754827383651984 -2.2115972830821082 -1.8417024611982533 -3.3988898056488757 -0.72686611089034781 -1.309880221183404 -0.90139296099094568 0.069442877605275163 -3.0876518707189415 1.8244954550984798 -0.67170010947082193 -1.0861926996633318 -0.75518426802626959 -0.095945570304848959 -0.62886977517004872 -0.41850131241824184 1.1418298004481424 0.63461883635156113 -0.14181968384351387 -0.90454762957696644 0.34574749864530541 -0.71464911975364387 -2.1376982647967187 -1.2152019273189509 -0.74553467302795862 0.49283154812821539 -0.036130542477040416 -2.9376402905777148 0.40090003364984461 -1.0104112630909157 0.12703666101484806 0.75976309649555884 -0.63081033574595191 -0.74923315240644972 0.67531064297150012 -2.0355826281340321 -0.32407465388331663 -1.3621891927163985 0.30610768367018493 -0.32491480978213805 -0.27320530182724967 0.074559231858657177 1.1662610730943721 -0.65614855335872668 -0.70995452357552669 -0.41709937349784981 -1.2431640470285177 1.9414675104711925 -0.63186913131930988 -0.13196702226756485 -0.40388012453648098 -2.0238159821406221 1.7264025885517706 0.37731614564205479 0.75002726198949898 -0.23279302966316462 -0.096556606964145655 -0.81099076556609018 -0.55234644739815819 1.407915721219589 1.5580563680621125 -1.5144681593647826 -0.77833667720067212




