# Created by Octave 5.2.0, Fri Apr 02 16:06:11 2021 CEST <br1@br1>
# name: ptcls
# type: scalar struct
# ndims: 2
 1 1
# length: 2
# name: x
# type: matrix
# rows: 2
# columns: 320
 148.7245472908179 91.949992547159212 91.296185412077492 75.657092449557823 94.372186637442553 108.65425557086517 64.952348280173524 81.406786292138264 92.600330581230025 109.36372630882887 97.997103065220159 92.264442481919176 107.01117816480613 107.88669373684367 108.00878672598311 109.02384464418635 85.995409410408655 100.38308962201066 94.303991781360551 96.121490645853612 97.151978371408802 146.85265690764808 107.54430611149118 149.07351688350499 143.06165823938167 126.38905567302911 145.17233644291983 143.20286405469022 151.43474989455476 150.66316456413585 141.16857210694045 149.71373873875541 141.09572972348212 120.01916819767234 148.94525108609071 145.79603221060918 146.60612744348302 150.26006689470725 149.20271401433902 150.83500694479125 147.81528677208442 148.45983714612504 141.92286679166699 149.19952406331819 145.06239141911664 151.74888333078164 161.43275346120637 160.34012197665291 146.41158956170452 144.18534840771889 139.7918232518152 148.00108137183344 148.1555204752506 146.02319577040723 161.34896847827105 162.38799322365014 147.18382172395468 155.29822383865562 162.92263626420814 161.55510689482418 160.16799681239024 161.11642679400504 162.54094404313591 160.67763220518836 80.705590757330867 81.430091547098812 80.966463051224252 64.539459569808088 82.101304098032429 80.141157737939636 79.846120039154314 22.171659293135239 83.892115580153444 84.675695805345157 82.740278058307794 81.925984426421991 84.15245963921349 83.170732319541074 83.15824966365831 79.062488431909472 90.35098986829864 88.220483902610027 87.22044676820768 83.894036263930332 84.960264018689429 83.732998103094474 84.661526738848153 82.603116187584092 90.339446023043919 89.207034187635216 88.113119827756719 86.014066138764989 85.968457521172482 84.936252914373696 84.929161386362921 84.336065457152941 108.28996014757922 93.542098102941239 89.366960175983337 87.131505660442556 85.784265366680302 85.452132735110496 85.77498703998549 88.815006778323436 93.689848117214851 93.609937722909706 92.033568532356057 86.844163299963938 87.683927458442028 87.043284204282216 86.268122962817088 89.883142105838857 91.018691519214585 93.139178940014403 95.301527656246193 89.958822456405741 87.807754325936315 90.886945170333533 102.52903668831243 87.394829774136255 91.609549423132961 94.457583667831187 94.236668770086766 91.333554580939108 88.907125845393196 88.712392158280792 90.14189057143183 91.972344334755491 112.89158572420294 94.802022140938419 91.426064357532724 92.866145038512244 90.375628864775067 88.526213491172825 92.282932935226782 65.87784486916452 88.859958621589996 89.381528704463165 92.533314916643619 101.41268100317838 95.543968992100588 90.982421748591349 89.960158460547262 62.793905734697972 131.65129279189216 107.7448280981546 70.453037436269113 93.602772178691765 93.304633287427762 96.982159948665242 91.245973455865013 65.778063122845566 128.55413443342209 114.75778477014759 117.77944789943589 88.134333261413246 93.189198389752988 93.348548728035752 103.97615444400448 87.270544683678537 111.80638446526463 113.55960456041178 127.91073619803078 109.7309087646974 101.06057212706192 92.315315802722722 92.34012483743868 96.56307380148273 112.85517781153035 111.22770004683659 110.44759693055407 99.663475955816509 85.918639948204245 86.794249263003053 101.00129676725126 95.214580337010659 117.53609828403748 109.96784328624074 105.57295305800908 98.610683129804229 103.29043690870374 107.2330000427464 112.83990743902324 106.24282633208529 110.16681908519958 155.93375771335047 135.27013336728146 97.577697013917629 138.76992162152143 93.386830876057203 91.247380715369545 97.596424936884276 138.42399733826463 137.47619670535184 150.92278121408236 140.75776336556635 138.41783740027788 139.67034045284885 131.44772699022499 121.59425344778182 137.35805367217733 139.00249898108711 138.3823306316319 140.42805970418578 137.99339550775267 139.46991566899396 141.74144884256083 143.85922552930384 134.86708240745435 136.4282533876752 136.10880328556905 139.30174799345221 132.68010254833007 133.91813397209825 143.18975465457328 147.45403487820968 136.50082634631241 134.38388233594242 135.1566634095648 133.09965822337384 133.25674095718725 130.49427038485769 147.00392346760884 141.07768894964451 129.54290357510368 134.60692353908166 137.28104323268332 132.62904942423845 134.2318741194554 146.37172893011672 147.55137302050741 145.36286835389916 168.08702690805197 132.08751859201277 136.12670134400835 144.6684528475069 148.02906873169184 157.6887044895073 154.35143632338847 162.63869513398927 141.52369763667497 126.13144382986437 133.00727015289368 158.57195651682716 159.43041829819481 150.78666804013804 160.16181474005188 161.90761870227217 142.74909666980014 135.02254136432748 158.8231511841322 159.83369190933379 161.3031694418512 157.39985927100602 150.99965353154911 116.30835971010541 164.78099420593313 163.51816102342477 125.93220471361468 167.14159315758684 162.6048306661495 158.97986340713931 161.84295930516498 163.45439628538227 160.30592223384977 155.50547105137372 158.13473854076429 161.7281640722403 163.22529283055556 158.22874282629945 162.07381191433225 162.59522010113918 160.9736874211855 164.50720279566872 163.81442959915518 161.31685939098139 163.48515140520735 162.72029836577764 163.69295426888817 159.47278550640991 160.54913945346078 168.09049741822409 165.83005867917194 164.92199610711012 164.29114207163212 163.77806217354112 162.94846606354602 164.27363433736912 166.02596508000187 165.4781661089437 164.89405712906222 164.29035549405722 165.91597543507862 164.82517555893222 164.61852792194537 169.73797780451267 167.5166741368221 166.62875458357672 165.91031339849559 165.34101899412576 166.65297136984637 165.46306052265848 168.9828596812028 163.47189187073232 169.66206724206623 168.21530667818973 166.93877823502166 166.38512140703327 169.23126317063938 167.95450578041414 168.07257343447566 160.82998790889536 169.77559843248201 169.2903028600831 167.99579422714405 167.03232924180935 168.72150293062018 168.6081851656711 167.51140249292231 169.53092373474891
 20.380402195770618 69.254472178226862 78.334106508553162 155.13768157253494 61.402708003357532 80.141516268331983 166.77478456917714 103.98392131040289 2.0424905151695807 13.550222436972579 62.234480579645684 77.920353446217447 86.182767203402875 81.017979808395552 78.760065324974391 78.714281607039226 6.9342879345637494 1.3188859453273953 65.117998646801993 62.117878694820263 61.479787503192064 56.594854292745069 79.755317572257482 56.66587208132691 51.738522509205232 59.142007200125903 52.691632637417811 71.825898946660985 56.63512121898313 57.714620748329075 59.331504137043332 58.920198328417513 49.311968046085077 35.722487999376767 55.477141817889873 54.592097617536609 55.466191850648599 56.630065845973192 54.398840159858352 58.820671039064798 55.17600674809875 51.506880282046311 51.673318840486985 57.90075970069536 53.857727811792493 53.663052729913581 87.050118044487533 87.213781920540995 52.217716389349398 51.692531410208694 51.150276266959885 56.309625942846004 52.791566563847006 53.369497911745185 88.069033062493673 87.616467554450921 53.260802855578902 58.31790588922324 83.905671587321876 89.501762352743967 88.323252144992921 85.077522077737441 90.037448291031652 86.136533042652061 78.716230943750475 77.602953519731969 79.803466181146192 77.401922687992041 80.03645708463911 81.127509525299615 79.706926540493356 117.75583100982512 76.88608224804679 76.043666207962829 77.676534930819471 78.933548303715227 79.348964557571477 78.958036566875208 80.135075884000727 80.691721925373926 76.349165521107565 75.827793538172671 76.504484900719689 78.115925848345015 77.306131224145517 81.21267276149544 80.351163433643492 81.140455979673334 75.154056106008383 76.964351810897625 77.200758653321188 76.895376350418545 78.004542213834142 78.593061657588905 81.432293026898421 82.321185412801739 77.633263248732078 78.179512630119305 75.857362703705775 77.533792064488892 79.500206883449181 82.576908975138238 80.804939157403169 81.95646799509133 62.39970436817184 56.157554308186128 76.838973448109542 79.102141299796926 79.944226536099649 80.97800613997417 81.807179410645006 81.122361734820842 62.046567719165573 77.2105128926367 64.439498642696108 77.694659763575729 78.31501792590997 80.657243231851069 96.665279455203674 82.037084024830378 61.103121349000595 58.698517006887116 63.486579161872044 75.882950578108478 78.095523001768854 80.467283811556555 82.344869037482482 80.318420002337845 56.202451777550557 62.442201314317231 63.116529587032552 61.650417144981397 78.878018254313233 79.258156320565078 78.974232244646402 167.25401718961385 36.862222295835942 37.862078168860606 55.750671602051192 61.935280846569881 63.20830565213484 77.247330784036322 79.939221070907436 129.54801892217858 13.352247097215217 10.46740907973866 47.646475744073612 54.82634027136524 64.447945347210265 62.742123536656059 79.426061470754235 166.13097258753348 11.490252314833436 2.7153904629743235 11.607475776046044 37.680721067734389 63.343079805329175 60.676941827801059 13.561925534255382 8.1459057819229361 9.0102953102109851 2.2565212251326208 1.6566722356552348 6.2482631489848703 2.7454717849185428 62.546262866110759 3.3265968699542681 1.6041912552703155 10.048017920890985 6.5172090110836258 7.2480511844565703 2.0560283296993838 8.0292423858770263 5.4864880890619041 8.4754213114284092 2.0603854187930919 33.673755998704941 4.8882182847256122 5.223117430369097 1.5469502917585145 10.883703299620002 5.6212492707459747 0.3349787973732376 6.1332139256599048 46.421576794298929 23.497945953776103 10.520508489637889 1.946771574896756 2.1373411767757853 2.8181492819076004 2.5858058936944412 0.8088534293838735 10.280591308957126 8.7517224848591066 2.5746459764655469 7.4996324422557734 7.7839455700883775 7.2871589903630314 3.6076026635716993 43.627369120738692 9.8656927044834841 11.22987919913901 9.2203504904914055 8.6371246580688279 6.6109647251160197 9.9924199371024436 50.135238700871469 52.814313970917048 9.5802479373405198 10.502575796427738 9.4177189081072612 8.5846728626533846 3.4741980598106528 6.7745688159828568 50.667013931875758 51.934085260297479 8.3987990929216814 11.644963339197345 8.5561594585018845 7.5709388179292647 4.375138857225048 1.2147476724723296 54.332530694135841 51.013463728641504 24.597716486635925 7.6359206104016319 7.4841122177273762 6.5007705784984564 5.6293304035364473 50.968737778177818 50.81012621412507 51.582435595581956 0.91300560679859366 4.5622838911363228 7.3484272776130517 50.649311642815427 53.919019863796358 82.538236230312222 53.177376808278183 85.051229996725723 27.910719418620896 13.287662115029207 5.487885173199877 81.608600828480846 83.512568186255464 74.028367744976919 84.341747760770446 84.316508970635525 28.005377405053295 6.5382024732150921 82.629169016749557 82.361035499275346 81.145045017713329 81.402230000664773 60.115538154755292 167.32907598505972 52.577509559619138 52.502620220362154 93.742991394364552 79.541665765991894 80.390789087385059 84.7472592013103 85.926594201273986 87.141843913838358 80.595552517563519 67.907695970613034 76.557934162873849 83.145873349093591 81.795017861631536 83.663999228536326 81.925724245288521 88.864083021677047 82.238857938492572 79.946833202943751 80.825380299277938 80.018699291663268 79.532414346344027 82.794839589800546 85.386038269839005 85.633984211031461 83.298090512108985 80.073812063689672 79.731123620379051 81.289505496861565 82.269618993570873 83.226278060620061 86.188481046298051 86.348998809510945 81.217409640861092 82.245523905570238 83.135767036482221 84.137865130728343 85.590581274094831 85.239350615159154 88.043719031067994 87.233890560095887 81.327236105436612 82.264800959276073 83.350305786405031 84.255029635056488 86.87939124823211 86.558433854851359 86.246030321357935 88.166871415770842 83.859247397732332 82.386916471746417 83.389585803183124 84.458289899080839 80.09288869185518 86.657332078153033 85.519910763153035 101.28028566982658 81.683870497414077 82.650482734640406 83.431022530155545 85.74634875668373 81.276456549838628 84.436306489528135 84.407833802754141 84.915968040896814


# name: v
# type: matrix
# rows: 2
# columns: 320
 4.4388033362693289 -1.5491047806532685 -0.00010278254368552286 -2.3617106020879088 -0.85885031169961656 -0.59248028933945496 -3.3392231621744539 -2.1848560259870178 -5.4002449562692982 -0.62397535907694635 -2.4315201788878777 -0.30375971470292584 -0.74118715823311598 -1.0050126672362225 0.319389328318266 -1.3972447975071456 -6.7268956693483055 -0.55514482710786583 0.35363560281035594 -1.2007140074070168 -3.7045169621544303 2.2108701838843245 -1.0261328722404532 -0.62519653667816522 2.8885182105045994 0.18963793975630527 2.6540589486017248 1.1313036246855084 2.9498129433179923 0.67954785064865186 0.076597165524798977 1.3745541491353888 1.7762287361928188 0.95492287514684171 0.89080037005830404 -1.8366179200247452 1.6912645407251654 0.54003679556201245 2.4009447000152608 -0.80566824988056229 -0.25716711598284442 3.0415502423286731 0.1239601531292305 1.2316039131149943 0.84972204826681264 1.6961192366017308 1.2220500830333001 0.44870625089177091 2.6207956857176318 0.25343704908089032 2.4270154260607617 2.0129486614965453 2.1261569646764222 1.167148971991429 3.8936658072383339 1.1118336496428218 2.2461175366253965 2.5807933735430915 1.4130197330279501 2.7557438587120742 2.3033320226717278 0.48845354393053758 1.9195330248693336 1.7983245863018791 -1.2853951023159922 -1.8724121735189303 -2.6472974307072601 -2.5555409142093808 -0.81770116188116337 -0.37712427150558758 -2.9958865526230891 -4.8083481724781443 -2.1187796402341474 -2.7667853607453425 -0.84323553693145514 0.23185687072591907 -0.46472847512011473 -0.36558728078011227 -1.4163118413053466 -1.4386564491688822 -0.92165400070453529 0.65527360861872841 -1.3038256761970461 -2.4601802184219692 1.0798472976009348 -2.2206518393024357 0.43533434440279295 -2.7857025869401606 -0.87508263790509999 -0.72734498700641936 -1.8574107746773589 -2.5705505571994021 -2.0360591884419446 -2.7530511224733494 -0.95285934164859776 -1.0183711678010767 2.5651656517840711 0.58034235834609071 -2.5742617760717095 -0.3033048397617627 -0.82867880203373512 -1.0071084387946334 -2.4260100980016319 -0.79136072834145332 -2.9708450613501078 -0.42498722116372417 -2.470385266324659 -1.3410419039088703 -1.7154014408467213 0.20703162917166926 0.00040824557056478076 -2.001771611029223 -1.9217332614192786 -2.0094979387226308 -4.9846024225321628 -1.8369662330769503 -1.1507388123465545 -2.1823946053056855 -0.98235940944024569 -0.64841265836279427 0.87808871482374096 -1.6277308787959501 -2.5886626324394801 -3.0910731984159812 -1.6891664468976912 -2.1177684728937241 -3.3616600327348407 -1.5452818500643075 0.63942593884555221 -1.0295472698836301 0.061536514299998582 -2.1021151218095455 -2.9706904301262589 -1.4601450605897615 -2.7409773031140614 -3.8949121016908421 0.2002914583826168 -1.470798792587084 -1.9408450751884914 -0.94314333146569318 0.33153273531527522 0.28088801931469215 -3.2704353166857651 -3.1420302346738094 2.0503194377782759 -0.018888538791593794 -3.3052369035009281 -1.1946195923287788 0.78411154727416632 -0.22479342484831008 -0.60088612096398897 -1.4697856304639276 9.2096492148494384 2.7714352910228883 2.9290544254613664 -3.2084046463270464 -0.91821494970653061 -3.9592302522085596 0.28301216482355873 -6.4511868698530828 0.96882871140287175 2.4683930264937382 10.259128706175632 1.3969474193745033 -3.1631183445651576 -2.3133355531802522 -3.4455652523685765 -3.0793076710533316 0.75525044875884351 2.712453228765995 2.1821047528695625 -3.4724105951087285 -5.3301905602642101 -7.1008493950045084 -1.4529014560330804 -4.6531715731174597 -0.31910471256220463 -1.4068834335610549 2.617117668831054 -3.0994350904185501 -2.4247536195060548 1.1638524436341702 1.059235328624063 -0.91793485811414655 -5.0913061521010965 1.9063454546835059 -0.79798260462611226 -5.3706364862500511 0.29073861035588694 -5.9269785729005688 -5.7449746580321923 -2.7024569630742299 -0.48047986608622245 0.43169307524873557 2.5327848163482951 2.4885003477318208 1.1890639407376586 1.2555084009519739 2.5841526229544689 2.7900351269563872 0.50780986785333093 -2.599669336814185 -0.14769825647937782 -1.1572518416280917 0.89976706287527564 0.42148784698812969 -0.19816986879930931 -0.17099557733875292 -1.138760589401034 1.9945237299855341 -1.7748211982183686 2.4580078531894927 1.3429571520102899 0.21015517274305673 1.5442720015570974 -2.5305132297694142 0.20451187239278845 0.79018802427273604 1.2697315632343864 1.3874704126004662 -0.82351248173245417 1.7470133462501591 -0.91594811400113663 1.1598061905414514 -0.92266956557525615 -2.3386573554421699 1.4679903448083509 -2.7741659964491396 2.1680454686893844 0.99871978055992339 0.27655339650928179 0.54802069130660847 2.2728166734052841 0.69501570534613666 2.3449265365568288 2.6353496893662873 2.0486244567624676 1.8897423272636256 1.6039025045154522 1.1206733297910754 1.5614199102776414 -3.8149525754224811 1.2958826377953221 2.2182338848604433 0.59160820466088182 0.79445250808365253 2.0222000104913769 0.61921917829176432 -0.56399157828513891 -0.94190553914959918 2.318454479913131 0.90270455562274998 1.0554989174212239 2.2639508809728088 0.27132458353829225 -1.1396072695747648 1.2652891712187968 2.1327366382873234 -2.100086601167332 1.7477641307331577 2.3487891393344564 3.6327516703348182 1.9263143919668217 0.50617990193636764 0.38254542645942868 0.88167391345715806 0.51532177851477956 1.6236847771448606 0.06297021032333204 0.73877797797721323 -0.32551404723866117 2.3540762810507063 4.1851447660297625 0.46888716814404785 2.2629699819849773 -1.0141329760205053 3.0597461447367205 4.9170262385519985 1.8277254662690576 3.6915725540136846 0.93553465979002781 0.6174040702443726 -0.89897511611385006 0.30201148482065843 0.84442236114050462 2.343104482893569 6.7359066406752603 4.0615263658397369 -0.6060118026908129 -0.46525110001272996 2.3033274913752613 1.6972923555298727 0.050097918998843513 0.98709551171957122 -0.028248635588828556 1.8151798478964731 -2.3136712033994353 2.7845796802748954 2.4480044926972546 0.92166774900308168 2.5648944241833407 2.4423492135039124 2.0487394451358121 1.387653121435011 1.105137137949985 0.93916418881064423 1.0974429788705862 1.007162903981341 0.94642678985885798 -0.39015448877982917 1.636179538172821 1.0795806053282941 1.9573664156950863 0.093334270158767427 2.7645659671890979 -0.016220602466960485 3.1023851773639044 1.7320073437900714 2.2834278159724102 2.7640849751609293
 5.5987895625229687 -1.117490105380994 -2.6841222541598908 3.1959294126884794 -1.7757278119334232 -0.14823557235148427 5.8489675636812324 0.29108599795669898 0.64229054689151988 -4.5400459979297505 -1.1197246564549861 -0.26571391146868001 -0.81039780598378297 -2.8415419248093219 -0.82788069401108 -2.654234588506454 2.0863755935905091 2.2057273393250196 0.33465982733749799 -0.77807826611156017 -1.9333238509568567 -1.7043294965059581 1.0956476097321437 -3.9462195908267552 -0.69017028887338794 -1.9360448762617062 -0.15270058223614322 -1.3688265063269536 -2.7332918619495326 -1.2957710640763391 -1.8863316855641648 -0.42025122847710805 -0.9661013548018681 -1.3575735504779309 -2.06293365171343 -2.9191129308636197 -5.4504462730151584 -2.3928601095284141 -2.530758955903941 -0.66401572838855127 -2.9654955906913862 -1.1319029775731257 -3.2018299971453192 -2.9827135171712236 -2.0942493189420595 -3.0630822844400307 -0.20329831039582291 0.29252457272590404 -1.5007221256299363 -3.2462125331868283 -1.7629981586217833 -3.8608859230135542 -3.7528351483695968 -2.4683245277266419 -2.2436727459551258 -2.0772992466548379 -3.1124605561041161 -2.8624243468958199 -0.52625919659676645 -0.35888188396629062 -0.16417280855955271 -2.8002874970434619 -0.76178024461477367 -0.35894203109387901 -1.2035840689467685 -1.1654989909519897 -2.0537638801847962 -0.70265671128496998 -1.4453979485381121 -0.93122908160627271 0.63872465334832107 1.2975106343904557 -1.6425791172658157 -3.5600131504509016 0.76545205985807552 2.165056414729829 0.66886353600106607 -0.52690323044998488 -1.497621116238067 -1.4722350259712504 -0.99980814062279233 0.0080440062450144872 -1.3611357987701218 0.32474269200696498 -1.3688279079546957 -0.11362096676086335 -1.1142767338407706 -1.6099239546882393 -1.2558309128355656 -0.28120332904937995 -0.84430131029206623 1.084938145434764 0.15634463742504684 -1.7333334614126457 -1.6284473344634041 0.086135192116070569 -1.6660247447609033 0.19617089581559943 -1.9479335265630162 -2.3651849087885242 -0.59980268938278236 -0.91919949689102975 -1.1304747751317912 0.21989985447605154 -1.0341094690546064 -2.3852363891164901 -1.7089078858659701 -0.85312866287081057 2.2077372637080157 -0.15897428214959669 -3.5926800528320855 -1.5145928429900284 -1.9823855565315545 -1.1485005636283578 -0.63382909903594586 -0.908183928206175 0.70839013064988421 -0.94771861394556145 1.4511542305423721 -1.2871174987282357 -1.3651715432810794 -1.0765224132855755 1.3304153554585323 1.3139945323387656 0.14067831612954412 -0.60636244763562241 -0.65625878334103571 -1.8827603998888061 -1.4985947257817349 -1.3813368596404294 -3.68342241926146 -1.4910581100600035 -2.5175357767859694 -2.9455503596514587 -0.84882248295199914 3.7162002846394087 -2.976765641930327 -1.4270213245099146 -1.9443025788723984 -1.5869886814609546 -4.0143372459634117 1.5579721965091635 -0.56246469262566401 1.5120815234880927 -3.5162276711970275 3.1413217421236785 -1.9440862629784657 -1.0315570282977762 -2.6430575218025592 -1.6187601461764383 -1.0603617228707143 2.9456596465525893 5.3255055829953539 1.4816424083581394 5.8476518687659436 -4.0067805660102289 0.014865760221281978 -1.6483534279897869 3.9756514192921975 2.6544876031433664 3.5839221361872067 1.5961265368854685 1.8889400912694194 4.4135575124333464 1.3950683300795905 -1.6910821617107794 0.23591614274306075 1.1738674783754406 4.0006009550056207 2.969529170676469 2.9303298174604948 -0.21746303913038265 4.0173565093895212 1.9639811180655313 2.9873404674379849 1.0754753501804217 -2.6530697814681132 1.5331230557087463 0.65292926491812908 -1.5060648090641966 -4.5983608034962797 1.0696309952599328 -0.1596664581772064 1.8849510616155851 7.5887839945288658 5.9957003488919911 -4.5258086256437622 -0.59183169949447256 -5.3422207117402865 -0.098107293231030346 1.3470701066273441 -0.75126996498971732 -4.3733731585399065 -2.780253476786942 -4.4806091023851753 -3.6978776265689204 -5.9575855430975801 -5.584724440401156 -4.4552670711400681 4.4351460013733561 -3.8587271750107002 -3.591986312992534 -4.7230891983976573 -2.2843784836563774 -2.8036967346048347 -4.001781053785364 -0.8189682271583818 -1.4091050455232716 -5.0011438686572269 -1.4194196727768873 -4.1655087296513766 -4.0844417407207851 -4.7589443929976269 -2.4231016718657994 -3.5130719741582577 -1.5542805189832845 -5.3722559640253458 -4.773023548038605 -4.732604212921081 -3.5276759505268473 -5.179848077679523 -6.8239786623718501 -0.47136008409036828 -2.432203772636822 -2.5976670930922872 -4.429168122715196 -3.3601425372242879 -5.4687052370155858 -5.841754808780637 -0.80952054365456727 -4.0279540914040695 -3.1863917916073126 -4.9553758204151475 -6.3196290685517518 -5.0887983709555913 -0.72663341695364336 -2.7339216823118049 -0.7069527739301279 -4.0373863935836658 1.589860195691259 -3.5055574180952025 3.4664148036242786 -3.6259149266352173 -1.1543252661778944 0.52024239907692971 -0.81940030315974965 0.53632739010658093 -2.3526679747254784 -3.2751377920661353 -7.6602500397568347 -2.89170407997109 1.7114783810048217 1.2249789421356638 -1.0619012871226989 -4.1161222119668945 4.0361142509800016 -1.2575841212338692 -2.4101117877075566 0.86357808203941411 -0.84941424252721909 -1.5483685495170376 -0.20341672940534325 -2.3562277224039869 -2.5029305215448598 -1.6544403256497195 -1.072369632113483 -1.9795123299974435 -0.82665112416945419 0.97198788548596848 -1.9039080663488026 -0.55975913655622178 -0.5299592094354344 0.32443093257599365 -1.5809394757706805 0.52747833791523169 -0.90949809328679476 -0.95135733076230355 0.079613841907286487 -1.6862288774674927 -0.9899428392835552 1.0230567326650595 -0.094887506398328714 -1.2629812458539735 -0.68111872379790717 -1.9498828300192845 -0.32431175941283108 0.099397778533389922 -0.78165980369577859 1.1186672995472262 -0.38816109218742684 0.57125865989820923 0.63295640063384651 -0.71911777501846974 0.61752789272281106 -1.5298102780968224 -0.94009188298393564 -1.1922194034881042 -1.1708024026158086 -2.139934026238282 -2.2305986892644976 -0.88769836882639142 1.500370755231208 -2.9819886304024226 0.71974643718717224 -0.43799004462027813 0.14195746327127434 2.1395788720782045 -4.2496359052161212 -0.34311231704688883 1.0399185621303835 0.026965353814209593 0.86129832952167451 1.5067871589632151 1.0525524173276839 0.92830286295327136 1.7626373547647254 1.5610631294956232 2.1713782685374543 -1.1442966855092436 -0.44471418437422539




