# Created by Octave 5.2.0, Fri Apr 02 16:04:25 2021 CEST <br1@br1>
# name: ptcls
# type: scalar struct
# ndims: 2
 1 1
# length: 2
# name: x
# type: matrix
# rows: 2
# columns: 320
 127.72233625186243 105.31593386772033 104.29480231391334 95.967803627513732 107.16199467211464 115.05892898243037 90.65682536623008 100.19654811563785 113.81694724810826 114.7299143968843 107.42195272308807 104.05895106969767 112.74986361418124 112.18134700631047 112.67978745622189 113.87311224887483 114.55610222183182 115.12669261400494 107.4566938830108 107.38676691155779 108.45258600069401 137.30622830106344 113.29839955688712 137.87499053529518 135.15267759311433 124.75816939113597 136.65125405041573 133.47365288238979 139.9287186293225 140.95849590322015 136.45792587697812 139.00832369460196 132.38588682176771 122.42016697838739 135.32255461092888 134.67358530342918 135.97500474594116 137.97727415103026 141.22851198908455 142.27401734925738 136.32841440391297 137.37614581265518 133.63139952747503 137.23685199612052 135.74462282850695 141.38769567305974 150.27466082706397 148.35615683932323 137.66436829096938 135.81406157314598 136.7929547251274 136.74144746197854 138.51793608041376 137.37708312762814 149.28693414512102 150.96639083923253 138.72472747261347 139.43018511068325 149.59143874566513 148.19733218674577 146.57670532322382 148.59597679448106 149.11961374080897 149.34512628723635 95.46608318240024 96.58932101485226 95.039286156506591 86.517111432014445 94.309165806366877 94.016785547372805 93.541977498658753 63.523453576451601 98.238216872572423 97.108097034323578 96.028047232152844 95.19647697253221 95.846005014977621 94.673496011710725 94.535435531048634 93.179284954713992 100.41748478139387 99.09060686279166 97.870311115292083 96.786949093821818 96.652557645978533 95.62006835497786 95.445768229380818 94.321787726275431 99.253250689497477 99.972879641178551 98.860894034168112 97.698795208410061 97.697588310542713 96.495124214929547 96.446369113484508 95.294639127570591 103.04968962466306 105.07269657979502 100.25019202363356 98.80402557615038 97.411223775015102 97.609227894197332 98.76505946802574 96.50700027376007 104.34788292687902 107.77753261340889 102.59765494016364 98.677576363919712 99.841316158070924 99.603676672201672 99.941752236112862 101.23263171957325 104.10492807151276 104.82845245315856 109.00089507450544 101.27678831444454 99.855128359994438 101.62484540110158 105.09766659086641 100.52179032149114 105.10199316658509 106.40269117002939 106.44293078342234 101.52231489758799 100.81282310917703 100.7012931917389 101.74046835325477 103.14500733169162 107.34195985197056 106.31174359213389 105.13262053133396 108.34026641133508 101.50611525859281 100.97251975239315 103.73961697933143 89.56357274503064 101.87413523551528 102.09137216809968 105.22861952297961 109.83059126229801 105.31075909295231 102.35372370126495 101.8169245968359 89.815365752887004 114.01663035202004 110.17732325655822 98.878074806373291 103.98683789335949 110.57150055029352 106.05692481297673 102.85617720143621 91.241577852154236 111.13783941426986 110.33836107884905 112.31166565791305 100.92895621642232 110.51683039260396 107.10186656247647 111.59953072100073 113.30457079340242 109.30557662799158 111.55191306556462 112.4876284246987 113.39356063501802 112.79097939453811 106.15621110147063 117.36800316399281 116.17714385899937 109.90855113922819 111.30241020510388 112.33624731923935 111.50607280125405 113.31502139501112 114.49862668177563 111.57783840020454 117.60094822147741 120.35376848388846 110.62329362386103 109.39503019370818 112.10693347135094 109.99069567916921 110.52777935681337 113.86457221731115 113.40001015997242 119.27408154295186 139.53918680308163 137.41104716016096 112.20395954691705 131.53492345529565 112.70304319082672 115.73901119250657 114.52464838607645 136.50980530409896 135.16007195002419 133.45726629700695 132.5591497073037 133.93275858959069 132.31375151953489 129.92146146651731 121.59121662748213 134.52019548272719 135.54453041453795 134.07829667856885 133.12699834087445 133.83281201319667 133.04884300592448 133.57132636267053 136.27121855968412 136.247105016479 135.86098497889805 134.77167509159042 132.77096512722872 129.18711409649441 131.43114495427557 135.4911211549485 137.76655402244057 134.49892922015832 134.55710921228814 133.15556662760363 130.15738555605211 128.35014127042683 127.40375637176848 134.80317974245466 135.85117317781302 135.5943434943656 132.21153797124043 133.51194205395228 129.62278136486452 128.15414298386057 136.75867511996682 139.78559583980828 138.62079035601494 148.54080351676478 132.26113458218788 132.73465892933484 138.94385776169895 139.18638886091739 145.66793358713301 138.83953114242976 149.21166535079058 138.35995761759682 128.76401913937985 130.89575726041437 145.62782264211961 146.64371402363773 143.95437647059933 147.67193384837219 148.42671930688917 137.33495303374286 129.00177536878559 147.60675621475409 146.46325700042604 147.73180217065897 146.45372911968414 141.15927370446653 126.10898222845904 148.98703957335394 150.08909369425109 144.00519285388251 151.67450146389567 148.50498119702982 146.59775952993954 149.99997011014344 150.91416285257026 149.02879509630799 147.92307539566497 148.36277940082184 148.68808305842524 148.75396211192643 147.32502001693265 147.54274208418806 150.18439990663782 149.51384821581863 149.70652751210753 148.72997824342562 150.47493615705253 149.49236236677154 148.8029419586864 150.37352308077928 146.99959738571513 146.87785028684507 153.39248406682981 150.80425979017392 151.42261637736581 150.92098086422348 149.72876314999343 149.83560542798267 151.1132811289369 152.31959229332094 151.50384862286504 152.56612674093955 152.14312215833249 151.79194370964422 150.41901310685657 152.35172274748746 151.86803593725466 153.56218809338867 152.50314742567647 153.31173548850126 152.95466270073931 152.72500305178775 151.39186526007987 153.56104068581172 151.94280564170185 154.72388836178618 153.46670298313052 154.1233375201557 153.8921516014791 155.64452359347501 154.60352782042588 154.34203847014265 151.31420420790732 154.50744682723274 154.27761716515442 155.30609103601162 154.94634206877654 156.19178060716928 156.02894714964447 155.44682312769666 153.20441228205539
 38.972032663034241 78.724462899296739 84.717862093979093 127.65268862343174 75.463162467279432 89.136783178691928 130.56028325769711 101.48058172796489 35.117497129404164 52.594618019165715 76.490503358883643 81.268743483652912 92.099898292397953 91.090010000779969 89.829158272855665 89.291081515051275 34.097848084128742 35.121217011234052 77.60293028347526 73.166986190989007 75.77869691081888 77.682783948417224 91.020751760117363 78.54242549452816 73.702326605933663 75.79199313598069 72.230735961390053 83.597806901081711 75.902957681328687 76.800033494840804 78.46995267457828 78.06904199064428 70.311495561187485 62.749451801722159 74.784114922836281 76.656698243634978 75.824869531746003 76.826946829191215 75.410187248520259 77.211630786395176 74.371931807658385 73.454592010876894 70.940189791728884 75.739007519550071 77.239131771746429 74.088012944094103 94.115223571975676 94.125950412219169 71.533710064088851 71.400236943114663 70.902803681707709 76.741427906941638 73.92228212021395 74.630758601240984 94.595735922467654 93.074861705815451 72.184739810474838 76.934835017572084 89.125170531523338 95.221838146628656 94.541467809933735 92.477708248552432 95.723379682818489 93.499168757770136 82.689624693466897 83.042625423119105 83.589301409793819 83.444770405051244 84.407652772921381 83.376968749580158 86.074602867161332 106.5972395540697 83.81834073848141 83.989664902022398 84.280674956992684 84.990739944508817 85.835472452179729 85.921029836208675 87.116899564590625 84.50904632533593 83.013679949204246 84.478515337504035 84.912614094624061 85.169681497813343 86.559700404366666 86.909995505527149 87.978706316717918 88.331273970478492 83.450783755595211 85.147556791508222 85.631838592559433 86.028823758874395 87.123412557622203 87.587798028223787 88.656778775235779 89.140162483274409 81.779639621285838 81.688956343627666 84.159410966765947 86.742847919161903 88.144545127812876 89.549822131796702 89.312431433760651 89.771989568687843 72.576657431420642 72.057588430754947 82.756983721908654 87.770691624731441 87.299278182714147 88.473591380043104 90.314248081709081 90.194364985281126 71.50443188300639 80.532016730611261 77.981789359425591 83.89929529795846 86.270129581144204 88.763723290772063 87.634380472379306 89.221960745346536 70.878375211362751 70.146957953919113 77.123509904287886 82.86919665359018 85.847159017708918 88.057243557379806 87.636593294309506 86.863484620044559 69.137233192488992 72.474386081922475 75.491817661326422 76.988898223366689 84.990960664558969 86.996027587949641 85.677320026141146 130.48604425283008 60.936124498888226 62.09896130651785 69.626319135744978 76.7055809107312 71.930110030052958 83.970162251069397 86.359101990075942 116.54411782017242 43.590131465234656 40.251006485967487 64.365617605683227 70.065842847803893 75.814488937397186 76.136260543917771 85.002950498340113 131.52033037988826 42.180048006480433 41.28143358223388 42.20767439773779 61.700816506098818 74.528219669160393 74.205981108855184 53.074320795096646 33.986569973597049 40.974641534242622 41.044850981861046 40.43221482749555 39.326126929331188 38.407856415175679 74.950641926164025 32.723392832375687 35.167936021197391 42.335389503651768 39.946804955980255 39.393001186990112 38.479111339130547 37.309820209638204 37.252252941849527 35.235432403056613 33.848664663738482 17.032541777174355 39.060220421310255 37.153406848609372 37.53582314796725 38.088037432929774 37.123665929837522 38.160154955417418 36.174354567057158 16.736281784969627 28.065077046694107 43.360238019211451 36.319237327515751 41.149209414181506 35.185733546203743 34.085023834044584 35.998020507662133 44.080950732587155 44.199335326224308 41.730614797487952 40.670732361218533 44.632227402587247 41.995409100476685 33.671643307307662 61.823182271296368 42.400667398468329 43.263001762583748 43.457124082959155 42.896117316724428 45.713307335392408 44.121417759067427 69.694144476558051 73.363835994506601 48.449170290851562 45.074918970522894 45.301721666702278 45.109894683822709 48.966631397203507 47.918565236100832 72.571054747722172 70.430515598614235 47.78278202506695 46.61044818982586 48.077454006324579 49.835214412009812 51.005321359926619 51.522519028509826 70.300332997883146 70.19761689753193 46.837309118278064 48.622250160706102 47.020142426162877 51.115114459674508 48.830004187918249 69.44222810761724 71.107970091453751 71.105957574867276 43.52923766237079 47.182966462371276 46.191069225438767 70.142769300492006 74.981088649255213 86.038617267902367 76.060764428973926 90.590886789091257 57.289270938617612 52.008258188302058 48.844145220818739 84.920928776655614 85.312958245824902 81.075210352157029 88.436709231486077 89.433071339652116 56.94080469244436 49.984947456156021 83.563027687820082 84.160064737658345 84.863008341729397 86.815408294400598 77.949847621434017 132.61849342661162 68.304631907255725 68.317682689621577 86.312389822605979 83.082884981943607 85.886400342206827 88.15312821585232 92.640441627899463 91.946838228042836 81.574824171943789 77.130074806778069 82.652802419624621 83.668181276778 87.088211727099406 86.270028742118484 87.384341148672462 95.187503107873155 82.601161954304175 84.04291511118609 84.758070349851465 85.037809467016686 86.179741317888613 88.299114320496656 89.876351407635354 89.315056283811018 82.620097403346648 82.908884987513247 83.807330433890925 85.784996850249044 87.406329448585026 87.575639331702419 91.505830070944469 90.728359597419015 83.924665919600301 84.66696174194324 86.074598624170548 87.172736414785803 88.229831614833813 88.36565879910188 89.975394130963551 91.465346389302383 84.28733939556021 84.976426492050038 86.822700426491494 87.813439903396869 88.959800330393819 89.169302880681187 89.677170229157568 92.539050512903032 84.655257510970259 85.425060622577675 87.542696702978432 88.557587636854549 89.048803876293931 89.472301365108962 90.526874187075038 94.662926082747774 83.566191089325798 86.128794095763737 87.20541361721024 88.21808974630973 87.932971433061994 91.493447345184393 90.180956183651617 90.753953795626643


# name: v
# type: matrix
# rows: 2
# columns: 320
 1.3579693284185725 -1.7140891605344442 -2.8562340050390453 -2.3617106020879088 -3.5679516898364465 -0.9704775094784035 -3.620341456677775 -2.1848560259870178 -2.7165048734482156 -0.62397535907694635 1.0116590356940152 0.42359807172309549 -1.0277247915032444 -0.04957837759979724 -2.2919978299602528 -1.8827858951478171 -0.18930046708489687 -0.94306247789827913 0.19665442799123589 -1.4260813493598055 -3.7609095363480933 1.3423462717872368 0.65834458222413084 0.21701650773648126 1.6911122523655513 0.18963793975630527 3.650699003933342 1.1313036246855084 -0.22347975277924978 0.24970916005489954 -0.946789911024707 0.56541253419381399 1.3268860903821211 -1.7036752115251714 -0.077365847314355335 1.0734913589535764 3.0473322019092675 0.20675960089400414 -0.4172128525895073 1.9973783718697273 2.3405909662228597 3.8315740504482534 -0.17339864564959037 -0.35101205713342803 3.0448135746833493 2.0130235282754674 1.3550403203984851 3.0914044103448566 -0.75069988440380153 1.7234571349149039 -0.0050534852998080915 1.1794215027326063 0.19233237916520882 1.8376820271861458 0.76393269005780007 1.6105349570751555 -0.76181013346246362 2.5710188175940254 2.3750435708250777 1.6385581143592955 0.86679717893759345 2.7766247350252069 3.3374326665795158 -0.1033818192977187 -3.0393664052840292 -0.91929992636764968 -0.71596491887526514 -2.5555409142093808 -3.1991966248945847 0.82345948729827056 -4.9318299135719501 -4.8083481724781443 -0.85318574804877612 -3.1839788714765755 -1.9632312386531969 -1.1561495030420494 -1.3831281323156073 -0.94509708462212816 0.40822737541240367 -4.4289611598345697 -0.048323653684837375 -1.6988842476961485 0.05157973673088187 -0.56693209676673295 1.0287127091912351 -1.426150928359051 -0.38377726706570819 0.30927070253164107 -1.2445463949710744 -0.8721362833832369 -0.0073595327988032234 -1.8260313995866726 -0.1007344222846048 -1.3986287327717655 -1.5621576487652544 -0.72267862105653957 -1.0150817542357822 -1.1438541107727962 -1.7129581113720957 -0.58074261442158315 -0.24958806175687095 1.8203727094113828 0.32589572829831132 -0.8585556631665725 -2.6251735296664434 -1.3268990563387586 0.14618046169523377 -1.0536309130695634 -1.951421723360387 -3.0650650217937971 -0.11722963621649785 -1.6890091981745614 -0.81998624679565046 -3.7311189561381779 -3.0657707588393728 -1.6110301152559057 -3.6016781301377856 -3.9361634399594343 1.6750227946733049 -2.1187596760627025 -1.5184817041046323 -0.55776483873958616 0.12822151955385508 -4.1100111532192178 -0.43904193142028314 -1.9423485858329999 -3.1707634288702997 -0.93621797101925996 1.2477021057227125 -0.45688387632737731 -3.2502000252592125 -2.8830698018399179 -2.2038606565677892 -2.4560762557018649 1.4607803190062585 -2.5491039035956033 -0.86539570540625887 -1.8889214933757894 -1.3320586618230765 -1.1882561264221672 -0.015819639664643184 -0.82725551457807989 -2.917219560184563 -3.1420302346738094 2.084543832586502 -0.48055090101664111 -3.3052369035009281 -2.7443966076123516 -0.18256322934849506 -2.4549243705612467 -1.8166038865727987 -2.5344755340558396 -0.098693822586467 -0.41246950511220137 2.0424371212768673 -1.7245947817494709 -0.85869532522636782 -1.671042458646558 -0.91553894821569615 -0.84272513132880977 -1.0309248506973401 2.4703283420118134 -1.8197657366841422 -2.477381946893134 -0.72044114637090217 -0.94443687321169545 -2.3730590096179607 -3.5917587379496294 -1.3216958619833712 -0.97982916770745088 -0.4883092653153942 -1.3695962435764601 -0.44596977331323295 0.19231433405841467 -3.4477619651124769 -2.4730906658948206 -1.9532667045109446 2.1521484949643854 -1.1716705795300599 1.3884423794985659 -2.3712130097619295 -1.7234274728460688 -2.0292785334290633 -3.1665934842560035 1.2218136525257097 1.9063454546835059 -1.3739667369503497 0.21009978401735491 0.18653792058559951 -2.2223183290976642 -0.61940364599242781 -3.7039615514665387 3.0511622131234915 2.4978015761464714 1.2261813460094437 1.6339143865763539 -0.29205363688365238 -2.1035229324143212 0.9259881844467065 0.7696754009503266 3.1467263240930481 0.42329092431402565 1.4588664362670833 2.5305545137101473 0.088280817191882965 -0.39697719587890878 3.8041717075205823 1.7337904924966159 -1.0863760905571473 -0.54243858136578771 -0.10697061403053804 -0.46194556495385719 -1.1203278530464154 2.2747108495518154 4.3239429068955388 -0.65342555937891922 -0.77275784288225169 1.0597115692515398 -0.46065554692558752 0.28466164266681893 -0.57858216887558855 -2.3467832119945022 0.66320342374987673 -0.1536856955625224 3.9075723099430753 -0.068820076808542865 1.537886367999979 1.2325613247854252 0.74401837562546114 1.9103619420415898 0.75986743140670243 -0.71244892309274421 2.2728166734052841 -0.14208613849880192 0.79336263249063033 0.4912900585557699 1.0209754998164098 1.4977306993854933 2.0484466990270604 2.4346677096670355 1.6513523560301442 -1.6535640528335638 1.2550338192868558 -0.50501254247572536 2.6941645451300227 0.79445250808365253 1.6626172111446487 2.6229974050233511 -0.65392402403763783 -1.4159263825219828 2.4585637623327732 -0.02742794500263173 -0.094009054433304928 -0.56718290048596331 0.6251757898647039 -1.1396072695747648 2.8400626651960246 0.55796314431009508 -2.306948303678122 1.7718369478829907 0.26937911650800195 1.4786868660804 4.0244238803876868 1.8016350212705361 3.5968289654612633 0.88167391345715806 0.6597625284843478 1.9937150641696084 3.1866395661997613 2.6338418247743758 0.95811308897345304 -0.8538893315536944 -0.33956366524924225 2.9161925550602747 2.5753116933340592 1.4354955730823371 0.98597836474270539 0.32976480536134878 3.3183275857394468 -1.200891011429063 0.44778160926223193 2.019734726819677 0.40532533056925585 1.3109328190767804 1.589492667157419 0.14170060986352795 1.1659141707484288 2.307445120207511 3.9553304064033163 0.73164246049507664 -0.1930754682049946 1.0327714474472909 2.5409043304791377 1.1936227747083179 4.2322932634602655 4.3767123990620238 4.4344146090401804 1.1558014157134915 1.880220682173217 1.5753086471591491 0.47549463942455761 2.5693137637162153 2.3616342400834847 1.95168089168373 1.0902734438657777 2.104031161854659 0.10509008909712549 0.95862478451248401 1.4053908930674499 -0.78923897412033417 1.1866613705749347 -1.4757630447122994 1.772359483045397 2.3741316761354812 2.2903340676258139 -0.36126682340691851 0.51218818904311592 1.2440746636303626 1.1127210891291419 3.9342407110113902
 -6.3445512990119379 -0.83951492398496252 -1.8071251246078881 3.1959294126884794 -2.4362931912264032 -0.11226235443720758 5.6452136891416265 0.29108599795669898 -7.011948481972242 -4.5400459979297505 -3.3729593347436979 0.95673068330288369 -1.6669730289765599 0.24146180193489614 -1.3971470854578212 -2.916488286344705 -5.2478080978212107 -7.6417571047333714 -2.5220358871867004 -0.64817216060832294 -0.29378658229670745 -3.8856499608933115 0.30244836980908352 -2.1095597358934466 -1.5703664555094703 -1.9360448762617062 -4.1777916250390934 -1.3688265063269536 -3.4641498668572202 -1.581397267789628 1.515888347315097 -2.4192578530292903 -1.957471816520757 -3.3586845317301637 -0.25210260031772713 -1.821024062408525 -2.1405720398696761 -0.46919843593408317 -4.007906651231651 -2.9234247865446243 -4.4273807427107066 -3.1438854692548417 -3.2085188835445519 -2.2524630739422431 -1.5445018177150145 -2.4758118184512017 -0.18589540939341959 0.88110565103735694 -2.2744009071474816 -1.9577640952537041 -2.4359046640394859 -3.2684162363161651 -1.7852955867882208 -2.0166607457343235 -1.6365692098846578 -1.0253591732233618 -4.4927124668371814 -5.2095141682259101 -0.56350313419126241 0.78011661570955826 0.96427673768943278 -2.5409845424240185 -0.18102920829889008 -2.8622765065957867 -0.66102431077342438 -1.2730693536027233 -1.8902566449557425 -0.70265671128496998 -1.5777497712502335 -1.6686857283481293 -1.0261354644087262 1.2975106343904557 0.54855276053234214 -1.9382794901374223 0.32207038779520636 1.1564790866691412 0.89917495425890537 -0.48138755362437519 2.700778670865871 -0.87120891643913434 -0.66271602893835824 -0.44406859454080394 -0.5744181586040471 -3.6019764720023075 -1.6376555783796911 -2.5714670556425507 -0.38928772917009868 -2.0202154822007312 -0.15555515828844702 0.3823776093532516 0.14186324308993106 -2.0072724140374052 -0.93034451739139379 1.8960788513079241 -1.7014694091778695 -2.0629807312481425 -0.50371489019692472 -0.42583266638979533 -2.5730741509281474 -0.35791560123698291 -2.4173009275263353 -0.28298298165020064 -2.047248111820819 -2.3640875350196877 -0.8966102140299671 -2.6846952896005023 -0.14106484152475335 0.030413633321985101 -1.740814000865071 -0.72182689450306436 -1.1264965156079536 -0.44819303818819911 -2.006367624496106 2.4475029350596267 -3.9928066383992498 0.42526346837813284 -2.1155914830613103 -0.68789519325544968 -0.025914095957635212 -1.0525493823946932 1.3238006862213081 0.2864674597981946 -1.8137158274319496 -1.8634926439554267 1.1269773896019599 -0.47404044207612361 -0.12684226436765492 -2.9287967554113927 -2.0926916578945045 -0.28637594080239914 -3.5393983884319078 -0.62281473210411575 -0.54936404666153904 -0.58459017729667728 0.45947101616761993 3.4820352068096034 -1.6349971901672404 -1.7445595802224374 -1.3480691780089706 -2.4952392185561827 -2.4684115160916145 -2.5731273013807092 -0.72572423791689233 1.5120815234880927 -3.4869355125409971 -4.1395815437451882 -1.9440862629784657 -0.011666133192757267 0.37236980096049754 -1.5468686071024251 -1.9679371831271741 3.3835785989219649 -6.8130548086520255 -4.2709119792065637 -5.0710926874851632 -5.0310107620607605 -0.64574750784374746 -3.2322491547541974 -4.8047683630626112 -2.5860920524746756 -5.6837344676826929 -5.0442886237209192 -6.7564878734843212 -5.2330884892063434 -5.0470968736001671 -0.18492140348283614 -6.4401477517258616 -5.9317044023959351 -4.5033329302643326 -5.5138405254455698 -4.0216191357658309 -5.1304663003636062 -3.5440362040601223 -6.3614977973647644 -6.3039319920982706 -6.7590735948753977 -7.0067252475732191 -5.0675990318157966 -4.9558733690776089 -4.732644626149753 -6.2225083683583744 -5.3921633902629926 -3.510966746142981 -7.4198370158442355 -7.5915013616176497 -5.9957003488919911 -2.7883088233863749 -6.2696679478919819 -6.1275562576293163 -7.45965152005438 -6.8342449950338588 -7.1926733572042103 -4.26719152961447 -4.806787625151153 -4.9839247250015353 -4.5632156119881335 -1.5716714265364349 -4.6472824690338408 -6.5093544091306157 -3.3475609600158527 -3.6567271569974795 -3.3113542349312062 -2.6662768923816484 -5.8544265364283996 -3.1813524097589951 -6.8350870123944221 -1.7125515669377696 -1.7591577562193828 -3.0230277997375765 -5.8418194265603196 -3.4382142434413727 -6.6267782373302762 -6.3102046384246755 -2.8836907012405755 -2.7012592131062592 -0.15176204838637608 -4.7734773055575657 -4.1649858385224476 -3.3002298830462853 -4.9978276337750103 -3.1007130206544242 -4.3195238603828789 -0.68621951809114867 -2.020540039389255 -2.4001892790124342 -3.9067907944457043 -6.1797370940062448 -6.6880115700956351 -3.8849687882984312 -3.2874633572327912 -2.6903878788812192 -2.4749633502196779 -4.9553758204151475 -4.824875455114376 -2.5774341746836535 -3.3547442329959525 -1.0539248069497709 -1.3051002102574221 -1.4524000836713538 -2.7644318361531206 -2.7626166731311157 -4.9129415535056751 -6.9283143106824374 -1.7021717478857732 -1.5888277066860057 -0.81940030315974965 -0.90371610269809033 0.47040230665522215 -4.0180785370302496 -6.633279441218809 0.75517236527976506 -1.5630389550683075 -0.37104026640377885 0.1441163751435145 -2.5557622237027049 4.0361142509800016 -2.5101439440148234 -1.1575519649266035 0.9271458413909216 1.6870205052019236 -0.1867171187448263 0.87506769888898439 -1.353442349691466 0.46492281388356749 0.17007835040706692 -1.072369632113483 -0.83574317193876357 -0.90709062499116078 1.1132342989044832 -1.4495194597780969 1.8967847777568718 -0.48604456651503963 -0.36499024151750131 1.1472530959360121 -0.64352866924885777 -0.58756710715433547 -1.8314534780806739 -0.96517713896986068 -2.0086918174986685 -1.8370991221363797 0.99913766287712047 -0.9142495389139027 -1.8140702803012521 -2.0012940129548529 -3.5247374022130109 0.77788866190992734 -1.0989224836421094 -0.20380774135867785 2.0255712438875824 -1.7423060601168066 -0.59943477998482608 0.9113600560088887 1.0141819550538893 -2.4865586932792527 -0.97570741069683598 3.9148089025888986 -1.988855141166924 -3.1713763526818757 -1.8699119698510913 -0.48610371181520662 -0.50411159457336474 2.4916806591516534 -1.0933537083106724 -0.20976174751077029 1.9117495743525534 -0.63563714084624634 -1.7699609030288943 0.93875316014837196 -2.2650783779990142 -0.27691516967429974 -0.26807504803200533 1.3629379262916763 -2.6875726359154029 -0.62145977980138323 -2.1971087060545411 -1.0203797925991793 1.0918310230119115 -0.23471580403054154 2.0991006880771961 1.0249851294786105




