# Created by Octave 5.2.0, Fri Apr 02 16:04:34 2021 CEST <br1@br1>
# name: ptcls
# type: scalar struct
# ndims: 2
 1 1
# length: 2
# name: x
# type: matrix
# rows: 2
# columns: 320
 128.80871171459899 104.03300983625624 101.98071701165733 94.078435145843414 105.75214441499399 113.35159834520327 87.960965851595859 98.448663294847194 112.46727093363876 114.23073410962333 106.19562888292306 103.57264683481652 112.60909217731859 111.65141726317268 111.85065492416018 112.61726405895124 112.7065107973355 113.63356915294084 106.59700233663119 106.77531768735579 106.93858306518062 137.67857767420202 113.31003623892778 138.46528881348954 137.48694797294803 124.90987974293998 137.45203789933794 134.37869578213866 140.29281239235345 141.61897539758255 136.7542698488902 139.77108084241559 133.85614990271853 121.343065437227 137.04002336909477 136.43542019999572 137.02307216787366 138.52574465302277 141.24609507221479 142.87024360720733 138.05441626279222 138.91594622846821 134.06247237982581 138.05015220417906 136.7193908362708 142.42113959746973 151.18730567844273 149.18819688698892 138.47633527808728 136.35680867684192 137.35361195887413 137.43093516719665 140.29822095433732 138.60066651763805 150.13658540387337 152.19798968782547 139.52349486944692 140.47398976866182 150.89188726163243 149.09251030952677 147.81960310216473 150.48913426361756 150.0708275918166 150.27092665032097 94.184035595563216 95.028653603636315 93.984287326392135 84.472678700646412 92.807347002945534 92.993069845452453 91.432478752873749 59.676775038468548 97.184181430821056 96.122011041175313 94.876178773830517 93.827326745105552 94.627002234861138 93.611905889568504 93.327043944400188 91.600356308811868 99.768652618606367 98.065528795902267 97.041089100283244 95.876956911792917 95.683579540259331 94.7069895128149 94.960401929089514 93.888065714026254 98.103971224399444 99.271161562939866 97.917446984296333 96.738792566749197 96.602265468967659 95.668635874167364 95.899346008313742 95.055736246790644 101.47066269491623 104.38540065649623 99.181368630142174 97.570278832457532 96.647040997726762 97.019226767209645 97.997681865752952 96.218726046857199 103.15214245562196 105.61689226623581 102.15039411610418 97.535711731036045 98.656426293926145 97.921951964371914 98.750093503664431 99.851249046009357 103.07225792017177 103.31116221108742 107.80231091600665 100.37659782691834 98.75752079143767 100.11599318811257 106.38891246110174 99.100460047558244 104.34202081879559 105.01406753578482 104.10808236525635 100.84070213997356 99.785602088700855 99.524104350605199 100.43722733972264 101.60244698944375 107.904063401206 105.21251692717499 103.85944678276307 107.16608930512605 100.61812603588709 99.514965709837043 102.48933392596055 87.498550747605648 101.03190508728633 99.896855169993316 104.5955651948626 108.24455954851781 104.12190771555224 101.3692378363333 100.62883857359249 87.30174156514849 115.65880117721179 109.76929258544313 96.233885283572903 103.97756941495442 110.40407501078107 104.93504252438889 101.42314297911146 89.039322648750115 110.9447660714555 110.38085346501467 112.2405172328493 100.38257377833244 109.5393150780022 105.53177364687602 110.86709956242906 111.62900362259295 109.1365263089572 111.80150522701918 112.32648242518552 113.03119831857002 111.84726395586878 104.70566902094656 115.27994924784706 114.67180838118793 109.764189202344 111.14310848047252 111.60412917486285 110.80924342199785 112.61965906415753 113.94416388605734 110.32847279395489 115.06733451137802 119.75764745804121 110.44595837653189 108.79451201999058 111.29527733781353 109.72325837880327 109.87149018773955 112.99041639768605 112.23343900921797 119.28504012721109 141.06426316682757 138.26660879213472 110.60992169088847 132.3815634660215 111.40520638726065 113.61896170278304 113.43921496846463 137.14102111196274 136.01931848714599 134.36865503654869 133.52993989413577 134.84938166701102 132.97359583842692 130.66225201407389 121.9211183201826 135.31105546827806 136.47562209954697 134.21425098940506 133.7973806536539 134.31857246878153 132.91616115090235 135.04776334277491 137.83410446620778 135.41039976802372 136.76222680701488 135.43146043968426 133.42850550546495 129.71000271533984 131.35683883310381 136.66932563070242 138.33529850860623 134.31303313894136 134.59921919564712 133.30122957298411 130.18144023916506 128.12155128461606 127.18654986892037 135.18675854190471 136.43918839797607 136.43585773331409 132.32460236575602 133.45059041211573 129.33804958146018 127.83819238732163 137.55372084607868 140.23694182263395 139.4077937889432 150.35905685548917 132.40424550292002 133.02386186391681 138.91980544992694 139.99191382250135 146.6757305614945 139.40151989549165 150.81907083961599 138.76746770960548 128.51650152688734 130.97207415475339 146.97142040395542 147.72358114015628 144.58993847706805 148.89983825679187 149.88100265703429 137.72538560732841 129.03212514694587 148.02541746792633 147.26604197777493 148.7436046781811 147.71508068412825 141.71909484905993 125.19729641279824 150.52482774980436 151.26972616540587 142.31288020271057 153.28688186392603 149.76360285445375 147.70829910846666 151.15482552346373 152.24673329004366 150.75139383488985 148.62841452642857 149.55384746436789 149.17425699094585 150.43737834994855 148.62498974245867 148.71884457013812 151.12342888153782 150.43282398491326 151.65801291388536 149.92515905569135 151.14188906966601 150.86825153286927 149.9695156276847 151.89505307774186 147.99402067305775 148.44729012543129 154.64875751040498 152.13414683122036 152.33386823351171 151.85343460381742 151.12146628505059 151.58883148144551 152.57330424618212 153.90264972098112 152.84881678830178 153.01878750684736 153.19575804110843 153.18705787521046 152.00777819325046 153.75689832288569 153.65430946794748 154.78665272899167 153.41477358858896 154.13941202770044 154.16416195725199 154.03847012425038 152.89530115495438 155.0403483814539 153.19753587683715 155.68418254449807 154.43812693084806 155.14212194726673 155.15692824614405 156.97471370802521 155.98934213496716 156.21847280644019 152.17784034771861 155.76572775009649 155.22575809285854 156.14066012342482 156.15575523020215 157.10629921577831 157.14108876664525 157.17772293094274 155.47085695947345
 33.89639162382511 77.970895000195739 83.82500108886731 130.20943215358116 73.8455132010277 88.898416789839246 134.52692612306237 101.71345052633121 30.45186370633844 48.962581220822436 74.8370519630502 82.417637238571899 91.231154265761973 90.381265211734686 89.227281195067022 88.114281893277948 29.374844711711138 30.352192837559262 75.941493131857143 72.139322487910562 73.158947167007184 76.546688654322878 90.176115197435522 77.531288294354724 72.110143627313732 74.24315723497061 70.199684624090366 82.502745696019318 73.94894598837692 73.98434063703337 77.279235157818988 75.8683247066988 67.821129327008663 60.067195618091716 73.167640270763457 75.112131288814851 74.244099264957825 75.508090660195336 72.84652743688126 74.631210474522859 73.326575849137953 70.955147641325098 68.978249164421541 74.445780694504791 76.13302283628353 72.942771215399702 93.326188117992231 93.100269165147779 69.657666119275319 69.436390745258137 69.05972256662406 75.319269051676685 71.514463903258672 72.200373976891186 94.031835464260652 92.698925823659238 70.018545582928482 75.055845520394726 88.750549076059343 94.497150647246769 95.236003172843922 91.263039742525123 95.058348281547055 92.873115120061627 82.363188695846716 82.962322422875857 83.441106563870832 82.882645036022481 83.682955076047435 82.483386352645496 84.966957466187807 107.63524806158183 82.951918338477853 83.329417206315512 84.165090837500188 84.479943814589717 85.248075993686086 85.711679915897165 86.84357598143373 83.190360066882235 81.898698567149339 83.535817172559149 84.043901119207305 84.461250343447674 85.770906528963323 86.343525570492005 87.792643925978993 87.922144072363238 82.329810769314733 83.96113558488932 84.648539087812551 85.056981450575421 86.22349032275406 86.97500026662351 88.221554209866198 88.885115961692264 80.833449292115347 81.652476269480047 82.742932452957035 85.692965893346866 87.365818901574045 88.481625844866741 89.062387293334027 89.298969403377143 72.40189351563825 70.429451694544127 81.987036728220957 86.798823395993878 86.968667835887516 87.850887094120679 89.993689934159875 89.709396847180415 71.281850195358814 81.263530949793463 75.97693580382105 82.712440191966792 85.533149198626504 88.613467106347272 87.572809558973177 88.83181223855695 70.542971124182642 69.524658758377669 75.268903661352297 81.748272630018619 84.980658883041812 87.685068206673733 86.84545257030743 86.128009210806184 67.891490638648293 71.62681886623821 74.239840053324642 74.313793457634347 83.727840090269893 86.238068855765889 84.850229280131558 133.5655983161661 59.754019059968044 59.664881997420004 68.507384473246375 74.780914648005066 71.535567853679922 82.87923421641095 85.628466988913004 117.75378303896396 40.778822932553219 35.972262283626591 62.810348595300937 69.521089096572695 75.835986377218688 74.556376777043738 84.900907241249229 134.48279544708535 37.83216102552629 36.952346311611002 38.414491270215571 58.588547228156486 75.023893508590817 72.719623567838937 49.230506104646402 29.73508321405544 36.851540617836541 36.953258967821341 35.804955265460151 34.880113220867997 33.638409747872622 73.439923894885652 27.908239992989763 30.017401490000907 37.990512135448107 36.031128205294166 35.025120680149072 33.791833580191948 32.636174288219976 33.128392871821767 29.973096941491512 28.980048950103974 11.535998633315861 35.027989692119547 33.156410120970982 32.664671989456465 34.044150601977648 32.888404633610158 33.699393809063416 31.675355526955464 10.554243641475423 23.268516767580643 40.939664912388096 31.772313229423649 37.27658325746463 30.966108526416765 28.752010572806043 31.592409769903679 40.70573037938923 41.066873588365695 37.612078254926828 36.897616789168161 41.18053052299971 38.229043445836197 28.464159780003119 59.140442061530031 40.177653113918367 39.788622504193668 40.185893701372308 39.004646939223242 42.111412372763482 39.763166445014164 68.618125552158716 71.112382851766256 45.145147093404319 41.795589288362102 42.199420806413393 41.230447320163428 44.742137412249264 44.303679161594253 70.896448125965605 68.531620524183538 44.511260651969813 43.46640838415756 44.833038164238921 46.010534947998401 46.407033752306809 47.034889123504442 69.898348792041688 68.154306214199295 44.934970622726638 45.197074134244538 43.702455889643431 46.740095206808938 45.430697585586358 67.841470435259609 68.026140297807814 68.953496720668355 39.564937006038392 43.94845099161914 42.184076506284399 67.454238793874609 72.640618545994613 85.466873841427997 74.689861719486998 89.871247671070336 54.75792393188911 47.519435924076994 45.241606514643934 83.979735908797522 85.120016925494681 80.419690109628647 88.060473160253565 89.287626215660012 54.047595531043697 45.660677064067286 83.935450357762178 82.822678315621502 84.690974364095709 86.277854538199634 75.070942349335979 135.84738482739749 66.362797664420782 67.325360205303568 87.007082354464799 82.435579292178588 85.941744844278631 87.480702886230418 92.195142940138624 91.570204546233384 82.245442564683927 76.272179101088298 82.566260746810045 83.699290665117786 86.696416548265645 85.718989447360968 86.943575245060487 94.576518388651778 83.25618036294135 83.691086031722463 84.571562723378221 84.636294249181972 85.653463646974672 87.937580053202325 89.434160559711088 88.748165671550723 82.788525467981373 82.860874093645265 82.459539937445925 84.903531823421559 86.341690958724399 87.586430110753099 90.757441889622342 90.281071448156823 83.614501292660435 83.50308575533208 85.789184504421854 86.935799907769464 88.080707970711728 88.269116060533719 89.759010378504527 90.943825293985412 84.136393645388807 84.686018720289781 86.291010760557484 87.606055034879148 88.758373227336548 89.10426626618451 90.206677525338335 92.188241667266809 84.934536720445578 85.23502498207101 87.079079473210527 88.438209220487565 88.394201838969408 89.3066458168027 90.424559708894023 93.872632236893793 82.851364571995319 85.99280504044178 86.560592323037937 87.794456906293547 87.079303688932669 91.027697846527374 89.723851959166623 91.325030364709306


# name: v
# type: matrix
# rows: 2
# columns: 320
 1.3579693284185725 -1.5491047806532685 -4.1725041555424855 -2.3617106020879088 -2.0516275346415824 -1.2378124071237837 -3.0863702807627278 -2.1848560259870178 -0.86562211714968984 -0.62397535907694635 -2.0227412562893177 -1.4609245900053267 0.80916075530133913 -0.83402457804716634 -1.7510109649928614 -1.7450184180225652 -4.2719619220098934 -2.9813004064081365 -2.0725154753518149 0.056689846433346819 -2.503126320113906 -0.35763598520330248 -0.80551420858034695 -0.58645770871203162 3.046697624648294 0.18963793975630527 0.47587383399555461 1.1313036246855084 -0.82679371083308217 -2.236962721894677 0.78478763695306664 2.1960952420549993 3.2813599339892843 -0.74453405799700023 1.6821635794216705 3.3296724031951017 -0.16211528034896683 -1.566812261924805 1.698533966136901 4.0592997690524024 2.7764095256140791 1.9017663246101806 1.7381486496686567 2.5808647396951678 0.42117296689437383 1.5502271881102812 1.587668592029033 1.5666218548299917 1.314000428804545 1.1847869953075008 -0.88247226185808647 1.624660790035918 1.3952195659911055 2.4286184206267278 1.5742221668959349 0.81313198549767807 0.57639698060828248 -1.0859713840408562 3.4363840037353119 3.0262604980706107 1.9771402051011977 0.69014081789699311 1.350204829795133 1.1159636792752128 -2.202545543121599 -2.8031844754723014 0.031011706649211004 -2.5555409142093808 -4.7937225786200681 -1.3461461587309784 -1.6507869422569881 -4.8083481724781443 0.20067335040211165 0.49361796374470746 -2.4010555302362255 -2.5403836417045618 -2.1056803856523305 -1.6599199453286422 -3.2320476910259814 -1.5157671651601698 -0.70664289509882283 0.14582734180500134 0.38465764301561067 -2.1115458216324678 -1.9256137315265287 -1.0267752992199837 -1.0837252809972699 0.25063471712770319 -0.6008000980379874 -0.34390018275170858 -2.4635005854706202 -2.0880251428283021 -0.53441731211710897 0.43026088293401099 -1.3188116920773445 1.4840635970486857 -0.74607230715754713 -2.7622697450727411 -1.2835745004654506 -2.3925510793434834 -0.97643441516452545 -0.74979383950576339 0.98865217071139999 0.44664518035592204 -2.8027163621201212 -4.0343002341379242 -0.63112033291585923 -0.30300535818393154 -2.7808527616219698 -0.55969233460903078 -3.1172054332444699 -0.94499094071340861 -1.295335332172378 -1.9096843924550011 -0.8798877742834964 -1.3129940434594076 -1.2256937615632817 -1.9884254467780738 1.6085615904583994 -2.3485777791347564 -0.94192339550408866 -1.3770030904079331 -3.0284150019945848 0.014185907874811818 0.36934469732852809 -1.4963609419691277 -2.6891547606157791 -3.0232421136600385 0.63942593884555221 -2.5232095243729811 -2.1097465642713344 -1.9717925109917442 -0.40263827830628962 -1.4091329082764126 -3.8716118244025952 -1.8702167663255003 -2.8396462262082047 -1.4021221636204433 -1.4824417017665932 -2.7059411547945995 -1.4599078801148537 -1.5448410858847674 -2.0539986349245383 -3.1420302346738094 2.0503194377782759 -0.57966343157927913 -3.3052369035009281 2.2186158582222326 -0.92297371484517587 2.0768641117974767 -0.39237816230849032 -3.7473338472409954 -0.86751496611406209 0.61325367160859146 0.56195949344645413 -0.23714359070286983 -0.82875112994220113 -0.061778354722849108 -0.91553894821569615 0.028949811530425959 1.384056619572541 -1.413998425946432 -0.50034504491556087 0.81482518443738383 -0.33722247985535869 -2.2071378975594675 -2.70948956831056 -3.246778977276866 -1.3995353459482662 -0.66805704246780839 -0.41708106990665644 -1.7310397233383032 -1.224063532926335 -0.83183812742232444 -1.7170290052431525 -2.2729384572809508 -1.6125758977555473 -0.17142657138048467 -0.18104063300994072 -3.1695305150989599 1.1717837530140462 -0.28327180911576144 -1.2289585414851889 -1.1247844422497772 0.88112284577031297 1.9063454546835059 2.1392442198616357 -1.5222729480609885 1.2046441767402902 -2.5912786168918571 -1.7853234011932253 -1.2222247163595836 2.2321234735145694 0.10703430833149191 3.7488403372532648 0.70598346663500422 0.052861319658632992 0.3666621310481043 0.9259881844467065 -0.18946575257784723 0.3198413056656142 -1.0367764888293458 1.4406379715915729 1.0529333389440241 -0.22639148663208153 -0.67944139501604139 0.62100893875901486 1.0835120955649584 1.0698181074744719 0.64100147896317916 0.48219434345917406 1.74149826063396 2.9212080902333599 -0.4179368972322256 2.4423835125428792 1.6717020137705512 1.7707148459831774 0.46695919087227639 0.35942303257464481 0.74424378772309929 -0.98068778422489877 -0.27439300332116928 1.3442611391232293 -0.12474071660267849 -1.1751708459719001 -0.91429391812752259 -1.7567252806466278 -0.37871305726677928 -0.2998266509997855 2.3820644776759057 -0.0037042021970125835 -0.29347273064412738 2.2728166734052841 0.163842382547216 -0.46689839344791467 0.22417321348996092 -0.54781809667163128 0.53840394975377814 3.0970494678429517 2.7417160525279067 1.0930225586087328 -3.0616913744603096 2.1485686492129301 -0.84285603688657862 0.30291665486111852 0.79445250808365253 0.96129065507699185 -2.5760324172827764 -0.095594226616228767 0.19774907945224496 -0.80850629724878231 1.1029865766886737 1.0732936191974158 1.6972424024695076 2.0189461757343232 -1.1396072695747648 1.6807445466150324 1.7172812628910918 -2.100086601167332 1.1786213330101871 3.4195346277328098 2.5283969323836852 2.9614899972808879 0.38967647899972135 3.1896845629152915 0.88167391345715806 3.7423373299799554 3.82542809287279 1.8376931995417347 3.8363280792951158 2.189892392144432 1.6127172198830579 1.3397263021522121 1.5521720950564477 2.0574014128337117 2.5665327510205991 0.8827983371644974 1.6749817270275107 0.53055505070563291 3.8721710066385766 3.400479015372551 0.42902516546426739 2.6332633976956994 1.5157244607737879 2.1608466668341584 1.6861984009261972 -0.17319503672758108 2.1332610701234893 1.2874763572844763 1.7179878717662957 0.41829362996660208 -0.90934113164280472 2.4749167899890097 1.4067088561500269 0.70642886727564624 0.41161394707773141 -2.3377239756503796 1.9534482643367219 0.16010130265315337 0.214104012503605 1.258305079704048 1.7322202353521936 0.5617325610784405 0.79080713284141568 0.617993778205848 1.3207326803800239 3.3211807974546073 1.2188967697933017 2.854460252154122 4.1680298221831205 2.1355689684041845 0.44244002392271553 0.74475513482100142 1.0065421574223248 -0.35897678554590728 2.185377469094659 2.239935832808758 2.0925754362974782 2.1362106157030261 4.0753351730924212
 -6.3445512990119379 -1.117490105380994 -1.4468425030662364 3.1959294126884794 0.64697023983210644 0.3121344078349233 4.7011125445689093 0.29108599795669898 -4.7186250534654883 -4.5400459979297505 -1.8965356947860379 1.3048495280755321 -1.6695614808908559 -1.5945103400514782 -1.210300858518506 0.54101615047693596 -5.1484556013905642 -6.0743005524918159 -2.0474798816527229 -0.33948657533422488 -4.5010104080605586 -0.54058815255981019 -1.927738462323336 -1.3758124360901527 -3.5718262538396379 -1.9360448762617062 -1.1043981167339769 -1.3688265063269536 -2.239685746772655 -0.93241890446909192 -0.084457976156691192 -1.3118216666612352 -2.7672137372378391 -4.8818383250614907 -2.1646769497723404 -0.84465630568722783 -2.857395044521994 -2.0321460529044075 -3.094845066020937 -3.7278871538957805 0.37138550356861361 -5.0381699410659637 -1.9055965916729223 -3.0242895345776022 -4.1464058430538557 -3.2409257030277954 1.0624300289462889 -1.0951646041261269 -2.8428445241952138 -1.2664928828440036 -3.1100545103153792 1.3821145077610317 -3.4379886570479052 -2.1370408660193752 -1.3450684674088691 -1.1212632541140686 -0.44400965648845681 -2.9270767866466345 0.45800207024013945 -1.8881326434428898 0.16680019945130778 -1.9391535479576218 -2.1750652150970016 -0.48620354121883524 -1.2150712473245904 -2.1373142729839993 0.45888808454276442 -0.70265671128496998 0.66717211341427396 1.9126728062569065 -1.6949215717447299 1.2975106343904557 -1.2527074752754497 1.1074307461036845 -1.1682530563477818 -0.095655190214156763 -2.126901550966144 -1.0344842318448253 -2.1285397873450371 -1.9610304096144815 -1.4911347045166852 0.04130514532883562 -1.7959097391518704 0.47532368538539632 1.6717518136402643 -1.0800382669247148 1.5911447554015909 -0.5784622546640853 -0.093279333549736609 -1.3655532569893247 -3.3786119922617988 -1.6526796175298155 0.65599409444545964 -1.29286982321354 -0.21682706567384638 -3.7927296653196776 1.0812422185796271 0.07110747408037342 -0.56679530311028292 -2.1861034986491616 -2.1966450864040628 0.035846527844352653 0.026384134763936334 -1.504203677136372 0.096253189622586693 -3.9558512411190505 -1.6148979781275681 -0.46085600932261483 -1.8257819420805481 -2.2118054173562389 -0.33801816306787907 -0.47660500343160828 -0.30534977443250794 1.4761707306516756 -1.5959029096022335 -1.7779766206502066 1.1160659115207292 -0.70846248376024401 -0.082569071405393379 -2.0697301033377986 0.57987856885913147 -0.51267425778788833 -3.7579114827969264 -2.4422905531040593 -2.9724033772918532 -1.4230438184274186 -2.2720561411081328 0.98250868502763655 -1.4985947257817349 -3.1642427145989886 -1.1038023249615505 -4.5976008340686096 -1.2520524469134284 0.73985895775879984 0.16961720103054814 4.4396726924428096 -1.2747945604003834 -3.8506068995646174 0.3082383664258182 -2.4209433865106633 -1.0145501226939078 -3.7992782644666994 -0.45745079825527113 1.5120815234880927 -3.5162276711970275 -7.3803610351323661 -1.9440862629784657 -1.0834257628084221 -0.69786052314315761 -1.8309129275345943 0.52221175954471044 3.3700422578614773 -6.5675869288184279 -2.5253736970553629 -4.3052914834314064 -3.2851660724854477 1.4068742789774471 -1.7774828440075607 -4.8047683630626112 -4.7340563320934423 -6.6538427123900954 -3.745818389750637 -6.4633881756206266 -7.9442817508914505 -5.8655498274082385 -1.5736152717982401 -6.5278009640550785 -4.532045310508062 -4.3169310245604677 -5.307310699191591 -6.2254974118720012 -5.2279529636897744 -5.1444947674095722 -7.9313457301562238 -6.0588632427573312 -6.2901995915907589 -8.226073930167173 -5.2890725612854537 -5.6797959039825106 -5.8612573392958858 -5.7199737507459423 -5.7782700523405834 -6.2306176232631145 -5.7306188213826141 -6.3721526790236958 -5.9957003488919911 -1.7229814116693052 -2.8528301607902016 -3.195727495358299 -4.2081473010406425 -7.9484589285072023 -5.0967162389598215 -7.0542476678745469 -2.7390225347564647 -4.1971269219540126 -4.8377513718193921 -5.40800344582357 -4.0912469915887106 -6.5093544091306157 -1.8244071666845236 -1.9354345801579842 -3.6836367968764958 -3.2048277520707678 -4.8591667079711369 -6.3034147699625063 -4.1294172742923871 0.43642450087933615 -3.0976983178956665 -3.8936627850869034 -3.4207682427674242 -5.6182750248485513 -5.7582170858479644 -6.3968675826318986 -8.4386710910624299 -1.8808318924653558 -0.79080921186239095 -4.383004895301184 -3.7012714934429276 -4.3569091718284989 -3.4674798665002875 -4.3431499642206868 -5.5521783875595112 -2.7981259401618974 -2.742729162887465 -2.3638761061783327 -5.3389374487375862 -2.781638268541696 -6.2965291323153254 -5.1524827364192589 -4.5339511019226002 -4.9347505691492053 -2.9959102288907524 -4.9553758204151475 -4.4016470745362346 -5.0006337060158561 -3.2549935360164364 -4.3216179903802239 0.044111630640700623 -2.865129746442626 -2.0386261837852784 -2.753233016814649 -4.3884299181825934 -5.491369031317034 -0.38782527171822367 1.8860654450253085 -0.81940030315974965 -2.5734258232153113 -0.58400738028779031 -4.027462193346711 -3.0701930254524319 -1.3133560800301456 -0.29820043105036637 1.4743206563399189 -0.87402865560106924 -3.4610033161235982 4.0361142509800016 -2.8780048425135751 -0.78969106642785025 0.86357808203941411 -0.58261038229031747 -0.98585557436079829 -2.3690527893301851 -1.0553943170874824 -1.0083557230471123 1.7851740043316255 -1.072369632113483 0.23322244962896987 0.17981261101863427 -1.8738829258385432 -2.041924148541411 2.5377884269088233 -3.9610480296106414 1.8753979121655622 0.19778064040174387 -2.0321212208790227 -1.9520474976034201 -1.8992069638049958 -0.1447108347876383 -2.327844526558204 -1.3696298899545318 -1.3750069674313521 0.5225450769697858 -0.39809372470811766 -1.8865773423560244 -0.47781564711710739 2.3050250034845727 1.4740238084277255 -0.40103614266556376 2.1179009401597613 0.77078063266093444 -0.62229749685547942 -0.12417864431845467 -1.4852561589369413 0.11727566279859275 -2.9725608152223977 0.22905214796608986 -0.63208701103322273 1.2540777154292337 2.4862587902348996 -0.33547794964377947 0.57062554447291347 -1.6692420199047944 0.36292550511212429 1.5124451224115114 -0.81275098979412996 -1.5260797513642446 -0.11989455849954753 -1.5311203051489111 0.75728734983955204 -1.761860218035449 -2.7905815506888407 4.0797527754021026 -0.29992871075724498 -3.4852338198826738 0.30258396345291788 -0.38259330427843302 -1.0890272426446426 -1.5648661453470156 -0.75748267408369041 2.1254201314453196




