# Created by Octave 5.2.0, Fri Apr 02 16:07:16 2021 CEST <br1@br1>
# name: ptcls
# type: scalar struct
# ndims: 2
 1 1
# length: 2
# name: x
# type: matrix
# rows: 2
# columns: 320
 172.52121906119061 83.507371492597827 83.214395084902534 62.785769668178787 86.76827406280573 106.11864632543566 48.848934983757012 69.499320950501897 65.879993948911519 115.2445239691273 89.326336422967586 83.910653276808404 102.97170815244152 107.14195622841535 106.59533051390437 109.39689697752227 52.009945743260744 80.513594463008644 85.205330646631296 86.616637161494836 88.321040464687442 152.98518407361772 106.45920003114522 154.06918651695804 148.95618402310683 136.8377602670277 150.6648972589239 149.36846880922946 155.8910427715486 154.66836844176734 141.58602665905457 153.38187207170074 149.25011959702846 125.22349786722205 154.32409938194584 151.51348974743942 152.26700827200779 155.26322048938454 155.3965506839742 153.62344232000672 153.52639112605939 156.41184693977007 148.53711488028102 154.43880838037316 150.730717977674 160.99273317025782 170.10443691334979 168.03427298168006 152.43684648213966 150.23683327393127 142.65333100629033 153.39879543219899 156.08322244084468 151.64685392441785 170.76438637450022 171.76414114822055 154.14855992866248 169.48399289057951 172.25066815595284 173.4864855325543 169.5781522683429 170.97519129117669 170.87431290445082 169.03761793577848 73.500818136858371 74.311729620265012 74.390731317402484 50.611761587363361 75.567548557157664 74.857219197005705 73.309560968010203 4.033838246870471 76.2878615525904 75.132304890294662 75.681960742695495 74.332919132240207 77.12197036344908 75.350287377636405 75.90805416870279 75.055356236755159 82.886523462360159 80.466256686064028 77.693971786901969 76.494358992925754 76.866256689527091 76.591739181622728 78.29085100006202 76.401039573146491 83.186321098795332 81.811223108284977 78.788717949930472 77.264112862290759 77.964439176189344 77.607727543858687 77.657874094955986 78.008280887490088 107.50289658862017 78.825976197128355 82.09452148630848 78.368545827061737 78.733534871887656 78.732390097383004 79.511859627264982 78.501700069171406 85.979720658804609 87.255722968541406 84.553406714896695 79.140302291868935 79.809802156629019 80.094341869460195 79.005026678199499 81.282123613205954 83.364602564875128 85.046759825993703 86.178446640197819 82.622017127137298 80.394372649057644 82.391478126646589 97.175177906864775 79.613987995469415 82.457735728231711 88.287256321708213 84.524563959336632 84.391364590802027 81.492002287632971 80.669391266291612 80.767996051731004 81.978133136202658 116.37645709091234 84.641615054380267 84.104889983119506 85.741869271855137 82.02473542251532 80.891346565953839 83.790627009214433 49.821801268569963 80.207361085162361 81.34177577365088 86.845988766695811 98.781392734458308 87.915310040650738 83.749573416393957 81.795376165590852 45.669840955729342 129.49188273534631 118.11343362042125 52.439496312191466 86.239850289696378 85.031721315511774 87.652860591273253 82.837468469011071 50.501151145762506 184.66509605441769 126.50278465199204 134.0759061488385 80.416613434756599 85.695252695563397 86.808474802345174 105.52147122618022 52.682882467465312 119.11878800461433 120.59393209588322 116.55713016867711 112.47366587376769 79.58615978751169 83.586823857053545 63.641854871583156 78.457060220035899 116.99846357569929 120.39541940805735 123.31441277655297 80.492286890553402 51.02635313421554 50.689944365490355 94.399224003518924 77.930485692507972 116.33121427309167 106.46300360362586 100.43604132000922 78.589149290135694 97.986798191674538 115.38871096737262 118.74248373646103 95.136081069760436 88.663137618664706 166.5621572925005 137.44604697076304 79.078570553501763 154.65559808192623 64.780652425705782 64.757805840337852 77.727461315654665 137.081023054979 142.15023064612399 169.0688522006167 157.12903989829275 156.26760777993297 147.67101445022013 120.35801715997158 127.3847670673554 135.84469542001654 135.82341876901248 147.78269980104213 155.0322825508249 153.589418155337 148.01686899109114 149.42619812642602 151.35273117297297 131.19339332481371 131.04040592694841 149.47667615673362 147.89628047905245 148.38449902605643 125.9249054908443 148.33515608276937 155.2156608607246 148.86310707942221 126.64962783424227 149.13564326184078 128.11893542695839 130.97417278762185 120.24513346653086 152.78014397506161 149.20107615013819 123.84171780408465 132.186462303762 147.20318029098129 125.36557069303872 184.30283312495897 153.05332889307394 154.26550558407507 150.66557744741505 180.47387777811187 125.83729310654516 147.96503898496792 149.74205045159226 154.96087581479583 165.59643992375834 163.12824936805021 170.92623245782264 145.1090227125357 105.00394017928318 129.04355312122877 166.9318097762937 167.34650888005953 155.11643420920618 168.72524629196377 169.83655132036307 144.64853238652606 133.10789272121153 166.23412876820785 167.92941140257633 167.60302492313716 166.11409844067632 152.36417748994197 110.09750009091618 173.93797967785022 172.88041621331587 114.48673273725922 174.71862192923021 170.25620462669443 168.43473072924019 169.83988574020623 173.20810103502245 164.8139032167102 160.31059387970078 160.94324223367872 169.93423050112102 171.0888307193373 166.5432728667156 168.16898069110835 171.85756453424472 168.98594400616926 173.80575654053047 171.53378589890656 169.11406549663241 170.55539722777678 170.68433986116722 171.80415311401879 167.62959248899028 168.94594285298857 177.54454848374166 174.80616545526385 173.77677700721131 172.59976469196937 173.40975854820857 171.6821954660407 171.99178644959477 176.01850144957712 174.61637216511787 174.18332175097538 173.20390348963014 173.19782700258295 172.72644912760433 174.3913043115046 178.57097665944107 175.69190772401205 175.47748332519095 174.99399293478561 173.80625194016224 173.60488992282424 172.54919134140837 176.65868822066071 172.80185676162071 178.98786861259165 176.55075336008602 176.08838327482516 175.68949049847706 179.28997958711406 175.45485359658534 174.75117521438327 166.7137022079412 178.03664006436421 177.46106657158839 176.76846624658924 174.53870574907646 177.51210716402665 177.340670186213 176.08505341396011 178.99635643859068
 50.983235563499498 63.164151103902455 74.060066126243143 172.55549687167573 53.173750358017259 70.767600706022463 190.07694223430454 105.57033999927349 5.1018988122333004 11.256732273968259 52.687708838119725 74.891271728277388 81.766099160792265 70.945085811551351 72.998718727476358 78.767796636413635 22.652630369656737 8.213198149386276 56.530569354814148 54.25608978066073 53.256486759963096 43.165443501483402 71.813102536779184 43.080230193894401 40.787024940705969 49.114174003313828 40.553331872116097 64.365794487173432 44.074950921915629 44.123162610540305 49.050996450717584 45.307112387605997 38.711748733948156 28.323712149273568 41.954754382572112 43.42434526522166 42.352868895050342 43.062156516449363 41.861973827369319 44.094430493709183 41.111653350789091 39.843660772270979 39.87372421830991 45.399520263657784 42.654420220282056 36.969254279715038 83.624267123287552 84.065651045018214 41.207811244353998 41.655642186609427 42.941281097209796 42.252605339039754 41.024161033876211 40.10276279369473 84.560412088236561 85.175163302759671 40.022293163710685 42.607919165541489 79.8253638214332 86.765750983744226 84.514139934298214 82.880166539442698 85.92731945044423 83.244052617345545 75.514900692729825 73.248476310579406 76.530922929008725 73.572443611483592 76.429371007149612 75.433927825889953 77.052814788096924 124.82726396725151 72.487261101705201 72.26962144118194 73.349534548586561 74.56981926754024 75.437889044991735 74.378369091930537 75.313539172386982 77.698001921681296 71.962981657863367 72.092783718275953 71.260700491394331 74.482565164297313 73.419611585504356 76.475560763817001 75.478707614114896 77.513956120715505 70.837375104398305 71.985911878535347 71.27051336575876 72.319334072916433 73.324591049451385 74.410548698126675 76.545641326969118 77.578740599868738 72.34974837632933 84.228879218883336 70.86678699249525 72.340094643496769 74.20472710432766 78.453864296948524 75.252072203714377 79.469171647353704 57.33968635121996 46.846026756445795 73.842901333274355 73.209298514921798 74.180787638579687 76.216033074084137 76.241351053599544 76.229278549303615 55.980970097608449 75.012755614886373 56.088024593089941 73.209417812791884 73.165931042853572 76.247315473633918 104.57407001166185 77.4211379599829 55.20866255007045 52.089086291510569 55.608132803795051 72.122208651840737 73.165813708553671 75.209506221433116 77.187111198870511 77.235465391151848 48.035110522042537 54.514368265626977 56.755133008482204 52.590449807769438 74.318174385621006 74.093049026761406 76.143432606776798 189.61097429761651 21.648596572168493 22.173332854594065 45.802305842482426 54.635900583853498 55.187651350337823 72.990489890887972 75.310205535603771 137.78886322518048 17.49134065401411 24.020237335698582 37.051205610844264 44.868260402912 57.898407368633649 54.11564543275648 75.160848346339137 188.65586766146143 34.152508980202384 20.807127077933316 42.861612911873792 22.745499053813539 54.949960542023895 52.061661326457589 35.213813432566084 21.687980348268617 18.977670751053971 11.860255157037894 1.4665815308948138 26.566622766132596 4.0473302452599196 54.7708529677559 5.628296520698008 3.744800836412538 29.55721144077588 22.771762009918323 24.360798327477063 3.3655337207217828 20.820669547108945 21.870638418220917 24.551241700963168 2.6978725388886988 28.3787779762547 17.272579712387106 11.105878808543283 1.8762770946467449 0.74544603525063535 10.115075953281188 0.22763064158461666 12.220196206082838 77.021886330153635 56.195704696034511 6.601463398161223 2.9782884827923821 1.9766819308266397 6.1506693189378172 5.0767672596350684 1.2912997314064076 7.7426266643915982 11.509839206803248 34.189343740250159 3.5236121130839826 4.2455518889953687 5.9836815917380317 9.0968862976914782 67.275303449408582 7.8226132869915865 8.9902999043867915 11.08433317387153 4.1586210427829986 1.4659788358503232 12.260526830401439 37.633534691190398 41.669715521945122 5.9126439260822963 3.7089155355764287 7.5728303059878943 7.159859625283759 3.9210867865942598 7.5783270250310357 37.977253795553736 39.771156364526121 1.4735844157142413 5.75125991223734 2.5401467479020976 17.973896125504886 4.7667246539988497 23.833441978308706 40.192277518135107 41.941087989063099 10.550657458072809 5.3123573463200877 3.9318515030078167 4.9681375439873081 13.848600810541084 39.179424826076534 38.955869660204861 39.497775085406147 26.093792614464657 6.5192945756383374 2.9367109114569905 39.917364936395231 40.852359598645954 81.040441040178436 31.172772903570653 81.698396063924392 8.9014584147290545 32.81060068055983 7.8873070980157607 80.922493459206436 81.898790084849097 69.562636092752314 81.244371827409722 81.343424409058372 10.04970243029261 6.3819936856543507 81.919563910672068 80.385982875393921 79.321295575543644 79.543283127130906 45.615692897374245 189.32589865291345 42.424551811724527 42.666635264525958 98.449491941473994 76.782636326356624 78.612242399183373 82.405701840378242 82.406325964844058 84.565644716981424 78.339343800793159 62.063281475598899 65.769591964381718 79.75233263477601 79.528074768422783 83.52262909678636 78.428669803738515 86.511392453111213 79.087060310714079 77.321546915983149 78.521929271809228 77.97457763344552 77.558071092491844 80.639838344040086 80.879214347577729 83.043158235475701 80.098339113164414 80.226162191885336 77.889359774437324 78.385484884653806 78.599977277762619 79.399370311376245 84.121795569570011 82.31425568476665 77.917952776100734 79.092711340268721 80.123937833287599 80.491843406157741 82.490974246603216 81.548005964000197 84.457868688255502 83.956656810164816 78.97182917741965 80.090353728319883 81.044984078938029 81.384443905069915 83.542293020641935 83.291179724734391 84.258023696789465 85.858006365641856 81.571226692094982 79.873587461268215 80.930104314014571 82.033468288165039 77.562631337410366 84.301513044146219 83.270443967419979 105.9743615657228 82.323814561554101 81.313721501462126 82.375576138775898 82.206190957886236 79.101735998052675 83.437979346119377 83.3269661516767 82.835004164431382


# name: v
# type: matrix
# rows: 2
# columns: 320
 4.0452272840958052 -1.5491047806532685 -1.4912810709012105 -2.3617106020879088 -0.69843808247225003 -2.114726609780909 -2.338795551617916 -2.1848560259870178 -5.235405600292153 1.7984453621489453 -0.48484824598085069 -0.86579323962592791 -0.74118715823311598 1.7753224895878497 0.075164730778953845 0.0054553980679680576 -6.9196710685965996 -4.4819068742017949 -3.9766089356850589 0.1209471747016363 -3.2452595472613868 -1.5431090576949353 -0.20366126324722292 0.93448559420295219 2.5756012768073298 3.2865924376512514 1.3021363457718846 1.1313036246855084 -0.0087556451964935847 0.28000908257644647 0.076597165524798977 1.8491131983018745 -0.095251572400379514 0.95492287514684171 1.845012319671971 1.6932394898282255 1.487093285019625 0.27426716913631444 1.0963503260971417 1.3555253826230906 1.4345162765448427 1.5300677322453533 0.54097645935717564 0.84333753287430668 0.35585116913823689 1.6961192366017308 2.117196579016333 -0.37462807417198868 1.9386293176813298 -0.39878087173535787 0.56229828007824556 1.9791974068399449 1.301168512452104 0.78045860994314842 1.5794363468010983 0.66139435448815187 2.2246604856147463 2.7951920726202948 0.89087302100922172 0.65358181414438254 2.538665358215205 1.6979903400657304 2.2347443753336602 -1.0484133099831789 -0.83943504161855875 -2.146157397044711 -0.69701126283473513 -2.5555409142093808 -2.585453116163889 -1.0679538833230608 -0.89464890081651316 4.8083481724781443 -3.6223320438021704 0.69725026896331166 -2.1681723688194721 -1.8972893549708996 -1.7167571773932511 0.52213839407595597 1.678837308808127 -1.4613217490571622 0.65397452229058761 -1.57553772667575 -3.0327096568679766 -1.9519050408791909 -1.5957821238015946 -1.3006350973946403 0.5068457021581797 1.8401516763677099 0.087425587450010153 -0.47770705269828095 -1.9914209313216715 -1.4075265844987634 -1.8122675816115636 -4.5729655749004809 -0.73553814508694704 -1.0254152592786061 -0.67387039162757534 -6.2008401770682422 -2.3282931302016472 -2.235702740975789 -2.1375849174594062 -1.9388324220216653 -2.8188972735855784 -2.7975868664989956 -1.2373199482503847 -0.87474050496922806 0.64260042129826922 -1.3015213413937854 -3.40645788767945 -1.3095231631421662 -2.663721247100554 -3.3691410272971458 -1.7186368574004856 -2.6765709005261318 -0.7640726330065708 -1.4931051499512094 -0.27811606556774043 -0.40858845352779427 -0.98235940944024569 -1.232053632845981 1.6043319492191417 -1.0184995097957947 -2.8475793123553554 -3.0893614446228108 -0.6384532477099536 -2.1954762943911295 -0.34464981505933345 -3.501410663206876 0.63942593884555221 0.85303696560191977 -3.0016667572777807 -0.9025678901772648 -1.0457328426901034 -1.2943174068181056 -3.8205136287434449 -3.825157032911588 -0.50648752543597408 -1.4882588460742963 -1.7464511260332116 -0.26415823193366156 0.73859858458856831 3.0397155729874634 -1.4018759792328119 -3.1420302346738094 -1.8763683703559639 1.15278273164515 -3.3052369035009281 -0.93926025767855048 -0.94402135627102057 -4.8990929998103061 -1.9988268207300763 -2.5399683097997148 10.35078207216706 1.7670819465546246 2.9794398013476497 -2.4841656090212361 -4.3701617114653262 -0.66056745003815975 0.29093331289039032 -4.639864830986463 2.1289798520658563 -0.77894882957280687 -3.8979409362357114 -3.3913228914080427 -3.4647503278062932 -2.9750806106624839 -4.6958145137625662 -4.267626735361997 -1.0579009926464513 -0.4625893048273198 2.1595107491211532 0.058912653137297266 -7.8762824893752503 -6.1733041055118649 -1.1946868770402617 -3.3841974635692047 2.3940223150587667 -0.86365086495798538 -2.0628606792712292 -3.8937274210402673 -0.75816249943952441 2.5736438018813286 0.99616988720600141 -2.2070062866156208 0.5599963309348468 2.0712909729583764 4.33340235304758 -4.521506189557253 3.2341384471676746 -5.9677221305093493 -4.3720765940458399 -5.0696856212782864 -1.2037298562456369 1.4096056935038199 4.1268127163193284 2.4830328753495285 5.4484424599495478 0.89592129743840487 -0.954457520255243 -0.3069193709385597 1.803852284888591 -0.54316969479131105 1.5723195341862912 5.1496863323100692 2.3893123497307696 1.2157611314033459 0.75164223504514571 1.7943110237907345 -2.0537582353746178 0.48740173052261837 2.9155878175279186 4.3504904764481687 1.8430543735878224 -2.7133365513914285 2.2283814405331537 0.16593184178461287 4.7777907112306357 -0.9952954458148453 2.9103134828247388 -1.2620821543797052 -0.51145881087360223 3.0271417348319125 2.992914354007886 -2.2035653032432836 -1.4805455437975275 -3.6934642245179403 1.8217901105048895 -3.0758492206351913 9.7918552122602343 1.153327522534275 0.72946165069798385 1.7215811375444732 2.2728166734052841 -1.7343341413150926 1.4768136546202257 3.0120684565533091 2.4342361039027871 2.717689687225477 1.6181343393369052 1.8244489184945192 0.41102006316631734 -3.873259099375602 -0.018388054878221378 1.4121343991734092 3.5998013850687269 0.79445250808365253 2.0209940527045602 2.2418580376952355 0.70047464734744902 -2.8960165801068718 0.059108900748773216 0.82409071391339073 3.0864654623466889 1.5908757654416623 -0.61890031012868096 -1.1396072695747648 0.84282270875573584 2.555203100750397 -2.100086601167332 -0.26821259114556001 3.3610581894865925 1.2883471359968746 0.17598392686425843 0.13883575391976707 0.13223073885417988 0.88167391345715806 0.51532177851477956 -0.41295541707615291 1.8318664327043086 1.5023655737062851 0.6692101362959606 0.49395537876398604 1.5862151732551919 2.8503464126059308 1.1271686033556001 1.1173546058309012 2.5667735404080836 0.4067571525455061 3.356680444925344 1.1299593036483171 1.7369584376035925 -0.41499985227018005 1.1506507004517184 2.0966329609633565 0.95868606519007471 0.90033351708237619 2.6290310276377347 4.5388372568068576 4.0911043733195012 1.6027005136158652 2.1673652144446751 3.0200666850844731 -0.48661923631365966 2.2174611394653789 3.369023358375983 3.1934136604898256 3.5843486629063301 2.781533104141265 2.0671953792078721 1.6184182837001326 1.2051025283928087 -0.36885001923067778 2.2312478917227008 1.5969102777843498 1.7321274449876642 0.71224092839578679 1.0934876025087776 2.5493089944104188 1.4563374314855861 0.71313765948091612 1.1966489665196181 1.0795806053282941 2.1808149519075544 0.055875918043792015 1.4989792840180787 -0.4039223024425494 -0.2787000706730387 1.8962926684254275 2.6857422603231216 2.7979991137806155
 5.6746610425660311 -1.117490105380994 0.2572323814279055 3.1959294126884794 -1.3616067523541608 -3.5381972790671745 4.6437760223989706 0.29108599795669898 -1.1078309185855515 0.87471286105772961 -2.9846996412712232 0.96384906888910271 -0.81039780598378297 -0.90451826716267425 -1.8408246670218591 -0.11200043242230964 1.6137070740291297 1.0634697339613519 -2.5475522924069405 -0.097953420741809516 -0.613216632592129 -0.68230114203824777 -1.5321180403588874 0.55736136688772209 -3.2557538475887369 -1.6842615605321667 -3.934580672830652 -1.3688265063269536 -1.1049912751629878 -1.5750029391477434 -1.8863316855641648 -0.52020493253561284 -2.33877748716586 -1.3575735504779309 -2.0020520352619178 -3.4423705007765504 -0.81457935826876693 -2.2567314478045741 -3.0561342815919375 -1.471680850765607 -2.6831280182040289 -2.9330293830393384 0.49984989217188186 -1.2598162195429066 -1.7332786381120444 -3.0630822844400307 -4.4642411711656615 -1.0928258138040439 -1.4896898481326399 -2.1502051929429435 -1.511915700213561 -5.8027915008408906 -3.5522370614176806 -1.0840354094702254 -1.3269321841146795 -0.01663712633814099 -3.7158805249804363 -2.9485163453822358 -1.3512723514093099 -0.54985488431029972 -0.11457876153110222 -1.2657714772694875 1.9461147570763915 -0.74189481990809458 -1.4614396838420822 -3.3759490323333288 -0.39762816043875715 -0.70265671128496998 0.69646743979065973 -0.56400544594891 -1.0501154172156975 1.2975106343904557 1.8882028860373117 -1.8461329070391426 -0.12165864352535605 0.19881428455783298 -1.4474797250186096 -0.37252119070677897 0.21721256228300759 -1.7167541592656121 1.713435020864376 1.268022482064646 1.1689292536865052 -0.98167854609617589 0.46873348145161403 -3.0958060944834158 -1.6977260174810886 -0.75215559611588201 -1.2691417236115001 0.92115863528423092 -1.4215617028705865 -0.61328136842323488 -0.70805924011118015 -0.62411216490184129 -0.09534632866297095 -1.6558500582654516 0.88538877132581772 4.8970965420429486 1.1640145911617403 -1.3034009647340634 -0.70854995037039048 -1.3096849870116989 -0.66939237316132605 0.69761947949501346 -3.9690762378879798 -1.1851993720100982 -1.5753401945333112 -1.5265379359912541 -0.92030964086862888 -2.5373658436004858 -0.58693096326632044 -3.6550340429115868 -2.1519379474198104 -2.2546860454561233 -2.5099735261393628 -2.2129234033246767 -1.5752242760396882 -0.55190672690318121 1.4511542305423721 -1.0780553089113041 0.80575631054705121 -1.1061201244185588 -0.011633231891398206 -2.2898884240605821 0.2856677609121544 -2.9355033419683978 1.2536541631633691 -1.4510011533234985 -1.4985947257817349 -1.8168018255805483 -0.068238322534320855 -1.0548797307882476 0.27289844412199965 0.38261094717909083 -1.1044904818703785 3.1903839150618971 -4.9394069248097292 -1.2456794119716439 -2.8926761421006435 -1.2143987563600565 -0.47868205249404555 0.140332703908361 -3.0077948694945635 1.5120815234880927 2.0845725556622408 2.2060929815335331 -1.9440862629784657 -1.2832204821759285 -1.9022976440684862 -1.5374548473278822 -1.9598241178759164 4.6766675574123706 4.0790060925250726 6.0696738027171175 5.6950017758415452 -2.2254811956690794 -1.954079986774153 -2.0129835179964677 3.8868957031222227 2.0958460723622414 -1.8896500028491148 2.3527586518369832 -2.4361773678480465 3.5401989572604635 0.86236237014661121 -0.81690819209270271 2.0990616139988969 -0.3051341987265207 5.2567276014775022 3.9926282207115502 2.6939712065157497 2.2078769008350241 4.3462319341229581 2.6664157436746065 2.9453708658843212 0.33452216414540192 2.8291524660769416 2.182676113160066 0.45209373950366916 -0.73576235414322011 1.8249665120869287 0.95979182496698379 0.27046533535377848 3.9997167321991984 0.16374669928492003 6.0062512266845944 0.73537380652117312 -0.52860353040494479 0.42686338365778631 0.9557226141135291 0.1034151588173314 2.2669981846564049 0.80792403223936582 2.5207145001160329 8.9777298278450584 1.490771876089894 1.8033556626028384 0.91004592369914827 1.5617942349986416 4.1833626856438144 1.340427669264789 2.2320954346921393 1.3466077448623412 0.21070006779494685 -0.013534692870124794 3.9879084327648004 -0.71005151834167057 -0.87463008939942988 0.18167823408173384 0.30202059932975833 0.80419218389894398 1.8809912312122306 0.67939750681827438 0.05946613293582087 -2.6918267158442877 -0.4476829669481498 0.88046229848842705 0.64884111905220643 0.65908762513874153 4.8282409057231312 0.76681217662814505 2.8512272426642249 -2.6996665893123408 -1.0885439902356151 -2.4251076161160574 2.9482382323283973 -0.98984467336908466 0.81754748058229354 1.9077300108608601 -3.1140909546230047 -4.7981663559097703 -3.7582887285688762 4.9553758204151475 -0.23878556312597754 3.2304021714964222 -3.2105697745378881 -6.6160747884193025 -0.75683593278562555 -4.0377167529329059 -2.6816997507801101 -2.3680797279855494 3.7078206127186473 3.3848254212749538 1.3940135166231917 0.80344832862987337 -0.81940030315974965 0.14361198340110867 0.7462761404461381 -4.4301314075963623 1.5192868301199896 0.036966273938073849 -0.75750923940879988 0.1772490219115771 -0.56612883796354763 -2.485577370867833 4.0361142509800016 -0.91903207281288735 -2.7486638361285576 0.86357808203941411 -0.87551684597847446 -0.69900021646033805 0.711418347774738 1.0322943655970842 2.6362644984475572 -0.071719207703466306 -1.072369632113483 -1.9795123299974435 -1.691597004088186 1.4163911900136243 0.62281276632134719 0.026821824192101676 -0.14878726132631712 -1.1318124032353496 -2.9848821954490519 0.15226242543471766 -1.4609502076421057 -0.9282346998112353 -1.2687758648979783 -2.5196720817458163 0.23789497285866468 -0.70312341862820982 1.0157234106273654 0.079825920062630534 -0.6062045951346966 1.020601064335301 -1.4427413449766222 -1.5717160023140391 0.61603783949455504 -2.429408292258834 -2.7386314836195349 -2.0852242870374624 -1.7991988432841926 -0.58585669328009282 -0.81332925105278853 -0.79462194234215533 -0.5763695151569681 -0.056872326485462851 -1.7846121119098532 0.39779133961792035 1.3879868623102063 -0.35542456366690733 0.56970204137520153 1.6683634590973393 -2.0365124897739175 -2.1931402521838184 1.8972115886182146 -1.9824666837635891 -1.2487247511189836 0.11909569957479163 -2.3794599709915261 0.31973011841992138 0.86129832952167451 0.73307274024766844 0.32490542718658899 0.73538836945763408 -0.79426215920150667 -0.9558117077126822 2.4339299767049614 -0.10919324896214534 -2.1103248634364169




