# Created by Octave 5.2.0, Fri Apr 02 16:03:59 2021 CEST <br1@br1>
# name: ptcls
# type: scalar struct
# ndims: 2
 1 1
# length: 2
# name: x
# type: matrix
# rows: 2
# columns: 320
 124.80270219576252 107.80484221199215 105.66130086970549 101.04548142200271 111.0569261937063 115.73735128651288 96.48788998568179 104.89398857151275 117.61439927955686 116.07146141889815 110.65038620166501 106.97004903467752 115.09852000802871 115.49147902261042 116.17260444844938 115.1083091957634 119.22127032588415 118.5291905562004 109.54909687981429 108.35840281550823 111.66899935093439 135.25706777648449 114.19624751969171 134.74458711798007 130.97823664520325 124.35044782066268 133.7464039637122 131.04135008931468 137.29599311342386 138.45976172823615 134.47339165254655 136.4255007672769 131.50845900530146 122.51632951818436 131.39689295693069 132.2106755064342 133.01003593198334 135.46745781537726 138.85982522767583 138.49273018283205 132.5522922724272 135.01201536629276 133.52680076907049 134.11747094936464 133.48733991486844 137.64876488978669 146.98983817393892 145.56312179879833 135.31776272134596 133.39428397957272 134.57955838122066 134.55281137006546 135.73109153879992 136.42426459347669 147.31448999687703 146.82837924042923 137.1951810064262 135.62848592526626 144.89815249035661 146.28333170987659 144.81799288132419 145.85086486592971 145.72339434423432 145.9224690545002 99.543445097293585 100.53161279462643 98.490373100730608 92.011524397566035 97.409052350239676 95.352011579711672 96.40912566301995 73.861402147278142 101.60698890928238 100.89396010445805 99.306583312350057 98.251121929335724 98.355622900130911 97.442185929925429 97.800808845508726 96.563116719152518 104.09062202358032 101.77948342636462 100.37141646512494 99.339234359447815 99.394853386887988 98.577146950229192 98.736396365006726 97.334106807965057 102.82840886180865 102.51449939149371 101.44490659821282 100.39984243325141 100.43714032668979 99.573892441162087 99.666519095938895 98.573493629365544 106.97481035653897 107.04305225677636 103.56443667409636 101.27643139571585 100.53292865843034 100.58335920163145 101.63897075526127 99.670178160972924 108.01835840611578 108.82284266423203 105.95557953307804 101.6161004078629 102.65155653664128 102.50798383058913 101.6468919787507 102.72110270921034 108.61481406264151 107.40759633197956 113.14773543398078 104.59531464770353 102.20210769973293 103.41423076582328 104.43256906898283 102.57211721028321 107.76451218650085 109.16506776868768 108.39154751466894 105.53430230677046 103.34568660101665 103.5183738048629 104.52519017897284 106.66523505751968 108.45346455654519 109.41058754424273 107.54503694532882 112.4706157951688 104.38516330099429 103.69962553257064 107.48931241549386 96.145072192975505 105.35341919091864 104.4170240666125 107.11159072714587 113.92203233613476 109.7536491368087 106.4768025397122 105.05073942634426 96.570730757434262 112.67057221445519 110.45501933718641 105.91247262987946 107.43840243194261 112.67640294467419 109.56978777599987 105.44163387414126 97.542443707565525 111.97934775680426 110.92829379125338 112.9538954692746 104.82554263966976 111.64970875720694 109.42383670698504 113.5679394596621 118.14663851984102 109.64614496491018 111.59226816479895 112.64378939112041 113.82144282698246 114.41222231232793 108.51038895827797 121.45329490457675 120.39347949969304 109.30380659639549 111.75153628908377 112.78024721030432 113.8584007187481 115.00760555898498 116.16475830289041 115.92689824071152 119.60470264168413 120.31759488060686 112.07341765039241 113.15932301432444 114.29825251849826 114.1323502442722 115.26128020204177 115.54581741123378 116.31840941990866 120.8828792080015 135.44054407551442 135.65398600181922 115.29830439321718 130.03113178048147 116.99679183477139 118.35453028351854 117.27238345896997 134.64283957269896 133.37875987610207 131.91461957584738 130.63243703855505 132.54986916367957 129.51980637662967 127.93058686995903 123.50315368042087 131.54413287904345 135.43363754000472 131.39046756139837 130.48028332724809 132.62381897990056 131.44233802083531 132.47052357519092 132.09194273559856 136.19988515280238 135.40951073893521 133.54873899191099 131.43433353594156 129.73125911768193 130.77496801628291 132.47593195956995 135.91911096429752 134.40608154464348 133.58432499493802 133.47567642299708 130.4874241798048 127.75608437611129 128.89580206167008 133.27516513849395 134.65470687732807 134.60604189564009 131.78756115314872 132.39185601100576 128.32456387727353 128.80463390800449 135.91998008819454 137.79157587817869 136.41067466460248 143.65424766894299 132.47158411120901 131.38515060939835 137.26798885574252 137.56639913754046 142.63391993134564 136.56153340820848 145.83856425408936 137.31240544501736 130.07133441501253 130.90494972777776 142.6842370440832 143.7105018840935 142.19731486826532 144.50780714121666 144.34690966116855 136.23803429253869 129.50500450133902 143.51043003012879 144.36491820129231 145.38688599428286 143.44895447261791 139.63901693390414 128.55913785804606 146.33088240720878 145.43949536995834 142.73708448979181 145.18084380162878 146.18565406408777 143.48839822994782 146.90130996159274 147.54697217530881 144.27053190668013 146.02747648173778 143.48994865359876 145.61452960950609 145.41787271360562 144.56383440177072 144.46709555644941 148.45421867084079 145.49759869032926 146.74247830525456 146.45463325716435 147.29439017898821 146.86036184041964 145.56602690365403 146.24665374973782 143.12430323755351 142.99044084280101 147.87685676434421 147.78893514101622 147.9440729433488 147.72610240989377 146.686624415138 146.94687071470014 147.90754197756911 148.93832213988526 148.42072278314504 149.28464733128135 148.9043457170234 148.57233451771282 147.38877328091672 149.14838741297561 148.78074613527062 150.92447035286813 149.70240437887912 150.09056109645152 149.67091732683036 149.37981829558896 148.22109294704291 150.13060461641393 149.55211028716084 151.54852043323206 150.40782156657119 151.00116129105692 150.41190815417909 152.49995129577337 151.17287908786409 150.92190524288583 148.85786792720373 152.0140618200866 151.15374625484895 152.19002763004011 151.57375722109541 152.61112614328135 153.93642729135416 152.16611600068254 149.85989467619441
 52.612817955908781 81.541052572735694 89.137397312943463 120.78144038614991 79.98273993370735 92.877827328554076 122.32078977345535 100.85474683235539 48.16540187557343 62.355716914713277 81.156582239676624 82.131339738487611 94.058086106650705 90.928962269076877 91.701403853008273 92.039353853212575 47.443527881258078 48.98073597690825 81.126834441121716 77.886098578319917 78.965617509937218 82.217561873093175 92.792314863857285 83.218818991411993 78.487936883171685 79.954489619945278 78.593699915816146 86.540783889686892 82.626245517683927 81.709604194224212 81.551134696405427 82.029196522596578 76.242998028665824 69.204575243884847 79.416436129116349 80.991640324202635 79.974489029079663 79.854353440894158 80.680233175280023 82.849643617173641 78.979456622259576 79.003515023280968 76.418499125364264 79.58869656680524 81.009267989265823 80.591892151770836 95.051578230912881 93.275215140237123 76.889119109477093 77.484664468698696 77.887837170668718 80.481111264099766 77.960077506143989 78.907321531931544 96.184837474858753 93.80599521143867 77.958998866381094 81.082535289871288 90.434516880020709 95.992443863334529 94.174365418133917 92.215224203926141 97.250363940260556 94.420777215038697 84.622553169457902 83.700974330009373 85.095839067422887 84.955482334316045 87.222410697404925 87.038725340166408 87.66585114520143 103.80759169013085 84.030008303095741 84.933338510267333 85.877596642624908 86.315442208680281 87.661438717381643 88.371928261440516 89.629680656598723 86.62505556763395 84.773003706886342 85.443111754176599 86.213587690865168 86.917933087813722 88.084089464310395 88.743492580249978 89.987273632375604 90.598259866740349 85.16188606380075 86.282328635576093 86.469554030917024 87.270666417069648 88.530064531722033 89.227556040360056 90.65392891617752 91.197573560296661 83.334049987993524 80.887098655440553 85.903309386460663 87.925579063714963 89.891046062272466 91.110620310088734 90.35765825394067 91.919520311015489 75.635253208691736 76.825744516787466 84.103990622439355 89.090410335985737 88.604680150310756 89.666121001787801 91.449562308764172 92.067575290179292 74.734302462633252 79.568780832553557 80.560797702899933 85.752052576428937 87.353709440987231 90.295413498165217 90.722809304406979 90.949827817137106 74.070965126801113 72.11344615076122 80.49436351360734 85.130139441494038 87.00869290107812 89.216285386500985 89.595277017322516 89.763005200302004 73.080600826127096 75.675258984464648 78.552967870097632 79.778265983705893 86.810574667693629 88.150650345278834 89.131427050281829 121.24599580900384 68.993378453658238 66.793717500705014 71.428841395075139 79.57777647798433 74.501367324439911 85.791093355295075 88.200842464185016 113.29314254467015 53.992156872353135 51.838492171255915 67.680688250029078 72.580327617800194 78.444402655610574 79.189485540257436 86.488561489157433 122.10159319397894 53.098087541457623 52.938415391827085 52.772568262915968 67.896241372967722 76.632103891705739 78.087373039185962 63.404572775681679 47.181665856837263 50.822468234738565 52.057649976362477 51.671469485277704 52.114663692789698 51.271272355431904 79.040570094894875 46.960283411142164 47.745248488606826 51.987902678895189 50.914947220787695 50.557416600011152 50.207776907423387 49.910543337644455 49.388955025030519 46.695056822407878 48.850561854760208 31.965255725691879 49.735117919196966 48.759346168706337 49.149497361194804 48.004866205460594 47.658280102288082 50.845037321543572 48.02117644518723 33.189755046212461 40.955832796811542 52.10421156632755 48.744164781527395 50.717414208662632 47.112554418172294 46.009090586942563 49.231125305193501 51.74552316676904 51.186332037972527 51.084859866627575 51.701585468358509 54.085547450580613 51.851363606521204 47.666755286939662 69.786486636387693 52.204040437889716 50.922091326610214 53.460935040129883 52.720370302106339 55.143873880455452 54.493841833238214 75.704020913202001 77.852385692559182 54.146411528386892 53.223767760672416 54.556516889132077 55.649365347491234 59.707478974177853 57.821214527757867 76.894505955959147 75.873122895993859 56.309711182226231 55.665107798067346 56.696713890539634 60.544461467851335 62.683583681029035 62.850051333239236 74.988781006809774 75.339456646050621 54.029674295200415 58.158603382568437 56.249261883896168 61.830172278268208 60.660927671677747 74.647628034257991 76.905728706252589 76.893051545469135 54.183295676264109 57.324505866622417 56.781151859387137 75.996898164172023 79.502250701298706 86.725817282694223 80.079972207375846 91.09028854171379 64.179978860318769 63.006616593048854 58.898721418084953 85.552641817975427 86.313642190600504 83.018118651535062 89.28453865107258 91.344069152696932 64.628591472590088 61.848316346375363 83.855520449521222 85.503843645624727 85.932833170799526 87.513722482870151 84.458655817732847 123.94084778700245 72.710869398128608 71.796991402972836 84.487489792853424 83.710127004338418 86.687026871318835 88.793016560928777 91.992678405233022 92.892624549761365 81.792052317026247 79.435669515819328 82.768542955474487 84.848120141413219 87.547473459999466 86.971374607940021 88.192956408533021 93.685149196498017 82.518490120425128 84.395871521960842 85.606123056107961 86.376874746357643 87.564745778742662 88.793002643771757 90.051186663042813 91.274499379681316 81.161057995523592 84.077800776158966 85.315071867361254 87.308012804481578 88.376940394635611 89.112580790666129 90.949453321372133 91.735101409787561 85.371322198943091 86.320190042812257 87.507467026852225 88.526362788435208 89.584863083725907 90.02330256539129 91.48141311035404 92.574357326947805 85.984981084484062 86.157750824870533 88.31587989231177 89.296194938784978 90.426115469072911 90.610525148823811 91.441083828725084 93.554473746513523 87.033046811251594 87.063799218005485 89.128790793291472 90.265849566228425 90.909555335384326 91.218168270343682 92.278784524100658 94.692022184743905 85.963176457800444 88.07710706424497 88.487086294613277 90.125916168506933 89.614293674439878 91.21314755209778 91.996498816933283 92.504544974787422


# name: v
# type: matrix
# rows: 2
# columns: 320
 1.3579693284185725 -2.4014215526350169 -1.4285080330497553 -2.3617106020879088 -2.3866227850108159 -0.60287167542129438 -4.1902189565764703 -2.1848560259870178 -2.1512487350692724 -0.62397535907694635 0.39151941347868008 -2.5340444028495921 0.49524528077013591 -2.828277826159475 -1.1307713759669211 -0.29200504135267707 -1.5293510569467947 0.30942608858501142 -3.1038007625974 -3.6827616815568747 0.66365427418241774 -0.46105060135424303 -1.2055391833351512 0.57799877305487612 0.28257088506522882 0.18963793975630527 0.084439729401421124 1.1313036246855084 3.433422944273663 -0.44614067105043165 0.44544963456593478 2.0886614580268987 1.6446842391975216 1.0996897609591285 2.2444512835670332 0.9743317960417579 0.75449659670647728 -0.2735100144819374 3.262149100749697 0.26613720893355791 1.81999651486318 2.4162799068277532 -0.097895926019046231 2.5771997342120105 0.30653023574258081 1.4218389887010261 2.2972354421105132 4.6484238655898746 3.2464912548029132 1.6377964402539911 1.1079343809991551 2.6203569403002227 2.4869074803337825 0.85389522965191889 3.025432273431651 0.44716195945345155 0.24265506570454953 2.817513255845733 3.277578440323794 1.3757347303243692 0.084440564293084275 0.59416094936202579 1.9066522454366435 2.199525602425549 -2.445453842655438 -1.7383696893699498 -0.12976736340993669 -2.5555409142093808 -1.507133267134104 -2.241868261945632 -3.35570450370553 -4.8083481724781443 -2.1443025872085486 -0.68018943642348462 0.8370997345056671 -1.0385858994884205 -5.3640835244747196 -1.0201632665966491 -2.9812477627982434 -2.1039500760727123 1.0992171586979562 -1.1877498209858985 -1.3625880341653127 -2.3203509948793282 1.2914984106677185 -1.2845388349522722 -2.6846636057862523 -2.317154915795379 -2.6793587311044935 1.257639149894352 0.17346040138204288 0.072034884982891748 -4.0520561265897426 -2.1818368244017932 0.020552540839889777 -0.81734072350439257 0.32814160011731486 -2.7866375267121581 -0.8373649652735915 -1.3303600175036108 -1.0304716911764686 -1.1281262751464027 -0.29560013071265978 -1.472904107249756 -2.0086004006026963 1.3746629574373999 -1.046357146401125 -1.3487060841879879 -4.2584952417389248 -2.0798413647643814 -0.59718945944298074 -1.3614193766014464 -2.4993974429565928 -1.850707613424035 0.16906506376773911 -0.17436774173782288 -1.1080870809053225 -1.3500582943512791 -2.0999307064113917 -0.43749696443385455 -1.0278648891809379 0.67551670091570803 0.18405254696908913 -3.4474110392204333 -2.0597333799058832 -2.4951635326806589 -0.84041299780254741 -0.46767466159521826 -3.1775486702549371 -1.1380951258802259 -0.33018995475097074 -1.3303875752346301 0.45619690598661106 -0.40465327783277738 -1.6524054448404197 -1.7429635855193184 -3.5831853319616642 -2.3044597401518327 -1.3337180331206846 -0.8263966250944188 -2.254787427022682 -1.4810887918551097 -2.1197121739130229 -3.1420302346738094 -0.16133549361517546 0.25980007898504104 -0.83356711237303427 -1.5173783994416763 -0.47588211915805195 -0.31115853271958088 -0.98498912669307626 -2.7707383522334159 -1.0765424762473528 -1.0080528311157293 -0.33642215921206364 -1.062936699545926 -0.48338828032825459 -0.38070653453923586 -0.91553894821569615 -3.6282034423469018 0.29183624291008953 -0.29277588805717314 0.84010999563700051 -1.4573869517654146 -2.1787212770317184 -2.1731967205279208 -1.8516768709716989 -2.4470225733396949 0.73763318101293018 0.36803347170526807 -1.017158705884176 -0.79147622364429993 -1.3941303256504676 -0.40656454530542019 1.9387683731628278 -3.1048040369646297 0.07557765480023787 0.21721559901953116 -0.63874627036902909 -1.6251236304511782 -2.3688591487794746 1.0046237142981975 -0.85194011542814374 -2.3714242618084378 -0.8070307067854724 1.9063454546835059 3.1292742518515415 -2.3964214126396781 -1.0162469222109916 -2.6096434845925591 -1.8057168184290842 -1.1571418772079902 0.56132477315897611 1.4598407024231002 0.2007397833042239 0.8568303319670505 1.1317142161040783 1.7352167010837296 0.9259881844467065 -2.0336895715339729 0.99094627555324388 -0.73421026824706292 -1.3930283125221548 3.0508256930575119 -0.66721480074070472 1.6644589706536652 3.2883397824223604 -0.46163785323745288 0.92101044248766206 2.2877034201351969 -0.33986158112322695 0.76557063273896564 -0.48181520784819515 1.0949446436532262 -2.5730322526599694 0.30939123522785 -0.07874136486806349 2.336801491631737 -0.59277520929608207 -0.39237444909984492 -1.3082862422982433 -1.8699509216165455 -0.42216853188756437 2.3553482111749711 2.3855573198822846 0.48485541869710541 0.21967534465188912 0.33732220523568268 -0.56935581370749999 -0.33642196397857105 3.1574812133298016 2.0357896190469473 2.2728166734052841 0.96233544995140008 -1.581381830765622 -0.22923988308294463 0.023105549564452287 0.20522562876609451 0.97182046910792153 1.8854732542227333 1.8114376444967346 -1.0469264509864988 -1.7941663075585947 1.8616993831802393 0.79491928020295699 0.77501934806594741 0.42966517774650065 -0.81005983361636913 -0.81400931250423081 1.6984683368643911 0.2761527160431908 1.5922952373367192 1.3586221699492904 0.94097710505809262 -0.19746692095843232 -1.1396072695747648 1.3926002765124121 2.0054255329937019 1.4128119107266848 2.6254494049200647 0.19131085928346522 2.7552324396606234 2.3787818852060623 4.22344775811976 2.9922527620015535 0.88167391345715806 1.58878205419858 0.33830068875111691 -0.7895314319888791 2.6349359094738869 2.5941296276212942 2.000783353312459 0.42988518700511824 1.1037608983265113 -0.15358571238449475 2.1439091513083675 -0.22896196038634897 0.43605403124941816 3.1269860681044084 1.8966479900514104 1.1771120523725938 3.5478171882116634 2.140333615340047 2.5737302065517329 1.533158450741186 -0.87551052639599924 2.3484078025819488 1.5404996145032364 0.47704527317696532 2.4401945503542497 0.96542932736641485 1.5196460496266033 1.0556752544732975 -0.32698654129828708 1.1722707851808061 -1.0583771095157481 1.5595514352500492 1.6942477914136473 0.68310968096087588 1.0648873526535081 0.97901957692820685 3.2113953687134611 0.212505259519017 -0.80494284406215488 2.1939377319692692 5.4925426786115414 2.965116911018375 1.5046373562497151 0.87518987911122537 1.1315848966173612 1.7777778179877852 2.0900276675752885 -0.29782418461753712 0.1964738186463649 2.9328054451297398 1.7668920705051887 2.0323355147742008 0.65101610353457962 1.6612213753345797 2.3727665838175724
 -6.3445512990119379 -0.96234522889120033 -3.071566771127912 3.1959294126884794 -2.1245537611433529 0.25586425561462633 4.1672208250502099 0.29108599795669898 -6.4888937501663824 -4.5400459979297505 -3.1310115166225652 0.13645995818287371 -2.1604606045119636 -2.7441986159922505 1.2258241656734072 -2.1468888282241219 -5.0999518645430877 -6.3013399282580904 -1.6060845617089545 -2.5400506941246523 -2.9367132112494798 -0.91430673377196026 0.02089904396799008 -0.59990418246565136 -1.4975300591117944 -1.9360448762617062 -2.9244734883688275 -1.3688265063269536 -5.0634820054296741 -4.5974297903055916 -4.2440875014637811 -0.37800478756193429 -1.7625565691184351 -3.5853927432304302 -4.5881352281174319 -1.4914644898455416 -0.90005426952446077 -2.6265268850638872 -3.8144524582791184 -2.5008426467169569 -0.0038818522799887664 -4.8007893855021262 -3.0489510033713518 -1.1950043343867651 -2.0025008449728241 -4.9605507235132942 0.68315097561534521 -1.0365100823792599 -1.9269237268259096 -2.5587166972136957 -0.38532605300118022 -1.447121504086077 -2.3071323703755158 -0.78219371888380729 -0.038928429070758309 -0.081521305086717913 -1.8977254101937135 -2.4361607113651411 -1.5543071667853123 -1.1303401341834081 -2.1872574350059533 -0.043129700665726939 -0.75799057609260068 1.6094368491278763 -0.9638151617687285 -0.59668618452397593 -1.9666759517097585 -0.70265671128496998 -1.5650389172329326 -0.59840470758173514 1.9185370092833893 1.2975106343904557 -1.5456784905208731 -3.0118054281701858 1.7473961304252936 -1.4155085323623462 1.6365635536060232 0.25188198920110361 -0.05053804071804624 -2.7446708304433498 -0.38550275955039914 -1.4249967036097448 0.54761693609995454 -2.2867159144320204 0.062570331930826506 -1.5758830091462754 -1.3204302011206701 -2.8248199998740122 -1.2891849033822183 -0.31365809594973931 -1.0818071446084991 1.4910479968949588 -1.0436873994779865 -2.5550135939503749 0.93582941441124978 0.35390695687504953 -0.58341559889509098 1.6296459603393121 0.24945272364515308 0.77624422412815164 -0.039917620420163551 0.45364339848188429 -1.4359164962333315 -2.0881744155800801 -1.421572257628904 -0.31582561758767252 -3.0064045786144167 0.29249543566763675 -0.29014820883084291 -1.2142576402125433 1.3951180311911366 -0.98591327841668541 -0.60556719296546535 2.2893335212223138 1.0045669498923664 -0.083355731623397211 -0.84393758236415783 0.75044539166104274 -2.3355411376265276 -0.22358003779446367 -2.284549961444565 -2.1596017763356601 -1.7497522677268718 -1.1353542403070991 -1.5546119599813877 -0.96214536926580996 -2.3620972856440714 -0.53346558164174818 -2.8456035112693496 -1.1379527186392282 -1.9399357271361442 -2.3492467010585476 -1.5711510456940099 0.90202371319875085 -1.1483804048703237 5.1080743132249289 -3.7500563216672584 -4.3439390155893527 -2.469208929241538 -1.3226911406376549 -2.238674729657665 0.24094973327561303 -3.0906381661229645 1.5120815234880927 -4.6401964270767033 -6.1593678362306132 0.39354762561372225 -2.2273970145898447 -0.66939258333246021 -2.1180672849020952 -1.7877908139715353 3.2355323565980556 -5.6933838458761272 -4.3899763711767985 -6.005863616827809 -2.6542060837860406 -1.0510257071598526 -2.9953716888394659 -4.8047683630626112 -7.4510319959021283 -3.0430063738969753 -4.7715175397289071 -2.951692479567519 -6.7321107778551692 -6.3157681441881897 -0.24105316602415461 -6.2964810629333456 -7.6457797666301603 -3.2594387723320182 -5.7809848653772349 -6.7161634837106083 -3.8113180577337484 -3.5495015665354854 -3.6954381804405592 -6.9843918348870453 -8.521520976356376 -7.7336477969519217 -4.5482819139067701 -7.1306991389170324 -4.5815274382356792 -7.0553878499371621 -7.2224992492050317 -4.4512802996569292 -3.7980542393157082 -6.86457881223894 -5.9957003488919911 -5.3481130269277486 -2.4699006240002599 -4.1690670871579787 -7.6651203043654528 -6.4993904405316316 -5.8740985822190401 -2.8077181482378313 -4.2156855157546884 -5.2172694719252917 -5.6763066432840983 -4.3306423607414279 -4.5520658076269651 -6.5093544091306157 -3.1208527485155844 -5.792975807860036 -4.7473316076568057 -3.430144119726803 -4.1288241039165188 -4.6679320777610194 -6.6373248007157013 -1.9398333117315802 -0.62768409137532488 -4.0951477423805835 -1.0796378020637372 -2.804048939113684 -3.1505637224292631 -1.2417435740557041 -5.1571162261216053 -3.4269317336376517 -2.9777865857033974 -2.9089337454431448 -4.488277504425028 -5.0849309202438295 -4.078235037643684 -5.2064072487822788 -3.2021455248946258 -4.5411068395841214 -1.8428519420311418 -3.1724367372190128 -5.4260960351669345 -7.0824271517004744 -5.7435442718632306 -4.2086288195026373 -4.4945454382405101 -3.4878042354916978 -1.0935685679328808 -4.9553758204151475 -5.3076062726623157 -5.537355456977914 -2.2497723919846346 -0.58545739348362047 0.24699653419691442 -0.08331081869119214 -0.066978185079102151 -3.7134507791380909 -6.0661091621101537 -4.3050586838797793 -4.1422801153436035 0.7928660737007166 0.32420284863476101 1.1017217245786892 -0.889388189166049 -3.067244431023278 -5.9103466029977296 1.9224240675859492 -2.4057824668479815 -1.9754452227728101 -0.054585071563454317 -2.651468781263858 4.0361142509800016 -1.2951564592366738 -2.3725394497047438 0.65365603221161406 0.16615276872148177 0.56913185471575378 0.82879554966252611 -3.726012340584488 0.50160642892779628 -2.3714294708837467 -1.072369632113483 -1.6036269969122523 -0.3482825240160316 1.0740297261902092 -2.2689330334454962 0.43773902859764208 0.44092212439535944 0.19334685752518271 -1.7522752408574767 -0.035849962013472951 1.1958133837964151 -0.85368287437698365 -1.9477006967795998 -1.5850715875986772 -0.085758135966185353 1.2555065186052488 -0.5211580512522741 -0.79507656443886832 0.20587411481906226 -3.5737382102584356 -0.69625269586532201 2.5339681355606714 -3.5153205580484417 -1.4934486863558494 -1.3580770719103155 -1.0315552233519676 -0.61064245689853236 1.0685567696528446 -1.4309666468449671 -2.5653355394596873 -1.1139192902772743 1.5893621133958693 -0.21268109583187153 -2.2726735949471943 -0.10568844231486538 -0.0040555095576612771 0.93671589242671327 2.0090110434106667 -4.3397746731754374 -0.45097397098364339 2.1038397228309114 1.0499307746935715 -2.4448833724912165 -0.98207166115870281 0.22119412266505434 1.7001842082691725 1.4879820725121471 -1.5140368702128053 -1.2325396955611103 0.7892118454760918 -1.7228752095404674 0.16067750019518512 1.087857661756152 -2.531704921642814 1.2294605421840026




