# Created by Octave 5.2.0, Fri Apr 02 16:02:56 2021 CEST <br1@br1>
# name: ptcls
# type: scalar struct
# ndims: 2
 1 1
# length: 2
# name: x
# type: matrix
# rows: 2
# columns: 320
 121.5914222020651 114.74750566098885 113.09122668018682 113.20833214140461 117.89751124672674 119.38241230479076 112.64061357260606 116.14599710535262 121.93484265989908 118.9213710098872 118.08512934183852 115.98911636597398 118.66619754925721 120.2346491174475 119.62154255762854 121.27872319568314 123.92318422462644 122.52312977940926 119.02882931464256 118.29166488973719 118.95241623958768 127.15245347051717 121.27671883679642 128.12467933744495 126.41759400814824 123.37381243092435 126.78049806820259 124.60913900915973 126.12191800041266 130.03773792694426 128.21075303275231 129.10465336427231 126.71171702888886 125.52350587370618 126.91478344816396 125.96785315023256 127.22703195444917 130.96168488898252 130.30565337891144 129.2671810410524 127.82601759205366 127.62111699277398 128.27517529552424 127.96336546810299 128.68558748589169 130.54765010732584 133.70282694199139 132.26197488506818 130.47755866471195 129.01562412826323 128.79062353145514 129.32092625830904 131.01563968454133 129.94100706683389 133.44384012796328 135.83709574700978 132.09648486880741 132.39749264651965 137.50125877457538 133.76595247909523 134.63020626407103 135.16055636309076 134.64796541668284 135.64198153411661 108.17726529909044 107.14239659115691 106.27074839350023 104.02765539408888 104.75181334670854 103.86708986879695 104.14753591438935 98.624395235536724 108.01004897341861 107.18453548811803 106.2555921383462 105.24842769627227 105.72613918458434 104.92526148219777 105.22410561603883 104.21125447297753 109.55593258682772 108.18624716786873 107.31167642967722 106.45981482553471 106.84707166006237 105.95651265733242 106.3519599566952 105.29519251964808 109.04747056436666 109.38530454104074 108.70374194273998 107.77701752562778 107.97505439998288 107.02128891025276 107.43727153852589 106.57596993800969 110.30212080745159 112.03299395765352 110.59905795272023 108.98977627587293 109.01176216175193 108.20354562525118 108.88312173899057 107.77679275831633 112.18821348834165 112.09599802037238 111.97930342778517 110.08600914410046 111.0153573877693 109.90415125073179 110.13283993881713 109.47066200689477 113.59716422752528 113.17960033062259 112.95534685150652 111.27157400491002 111.00728735963659 110.92882357294583 111.08287742710297 110.51707863785849 114.36131414321672 114.87723202601636 113.99090793143625 113.16293423411149 111.98890766636771 111.89785516903511 112.15422425394509 112.13708351388308 113.26637819270714 114.42809408139843 115.45733805818671 114.13933224854196 113.02419938894275 112.59297518519409 112.64354536764127 111.63003709342551 112.57240120428131 114.10924257043142 115.41367208721188 115.34934481443433 117.35039942282722 113.77722872344965 113.03986350825582 113.45108573427079 116.2116516658764 115.13657470872329 113.47809454440093 115.44264584428851 116.07967827498997 114.13036188836732 113.75262282748599 110.03100743906987 115.436559527729 115.43162674904771 117.29725891541602 115.42130282787365 116.38623810785265 117.1490791439445 119.55689989624724 120.63507032916772 116.68032386957606 116.60420513987802 117.89726971760049 118.26196460227017 119.31776297085173 116.47002340658268 121.33450188648411 121.48025225129544 117.48607532111588 117.6641322887177 118.74584282348098 118.99893216014313 120.11005474489028 121.0110212025928 122.52187373750981 120.864834182804 122.72533075557696 118.40041529675877 119.51339653064353 119.92436839749037 121.49973378836829 122.06408365384428 122.58611275304145 121.89865966109782 122.24212655075506 125.71545012683562 126.9772142390955 121.16974219139395 125.41849810055061 123.06328020107119 123.65571888755674 123.07602174524898 128.02540007006598 126.84125232932359 127.92385279298708 126.60230164235634 127.68024424164967 125.76685029091622 126.61194953129632 126.03777045692159 128.97776249280597 128.08062073329347 127.56029078536295 126.83878229478363 128.92898650157991 128.10755348267838 127.92601257835658 127.26327017586543 129.93484449003171 129.03444044686506 128.7057011744788 130.28907733379242 129.72509476777481 128.62131684897213 128.46034085229607 130.26187996798944 130.96578281848977 130.03354185077475 131.20160206105788 130.81456354918379 129.62019457775017 131.55755429791861 128.94123956394145 129.74764660587124 129.99891382018407 132.36132794398728 131.95708505947763 131.16552698310534 132.57270792221016 130.90630078100332 132.91791281493275 131.2468188986723 132.69411240319221 133.7331131528459 131.78699620021351 131.83550504027502 132.03915388723561 135.68770384347843 133.56457287834726 138.68165821470834 133.9268992810496 134.75186083240521 132.55660795789757 134.56709900970074 136.29760076089514 134.65953436140811 136.64508231729548 136.80178087381512 134.4306240949492 133.60872806936518 135.61285646507258 136.08874628680431 137.50541287743076 136.75124494830266 136.00455386940934 134.42811529634784 137.27544671228566 137.04990551516033 136.36187752926003 136.68126231922537 138.5821182150496 137.02931071321009 139.21160937547978 140.23824126554416 138.61433297255863 138.99852185502886 137.79680852675659 137.23023663482363 138.91589764775156 137.8106715324586 137.82555265760433 141.55506325078611 139.06392747985021 138.71440193625142 138.31938317758824 139.771092695249 139.99907872455182 139.25697345168774 139.74364608277452 138.75193265130233 140.16988017843741 139.88603383763268 139.30623862015196 140.88824630158294 141.2562344565045 140.44137437966631 140.87321135599552 140.00304530603725 140.92889268917531 140.45232527981537 141.59460270835837 142.05816484127635 142.2974248669108 141.63426928447112 141.92306863654403 141.08876169517978 142.2573614419149 141.54721719897745 142.64190714632917 143.20957841678666 143.47352452317014 142.62261552923391 142.98099746697577 142.18343047119566 143.41362938900789 142.72638219523981 143.80449788593393 144.37450574969162 144.56058569781433 143.71611879586555 144.28867489589132 143.66517842372625 144.64440293565468 143.93363141016928 144.71841967494922 145.54064667859149 145.75516408895638 144.84828398851465 145.92746387035822 145.08025584056344
 84.627366631378337 92.49338809631071 94.077309101320296 104.32202319964149 92.598463649643364 97.453101751744285 101.15289332020269 99.355653942872166 81.267387614095057 85.749123907209253 91.483375165415012 92.814274928640287 96.566970206665161 96.683088526627657 98.526785510402121 97.389322465530071 82.220415643467945 83.373423483207475 90.203355259414934 86.970879672752602 92.992693115460398 94.646406929963248 96.355826818272703 95.664818395245206 87.059998099510892 89.925120732697664 89.835897109760353 92.796740298293074 93.810448823072079 92.899502134226196 93.831157698945233 94.705287580107893 88.753051027763334 88.256519719486164 92.137638928155923 92.643287632707001 93.462647852328686 93.497066376355164 96.105496205246709 96.534421368171365 88.880977527387557 90.702166084898138 89.84091307881117 91.847239765488197 92.70650208637332 92.015572406943988 96.918909457336881 98.26407968064251 90.044674808587217 89.096799878963338 90.801313603261207 91.882590781200264 91.060805584354 90.88603435729847 98.036065630041293 97.754808162079286 90.140143642594495 91.35286606312728 93.506819033756429 95.74105512515564 96.388007289606534 95.136673832951601 97.422006345300971 96.751619179959746 86.134222825036218 86.759071700508173 87.491674395304443 89.701554328617192 90.536139227154294 91.271345799871057 92.573204695648187 97.125411923021503 87.294889688529864 88.198744673350944 88.972103933143003 89.442399058541881 90.922058150031248 91.692927800599492 92.900671564117587 93.778835367698179 86.966349455772828 88.584350814591147 89.278265155046824 90.000847047386785 90.976620011112402 92.003657534310392 93.109484593333775 93.936574950353304 87.959839553613875 88.892380970375939 89.82444871414441 90.227876605773304 91.46447380787815 91.987253734127975 93.509127537489377 94.340590832815579 87.996255439585852 86.145479658099546 89.486932042690995 90.80815152469674 91.842784052115363 92.687596635773332 93.660194898230699 94.715736301381597 82.99300482265842 84.715541218623756 87.252002698604144 91.232589158226659 91.87140146979803 92.505365241381952 93.746967513180792 94.668000959109989 83.634088585983108 85.631083385772016 86.717290828703753 88.262629876437671 90.4732092283041 93.040595959684467 94.327072831554318 95.254849425648999 82.272857387345681 83.612450556286618 86.493248749163484 88.187780992631502 89.146985483193248 92.548759133696123 93.6445333886264 94.925503836093412 82.427051371560438 84.643412716868781 85.426675517524714 87.733297283356279 89.332643635495714 90.382959475376978 91.631354613198894 102.05357240740676 79.199444831787915 80.952741726437026 81.401790327568079 88.530302222328316 87.789864031947602 90.255984273110002 92.782822097403908 101.84317386562061 77.335382527638714 77.213976814236332 79.960844138808355 82.446890966782433 87.10982236692297 89.185500641377772 91.881866915493362 101.6942809944736 76.19935030208373 78.255180099216574 77.23383450954401 80.30922246893472 81.862418321288942 86.74042705809083 87.668502840053009 84.146155256969948 74.790303451416762 76.031589610740014 76.435085706325523 77.818081431473217 77.983134605992547 85.824534145360516 82.371093652767485 83.479315401401081 73.986153342231361 75.367562229521937 75.642525993436507 76.883758928022161 77.107083817491528 77.87915074686002 78.362814479674441 81.208086117995293 69.544125528474339 74.579600827057504 74.829009282593958 76.046850908995012 75.72977823445278 77.387826948294034 80.319244407860197 79.261082386717263 70.791752280763092 71.980652681717189 73.478510603396046 76.817277770311563 77.56738065956884 79.333837045580808 80.371067644837964 81.35866111102159 72.863650304493248 74.527146078506078 75.608036046647271 77.55943442560519 79.531198478548717 79.137297793036112 79.9830688742109 85.975937080335228 75.793044705368771 74.103420511280788 77.924987582004434 78.690679552734338 79.551599140304248 80.589216908562065 86.742329870228744 87.639003988884326 76.276515327998027 76.838001845409849 78.352906818480022 79.990645119196571 80.979209970301127 81.522563354213034 88.064119875711739 88.826865538513928 76.949687481024867 78.695056343161838 79.087438850734131 81.124718810118893 82.016883031116507 83.539823529554496 87.096207076265742 87.828121887587926 77.51535474815303 78.046424684659939 80.17992321380332 82.549621675331522 83.820876167168493 87.739771492850934 89.404953626907314 89.261345836887628 79.127977573364021 79.590337388770294 81.593775697037643 87.256348309711385 88.39368066240749 90.167978183140207 90.772232239454425 93.170676016029347 80.80429252560549 82.963382825962611 82.640170271235391 87.127611795599165 89.306580084383967 91.235090102968584 92.547973699696399 97.115017982479301 81.77294016017018 82.703647704041416 87.098375156346222 88.234816135486028 89.544199176469263 90.308413153751999 91.27431482481559 103.15485939445806 82.268751747294601 81.206034042568248 85.533835600336928 87.073548861438383 89.822355799200594 91.472140515539962 95.38914215423668 95.224305990669009 83.882507756262214 84.871242874459384 86.527089597435975 88.420708321772196 90.936836643998333 90.661655996741445 92.511121169231458 95.375976105020897 85.895497012496691 87.054930013295319 88.666744003729804 89.465145516078636 90.991477831196491 92.020458334175814 92.995973173151881 94.369524322558135 85.797893366660318 86.891371070027546 87.993156336582345 90.147733221753271 91.181155583284834 91.980948389551557 93.066056719508268 94.113242180396028 87.158948760732684 88.299309548667622 89.144610130622723 90.378458677707684 91.501347644482621 92.373731963561767 93.488956264126443 94.230807803626135 87.16773905959603 88.052186978217577 89.389248406170069 90.424509740004822 91.795944670341754 92.539527784582248 93.877287889241373 94.576919700865616 87.261399164124711 88.157067021845663 89.298917341356599 91.050634260323235 92.160879829688369 93.103093107826069 94.109891617124049 94.915413455516713 87.400106337345548 88.245978543435086 89.941579330217749 91.432119345840036 92.606850599468615 93.180204404245828 94.036356338688151 94.901212968388009


# name: v
# type: matrix
# rows: 2
# columns: 320
 -1.0187285082280035 -1.2548596273818591 -1.390216886614152 -2.363000140025048 -1.2812872992893884 0.11774011370090304 -3.18669068266512 -2.1848560259870178 -3.4300408716207089 -0.37858025056444589 -0.87625659666361466 -0.60073408950226947 -0.75445123111305201 -0.84083796403716737 -1.1226334058708434 -2.8182629464340558 -0.56023448004191279 0.055468364885555288 -1.8467523287495631 0.13189273622438388 -0.92558272279120191 1.771397807116581 -0.14577438771114457 1.4699683280412585 2.446441453415475 0.18963793975630527 1.4340725683879554 1.3144515312709049 1.971334512821584 0.8250178927838151 1.4532816676015088 2.9214308281359447 1.1668036779294177 -2.6157050557608823 2.1287098036507177 0.90817530088385623 2.4286832105528591 1.2304786685547915 0.70760049240871281 0.24672831941112253 -0.74410394592325857 4.2383369368749593 1.4664699142972888 1.7243971835465119 2.8000335681933923 2.8309028925126274 3.7956755139473883 1.1949898266846339 0.48919384024259532 1.7684276139574233 1.7412045182474358 0.95057239117239256 0.2454970148034788 -2.3421852496510862 0.19892841425757757 2.17208473700479 -0.18428991740648479 0.98846360708662362 0.21605875998927362 -0.47085272774146775 2.2772809513772949 2.7996409795276374 3.493623841844093 2.7658848765368038 0.45239101809564125 -2.1281859366159481 -1.9807498691260645 -0.67967037341408465 -3.0978039472274723 -2.5180282036796373 -0.60412031974055824 -4.8083481724781443 -1.4996315595019216 -1.2677959485067123 -1.6026590185400102 -2.537697835776433 -1.5209678529055337 -3.2987118423606958 -2.7023674023551281 -1.8796416371613252 0.94066748654575105 -0.040172185994159393 1.0109476904497088 1.4690121413009551 -1.9948491693300576 -2.8351992519854328 -2.9038397282825397 -2.7979463108649218 -1.1404470490457326 -0.83536186985866501 -0.56189046491733052 -0.63564479864033152 -3.4693034318577611 -1.4603798398257013 -3.0941012303536195 -1.3985165788825726 -0.68344079078539388 0.78419659598287628 -0.87234952271359945 -0.77585499774883693 -4.0870675146060718 -3.2482309034755983 -0.41759006097027168 -0.91813741341144017 -1.329645174195321 -0.30707432205580143 -0.60366079723602761 0.25754693435362369 -1.961694131254341 -2.8216095747186047 0.042501753406341117 -1.4070978980971758 0.62757970076076164 0.6409647276669066 -2.061767697607666 -3.052713997686697 -0.78215339290217201 -1.9758510876678625 -0.99459013845102406 -1.4882230863938193 -0.94480792935590019 -0.18499187298674086 -1.3294642965254178 0.13336135976415756 -3.2711936371357719 -0.056661553256906264 -1.8926011865725612 -0.45345236771504416 1.0304600396992645 -3.3628888850732386 -2.7809948184563176 -3.3690377953524946 -2.0570251581926304 -2.1941063509215808 -1.6975271124294544 -4.1396876087939525 -2.8807298909777841 -2.7246304030841353 -1.3075937804174005 -1.7947744277156255 -0.56863902592926008 -3.4715194856505565 -1.3702466120698029 -1.9896899057403787 0.0038849435836557263 -2.0940759317597699 -2.3522405867254363 -2.1886355048682886 -2.578701766047486 -0.17183889171140826 -0.62533986986538581 -2.5285933938664265 -0.56598871314756871 -3.0740422905876286 -1.2453495295120725 -1.0831027564440043 2.2033366489325084 -1.5327330825718501 -1.3741007434526833 -1.0946777807706414 -3.3007152255117447 -3.0800112204491756 -1.9717186272920488 -1.3820441783405994 0.030913638642087155 -1.5363797994789914 3.9575005069426603 0.16050471254939513 -1.6924966863006501 -2.8054441040050677 -2.6210000509171154 -0.45322710623779272 0.074449173260368512 0.82334094857844498 0.63111259220798677 1.3234142188413911 0.32024116464713659 -0.75483238104418005 0.54999092855345244 -0.69048939518077368 -2.0945250087053506 -1.5472740789330524 0.057256328732844794 -2.0369091433282618 -1.0516942166323666 1.5997028264749511 1.412224660394704 -1.6000144744056701 1.4281348794382807 0.55534056715085811 -0.75278703048892959 -1.4158150174900046 0.90680260025678217 1.583982438058815 1.3475527392783822 -0.73800865542007321 1.8911177945695963 0.15484964800827977 1.106981240888258 -0.82119834962714733 0.47652498862613035 1.7979806378527139 -0.69878225945032124 -1.100456468883332 -1.7212175845733 1.6067099794197806 2.1178416740389046 -0.92446738001310824 -0.53257995233656785 -0.19493303781274421 0.65165910849942543 0.78443929255223421 1.3823861745145856 1.0597914206531751 1.9433982891517545 -0.80695085137975786 0.34552911641225126 0.4413058280626963 0.82055445615285472 -0.71122274729473856 -1.854368811332624 1.9889934573844037 -2.1681633135960392 1.3465686286405747 1.6605234163478726 4.413146638193405 0.15523735844977626 0.52958037170829764 -0.66574477363925399 -1.3756369748580632 1.8358800465734582 2.1053014717442475 1.1212776158731719 -0.40651359949268484 -1.9050742596718762 -0.088837917741872482 0.63095046400989652 0.77728982445572181 -0.089788524467111386 0.71067964163543051 0.26885708598974128 0.31311391804623678 0.70458693067480471 2.6869500715296653 1.1623555239553758 0.46327066644621046 -1.0336994225434013 5.5063133063480345 0.94045393513503284 -1.7434145701516059 0.043717607753024149 2.1950322404655469 3.2068573224431915 0.27594417713984931 3.5875363228450898 -1.1396072695747648 0.95916343137325355 2.1947709523000687 0.0859520206750847 -0.49991059373722951 3.1488546518526266 1.9543613725875555 2.3304651982537634 3.9205671620460176 0.13372000195887879 2.7709974878414094 -0.43844737577291903 3.1608573353521141 1.6943232222073534 -0.147632380725048 3.8542102203958724 2.6763951312225984 -0.84387514806867636 -0.15535551015714483 1.9547191121320784 5.3397150802844102 3.3945777642131105 0.068829104613825715 6.0474432196953103 0.41358284210188212 1.9637086043991558 1.5485140684690617 1.5078700466977373 1.3363832293517595 -1.2410835857147926 -0.10674761333484101 4.5999562639251073 -1.4821291939740868 0.8211641287673962 2.3430177538942245 2.2013757191412777 -0.22066735726023975 0.56930125491966999 2.3327999576189473 1.228421667660005 2.5216665297840897 3.5586883821976749 0.34147756164759824 -0.51334774868293886 0.39411180388939338 0.38772138169296039 2.1229708483731597 1.1635581458538251 2.0642875403238188 1.8283839003168991 0.7838762292719037 2.6161082598889758 0.42791020084885145 1.7047218803443442 0.36045473696826941 -1.5415724857390389 -0.96915132826674333 0.5317482103552662 1.8214140151258214 1.0619951128098655 3.1847338221634218 0.99427524714295767 2.0490868188545579 2.2053360647301381 1.7454683006019793
 -6.1948205902820614 -3.8484602484152521 -1.4455738369929099 3.2081788294363496 -0.37801834517601784 -1.4059803618024882 2.8362935804110192 0.29108599795669898 -6.4571935490544217 -5.6009754179965539 -3.22820721672755 -2.1686544551972742 0.8980317883547696 -0.014717911732014914 -0.9240401444362526 -0.74673770134143302 -6.4882860465098497 -6.1635300402979034 -2.0427593669067909 -3.388380066064558 -2.0115336117885918 -3.4596219282146103 -3.3555162525148861 -1.8397779525151732 -2.5086850049716531 -1.9360448762617062 -2.6083098633034112 -1.3450689764896451 -1.4533217613836205 -4.3981469065449588 -3.4456939062764782 -2.1354629101028522 -3.4973995770382764 -5.2228104134714499 -1.0784148313696058 -2.2500473405125136 -0.75814717460467629 -4.731348619677636 -1.2063433184216283 -4.5177762001953949 -3.8580663438446954 -2.597484494625443 -4.4115682752587704 -1.8561898924773372 -1.4419811280645163 -1.8312221283950942 -0.51029618953445399 -0.7487932479795566 -2.7547370586516688 -0.98453965841444246 -2.2652578151399894 -0.15521657036492542 -4.2109019223406019 -1.1620176415219121 0.53962340455202951 -0.45798084481490731 -0.77885225945226777 -1.2365256776976785 -1.672765343308396 2.0562354344245009 0.27604803313591525 -3.1994174165199039 -0.041475362396139442 -0.33544917003960451 0.20157042657807817 -1.2557802331606467 -1.1498991386324258 -1.7393826660397984 -0.52627981075140684 -0.21159598558996798 -1.1039944863065607 1.2975106343904557 -1.1677014586049426 -1.2624791322520366 -0.81839737724102835 -1.4234281530941011 -0.88714077432876015 -1.5092557674301876 0.066660356766032908 -0.5063996992746056 1.9105735434333506 -0.26694441014288994 0.27468793597239688 0.29752795653082892 -1.92222533605485 0.9479333895817178 0.16926481839456919 0.0023363643029802039 0.69180752234046561 0.7648769203177832 0.13419688747759251 -3.4601258526554575 0.66815997350033041 -1.5781752686356936 -1.7253098951188557 -1.5248242601962037 0.24055112724771041 -0.63883307534053779 1.0541898356268256 0.23272091084079372 -2.1438120439504185 2.0274353409097325 -2.1373066921134147 1.3425696742690811 0.23421306799388139 -0.028221877406155626 -1.016609243107695 1.069701862842543 -0.81298573438849253 0.79354374149561346 -1.7679390609521324 3.2281622626595237 -1.1450736081317108 -2.3289416644875729 -1.4265520285987252 -3.2331880397208708 -4.0438147311131871 1.036357171786993 -1.4977413180942909 -0.53355924676274846 -1.3772982808599017 -3.2242967457759657 -0.55098686359146165 -3.1664765842032341 -1.0155339496693718 -1.8810169882473049 0.74415806753412161 1.1395498456830209 -3.4114742398612332 -4.2053890231999613 -2.4297854624639919 -3.5823750155554595 0.51637284713078946 -0.75683672771505994 0.18725622113792978 5.042449036713319 -3.288552914458887 -3.7258891373359098 -1.3994419724077969 -0.083952296099966725 -2.0157853531847802 0.18468664334505619 -0.51898102807780633 2.8661705445588757 -4.6324264246131142 -1.9388809418493562 -2.235866110730746 -2.7968240526410448 0.47687319901034808 -3.6376414173026972 0.45928229461944026 3.2657464399301732 -4.0495511833946338 -2.7813513932310148 -5.2192697701667656 -1.0439580879249548 -2.0353109052520901 -2.1466581984630886 -3.4019602091964152 -1.9101003260832852 -4.0283884835461112 -7.1438131836880432 -6.0109504801455964 -6.3468608334153247 -4.5386253827172931 -3.5020236321126763 -5.8225462995755315 -4.7974664397412745 -6.5499608409847356 -5.607996941351697 -5.5086335213215483 -5.5364009013119944 -6.2478596400539441 -4.50147319465633 -5.1012620866578642 -4.8627340971132034 -7.4436059095560037 -3.8016768997760382 -5.0126163232966041 -5.0983341146033361 -8.4055733006395066 -8.4780562395678718 -5.4963994622940753 -7.7023490049101717 -7.1546206996348989 -6.4177089576598174 -5.9619714308463161 -7.0779744753850284 -7.4187721983788917 -8.1982848472529 -5.8225883699061285 -6.8032131689821025 -3.8065707743116595 -6.3410629845287536 -6.7014391595835416 -7.0328164120895336 -1.7727576917558803 -6.0677206557409153 -8.6459464275086138 -2.905292261919501 -5.0144394165963719 -4.9801145559146249 -4.4257724972048473 -4.1076476675423539 -4.186982031029971 -3.0506971736989508 -2.7656978990284884 -1.5364267239633234 -4.2924508127145939 -3.6673556927130626 -6.0797338411631943 -2.2405032389011095 -3.9743460422399535 -6.080668121171902 -2.2884515284141442 -1.2875475275700929 -5.4762897278975791 -5.4866308123861778 -5.086250835068812 -2.737485627145043 -2.4126021405666651 -5.8012183112985616 -3.0346912670984736 -0.62269362838254516 -4.4511825436678745 -3.5198736960154982 -3.731161794309517 -3.6184626643856115 -2.6756313749417457 -2.3415799896927849 -2.0808239289122019 -4.7852819433275835 -3.5330107172719352 -1.7258006527094241 -4.3802866003256735 -3.5084366786666776 1.8459116104482181 -2.3926293515889263 -2.6509041354067957 -2.073004112886192 -3.7946286689960784 -3.6016403963639911 -2.3921585079324426 -1.6081111885054735 -1.5897871529337844 -0.29996636823885481 -0.1112979263798719 -0.31170020120004915 -4.1424578386291353 -4.437889726955671 0.59366163351526657 -2.0021176628023438 -0.48551957855947442 -0.91695525969060765 -1.4212080097973558 4.0361142509800016 -0.82576157776239156 -3.1684962925965463 -2.8621065009568709 -1.5523313714920826 -0.73849035748215397 -2.5758054942629927 -0.54050743589952488 -0.47197748804493173 -1.8999100994425275 -1.0364684110298468 -2.783265217525281 0.60869545466586117 1.7119404464176877 -0.49552547296066696 -0.46091207720267824 -0.547105700327982 -0.35200086274332498 1.0510912570730904 -1.5289171665252204 0.40668247607975178 -2.2870338985048102 0.78309663240575933 -2.5278652009524025 0.50096908178933253 -0.75289852095487386 -1.2352974249293054 0.64577135467988611 -1.0274907331408696 -0.43229228642129591 -0.14474445250642892 1.4047545666942065 -1.4603910935311488 0.34995645231576405 -1.6206758210394574 1.5776680264057195 -1.8337322314975868 -0.14391532621281183 -2.3268761613176867 1.5622547939482458 1.2291131760396843 -0.47134621181843089 0.52342880503581046 1.1839952364388251 -0.40055615403358191 -0.86662658144896654 1.132042973495573 1.0436884854683901 -2.4618126080426026 -0.24677358901999136 -1.4882445285293719 1.23469601356756 1.1165237918967621 -0.9535097324111409 -0.61430304691908466 -0.45895460175271374 1.1718304189126383 0.60832418249195253 2.7139807319020686 -1.4942716637066074 0.31316089036833422 -2.0977934048701425 -2.4951081629977789 1.9154470928965779 -0.19593823396516655




