# Created by Octave 5.2.0, Fri Apr 02 16:04:16 2021 CEST <br1@br1>
# name: ptcls
# type: scalar struct
# ndims: 2
 1 1
# length: 2
# name: x
# type: matrix
# rows: 2
# columns: 320
 126.77175772196944 106.61086612609355 105.1955060420545 97.621001048975259 108.79881713988793 114.96436693748764 92.773423877283946 101.72594733382968 115.20970575225184 115.16669714823765 108.19138615046003 104.11653682481646 112.70978211433342 113.17887443890778 114.03876127940964 114.82146927787888 116.06878931693869 116.7060832099709 107.97565833332679 107.26031142995626 109.83359572509366 137.40211964004024 114.02313869191428 136.93062202149767 133.36457791873949 124.62542283330745 135.39428213891884 132.68174034510952 139.28124414770656 140.35227499662369 136.03829633466964 138.12448626557583 131.7199654566206 122.89866567131887 134.31297176367903 134.04257189460319 135.09565061437712 137.05856461440069 140.58162969845671 141.37605426245361 135.54350572136843 136.59077961124908 133.44810161862836 136.40326845234983 134.75426103265332 139.68916932723479 148.84462589669113 146.993239787242 136.94686092884763 134.60179775377031 136.15568728748406 135.93221513268651 137.54603822915595 137.6273198292553 149.08929782898645 149.50551074587423 138.36595707076702 138.24895746214457 147.90736490811454 147.8537342463674 146.40750920283014 147.47805677496041 147.88466306562646 147.97270544384199 97.095223447711163 98.20764521301605 95.926021726609207 88.305990071961475 94.986867486019548 94.117297653061215 94.701706230596585 66.889297297185919 99.217826107123827 98.356607489553667 97.291233905558414 96.209736059862109 96.809484822591017 95.79166508847986 95.642854816654435 92.991112464377068 101.62219527291924 99.824214133134888 98.923012832844648 97.853849534681899 97.735942015353672 96.789983195128542 96.342217662154155 94.882095645176747 100.67074611696391 100.69387476534001 99.796348880879876 98.85869827223911 98.470778701146003 97.522328614118393 97.196385464448213 96.034909680596229 104.59117171860341 105.35898792285691 101.58837757508596 99.566499945161311 98.409112467541291 98.125541271551384 99.269490538941568 96.849021897274469 105.68929641706862 108.28535062388654 103.93202332286877 99.534193538617615 100.66018736703748 100.41974189050129 100.85816249804053 101.8025625668527 105.01102708484939 106.47664248591629 111.30210070829717 102.61392184915989 100.45162266687268 102.70918209958953 104.39644492241649 101.7526289862377 106.28666154394334 107.41192862155542 107.19486168417544 102.56056154270129 101.9377516472144 101.49511801616838 102.54020993130857 103.71513969972413 106.84292036643953 106.96791030583296 106.46120185455533 109.48069955960308 103.06073457714042 101.47140033384078 104.83134127248033 91.633433673849353 102.06568323407978 103.21638346620112 105.88619080706988 110.699726988617 106.19524136708405 103.66368025917147 102.57921058799465 92.014786917158204 112.8205377318055 110.28467237222354 101.20056929366423 105.65751145243956 111.10961724647173 107.63371631133849 104.1804755858182 93.147863038312209 111.84973230251924 110.17104169472441 112.96038179445505 102.73880665128819 111.01800329298939 108.33273807743677 112.24040798475095 115.05423988389562 109.03510545629632 111.20350698713114 112.45704099829595 113.5053876391195 113.36224959756238 107.22817051633294 118.86961012819886 117.42165583396266 109.03060163961251 111.41327093959745 112.39136324928359 112.42699447585785 113.74709015398683 114.89239107030454 112.7125769600854 118.54880332859292 120.57686313882479 111.43738279645622 110.91261894196566 112.5788056288134 111.2804080726264 111.98404274787914 114.50557752008518 114.46187098653233 119.5630040244052 138.20474498480394 137.15824996458898 113.40559968598473 130.42688862744322 114.11557386195845 116.86548924582681 115.57873969205779 136.23121034176165 134.32785461936777 133.48497998393455 131.62036597421522 133.40838544164464 131.42744114831942 129.27326973740531 121.76651780195299 133.55620037995004 135.19332336100885 133.45479540105336 132.54740880621117 133.2462857371554 132.48424743899051 133.1804679374772 134.84933018784679 136.60090753705208 135.30787422975655 134.32314971531909 132.28190946628447 130.02022852514639 131.33452607218868 134.27863636215957 137.35008657817093 134.60473389672518 134.33861895461806 133.51772096309304 129.99354667549918 128.26862390709343 127.89266966015623 134.48659486164203 135.29213104510066 135.27700931609067 131.80031124525368 133.14360242648434 129.31484632634729 128.42149347072856 136.36817446483033 139.14544297794305 138.09716886892332 146.94983184538094 132.4368039728638 131.98289631125868 138.2687559902667 138.63438653617544 144.97159225060591 138.41638632936557 147.41706513296489 138.07383201909906 129.07124493617098 130.703250916336 145.06177957874317 146.22160547209992 143.3982597149392 146.09175973264342 146.73960575639546 136.92287879984582 128.8844583348461 146.24855216700547 146.03440956243301 147.05768416330613 145.94612897797481 139.31540570190424 126.90670731716224 147.92385343609405 148.77366176485677 143.49185907838412 149.38328645112591 148.07544124533609 145.37300579722736 148.81924848401266 149.85004952528445 147.27025251113761 147.30590365624681 146.9352493297566 147.33523696608796 148.01880348354629 147.05394611689479 146.66436340354284 149.90775403561122 148.00240968844491 148.49665802809898 148.26323548878949 149.34362763384877 149.07011886501832 147.70990887381424 148.48399155619163 145.7214429953809 146.16019661634661 150.586747209641 149.86849030559489 150.32864939284218 150.2369724050493 149.12661352900767 148.54549905932109 149.75473956523763 151.0029987374237 150.49263555717303 151.48569484922351 151.27174661641286 151.25820896410997 149.20128578160455 150.52019938206385 150.82135393768183 152.48591000478433 151.51845256509316 152.27109726895441 152.24196426482851 151.39504920451446 150.34096555763728 152.48423161190343 150.76759135817684 153.52193838081627 152.61399650943346 153.3580661579131 152.85916359421662 154.86609967157128 153.71063271250583 153.21603155157325 151.09976616513887 153.47892150490776 153.41545768943601 154.40057656888339 154.11520494786333 155.24350392089693 155.11195773155319 154.4230751031657 151.74980593769683
 43.413218572342231 79.348204391809844 85.935177381568295 125.41553803454929 77.074091955238828 89.706358214565242 127.50944336661708 101.27682152939435 39.402129296532465 55.772650217716084 77.909365097233618 81.00772091929764 92.190654766223489 91.216867868491605 90.355540232000877 91.003969757660244 38.163718149692365 39.176148711287546 79.190129839847671 74.762259056057815 76.816467389453223 78.902929111284067 91.878564589383302 79.82995507963787 75.090835572580573 77.147224549364509 74.334532706047497 84.555985455511305 77.957595294206186 78.764740545174448 79.035464799161431 79.703188847883908 72.523786324855024 64.468367917025816 76.266661807946278 77.460232466409323 77.219575626358562 77.753007117945998 77.529742130114215 78.21607757538851 76.147332160484964 75.870977741132165 72.434832459781973 76.931836485441849 78.273495809253447 76.807025746500216 94.602709726260429 93.489814707724491 73.853093693398975 72.734461035010099 72.997218450782697 77.931471866667792 75.197499071765534 76.357461197206206 95.652717615345836 93.637269070820679 74.589887661486969 78.299031323859978 89.625655593015679 94.981115318081635 94.708961916065661 92.184965220054409 95.987643879487365 93.910931547110508 83.937022084780295 83.487184054637567 84.208519749122104 83.936630102951412 85.475258409206432 84.784338617664929 86.555152432080533 105.68898210999659 83.884991857679182 84.596539234319067 84.981787533698906 85.443584293018688 86.303552803835842 86.443553741878191 87.631675236736172 85.065331696344984 83.687671608991593 84.897478893356109 85.49363482832814 86.022749441332323 87.074419058892687 87.545623987002969 88.502309552324832 88.911977849194997 84.148986885652633 85.385977284848025 86.094672351096435 86.714436593942722 87.766382410172767 88.262040886237429 89.27976553833814 89.520753534855658 82.127675852945757 81.075467109732358 84.706240646287114 87.566790623528632 89.004463839042955 90.094598508952458 89.743452877312464 90.293771850926206 73.713816036888446 74.250972253017281 83.134526741301002 88.642587240915276 88.068346712084491 89.283677393299172 90.353170702516564 90.946246940199742 72.588476797056543 80.515453481942885 78.870417694642498 84.280114018132934 86.888518866173413 89.230684216179185 88.808380899371897 89.829973975633052 71.728398809478719 70.939953887741254 78.454701492184469 83.15954907816608 85.73062894771121 88.722199917908455 87.719124959988903 87.366262404397503 69.830738809507196 73.678591099977794 76.686714774430612 77.832939909890683 85.525292470745327 87.218033808283366 86.989874557644839 127.68333216714245 63.337625255764536 63.134862768168738 69.48733193337624 77.920243850654813 72.774567684415288 84.544876324627438 86.669858354292501 115.48566075372982 46.808038202454917 44.415741653436612 65.717803471094115 70.544072060843575 76.792098697294847 76.7213179959857 85.450356180824528 128.61630311024479 45.898911305870797 45.46210533070051 45.461287899110616 64.159486078960668 75.116392139640311 75.354305282181301 56.43765864924061 37.581675028588322 44.312422480314993 44.974926754772625 44.417069967001702 44.017673860250653 42.615683634021558 75.825936633264163 37.63747895888006 38.36490137027937 45.385273322197726 43.871841866380862 43.326725310558487 42.164900457820785 41.517046009606254 41.595378049132378 39.242608951748373 38.666880363892751 21.749364552806465 42.628731985046912 39.99210112024825 41.087645956320699 41.488382388400204 40.03611525592833 42.676797824330954 40.376257051556863 22.238217635771132 32.262067290918388 45.978092219945779 40.235681923430128 44.464455108430357 39.329722859410211 37.38850252265626 40.395047297391649 47.127403110159392 47.139627592912589 43.891326707516683 44.221199303564575 47.72190246628962 45.284698776504264 38.228191393699475 64.798638000214908 45.122968571078069 46.439410242724328 46.404658184194041 45.639207399178893 48.905083529121512 47.145656589314804 71.384107687942134 75.295059146582275 50.217561279909347 47.67525253625881 48.363473683507166 48.334842575160103 52.764072262292693 50.640777515714611 74.194127965077541 72.746327954019861 50.590992649015838 49.575983087495857 50.934006807473345 53.915590168414475 54.524108288093693 55.865707117932232 71.227058366347734 71.93540607834241 48.948972586540698 51.686541300151042 49.927771393774592 54.690694296740006 52.615570090855591 71.678049820089143 72.785342889430424 73.496729862224598 46.998000736661638 50.796260767340904 49.647943841247404 72.208233310904291 75.640209233574069 86.752753014302215 77.086288529637571 90.771636327637324 59.542008470746659 55.930080654164328 51.935378889745841 85.569455611266605 85.955104710286534 81.648790564369364 88.874166065588838 89.833377314131113 59.434553807428244 53.57866782178003 83.757301343918925 84.827922067128142 85.162995755640509 87.087474862109659 79.527942994740272 129.79321345092399 69.999667474922248 69.190034258214112 85.105754197806803 83.272708614261347 86.091101964232223 88.153057387625694 92.646369573828622 92.618839104074056 81.496439533642402 77.880733549256618 82.642694647597537 84.158001049613645 87.241984606713601 86.636226951509556 87.825700097980786 94.940035453489457 82.297385804816059 83.990708940119802 85.052928040471386 85.436900738189024 86.557153339824723 88.433770784636181 90.591612467391016 90.23975498956986 81.590368015612597 82.748122786152635 84.203065268712507 86.335218792854278 88.27605949165887 87.618182694455996 91.627624636081222 91.437609508450436 84.216734659141878 85.179477389753785 86.327505399718049 87.603450807727071 88.786935286456966 88.918337206772748 90.573019233170882 91.651239736367273 84.83378122189248 85.225359300086168 87.053671459206925 88.14497499393363 89.8606850791152 89.484318527836976 90.155388649597086 93.111501812596757 85.343803909479078 86.019894614535318 87.909793929835104 89.045183155094847 89.672233751208211 89.959227737299855 90.993587476342299 94.144081018381058 84.135397651148054 86.817510220621244 87.397330752408834 88.879152001647327 88.465122043489586 91.683929683088564 90.73001712247536 90.990855318968016


# name: v
# type: matrix
# rows: 2
# columns: 320
 1.3579693284185725 0.27145054847008471 1.174859488846199 -2.3617106020879088 -2.4590088318182204 -1.9468070583375543 -3.1649754915497383 -2.1848560259870178 -2.2916738618875274 -0.62397535907694635 0.19044782438266467 -0.25303245340144231 0.64707801915068952 -0.66303927483637004 -1.7421171431264031 -1.3893588823586367 -2.4228891974974229 -1.3227486453167028 -1.4957015818355495 1.0481505675420071 -1.932575967177059 0.79313684850148436 -0.46997548195711669 5.4004481783739147 3.1518421645936439 0.18963793975630527 1.5296504665380999 1.1313036246855084 1.4960878766029859 0.17721268966741593 -1.0835350600342741 -0.83052679886203062 -0.21797114500576778 -1.295371430546175 1.1591721030724824 2.1940187346650704 2.679306203674483 0.45931071844898114 -1.0882477134693844 0.40720999368183386 2.2312585364953419 1.8897174666812142 0.71016343802028636 2.4075098782105746 -0.16575880059746037 -0.50650008271500258 0.24585750008146129 2.7426721873907138 1.1950934934562865 0.9194076619323196 -0.61132032180940599 0.26117831150214244 1.4263648950764869 0.26849132394180031 -0.48643065143720915 2.4581967876943471 -2.0892865281468747 2.666271272294908 3.669161947140859 2.333202945808436 -0.4304306374826008 0.51741729182768537 1.898172991929743 2.6528053819774291 -1.9039447054513512 -1.5700982248410955 -2.1388119327372066 -2.5555409142093808 -0.12607401430847001 -0.037619952951369683 -2.4878105007301246 -4.8083481724781443 -0.37940063752845821 -2.4180555880342052 -0.84624315491411106 -1.4388301728854771 -1.5810327013819214 -2.5184007283004326 -1.3533717467568323 -0.77739803940850383 -0.87393610690021062 -3.1652967021102185 -0.32524709801241558 -1.2312700803213266 -1.7800677327837844 0.82794479906790075 0.89395510213856255 -1.5629562996417425 -1.0690472635646593 -2.0634733334953257 -0.97231875767555842 -1.3759035118742502 -0.38437627639516236 -0.66285265926660264 -2.1677814954878358 -0.39948669053926139 -2.6399673002852562 0.54551295989546678 -1.086799889955715 -3.9304653121303263 -2.5224936241982538 -1.1837522354902421 -1.6918341289329586 -0.59675613943235717 -1.8485427369638303 -0.96680498272093029 -2.3564460706379373 -1.1088328632586097 -2.3782048838888228 -1.3110552780971663 -0.84763872947550611 -0.8299502196858084 -2.7002499028540421 -0.94384709970382519 -4.3263102380559531 -2.3734233920104342 -2.5412020207111996 1.0887534270403632 0.38827993424957585 -0.82925300763455201 -2.7124152452954875 -1.2204630755284418 -3.1335912984548986 -2.8404342729924137 -3.4309233091070177 -1.3954315928360126 -0.72491746376753941 -0.37899810584307425 0.49230828355606843 0.20331340557217553 0.70746892022371322 -0.15175101313423631 -2.6500486673274706 -2.8491855631050806 -0.91909085200202323 -1.5080855450239616 -1.1803864071000927 -0.97939704796210092 -0.78570813668065376 -2.2025978418841898 -2.5374001858298318 -1.5479783095355533 -0.56179679415299555 -3.1420302346738094 -0.1826741624610318 -0.12028770508266956 -3.3738282155259851 -2.1430341399258515 -2.150295293839648 -4.7046042702097557 -2.4540980167499495 -4.0308598577555115 -0.88578914304301093 1.0574287290951387 -1.3894578546827847 -2.2505372134442654 -0.63523226895130347 -0.51614108740387821 -0.91553894821569615 -3.4275271711953588 0.90831786427060779 2.3407706766001639 -0.4857399652672128 0.21483089917326767 -1.0730165185559311 -0.41842197042359508 -1.5095290598047515 -1.7037011036798397 1.2864804159316732 -0.53454871649288582 -1.6862954516559172 -1.3508003360743048 -0.9996355445187064 0.072577117038474609 -0.93765367412186895 -0.8541807564974282 1.2486339433755076 -2.1161993600537041 -2.7656594724247272 -1.0263898115223073 -1.5956911067202679 -1.1717329920723323 -0.11079922293189193 -1.8703980100888016 -1.9800869953607416 1.9063454546835059 1.0511155983734182 -1.7789698135560295 -0.31546848206452555 -1.8812750448964541 -0.53124683299917319 -2.5443390345659509 1.9770782945833796 0.07117301352303626 0.19297448710345208 1.4326707290488039 -2.0231799723700954 2.2159168780064298 0.9259881844467065 0.36137161997133055 1.2918258343299305 0.73368837893566496 -1.0902925679320843 3.5459534711478464 -0.006010393284685181 0.79795248524698914 -0.46460572091123714 2.6783199035633425 0.022890920857995625 1.564453814200919 -0.7838236881950138 1.4141239970295323 -1.1611725565649098 0.80038963241005667 -1.0477991127120156 1.5292135238630911 -0.78679505439179498 3.0248877403372698 -0.17698524113326428 -0.42303974018089791 1.7105969947696116 0.34828541436549376 1.0734456854363665 0.050064812782886992 -2.6369250053292208 -2.3071956531813593 2.3419729960231845 -0.47959976238353907 1.4878671170084952 1.8684538683408451 2.0589108221572374 0.93591309882231921 2.2728166734052841 -1.1789740468179464 0.8484147680138604 2.7693218957664612 -0.065671306370768873 2.9704411234435808 5.8533226127441065 3.1945853293561655 1.8323188890480286 -2.3376490607480909 1.4818244490235453 -1.5220195239774763 1.3448828978138794 0.79445250808365253 -0.018650230709495341 1.0815111373300945 -0.83489055705552329 1.7601349324358495 1.1463822751923474 0.069335597481941166 1.9901614284148741 0.80326729589458279 2.1883046507124084 -1.1396072695747648 2.0233088815174924 1.374716927988626 1.3839846131407194 -0.61078147315726949 0.21029474596555481 3.2435944483774923 0.42585176156369386 1.6524238170205883 1.3119750092217342 0.88167391345715806 1.3071149597948009 3.5993331367668113 0.89550137281209141 0.60844998139776874 2.0071096870550087 2.6229868437121922 3.0103970532197373 0.96762825380501194 0.67517721480201087 2.1914591388386042 0.053514252399996048 1.4956652755987043 2.5905146903065006 2.0621794745574373 4.4399813713990168 3.9131589872115282 3.6360802802515151 -0.68605857226452072 1.7213341820923616 -0.65735653520176363 0.70299301277492099 1.9563538658082271 2.9563202989091923 1.4307029581756776 2.1892501608888746 2.1467967470399625 1.6735403829382589 2.4664171272028352 1.0991710611173451 0.50524858186395039 -0.66056831766177249 2.2029967329535558 3.4549231982633528 0.16492531250947698 0.43289392795210618 2.3080872932347858 1.61627935979334 -0.47433804869326845 0.59048750780958736 0.068558073814627307 2.9844157447030062 1.3210860645338065 3.8395301607133137 3.2968730497773895 2.3111166189571919 0.42718050089949317 1.198703285258643 2.7890895080506133 -0.117708021104122 1.1772442195282162 0.86528105495180097 0.61998387703696367 1.3035538498705082 0.6705609913657854
 -6.3445512990119379 -1.7267847062240496 -2.2738735079722994 3.1959294126884794 -0.32718012051563738 -1.1004092991130638 3.9502293184018713 0.29108599795669898 -6.0999709882629931 -4.5400459979297505 -0.19845071748978407 -1.616786955623486 -3.6212773618229317 1.6165860180528402 1.1907919307036097 -1.8238354501368252 -6.9863305793430968 -5.3941083063109829 -2.344222943673588 -1.1793646502055861 0.41449725691559941 -3.6363201152873943 -1.8108164211559432 -0.90346105092115503 -1.3567378875364713 -1.9360448762617062 -1.128328323774431 -1.3688265063269536 -4.5714250928661251 0.31784606629977985 -3.005925448348409 -1.8346573631882543 -3.0173137213463237 -2.1037536645964847 -2.0237076797802414 -3.7300368844811245 -2.1107256531176231 2.2512860195072699 -1.2076483002912477 -3.863913427918122 0.3028709338556137 -1.8984455920474941 -1.7796233458143773 -4.2614696205123295 -1.8981964237286144 -2.6651978217344721 -1.4203685245304019 1.8865412143250435 -3.5243550813790723 -4.1782869661864641 -2.6185905271891849 -1.0348301814552654 -1.3871544071407329 -2.5862050797923422 -1.2402232077846582 -2.2193549881047083 -1.3497014578740421 -2.3197285501942062 -1.038167695797978 -1.5334341780944019 -1.2386948022959006 1.3555208982733522 -1.4336605872718104 1.8452304953148977 -3.3629497181994008 -2.1511909014803696 -1.3617065844756921 -0.70265671128496998 -2.3238836490570312 -2.313401556775271 -1.1622141117133642 1.2975106343904557 1.6705284978348343 -1.3643934944294118 -2.9990487113786002 -0.43143614423445076 0.73830286853850557 -1.2299320307446249 1.2142691422393679 0.058145011537985819 0.36987452312018587 0.35461058934974699 -0.96553014237457546 -1.6351939072117152 -1.8184404019012796 -0.52745384419084729 -1.7722354160341023 -1.9658617344314839 -2.299402105665044 1.3896107574074152 0.82863032788861624 0.91198575681113903 -1.9164067060069523 1.2004514397855939 -3.2561729209121641 -1.3641677889503656 -0.6146254039613418 -0.14755344472059523 -0.074390958629987403 -0.35015336393309815 0.59985064468328886 1.8627952722035117 -2.8450292684504919 -0.63095056947417949 -1.9734590685721562 -3.7135464948777419 -0.55312970178903742 -0.13232890922678933 0.23737244468918561 1.1032192232016731 -0.14316899410240053 -1.5387119561998566 -2.4804244262138337 -1.6663581821453413 -1.2418878377499838 -1.122966300888846 0.47317294967315066 -0.25595624387489463 -2.8348888373431436 -1.2816416920429343 -1.7246215434387075 0.49588867053948438 -1.6075114432784205 -0.17961199041331921 -4.6553807448958002 -1.9196213976055474 0.044894945244866466 0.61553025704655584 -2.9264333136995209 -4.1122846825211496 -0.65778671456365934 -1.9010326094086818 -1.6667323799534486 -0.54144073427558881 -1.9695586105527167 4.9124798803445939 -4.381477864883017 -0.43125502573763186 0.63989390547834124 -2.4260419744166821 -1.4652034939977387 -0.90172551894970965 -0.41334031045039599 1.5120815234880927 -6.2941519396464249 -6.1938630505583081 -1.8764733407065628 -0.3522726373108756 -2.1230781260378864 -1.2708213802409616 2.3815930659285662 3.6481182961267269 -4.0916282005359745 -6.6299172684375298 -6.8938535572946273 -3.6654475641017035 -1.0358610148805787 -0.24582278465540924 -4.8047683630626112 -6.5460465196395186 -4.8697023840054836 -4.7545412418253337 -5.0577671349028162 -5.149602937566871 -6.9047833236721301 -1.3058825441787105 -7.2599251898634956 -5.9022362630250944 -4.4457605047853468 -5.57546351626545 -8.1428184009069842 -5.5804979453109125 -7.4506982224203817 -5.0990597411875838 -7.8434568717334328 -7.3497937636775736 -7.3022428170262064 -4.342808654165176 -3.5903618480939521 -5.2425711571247335 -2.7602985877474402 -1.2754932949264175 -5.7800414182829085 -6.3712227575658797 -7.2959837921646695 -5.9957003488919911 -4.1367626675609728 -2.9973864863094111 -4.7467573639476157 -6.8399811165138322 -2.9862621593529761 -4.8989542672607316 -5.6511389153454328 -2.0902923994057896 -2.8888702037601992 -4.6794489445749132 -2.6528857901368346 -5.1055824299554784 -6.5093544091306157 -4.6024918271495308 -4.4637448303266014 -0.61943126676598215 -5.3323726379360465 -3.0052974459749313 -5.4303133197609625 -5.5956094617173688 -3.2463855381652378 -2.2850445795982157 -2.217052258007187 -3.7030963739529543 -3.8652296933057411 -5.2784507086261403 -7.0155614169256575 -3.7961366933481249 -1.1190011471577561 -3.6464247128800711 -3.3795616884851034 -4.3889858124828844 -4.1684579842983478 -6.6189919714253964 -3.6826084410773485 -5.6484447493811443 -0.60856895987604753 -3.1967268182976234 -5.7902891004261017 -4.0203311239110437 -3.0007187113753004 -4.5164978921606274 -6.4962373303586549 -3.043954456066202 -2.9410220287388942 -2.8320501084655407 -4.9553758204151475 -4.4695373827288396 -7.5476223427875695 -4.4114560766398201 -4.9353845160425989 -1.4128260035243199 -3.0935576349016607 1.0540848363407651 -3.0557782937723292 -5.3958463869910513 -3.8216126908361119 -2.0422102995621203 -0.96183472796912695 -0.81940030315974965 0.85588468869668155 0.41262935355858582 -3.7249169163890361 -5.7584193309097644 1.3347099471077339 0.28039320077777352 2.1308014642339761 -0.79983125592179316 -1.2787920011955471 4.0361142509800016 -3.0373748375713214 -0.63032107137009763 1.1263751032625127 -0.6615787745056958 -2.2478291446252068 -3.2435471256220403 1.7358206697868488 -0.638883314278478 2.9851052744582525 -1.072369632113483 2.2185298983507669 -0.39590680684699542 -1.0089280192465557 -0.8755686927448576 -0.29386766091515082 0.88680854960226407 -0.63770103328885352 -0.55173962209197203 -1.5363717225430809 -1.0723536057752052 -2.6974593368447719 -0.25686831220487488 -0.9695607974356395 -1.3749894105636928 0.16947546406087191 -0.82863305998374936 1.0830189121467955 -1.97006904358569 0.83766470212203747 -0.42476451250906505 0.59387044681832946 -0.20843159867882927 0.5081980285916905 -0.11019288771455446 -1.3707651841607726 -0.20904026550456251 -1.0861539128644271 -0.94576700854692686 0.31280915066512582 -1.5966780841299617 -0.36174367655146961 -0.37682827780742767 1.1363670794911789 -1.708646108281237 -1.2781906357793027 -2.2383423880592122 0.012231204231699808 -1.4931818504867826 0.34495056320442896 1.160627986591962 -1.459709365575365 -2.1318494215137909 0.85804435520457678 -0.8972047408238546 -0.61127940055165186 1.7440100756643844 -2.252836427415184 -0.69347957390859272 -2.0472219050522806 -0.10107199304786529 0.71103514214162977 -1.791748293155669 -3.5033053432566414 -0.5516348817485256




