# Created by Octave 5.2.0, Fri Apr 02 16:07:13 2021 CEST <br1@br1>
# name: ptcls
# type: scalar struct
# ndims: 2
 1 1
# length: 2
# name: x
# type: matrix
# rows: 2
# columns: 320
 171.1053895117563 84.049558165826539 83.702863302312963 63.612368378909551 87.521767351905908 105.64403226054048 49.929413432579167 70.26402055959781 67.617817159720516 114.61885919560045 89.879248345764353 84.517143925438617 103.23112365782274 107.27095110812716 106.86325972124706 109.39498758819865 54.183586246655729 82.082261868979174 86.04258402075817 86.958683484053594 88.739932354398164 152.56779591584802 106.69567480985685 153.81760796373703 148.34492852248411 135.68745291385039 150.1788259788174 148.97251254058932 156.09827717577855 154.68252698573667 141.55921765112063 152.97981031780705 149.18937172642001 124.88927486092069 154.11534362659194 150.8536467632056 151.38523716086146 155.03641783929933 155.11900335192178 153.16920212661742 153.27000408676707 156.04150563724912 147.91063926907208 154.03033868681354 150.26077061204086 160.39909143744742 169.82514337726067 167.42455605474001 152.07810914676386 149.59511562603316 142.45652660826278 153.13157642199633 155.54722900667036 151.40911230124226 169.82481258843598 171.40053181228276 153.7332123371929 168.50567566516267 171.58603584480645 173.05324291996158 168.72022451297519 170.36036926156834 170.37258631010636 168.61258832619009 73.703925070046068 75.116881255556805 74.792923026004516 51.506200907336876 75.85164368028704 75.373003403354403 73.648532732200479 2.3509163865031342 76.573311156311377 75.434405213924308 76.292029049523507 74.211373081779513 77.532838039282282 76.015701749055665 76.516976944531677 74.691743154999358 83.270814212656759 80.755720638031676 78.828321812139876 77.190226804479181 77.394436378196701 77.130359329939083 78.769343075023102 76.407835944660292 83.80829651384073 81.896772130411904 79.887627807261111 78.266507658060192 78.45414616951885 78.218865173423879 78.157111712151618 78.615626614564633 107.74373165325042 80.996270259101763 82.668280039897198 79.481123760465337 79.350063485084362 79.319398237770997 80.160094257765266 79.372653381174914 86.515254371839859 87.647382862679038 84.820315599862653 79.500486759614404 80.391267115670303 80.678298706270709 79.56328730407084 81.788085219114905 83.924322018736845 85.508894277662549 87.104573507322428 82.721234645570206 80.425718582836453 83.259386307036976 97.519003700168753 80.002945453745994 82.742400943337117 88.688668471981131 85.255925141427085 85.145531626018666 81.489422752853841 81.27673985606198 81.019531885307558 82.587315982761581 116.15265801231632 85.593890930983605 84.851854485479635 86.486724318398799 82.651384864561706 81.560508866447549 84.532007739830149 51.056690587908413 80.481618080862233 81.655806674010392 87.280972054451581 98.873848115635269 87.445010124047243 83.825993088034011 82.421390309380129 46.769551537864942 129.86332548720455 117.78213251043057 53.596329228416636 86.659365268841299 85.48902856171236 88.035165266046619 83.395220563811293 51.232155690617077 181.04232232915859 125.88430597069828 133.03310221836773 81.395944731883233 86.355456053887679 87.333194404362345 105.41951836112268 54.247416074653955 118.3736450563914 120.86656384061502 117.93718713621797 113.66062888576076 80.772806576497544 83.894705597880446 65.550192337461766 79.562294222673671 117.01165110497421 120.32919574982904 122.55858401436068 81.569859936046782 53.865030455581064 53.076285806605789 94.817364410482725 78.960809319747256 115.85038428097246 106.76528140636093 101.15804255775416 79.963718884854813 98.252155066478579 114.48414453348887 118.37804663608055 95.908533270076148 88.467138902837434 165.83720545196513 136.19558947610841 80.31934040902911 153.63674245550951 66.36071502491663 66.626439157952888 79.302247787968625 136.71433747581241 141.6568686533974 167.62446774990397 155.69669623517078 154.60341588216764 147.30601602982227 120.69207763767868 127.49218884718417 135.48631617452247 136.26231680791312 147.13741539946133 153.53861090680667 152.65186662408155 147.68493452924289 149.26532994835958 150.78681207050613 132.27974729248916 130.95723192096065 148.31351425845762 146.55314195688007 147.83354804173555 126.82962755688942 148.13563285337219 154.78301434794287 147.43168814529599 127.28406678785085 148.13495985240027 128.84595035875768 131.59053525937031 119.34159092817241 152.59314525865747 148.59367732918847 124.35990874441345 132.99893441789871 146.83731591146775 126.21655338941449 180.87568380066722 152.99711552140346 154.20019552791388 150.02447599877303 179.67839194241995 126.43142130189291 146.83813885975138 149.1055588807329 154.30126823124701 164.95334987036117 162.56190234928175 170.28320984489088 144.8234196142196 106.35970706961052 129.04730240476354 166.16367813590125 167.05624348721787 154.83837583137611 168.19811756098073 169.25104360339907 144.54650296663488 133.70943181576123 165.96871029030135 167.29137237279613 166.84249154821984 165.4843552282276 151.97328743713177 110.49636263526779 173.27275118418706 172.3563356736519 115.22176304766737 174.41276955932324 169.63661837264667 168.29989419649442 169.31576375895992 172.05268920524455 164.86728126534703 160.0020080099917 160.76287961119797 169.36076939920889 170.56933488153788 166.13829077585137 167.73446824078519 171.65085372161488 168.64182780612154 173.43989150292083 170.7239835521508 168.75049181882923 169.96755782318397 170.40052990659865 171.31636188527372 167.25958802589554 168.24485797393913 177.46490218701197 174.14316903765788 172.98948704465647 171.97400125986709 172.76011671912696 171.07662263686009 171.41770133856542 175.35799517997449 173.81174152944175 173.49171284704911 172.33744623542049 172.9766438660551 172.34037731413181 174.01663285283607 177.13747166650612 175.0213491749214 174.79248346198824 174.37941065085124 173.32706978075305 173.15407601845359 172.10889989646432 176.08972929723089 172.45605456080708 178.52887034215848 176.00499031398155 175.61277973037599 175.10204241627801 178.765068663899 175.06425572444246 174.5461447602525 166.33584899607587 177.40259189209152 176.79244829202864 176.28087584243772 174.11309048135087 177.12659228940703 176.78624320659185 175.6309792047206 177.78904164453007
 48.997104198601313 63.555272640785674 74.09691196134925 171.43692157723549 53.637425085882882 71.512505366390428 188.35564860106004 105.46845989998822 5.4148877510011451 10.919711160672968 52.948741353958972 75.039174922246787 82.049738392886525 71.42199855200397 73.428622145737918 78.806996787761875 21.935225675361082 7.8409837424997777 57.072507525799395 54.756198663182978 53.61438497409074 44.098624722916753 72.270835054028353 44.007433492925252 41.819813804100342 49.703665549500279 41.315322438221642 64.844883764388229 44.691258214482687 44.94281768383518 49.711212540665109 46.227017146464171 39.279622812622733 28.798862891940871 42.754747792259195 44.279083238491332 43.266030248979753 43.820866760556925 42.644209332977084 45.070543485069024 42.000781068746925 40.541722280212653 40.26757504145845 45.797817983977566 43.32244750198393 38.041333079269073 83.998901737675126 84.195386785111907 42.230435284476115 42.303556888847886 43.470451592284434 43.141147048604388 41.568407444911259 41.301722711142844 85.055242212248558 85.313360715452873 40.649074883931036 43.639899886425454 79.931390804806895 86.864129329365269 84.837733034056114 82.959330666388666 86.218413296107769 83.777308457115055 76.132509086492476 73.866228830648026 76.761625054446071 73.818373460433676 76.765883169881377 75.654017847770561 77.173094574663736 124.37313524521495 72.538729427615991 72.876779555608138 73.596133280716273 75.15195303719058 75.66652883748516 74.664468201070861 75.561884994921371 77.917938186828948 72.083599882889715 72.106454118972977 71.681430890591756 74.446263979830391 73.393143432675714 76.794196018065719 75.749200852528887 77.658304289987399 71.062877585845712 71.966454079742277 71.586895914785259 72.632436394807641 73.697966051875042 74.734511024466372 76.720876951406552 77.771398878124785 72.665889358797699 82.514895429168021 71.102175252054991 72.639567653821558 74.849044732901504 78.59393695811562 75.625012854649412 79.620516734906857 58.371515416699417 47.484481689532956 73.773562345736735 73.764648290341626 74.564289191111996 76.610026658844262 76.595228384459617 76.69239403072757 56.382885743021347 75.662948801753259 56.919680767820559 73.15519330843469 73.256261209618131 76.436874206033181 104.06616603097187 77.709744768031371 55.117140384579201 52.309905525667403 56.087194541616256 72.713632494802155 73.128527118397429 75.648810983271375 77.876422228822875 77.373493592542331 48.559618676065988 55.090510941284386 57.137781118787686 53.14134505745735 74.378571636099892 74.578965394765632 76.451381740397679 188.34725171684403 23.094728271763064 22.697835593027776 46.443179459220261 55.060940148579647 55.872885509883737 73.056480093364229 75.76500818110209 137.25963469196017 16.872354122522868 23.234160994142819 37.731635802886515 45.465315451787333 58.194983166191129 54.71417356204519 75.235137402449766 187.26209425227299 32.724856847818756 18.682741246982424 40.868362290329429 23.718563252142914 55.87280911794695 52.46265443613823 33.837743266639237 20.8091313435947 19.639048252051104 11.036784720503436 2.3014861993435112 25.327553131091406 4.0832632628350156 55.225193822341168 5.1258613889730524 3.8554798287713603 27.361575043929861 21.758761572466199 23.417908405196549 2.7804999613246877 19.729488710771971 20.805302665061351 23.520361897903697 2.7226805272258496 27.744356349456684 16.508643072781126 10.947645999717034 1.7835115417120173 0.10670775602021028 9.8100204264678244 0.1507251845089122 10.820295349813106 76.964574985403502 54.093516766695146 6.2891785928798889 2.8388737906489885 1.9184872626801341 5.9437034969847709 4.7555503106247548 0.50130289983248955 7.3587180277855726 10.627589131762603 31.047138300504447 3.2891700275140612 3.3370073913983798 5.5850336885284042 8.5502632238334542 65.811126509433521 7.4258724668062968 8.2926968365083358 10.168227476605182 4.0311441448876053 1.4232822810127663 11.309324918724631 38.181538004853763 42.329437346559502 5.6388147709376018 3.6642371867452228 7.2346375256819995 6.531567899827837 3.2562265929171694 7.4425512921650867 38.992795848428948 40.654142171007997 1.4168878422524778 5.7753485995249516 2.172790737049791 16.173397945511251 4.6385815901777079 22.465036801598337 41.075258168350331 42.92635960238011 11.399445123713427 4.6771403017674338 3.9912802658259507 4.7044191097848023 13.180895306739759 39.83970644034158 39.522271432716003 40.183773260462694 24.359411077319233 6.4450844809512873 2.5121703420173751 40.977761211964221 41.724034572725216 80.985103022821903 32.585973767097151 81.799382314201878 10.079447016759044 31.528520135942411 6.7017595657319049 80.810775929215524 81.989463859834615 69.849426198858481 81.378563894380321 81.106432330882754 11.251314672489944 5.4625486726332388 81.98127990351945 80.764188228145258 79.483619935823583 79.771930085464319 46.66016854475744 187.91325866506963 42.865306393764698 43.509574250615294 98.147239612760544 77.324645339686427 78.869719323293694 82.545755244822885 82.748948909903689 84.514789419893347 78.475330160396325 62.438610846838671 66.462421279881212 80.075154984662177 79.583824328061382 82.982012458146755 78.767732036764841 86.551284904437566 79.359347101793787 77.634986074675965 78.578513258218891 78.190393748297879 77.616337807725486 80.661439582875744 81.475936231156638 83.074653008440833 80.304220310814415 80.228246454811 78.453132451144086 78.648758483092294 78.751120926797796 79.706976222667095 83.87097685175992 82.512850939443936 78.046616535390427 79.52362581195608 80.52955364651001 80.842837381458139 82.746445872870169 81.889487166355664 84.912844453588008 84.345530257939899 79.068921351590475 80.094509195689398 81.241370446628565 81.585833067385451 83.890762379679785 83.409123046946434 84.541487920044148 85.841875472543038 82.108299697267739 79.402639379056325 80.962947733461405 82.196869880525099 77.535170255950121 84.550603848790175 83.499260780212808 105.67290715039002 82.178150844055551 81.124957558270452 82.060803076123477 82.441117209840073 79.152351552726799 83.241773899191116 83.389707022441272 83.391997083551061


# name: v
# type: matrix
# rows: 2
# columns: 320
 4.0452272840958052 -1.5491047806532685 -1.1312801438307174 -2.3617106020879088 -3.3961076730123341 0.33432623276070539 -2.5123258019136792 -2.1848560259870178 -4.8463388581051809 1.8224692006887995 0.62733855220124124 -0.99854136098578583 -0.74118715823311598 -0.1073720568251209 0.5183707442547536 0.0054553980679680576 -5.7186020370108617 -4.4819068742017949 -0.35030918224058488 1.2993121427237282 -0.23802096045132873 0.59387410346128811 0.0080436530773457804 1.0912159832310679 -0.17598051403265444 3.2865924376512514 0.85684772109501783 1.1313036246855084 -0.46059480590959823 0.99268136852196986 0.076597165524798977 0.37655455264480747 2.1714897718911934 0.95492287514684171 0.094343504287602659 2.9383108766796857 2.3411984057478614 0.96470412773484571 1.7880807724113328 0.026575829978165287 0.074960684103948183 0.94963546852184766 0.74988048336108148 2.1296287387759349 2.311107330909334 1.6961192366017308 0.49170041109877083 3.4768175322865758 1.7578882281832049 3.4129317862360495 0.56229828007824556 -1.6484343538299158 1.891534610708268 2.4900936492250887 0.34202658702909067 3.9414630630424279 -0.10438658938945054 2.7951920726202948 2.0840958123709896 2.077600515326234 2.9026744929787287 2.4320030332679834 0.26170003041321938 2.6268982123886206 1.7392345606783772 -0.57793348045809012 0.43339315962856206 -2.5555409142093808 -1.5430908496932383 -1.655282978804034 -2.1486754991351082 4.8083481724781443 -2.8184204003832134 -1.6604994493788314 -1.0516941285888211 -2.7389296487084707 -0.90196471278811807 -2.0544953477498948 0.91064680242185037 1.4771287734894041 -1.0660481875497876 -1.8550651706270243 -3.2592062952411465 -2.5656741433090509 -0.11331346218193956 1.0664966342776259 -2.8120324219937487 -2.0789651134846094 -4.3922333022568454 -0.47700193444410488 -4.2632990977478959 -1.5839920822916234 0.079376937357530042 -2.1997255424976645 -3.8555333173450173 -3.2300623074800661 -1.8951396175565853 -6.2008401770682422 -0.37934724881460236 -3.3172927003766937 -1.5878541471624423 -0.063723787561435166 -0.34234729934373737 -2.6761519592473193 -0.55672777086217839 -1.1827714438534114 -2.8340754609365382 -1.590348362511361 -0.76562766154757644 0.93821696904149987 -1.698968304753812 -0.6258254391588044 -2.9741476923027266 0.73426299499762093 -1.8679445964284522 -0.71045838381857429 0.53130343582318806 -2.1379866563694074 -0.98235940944024569 -1.895192500395251 -1.0830701939081155 -0.98503036316074088 -2.4125375618120861 -2.2320957614473702 -2.6034162983696745 -3.9434612252640417 -1.4993953542957166 -1.3503104991373687 0.63942593884555221 -2.7802771140329625 -0.79269706391877826 -3.0886202879886313 -0.77278820319115904 -0.95006965703407709 -0.78830823081452217 -4.3818006506429477 -0.79696926337779828 -0.80085966797404695 -0.7013506777977202 -0.26415823193366156 -4.6790580438236171 -1.6595661727803783 -2.3357728864187193 -3.1420302346738094 -1.6259937658071644 0.63191684271012427 -3.3052369035009281 -1.6763297670298598 -2.8498270330738773 -0.26116333297604921 -1.1071079779773292 -1.8097944417725964 10.35078207216706 1.7670819465546246 2.9794398013476497 -2.881083049179658 1.2214865697101103 -2.7709379877244618 0.2835747661154937 -7.9135271932964226 2.1289798520658563 -0.7788448742166536 -3.9850832753523244 -3.3913228914080427 -3.4188090186504048 -2.4891675807173672 -3.7033637475992816 -4.9801882105245276 0.7114604782172349 1.3697995220434438 2.1595107491211532 -2.095623411518388 -8.8737904857572865 -3.1032027784055991 -1.1946868770402617 -3.0500780578437654 0.6246608441950815 -0.86365086495798538 -2.0628606792712292 -3.4098095890426077 -0.75816249943952441 2.5496199633414776 1.0833122263226123 -2.2070062866156208 0.5599963309348468 2.0712909729583764 0.76863883640541153 -3.5139525677057004 3.3980797499961422 -5.747019285298312 -5.9742969476071339 -4.0741202501906111 3.2580053568183875 1.4096056935038199 4.1268127163193284 5.5036699863464333 4.5101252939971994 1.8558637829835831 -0.95456147561139626 -0.3069193709385597 2.7274215114323486 -2.3637106177569249 1.3973553315610383 3.2023505438887025 2.0903868902791194 1.4191353331382084 -1.2766725239953567 3.109465798974214 -2.0807817510763464 0.038469206548424263 3.646627889038125 2.8116629926087988 1.3319282809326898 -2.6324721432404417 0.54452654030292746 0.16410792055259354 3.6916430556715745 -2.3490958324891928 3.3300260901433041 -1.5124567589285065 -3.6713934036528291 1.7156187968961776 -0.51534999363345579 1.4146109097855353 -1.4805455437975275 -2.5961013181045161 -0.11234180608454475 -1.6780333926625184 9.7918552122602343 1.4298432771572234 0.33126586279584208 0.78465655825644898 2.2728166734052841 -1.925158634338298 4.4363516388892688 2.5437738714529048 1.3276771909723979 0.60703618430627115 1.6181343393369052 0.95855017156012046 0.50564988705787817 -3.8659005526007011 0.04755658869567355 3.1956043320358223 -0.28749466262633655 0.79445250808365253 2.2664697163844645 -0.02307304280628146 0.57743482434628379 -0.35748885406514397 2.7802073214079912 -0.48517477970659378 0.42282580683781795 2.7356539743247037 2.2651428315540114 -1.1396072695747648 1.1331072784372704 2.2649185310688607 -2.100086601167332 1.3489192641215295 1.1359948964935804 2.3838964350900813 2.5479355909702202 1.1651018691350579 -0.5525279993004335 0.88167391345715806 0.51532177851477956 0.034368034268778991 4.5529118683415755 -0.36531316611683767 1.2985927131727484 0.68905977584652289 2.2533776321220538 1.4613516101877835 4.4138207534228435 1.1788259752947734 1.9772528999277306 2.8467034037047636 -0.82251521084602941 0.26590440629984641 1.2073519279691991 1.4386663895032903 1.5069730570080697 1.4760839300937048 2.0105641952011206 3.3797706754148718 1.8183065723857932 1.1003342571197983 0.59761667448953948 1.468292192961512 1.321254939929424 -0.42461036887928477 0.94734804043009668 0.58854208928995799 0.42778942854061985 -0.55974952659462973 2.233096195088331 1.3562514276161637 0.6060853580763228 5.1853342127220401 2.4854816268692277 2.9013462041483833 3.0218849551829767 0.61202317096360526 0.85989477699167349 -0.039856449102193256 3.3100590362800135 1.2299397194176378 1.5436544142393143 1.2286053884336499 2.0251458131761941 1.0795806053282941 2.3428718765828385 1.1382278705658393 2.5226181181124065 -0.062902536466162173 1.7519449301597696 2.5105384621836659 0.99917295221128666 2.0679739420472902
 5.6746610425660311 -1.117490105380994 -0.6397303916400785 3.1959294126884794 -2.057269681358346 -2.2719914312789036 5.1600686562858273 0.29108599795669898 0.060110867410824581 1.2526464783827791 -0.50991300741811041 -3.6035771915383945 -0.81039780598378297 -0.60348204668345651 -2.3068317788207024 -0.11200043242230964 3.6343700805957684 1.0634697339613519 0.12566353171050748 0.51930276634562489 -0.83611483413897869 0.89648522056581403 -1.7605342178846617 -5.3211529372389101 -2.6839749161312088 -1.6842615605321667 -1.3253487273068654 -1.3688265063269536 -1.4786737168737332 -2.2933336852857238 -1.8863316855641648 -3.2711427968732738 -0.95862252902445988 -1.3575735504779309 -5.5873060591663393 -0.59092613402916971 -2.3859255478727448 -2.5184689889373471 -0.67978505624588526 -4.5887753728086551 -3.0311323165184527 -0.040297205231983602 -4.0821726947098673 -3.0532270726784554 -2.2499375961863053 -3.0630822844400307 -0.59888168539019204 -0.58878367001323095 -3.7657831549054932 -0.9858667812539208 -1.511915700213561 -1.2003010757190522 0.744269170006716 -6.3789527675836677 -1.8191450774274047 -2.9114802492536285 -2.2454350673706616 -2.9485163453822358 -0.50890557336248154 0.18407598603771755 1.3839584867354762 -0.059831790930096301 -1.1573426867929086 -2.1850439410758065 -0.64248043824046175 -0.79026365428114032 -0.067876887230855693 -0.70265671128496998 1.100421515123706 -3.0141824999561369 -1.6392410043950247 1.2975106343904557 -2.7548578062687152 -1.504710234357971 -0.054617098278953523 -0.98419120261884618 -0.46288814165505521 -1.0409627025766872 2.6215124112785331 -0.49458248274130318 -2.3520314545149508 -0.45983107003382351 -2.0335003687201545 -1.2568779238110757 0.67329368027441916 -2.1621246146878934 -1.6493826509267797 -2.4771564998282796 0.26904781147563356 -1.0093689608286343 -1.7891563044916006 -0.38819936221167245 -1.4879788649268666 -2.6410527796740495 -1.6041087451592604 0.51437020432771829 0.012569992382942834 4.8970965420429486 -0.7785924878988012 0.2741025678362507 0.24637252333740861 -0.066909662419293706 -1.8485565000475488 -1.7028169189447007 -1.3241382956035235 -2.0484949685339422 1.9243398777306597 -2.4513548084329928 -0.0037676673781381342 -2.1298009186727795 -0.39229889490444275 -1.8758607762939068 -0.15151260096931241 -1.8919670913797413 -4.3790187992475262 -1.0161180648018913 -0.65671362159205626 0.68346239927251062 1.4511542305423721 -2.2432169432692657 -0.16518901770942615 -1.8425676318561655 0.60540167133691403 1.8397459880451641 -0.89662514351251033 -0.81512718733891232 0.35586918657687339 1.0483607797179009 -1.4985947257817349 -1.897179363586907 -2.7386716270512688 -2.1000745443121449 -0.12694233341787953 -0.61307856152566553 -0.086474652873196833 3.7450194359278148 -4.5942476776920946 -2.0530711771108434 -0.84119304708142251 -1.2143987563600565 -1.0113360225062138 -0.10841622936358271 0.40457804135636211 1.5120815234880927 1.4204337019891682 2.3467474467750868 -1.9440862629784657 -2.4714079806713083 -1.6629541172894817 -0.69195601263698348 0.2307001475527575 3.6057394026595939 4.0790060925250726 6.0696738027171175 5.6950017758415452 -1.7632486776475038 -3.5486489292633308 -2.4449280919159189 3.9742901922647316 1.6008298907574108 -1.8896500028491148 2.3542367007013181 -2.3050444831108989 3.5401989572604635 -0.24354332296429443 -2.0792350087625922 3.0591099665886432 1.6835043353345431 6.4775374771833203 1.4775812760862403 2.6939712065157497 0.55646661409676657 3.6943457458911011 1.7926551069446504 2.9453708658843212 0.69583884969757748 1.6083425903711315 2.182676113160066 0.45209373950366916 -1.4783786206667955 1.8249665120869287 0.5818582076419353 0.13933245061663377 3.9997167321991984 0.16374669928492003 6.0062512266845944 2.1413013280762057 0.47323685053174003 0.20696190868810113 -0.31633091073768105 -0.75252145491757982 2.4151348304792171 3.5065063596763819 2.5207145001160329 8.9777298278450584 0.18431283009223282 2.68927725543218 0.31029161546490447 1.5603161861343069 4.1833626856438144 0.6484467781010913 -1.1804335231362162 1.668982746782302 1.0038122876131892 -0.1662079845503652 3.6691064704518856 -1.137912821795825 -1.663230791756233 0.4911447497051914 -0.63405892492848148 1.1480508109849727 2.8881668795604445 -0.98974187170337613 0.88180381340146052 -3.1326431502386454 -2.9233136697353763 0.7216444935519456 -1.1769688232195334 2.2371242429393656 5.4923797593961989 -0.070676787006442698 5.2256197220479867 -1.9194825064277183 -1.4841410659655232 -2.4251076161160574 2.5304470101509011 0.97945060585522614 0.71463173922663381 1.9077300108608601 -0.25628662891621695 -1.9972507318849975 -2.9079706291306189 4.9553758204151475 0.84755460207721844 0.759747490729621 -3.6340493054492096 -0.79627853660568304 0.44920437751423875 -4.0377167529329059 0.04416033084407199 -2.1909014362480721 3.6204261235761384 3.4048732592335198 0.17854510986693817 -0.55557593519912185 -0.81940030315974965 0.87478567098376792 -0.75777651854189221 -4.6108827389408802 3.40118002456685 2.0985799114773203 -2.6826549475510078 -0.43004232752260124 -0.98200270702447967 -3.3688635042852262 4.0361142509800016 -0.60645583110441614 -3.0612400778370294 0.86357808203941411 -1.607395593010909 -0.16299376907469826 -2.0324420525369242 -2.0594296983823566 -0.74586294521452445 -0.9602561468421057 -1.072369632113483 -1.9795123299974435 -0.85417177189883997 0.29318085200818267 -0.29956618103215366 -2.3207905197370433 -0.082655390277169366 0.31814103289186801 -0.4033810215058804 0.13594357521321596 0.18236209537745826 0.22147081482155878 -1.1658691655274662 0.5227807679162686 0.65007387901397029 0.47767771472371023 -0.78126414985093451 -0.0081959709989036615 0.75674910778704552 -1.1838831981752318 -0.64030098484301301 1.4637183687449051 0.4984349325168439 -0.58784970360099109 -1.6976168342438138 1.1459957415834652 -2.2906535080993691 -1.2956664388125989 -1.1020965040334831 -2.8644074004212987 -2.7926065893575016 -0.21760812473716612 -0.45676968667062129 3.0744819146661286 -1.5539444863293395 -2.8578852262151879 -1.1131163960853523 -2.5098458514746378 2.0305568906230147 -1.1382284493924173 -0.46358787307105381 0.58108260754023844 -0.58365009299394155 0.036124936605675159 -1.2952929631091155 0.58814114433306997 0.86129832952167451 1.2654312242034653 2.029645753408142 0.46708639959192211 0.093722848219145713 0.086784944986404794 0.96824920715246099 -2.022556785050615 -1.9289929123193141




