# Created by Octave 5.2.0, Fri Apr 02 16:05:01 2021 CEST <br1@br1>
# name: ptcls
# type: scalar struct
# ndims: 2
 1 1
# length: 2
# name: x
# type: matrix
# rows: 2
# columns: 320
 131.93204116996822 100.47006884075327 98.596439820986575 88.646500761041253 102.87155970530446 110.93625238279557 80.641411730808557 93.423494435074048 107.91442920582713 112.79559078374804 102.85137895201674 99.634699081462685 111.08770753508233 111.76905731473448 109.80290579498758 110.08032078323258 107.87919304328778 108.98796045232757 102.87819098205435 103.96417350335983 104.59613588448637 140.09759415854441 111.07270428645519 140.35596191828625 140.57921461401781 125.34604700437652 140.44633344968537 136.98069411891669 142.36597121007219 143.1350151694127 139.1451515850118 143.5364148095986 137.47366110560981 121.09424744392678 142.02350042280233 138.52651017233634 139.71502754598873 141.3672351388287 142.71007456120614 144.45645994046177 140.94928341302852 143.26535767077738 135.89316583923232 142.22974038404305 139.3702635632705 143.43136082387332 153.16791052311939 152.2262095657739 141.17031772116673 139.62879089105124 137.72095816336608 140.41824474801254 143.89729910943049 141.57789699913573 153.22611959686512 154.34372341714385 142.29220784389159 143.43194145934763 155.16203543099539 152.44785347438977 151.49448400378424 153.60575453298105 153.4451367133303 152.83219621570566 88.025990873289331 90.646819355177271 89.275083338942409 78.594934597963316 89.36408993768022 88.702805431394822 87.419855784996344 48.617574241767272 92.993052689002141 91.776278185241139 90.802038812446796 89.851429179479538 91.328643168001861 90.47321413665739 90.749495025615246 87.911592281016013 97.075472503532012 95.204663121612327 94.077633068287213 91.781255985582916 92.571893244660473 91.798164111720212 92.492897133570608 91.134147747817337 97.310131329045049 96.272789538918403 95.325696581560763 93.274298874338115 93.588215643847391 92.827697107913096 92.577509120113149 91.315663874295211 101.87712066573555 100.63983714984028 96.034338932603077 94.406316445989077 93.810893344253216 93.509484255217984 95.016349131722393 93.900264555148908 100.69132323179649 101.65407585973587 99.22148616375577 94.654431739115068 95.709715367382699 94.740599164672943 96.087587483955446 96.946840846542003 99.751037057607562 100.37198638117296 104.28678194543575 97.546507062294836 95.396872478569861 98.101326668039661 107.93201344023208 95.920119852731361 101.96839339109091 102.76695902981928 101.6880308241129 98.241894871533532 96.286589384349256 97.200874871858645 98.512614505570895 99.481528945350064 109.37474306055125 100.69685007210023 100.52364596059861 103.84687615528905 97.647911155781742 96.709638611125271 99.649087165604683 81.333333455684325 97.491908901597455 97.166228640319744 99.302358160466994 106.53943421182177 100.90591410232015 98.524382587649256 97.847199719967278 80.07507202540026 120.37453588410472 109.19006378812263 88.631840405521785 100.52118225331057 104.40091211839564 101.95424292832723 98.826239591609578 82.505076004501689 110.82429666121546 110.03464845283351 112.18364888479927 96.351698938472538 103.22441023134623 103.46818308667173 108.76135998153551 106.88360232708496 108.97323955609033 111.19149657758493 111.42474276051676 110.46936111361246 111.10453298499564 101.96639568135861 107.26015776165919 109.11374707443241 109.78761813685352 110.28882364745148 110.41736801872148 109.51481560374607 111.28136128508173 110.1853836083408 106.10977165998951 108.50482293890828 118.14770937003817 109.26374573556768 107.32395759756766 109.82868183092015 108.50030023916375 108.55242908511929 112.21888431322415 108.8436125875002 119.21263619564803 145.44885771259715 137.93741706898942 107.60805943118086 135.74417189034014 107.14431647075577 108.1809194745001 110.08072680705503 139.46225888456942 136.60218256744 136.81799735219437 135.5656427794936 135.54194163439041 134.63265303222153 132.79202483829903 120.02173674916047 136.35016466824939 138.28816427875245 136.19776540965697 136.40057372535992 134.309914855882 135.25093777058632 136.8384639189477 140.22206252350421 134.80593504999325 137.68155251221305 136.94034187584091 135.14827591836803 130.10411641565452 131.40390951777508 138.3433850968452 141.61502112150072 135.74390852103255 135.85583800018151 133.74695202969548 131.4145987568547 128.3554761260948 127.29016547033166 140.21011418957357 136.75926728701714 134.61758618576121 132.88633482811423 134.68765066588952 129.13285569176668 129.08503797684457 138.55949205757491 140.99835506865611 141.18691720411155 155.58653520432179 132.43192706365178 133.44622216282693 140.09466836920325 141.26315163932824 150.45133138539379 144.72795041962357 154.68368402881279 139.52565685392452 128.11673417554857 130.72428650531143 149.99721554420253 151.51235461482082 146.41717924566561 152.87596760363834 154.01785555403981 139.26128162659214 130.1210794614307 151.01602222078844 149.69365514923012 152.45800268884184 150.51011903062525 144.35861778853646 122.57619969277343 155.34611624633308 154.26389703074128 137.48268102002845 157.45111608382072 153.31615358595377 151.77438937347495 153.99906199875855 155.1223958359391 155.42104366661985 150.65626452737393 151.97968667619807 151.89390419035047 154.32970324901777 152.35858545044937 151.90588811580042 154.33682608409552 152.89431004304754 155.29030713698077 153.51104616212223 153.75461403707874 154.60426081170249 153.70539892123011 155.74951352348967 153.53201667682407 150.83745380574814 158.52182239972666 156.40738302632082 155.633285594347 155.41412107372904 154.92551273690117 154.87592358612341 156.0781550011618 157.7841896666591 156.56819219210408 156.87795440065833 155.97723154383991 157.30145180744225 156.24681765441571 157.33506487869465 156.25354001303623 158.93873194819756 156.87253708023658 157.89695505638761 157.01097520011587 157.91712959977758 156.81628476641083 158.6808964600614 155.46625996867482 160.24343520138518 158.1898196595522 159.10032195424128 158.02439571958391 161.67462580919386 159.41337679669974 160.11374150690844 154.89229457958305 159.96193463165162 159.14205793986795 160.44122099537537 158.83483098824942 161.2227031532538 160.96765080464803 159.78843641793554 161.06897389904307
 19.303923636097434 75.400667757820301 82.240923961624276 137.56006980275984 69.607441474264263 86.106047990715211 144.54086355294947 102.3829483216344 18.727484317455996 38.520475425585509 70.846370865211085 81.400004686310481 90.639955136312665 88.15852608341622 86.518272380171638 85.326030820824201 16.542149569978559 18.18791308080694 72.019042614180663 67.613801232200615 68.479899471578975 70.719256229637182 87.216042307211339 71.775738429392845 66.538673679407609 69.790254019566632 63.887676123926688 79.354444731464937 67.841224911625517 69.08738236218322 71.36712904603786 71.2668492256104 62.277055143678353 51.645199327616496 68.979626796770745 67.956445618376961 68.675556626540427 71.32075134793638 66.556845509206141 68.304194362740049 68.618908738422832 65.650386474770826 63.604594336057254 70.118263040704036 69.86250531732 67.852109962152497 91.269592499248162 91.915286266739969 64.945173836551362 64.595487281859121 63.489424413819705 69.514587291942789 64.764721839016701 66.017389414519286 92.422926983838764 91.53125091224797 65.127007063582539 70.177789292702485 87.233124352909158 93.178307254148464 93.933262105538233 89.520788582050301 93.474922643874734 90.209349797654681 80.73723910182737 81.299909345152699 81.018211524744885 81.266534600064787 82.909054549296101 81.951832788538852 81.699893075621773 110.61952252067921 81.765288425471255 81.576751522577283 82.325801207891985 81.891756515172546 84.079975407737209 83.389906986985679 85.026140453900894 82.687277415942134 80.831149773452807 81.212976296426802 82.019713242592985 82.820811652701721 83.712117063999884 85.116776219008884 86.197019842471633 86.245738531448467 79.649451151078452 81.709198677863213 82.342375616644361 82.880748489641917 84.087558612582711 84.805717764111293 87.352974030581123 87.399393137816574 81.441737269004307 81.793858493820906 80.628531162244414 83.020886589879879 85.182334099273305 86.190429322228383 86.732363407892407 87.277540111841049 70.561483215954183 66.35437419903441 80.364750347463755 84.414634711627627 84.715987674686147 85.621759429693128 87.035312826844404 86.276325108446997 69.442515354841206 80.601023083916374 72.436929697183402 81.778368072164014 83.655191551216006 85.798485966042051 88.683931187218363 85.767139139881806 67.69185274150712 66.705012615023833 71.15520777543405 80.008557452028555 82.870370549357361 85.007724154277867 84.777994766901472 84.172033106484022 64.444722769348061 68.272100727688354 71.643794908557737 70.200558746374469 82.944590476428658 83.937483478525664 82.453940953059032 143.46887920610098 52.466752620320122 53.511225062190384 66.886972186901772 70.649413376643295 69.337612752227372 81.127619023803717 84.044287275089189 121.23157054298964 32.691499288799626 23.447648528396044 58.338950190451854 66.404099386978004 73.557651726970832 70.13693829082618 83.38184752654594 143.34048036547196 25.110254369162607 24.251603671210042 23.586199425674877 52.685165278398067 72.978871042953116 68.671614404283076 38.179538869601949 16.771602380414929 24.565728108361377 23.973800544967759 22.908489794504437 20.718015628833918 19.78114986972377 68.97827059543377 15.508161315099965 16.788572021368033 25.404122508693007 23.1238279406688 21.893081472614973 21.193366567375506 18.449396524980102 17.632640736590076 18.372083054096716 15.224835706051458 5.8461286041977303 22.353752245619848 20.786263842633733 19.833825752543468 21.532642683874826 20.471550898871914 21.111723058684003 19.269460223858228 5.7427116085559415 9.4784059651294328 33.934514313384867 19.792170725932319 27.219901010030451 17.995743550130793 17.620838915391669 18.808788321499815 31.818304835269824 32.57783619843736 27.268105679057545 28.294876696945764 32.096931813021357 28.643567102680933 13.492644639003078 52.138073720989489 31.414720066017917 31.841146817374508 30.220166390048888 29.022671858094974 31.616863584209419 29.586393642739569 64.101415779395495 65.577129207557135 33.96761187897085 32.914345347412464 33.63042334786121 30.8204910755843 32.337519080566807 32.438795967727167 64.716737400863252 63.974482115919514 33.210765805235546 34.338680720897763 33.69249203078418 33.608751663516813 33.744831302469727 34.123145818585222 67.60906516200501 63.035939180344819 38.884885498641836 34.30522417721825 32.841568851802649 34.533095803006795 32.988944013494056 62.770983403999999 61.560102280024658 62.61794943981824 28.167572619082748 33.214040994050059 32.572226840837878 62.216775296362506 67.406439983366923 84.226850362383445 71.076070527796219 88.336765356921148 47.244241323130666 35.190237800854334 34.480947371808654 82.997934237835651 84.070645343171279 78.535069412359547 87.319171186272143 87.371882837413295 45.965679156431023 33.533762524217011 83.191759907136515 81.999909692964678 83.539010450227963 85.35593193385543 69.561254116115492 145.13044760465687 62.795490161498506 62.456967117660618 88.993311943153188 82.233995062010365 85.403730885642958 87.769229066232086 90.494399366104943 90.602653220358775 81.186323267400127 73.805728947230207 81.213572823079204 82.485441826213204 85.058906050597855 84.892129661832087 86.225905906493438 92.582079630084337 82.468077164916224 82.603542906388256 84.318679569125976 83.214007650812363 83.943641321583598 86.369089466155586 88.08826189359641 88.366455729815101 82.074896419107162 82.442772709881837 81.921676457255018 83.702962700374997 84.932836036249739 86.002958260667029 89.506624353317534 89.578137350504718 83.228485907298833 83.020798271294694 85.277209070152537 85.99672857108169 87.575873308427958 87.06054053500759 89.718595656225091 90.875533768405148 83.539864667447674 84.048320839521438 85.470783761054946 86.325457896572587 88.789248164602327 88.713875998902068 89.646968911241743 91.669733101506537 84.467312970512211 84.279707678264117 85.901263289906396 86.65105862376727 86.207841341870605 88.75495882899088 87.882303772743938 96.543144857454251 82.768670930803736 84.823664634812374 85.757890983609286 87.437330214972164 84.83017139413657 87.141813024847195 86.778291705327177 88.401633223569618


# name: v
# type: matrix
# rows: 2
# columns: 320
 1.3579693284185725 -1.5491047806532685 -0.49815862112020881 -2.3617106020879088 0.81226210299435775 0.22503641425274973 -2.6399875070821981 -2.1848560259870178 -3.8727766771059455 -0.62397535907694635 2.1391739298421228 -0.82306893582285512 -0.74118715823311598 -0.55679989574174682 -2.3590135913992625 0.10145207590193064 -1.8512159358924394 -0.80420380542208469 -0.64871580510195048 -0.79498108039532922 1.5686460997801446 -0.29736994631965702 0.35721333365270258 0.67955586877202379 0.84687396725949105 0.18963793975630527 1.408747692838294 1.1313036246855084 1.1263887069698464 -1.0420439216230004 3.0522742487791037 1.6708142448778043 -0.63509411895699563 0.97386579675079954 1.8106070790042892 0.79585561380836978 0.58708757758187347 0.96131565208636949 1.9572286426372292 2.975366525284393 3.8325981349053664 2.1796270296497284 2.0045846348385528 3.2378306948607789 1.5919068197263848 -1.381734297229263 -1.479683379613707 0.57533081910711314 0.97824482807183144 0.58890453213613114 1.4123581525197491 0.53185698212955423 0.25696143332381122 0.5020706916740737 1.360555428685714 -1.3365172254395903 3.6078596493231214 3.1146793223371727 0.25035908578690558 2.5716394499826922 1.8098661370913922 1.3931255226579766 1.1524183764032148 3.5750915721699994 -0.93884608525501156 -2.5635039364998891 -1.4201309045668893 -2.5555409142093808 -1.4078512707934705 -0.37411892231085697 -2.3720281959754765 -4.8083481724781443 -1.7108741957109033 -1.745101284376811 -0.78466229912989272 -2.4546749509011279 -0.18281916857398062 -0.36794448595491308 -1.0895139724954863 -4.248892977108345 -0.25738322676427172 -2.4855962632141129 -1.7875567310281839 -1.6978842984892104 -1.7922391742750798 -2.6615912471908305 -2.5610190057902744 1.0934282583726558 -0.4250487646442227 -1.6319279066956791 -0.55322070637971721 -1.4691968788449492 -0.85071813854111078 -1.6017344060313135 -2.2945768937416138 -2.5044972730507817 2.3941737582308731 -1.9022235308690019 -2.1154552380088907 -0.98555915354849233 -1.2932961405332835 -1.1283050843523299 0.017183005721236575 -0.77477977635715156 -3.0097361849546753 -2.7061033228828131 -3.5832630436702844 1.1993985904188105 -0.46761899515121441 -2.5021804639056642 -1.4104385090070493 -0.30767541145365579 -2.0475598539775675 -0.38644858779343122 -4.1984515891234775 -1.6504442794536371 -3.2083095012964882 -2.4345403898701625 -0.98235940944024569 -3.0547681448574284 -3.0549180538875294 -1.3304042706331454 -1.1658543227706228 -1.4103761147825769 -3.0327515400159557 0.84639297278285852 -0.031875578896183754 -2.6154523550617652 0.63942593884555221 -0.2968522724292546 -2.6567775824268889 -2.4428077455635893 -2.2790341780837786 -0.38098832981920627 -0.86323629820318715 -3.1660085728510481 -1.4090798232546737 -2.5914224309957095 -2.3768407906603546 -0.78218465978497598 -1.6255779040573681 -1.5022973911411619 -0.4259466336273442 -3.1420302346738094 2.0503194377782759 0.88704978951479563 -3.3052369035009281 -2.1987524092407043 -3.858052241120518 0.25942113141457596 -2.012079661844453 -2.897924814395985 -1.0208052751543071 2.4969170500585984 0.64477074874918605 -0.47840972628113437 -1.7738247217671794 -3.1698851175907405 -0.91553894821569615 -0.69160577454860261 -0.15503023375816868 -0.47100355702300656 -1.4536811527144058 0.1813578745530689 -1.0680908842760779 0.42767427039160799 -3.9846520482790742 -0.40861614939768187 1.3690221378693441 -1.27162314020478 1.1273020687090425 -0.16887011354996082 0.24456787117316078 -2.6919099144115268 -1.309755311013415 -3.2655769925736466 0.75971626275502013 -1.1940989820042069 0.13983111102804827 -2.7287676145167077 -0.30522227220613674 -2.3537740283512139 -1.9164125635219047 -2.4716969050991193 -1.4911693147402549 1.9063454546835059 1.5603226660388441 -1.5803584502546342 -1.2688608050752839 -2.6911465438685194 -1.7703196456375685 -2.3303679862060664 1.1002335316379797 -0.77492708783203079 4.0796007625843718 -0.43580698798240514 -0.066218021562680474 -0.23813064164061148 0.9259881844467065 -1.9078656073256441 4.2967167059443625 1.0390809145758788 -0.071367925367768814 2.4434307722498394 -0.57089297062224675 1.3211522107126874 1.6524608162239285 -1.5611520170542121 1.4577565747715142 -0.34411227212574252 1.1388838168718933 0.80075816532846988 1.050968386814584 -1.3907632943919894 -0.92541805498571994 -1.6591803687459186 0.03438833899271871 -1.5876576963897697 0.48314538537583013 0.51013373202249856 0.36827086683823607 1.4806856113032114 2.3788749178739592 -0.87856687148014589 -0.92266956557525615 1.3695072648834257 -1.5213281399298801 -0.47004215215805495 1.0569734947341622 -0.25870444306472035 -0.045930962154836302 1.2291331928530624 2.2728166734052841 -0.93741412704974048 -0.61342399395667402 3.1283144081239294 1.4586014430296679 -0.15869229758655851 2.028953422744193 2.2123082128784897 0.22412692101768167 0.076941157128206192 -1.8162418434215633 -0.096056041756699087 3.6801829911463395 0.79445250808365253 1.6867380141347246 1.3575611842755526 0.77330141097482419 1.7699878884703233 1.2869753999224738 2.6088157287996103 0.29646459407502823 -1.7005546291470151 1.3541586143569915 -1.1396072695747648 2.6124079068011556 0.78561790270496867 -2.100086601167332 2.9192900100752817 0.80881096407432851 1.2379152252431149 4.0780719031944281 1.0370227037144968 1.2061810173240557 0.88167391345715806 0.89917958819565669 2.3027822529807946 3.1992822079090235 -0.85086879516358271 1.6882737492568112 2.5531073113555154 -0.64482575454628344 2.008117048570579 0.88209538110111718 1.887441257274556 3.2383198898930097 -0.30180687060754074 -0.2856983076908759 1.4860905438582463 0.35041542515860924 1.8365833772284659 3.2359746934697298 0.27711723268424993 2.9303005974490079 -0.24310369071824894 0.63811315793864609 1.3745816479383874 3.3991747526316445 4.118653131060201 2.6900623645243149 2.5845867644475966 3.6184122145013879 3.7356179908470324 3.2878555453610159 0.36059247443648074 0.57039924216758675 0.19398813934549983 2.4706021378984828 0.19724200556284135 1.2837808100152819 1.2071278626092363 2.4222378257396788 2.454817415904829 -0.45601552063367479 0.64062825314508398 1.9758165921192465 2.8590961533828985 1.8695150126560021 -0.34962858710266553 2.3849269771743233 1.0795806053282941 3.1102960138943474 1.7270600662933369 1.8252619602581333 1.3909771936763888 3.1815060087274705 -0.91241097048946174 2.6595995289883292 3.9740211130572156
 -6.3445512990119379 -1.117490105380994 -0.77134097530678647 3.1959294126884794 -0.69566253664508704 -0.78415265453595662 3.7950155108474144 0.29108599795669898 -6.4452281873822326 -4.5400459979297505 -2.5439825368217264 -2.0350403579747254 -0.81039780598378297 -1.8518085023332866 -1.2002055090430328 -2.5117927740426338 -6.2214359220733924 -3.2502413605732299 -1.5538401563129873 -1.0518928542218327 -2.118893169485077 -4.0163748126199907 0.075673360518610816 -3.5565050259672653 -3.5527468695032534 -1.9360448762617062 -3.2631310000331868 -1.3688265063269536 -3.2174238152710091 -2.990825665636065 -3.3362173408512779 -0.74518153424074318 -2.71318422317067 -2.951524510873635 -1.7200374058697097 -3.2012290578875406 -2.1427017591575361 -2.8358219024902676 -2.0502212351080673 -1.7352928599392587 -3.389948554357606 -0.19101797315953736 -1.9119020282704322 -4.9280968699535759 -1.1704659938471884 -1.3168443349303813 -0.70373132796721483 0.47909737834387417 -4.468324656627745 -5.3988239239070586 -2.5305357314744086 -0.45453764772623717 -2.0878521248044963 -2.7198321026537666 1.4377306959014617 -0.37552503072193061 -2.3557857153278903 -0.8510080675796845 -2.4667412540740385 -1.1173258535180475 -1.3704051630913117 -0.020732136556164626 -1.2081987231593212 -1.680634436870537 -0.82694059065625924 -1.6901645084242891 -3.3592822212833431 -0.70265671128496998 -1.2374447711318959 -1.1638086878224381 2.6703729470528974 1.2975106343904557 -1.2472197879543478 -2.1578947208676742 0.33002606335883267 -1.4841018236612338 -1.211295919456336 0.38422414973580549 -0.88586003169447658 0.2316486155694556 1.835526599719431 -0.60043948095631672 -3.6933521192166117 -0.75190571806724404 -2.6784732725634113 -0.42768602361368518 -1.0029030898373341 -0.44870360896130018 -1.4862342699455726 -0.12404015289099957 -2.0648696263062623 -1.5260208442083418 -2.7430510106905324 1.1957920114975584 0.93141163363063462 -1.322321187534643 -0.92606109353609589 0.87375904970651797 -0.21554924021617344 0.63434837678559386 -0.51977891130766296 -1.2826466982853977 1.3613544642052904 -0.26009748191140514 -2.5753870603355069 -0.52986430266551676 0.64302278265801971 -0.15042631141350732 -1.6021091312379749 -1.8532399307923284 -1.1528585494558099 -1.0146708636222819 0.34414008211204367 -1.1259114876710863 -2.0977075532328096 -1.2159536491113641 -0.85804354713480591 0.073442899547582194 1.4511542305423721 -2.2924635711086174 -1.1834243641553412 -0.28598970532240348 -3.0893765757308769 -0.67831407663809118 -1.4994712924100484 -2.2160966663299235 -1.1552227941786084 0.4017537267208921 -1.4985947257817349 0.11807010230798079 -1.0379051080055057 -2.426266713390913 -0.66252618862756985 -4.3303515897918698 -2.995262312553304 4.5571301791546119 -0.42029582226447554 -3.6262305467900342 -4.00597487229264 -1.5494088296750221 0.44252357897473193 0.81482411549741551 3.2589979606230961 1.5120815234880927 -3.5162276711970275 -5.9034231155208499 -1.9440862629784657 -1.5871738438617236 -0.96393085641934473 -2.1295563243445632 -0.14178253707591196 4.1586818048711791 -7.6141934433223479 -5.284926881921753 -6.0807132442748708 -4.3640411633959424 -2.8636085869330099 -1.8407317089773225 -4.8047683630626112 -4.9218887490285423 -5.1594349610277535 -5.4432968299794613 -4.0971407366845405 -9.4936723290913125 -5.6645217014875229 0.087419601453685228 -5.9829894645624142 -3.7717025630238239 -3.1171954401175896 -3.8271042467832754 -4.0135092449905576 -6.6817568402270933 -6.271085842353969 -6.7518488707063673 -5.2178651176223116 -6.5077806643135032 7.6816716108412848 -6.5411909554755852 -5.8291947081125404 -6.1729536310077311 -3.947018059011135 -7.1055119119657704 -4.9241806462879909 -5.1198927478321128 7.0378605448608988 -5.9957003488919911 -3.427372096198027 -4.3643812194360887 -3.3515415970930555 -5.0107328485217186 -6.0839219419513686 -7.2631975006539689 -5.8068746921603651 -3.7421297058382632 -4.9253723220320209 -4.6450454065698574 -3.8866770625851728 -3.5629739281431148 -6.5093544091306157 -3.7547209808723623 -3.4357317906056637 -3.3343770731390818 -0.90652421755041945 -3.2399293633314645 -5.2715807941200161 -4.9448654623669519 -4.4622996313695333 -1.2513037545776655 -7.3527813944215499 -3.6465174165403638 -3.405207179220727 -3.5304348833718548 -5.2974296149250124 -3.5734899051909732 -2.0655731706136837 -2.5838359603595076 -2.4729666894975546 -5.5290884169055774 -6.2595654088104293 -7.828105169672595 -6.3509321574092903 -3.9601589322474786 -0.97973919156616596 -2.1264101368007178 -2.5976670930922872 -3.5730885213963752 -3.4293229172511892 -7.2472910152659322 -4.2630876081849607 -0.38962758290710403 -1.974266810947497 -2.3642389505714005 -4.9553758204151475 -4.878107565872658 -3.3281968760737666 0.47363327630086705 -0.68601508073883199 1.8922548724314496 -4.0443540939540847 -1.4166323560943994 -3.8037951303750295 -5.0841145742802096 -7.7256974716655806 2.4288085500134895 1.4620366462783565 -0.81940030315974965 -1.6006771676382121 -1.339898664216489 -2.9769000797863217 -5.1639514379404998 -0.38747644640005263 -0.68811731426453904 -2.8546698717377441 -0.47905665497544037 -0.35245024179695233 4.0361142509800016 -0.8456825114366856 -2.8220133975047377 0.86357808203941411 -0.46704615092941254 -2.6837210599302708 -1.2501247499880992 -0.56043562488106913 -1.1407061624433585 -0.060483833630991239 -1.072369632113483 -0.38343778712542864 -0.72598208731611413 -1.0044331265546238 -0.94902137596421432 0.16081411734701359 -1.9185446684344054 0.59722949923034285 1.0147491129824109 -0.95142692792562977 -0.26775675530358883 -0.86626474456099534 -0.27700024632034387 3.4265128429197116 -0.98832908297024147 -2.3381701620824176 1.0991621687828461 -1.1976123450955791 1.084627317889747 1.1600952109145628 -1.0703528321238265 -1.6817513779084665 -1.7872269699371643 -0.9342162312495671 0.76949840594536445 0.016638174380932763 0.9799261293893422 -0.22449001506681326 -1.9910573540934817 1.7057731880617404 -0.67470458776577746 -1.5813762629444514 1.446628996006796 -2.0301244043086664 -2.6447104469286824 -0.31258627588383908 1.6931396790680606 -0.72411863837971158 -0.37457058024131928 0.1451304946499557 0.039187291919165146 -0.94103422134873482 0.5359003571787444 -1.5237208097467227 -0.80142688968334974 -1.4738364727627502 0.86129832952167451 -0.47721263742285769 -0.069137273126431864 -2.7067571028084365 0.60451420223494134 1.0285988235302843 -1.4821234019654983 -1.5951668361923044 -0.5627004383900911




