# Created by Octave 5.2.0, Fri Apr 02 16:06:39 2021 CEST <br1@br1>
# name: ptcls
# type: scalar struct
# ndims: 2
 1 1
# length: 2
# name: x
# type: matrix
# rows: 2
# columns: 320
 158.48991463060736 88.541962029721589 87.958700392971153 70.46132912496445 91.657591562048765 107.63381337584929 58.359316675780036 76.600103034963951 80.686965462624499 108.6713200724154 93.978377430855076 89.202692001812636 105.38056641669564 106.60868844936967 107.75619506564357 109.37916693380286 72.429784211265215 95.079791804163563 91.397158173913652 91.879559042244978 92.935549022903388 149.30549924626348 106.76590642551655 150.73372593922358 145.11934468565761 126.80824957405635 146.74113482412923 145.69173202899964 153.19882703378931 152.63299887594968 141.3370858710966 152.34654102762232 145.35799360684649 122.11999852299516 151.1357623780367 147.88718652592959 148.85881132191307 152.10865875515228 152.13104280288468 150.50248123894943 150.40066149949683 151.5090466117708 144.55026809789877 151.59167545188905 146.2238105021973 155.48034565130413 164.87895741376127 164.19999436711271 148.94030011624972 145.84475084773072 140.82586159603449 149.98824897861832 151.96863191937896 148.33024434937559 164.80829057268431 165.8179920378424 150.00014968132717 160.97596926045466 166.80629631330766 165.78795324799512 163.60121562836466 164.33791615937486 166.89684420865987 163.80801288910811 77.567174622756369 78.706075546463936 77.659387591257612 58.917269558545996 79.416431200708871 78.211891671475897 76.690707813250341 11.593293313683407 80.600357090166199 79.537218202693907 79.951480421490416 78.765488973554625 81.299894718887245 79.715042046375956 80.385717506463777 77.159779857293614 87.677153934384904 85.621875650365268 83.68049590855783 80.750131407221119 81.287512792825325 81.236358517538804 82.350476598848687 81.386347220861097 87.808014221574737 86.632983951819611 84.609714387743921 82.19654842846785 82.379395520306772 82.12654051896952 82.308484169642952 82.604226178241845 108.76418226508058 89.866577172393022 86.722226232614233 83.450642253254628 83.242453791230119 83.40393596049725 83.494660654649181 85.174600980425467 89.010215848483512 90.804673797216424 89.565366798882934 83.672543039059363 84.40805895695037 84.346355658169173 83.351430233518528 85.545212250263603 88.381294672665305 90.341742612849004 92.480658699556358 87.236822162433256 84.777942697939196 86.734126951750014 100.36784598754457 84.09507752697715 89.272388239465798 90.582037992263238 90.995557259739243 88.871141140149732 85.91077477459018 85.031795590428644 86.203179566556599 87.994453735288687 114.29832278966362 90.730711738050516 87.694713382168501 90.444973031956735 86.62800838267772 85.531134261741826 88.486767202143355 59.563278194099283 84.869654925482848 85.948639825330488 90.901888099046857 99.639906988244377 92.478404083703651 88.466390482828842 86.22572174826486 55.881439218417057 133.95787658413238 112.11099578434913 63.181516248568045 90.206468766883361 89.567954060271362 92.890303935119775 87.310635264476673 59.537035434780144 151.02505431986896 120.44888583742653 124.39272679446363 85.703919479483957 91.587498630157313 89.552986995760904 104.59878120661519 73.426871024396121 114.32783518141301 119.33847786275416 129.76963569331349 114.41187644119773 91.818390428404427 89.580226757013747 81.711567628136919 89.540361065342594 113.82595421122593 115.38913489692756 115.4849863354349 91.285576488241418 72.312525100315241 71.469593481483557 98.281956353897073 88.486498756563464 116.8340679163999 109.26555380641251 107.1658491171668 90.539037875723068 99.528148652490827 107.73142959978478 115.22787309090944 103.23152916362427 98.663804236285401 160.1277177136518 134.8604497956388 90.549435916411397 144.15601348187522 81.01027405470866 81.5323111665505 89.405261812011588 137.43053414752683 138.52737863729911 156.49490781005221 143.01166003054803 142.78103174690958 142.47886977999579 128.46954903738168 127.73034029351723 135.14200094653242 135.89614738286241 142.13125804341894 144.53255299189726 141.78462084053331 143.32110428181278 146.45150986671047 145.61253591463645 135.89481142049695 134.40435544027468 137.44119155343449 141.12353299397074 140.14014903082162 132.51933690763147 145.63454161315792 150.81515170312531 138.92347307050184 131.83453228977993 139.03126067590671 132.96518188092048 134.92553617945575 125.26615160180687 149.32941199785947 144.68037224017084 127.51303053084067 135.94819851736617 140.05892466128637 131.60655292300169 151.64110674762824 149.82612976856237 150.42856338263422 147.49292943723995 173.08722358954404 133.29942383978036 139.62509678350256 146.53977931251288 151.16298002831832 160.5038626109681 157.88002183331739 166.27078981607818 142.82990942225351 117.56918900492403 130.49898292997844 161.81525237897432 162.63546964907476 152.53446355792701 163.46738972716236 164.5984858680398 143.63722721460528 134.92641921631014 161.71751662585237 162.83380977160351 162.97445599609773 160.84536470509394 150.68556947069106 113.8012237170382 167.42421323224852 168.3505987780226 121.31201419104917 169.53116882526007 164.91426066295674 162.366550335413 164.66683468155384 166.88887911682133 162.18746578035982 157.44515366097363 159.26844645350039 164.97687988082549 166.07200555304394 161.48538134876671 163.90361166701427 165.95338286808638 163.88473041787461 167.74458420096391 166.87958210455503 164.08232871925924 165.90484247659086 165.72540980954054 167.41336874800459 162.60755627631571 163.63736351535192 172.54766457366057 168.85157201232238 168.02544499954757 167.09803322515339 168.19812930040032 165.96892220684279 166.98108300360025 169.99258531284821 169.05127004296335 169.58493494375409 168.40490792901178 169.14665067319029 168.2918820662197 167.88278962701133 173.43848003446078 170.84408211547344 170.6548657177521 170.34490221163381 169.27082144617228 168.91636441202817 168.03440694273661 172.75437257529191 166.85436384963646 173.52125430216918 171.78827149971829 171.62833696527952 171.29512868552641 173.74910598338025 170.1680462597532 170.94456246483645 163.20506524062029 173.5985799807705 172.67999952283995 172.45019551421518 170.16869477233323 173.68620190875654 173.30202859140016 172.01720398497039 173.86940227753345
 32.697739233321109 66.795993946389487 76.77532239533511 162.16872628044499 57.778812356526309 76.69463884762601 176.04439735463279 104.62431050591029 4.0572790399258309 7.3870266452010851 57.952310937564334 76.566891067086459 84.399892030238959 77.125938115546361 75.441583018047226 79.131798041790148 12.174886317838615 4.7569215140119505 62.026881570270035 58.89940085547012 58.168975764949693 50.895321272012964 75.995952547246191 51.150831424511473 47.06522379721617 54.877410942789908 48.41902842988857 68.814480632739404 50.795685797833798 51.763977565706853 55.181574428801746 52.85998048032662 45.052388619671618 32.735826188326712 50.032682483985631 50.234389557226606 49.808801820624417 50.841659654560203 49.686006286960357 53.097775832055234 48.983168616344301 46.256485314165857 46.092708868568529 52.037190159941758 50.814014114034222 46.924271704145362 85.245685781731694 86.30962252620381 47.668283037822846 47.727085612547981 47.855007122902862 49.96557652782171 47.381387953948412 48.736739863528022 87.185891827643516 86.174538251279373 47.95667178091383 52.02057232605334 82.158942724209524 88.851401228427576 87.508165249682094 83.247115308556232 89.463788819810063 84.874394172829128 76.940166507103015 76.777747723254265 78.089979651401791 75.856077923162943 78.802983232104992 78.945862377996562 77.536848227876135 120.61035440548348 74.852515744170063 75.115559518080403 76.128406653720674 77.820287267247735 77.938909739687944 77.190752492615971 78.306536265970394 79.427240201294055 74.759471356783635 74.512461407739835 74.015301173520598 76.983984519961325 75.775349489705661 79.076308875808124 78.423199989732495 80.3412790751144 73.641364990706521 74.894395402011128 74.649850668376658 75.001427163282912 76.105440718198068 77.180251156262756 79.499266368062749 80.555036501948152 76.139519447118587 77.473686246474543 73.83894161850111 75.056617628141524 77.213190232739748 81.439596636701694 78.353994016622408 80.699148725497679 60.231900716480453 52.74441221563243 75.463764119695483 76.179305570096147 77.208097827168103 79.106505435782353 79.599122884140385 79.2328846348708 59.124320007534926 76.302307485894204 61.843429930673032 75.808655502976976 76.019816082270438 78.769248254380486 99.857818762397798 80.334797402505515 57.628778297986194 56.770475992446968 61.033815240460122 74.590657784941342 75.782473363188871 78.132051179236996 80.243247920169082 78.796222715715032 52.905543380831723 59.029995518047933 60.494657737505825 57.806515588194621 76.728999059196354 77.031027267652391 77.740753516258238 176.36105958036876 31.218508388358682 30.814971734845269 51.526485006578078 58.582696542024877 60.710909355715444 75.790086808324645 77.818938274045038 132.87459827384907 7.9053862119879028 15.477111621437537 43.369485965522315 50.669257767561348 62.377266076957845 59.384502839553448 77.765944405559949 175.27813790004345 20.895739179495337 5.8147626354814497 24.352857140389471 31.868292837836076 60.033179345661516 56.558892767687212 22.308358656698545 12.500486714480328 16.494921028984734 5.7877552892345827 3.449269691826029 14.07568443556916 3.5760674065291975 58.826880701785171 3.6245367147502097 2.6072071961874155 17.865258465851483 13.131156587315145 14.460890117464965 2.5778942085396004 14.273364289527281 13.236028682795036 14.978786386839515 2.7344045469359117 27.837002479475736 10.177463648101403 9.6105642505901088 0.57638387687192161 1.4259776639162598 8.0500699535504729 0.12419803231023901 5.8327896193836022 62.978110787593863 36.68848672133813 4.9310136274781886 1.6262616350080403 0.0036413024118617677 2.8225266777655658 4.7895919569439007 1.3251143125560907 3.8949976306469494 3.3403442896783844 7.282694048781801 2.4736461177583409 0.071288033852007646 1.4738540469022186 2.6470573391050132 53.389987853320498 2.8676788713117958 2.2370179278180897 3.3659277284038809 1.2517704175946287 0.62264106949658038 3.4831441847151967 45.415951253556848 48.787292151605072 1.1525914168435305 6.4021507325534062 1.5462369373613527 2.4029380895570314 0.20515255093315299 4.9153320997235221 46.04823577931711 47.164177548321575 2.4234734601958317 2.8950607007494975 0.14624540871295283 5.8321179337586422 1.7472430081437769 9.3133646610000884 48.806642489552594 48.08153650571726 18.882848881832807 0.19051884212491715 2.8174986313004156 4.4114132130041686 5.3775060262155145 46.848605342908897 45.878115031126967 47.32746293624038 9.9888211981147208 2.7198993298582144 1.6478115609553479 46.796013519930511 48.214721112853347 82.317744787059382 44.295126742393194 83.176030505913729 20.067979841986258 21.033227429944365 2.6183867214950274 80.846934484173559 82.906880303723298 72.225687078023867 83.858128484523846 82.079142329980499 20.930587519333002 0.74271836861819729 81.976282694120229 81.790832674727255 80.636525802880669 81.333409377278358 54.179419712949951 176.20852733722086 48.852591464999961 48.158607315310228 95.642863174849097 78.212131176496939 79.682526634612515 83.907417216149767 84.234483483726123 85.464429991382687 79.787105855168008 65.548482779966164 72.203007036877025 80.900951224085247 80.737209493742114 83.037164896057632 80.077458984425064 87.420356869967875 81.148738777982288 79.157625853423383 79.879167602168096 78.892866923522249 79.282037383346207 81.858070032854016 83.22004367673037 85.095514294675752 82.451808031984044 80.371975172754688 79.279572475499407 80.136545127007636 81.003926444363074 81.347325062840355 84.977133355182403 84.262103199613364 79.940912170079926 80.586710641234035 82.084448704289613 82.450387304908986 84.665451987063193 83.96895861108969 86.243003190340644 86.381125422979011 80.611011280706151 81.702962311920402 82.786983980228413 83.191773285737327 85.82546687127595 85.10733482438873 85.330857289495469 86.655768596105204 82.953785914185588 81.271865782808661 82.418354275977009 83.702414716903434 78.130120885935057 85.473867505598491 84.765110193238044 103.17514199477552 81.701373006968225 82.194851084625682 83.251377232222154 83.947466755215018 80.250612074543554 84.383064162083301 84.413504620038992 85.348174793849111


# name: v
# type: matrix
# rows: 2
# columns: 320
 4.4388033362693289 -1.5491047806532685 -1.2814519274178788 -2.3617106020879088 0.13080703365197202 -0.90650845761951848 -4.628964747864762 -2.1848560259870178 -6.7865477502129883 2.6734841515893391 -0.51516170220545954 -1.0940124853593156 -0.74118715823311598 -2.3783217633242089 -0.81787407198451267 0.0054553980679680576 -7.1361394784492669 -4.4819068742017949 0.87408309963892017 -2.3630963318743268 -0.60274120204206516 1.3724085292276351 0.36259163038387221 0.83142289259234026 1.7546234475234468 0.24074606330397999 0.81612471256289076 1.1313036246855084 -0.81904572458459213 0.89898954964395617 0.076597165524798977 0.99534101571673372 1.6053736203038202 0.95492287514684171 -0.67836863587002783 1.75116228678846 1.9065835053855875 1.4231380821027357 1.7788181622249646 0.98038287037726435 2.392827554375601 -0.56258252377050511 2.6330656221430959 -0.94358745318919646 0.68625941900189602 1.6961192366017308 1.1079184312553569 2.1587453126436875 4.038224080793408 -1.4020243940798183 0.56229828007824556 0.7677028431710452 2.3745287650419598 1.8945916086701762 -0.077852277447012369 4.0055630925463932 3.5195575667889574 2.5807933735430915 2.2208461256348841 3.4089714468678434 3.2793018432390624 0.6046199493297294 1.0154481697717803 -0.44462626535352712 -2.0312555985483352 -1.6012655884588844 -2.4258831314735145 -2.5555409142093808 0.21900387153331319 -1.0264406078093229 1.544733228048546 -4.8083481724781443 -0.90411913642766384 -0.98629110019859756 -2.4352979379865856 -0.21779684246762199 0.24703828957427881 -1.66070566290072 -2.0752619829046748 0.9216801240414928 0.8980196145469288 -2.8730783916380163 -1.5785235254958547 -0.013201009436066169 -1.5657005091775371 0.3791705424762416 -0.89908620503321812 -3.9639626609190364 -0.29384224224165889 -1.2495002701938371 -0.8521803376564645 -4.7316739710468312 0.13207772838572759 -0.99337597436655412 -0.68978352060450365 -0.20377331357269635 2.5983416182554615 -2.0489464478715926 1.205120761566177 -2.1778114027662698 -1.2116834608537319 -3.4412133580304016 -4.2035368525099814 -2.584473934714842 -1.6918515693031375 -1.3850269822215107 -2.6851625629644813 -1.6278454891633105 -4.792331529950939 -1.725673150154164 -0.77287679309535606 -0.92893112427354874 -1.4094609385579409 -1.2270127928216279 -2.9190303319165074 -1.2249194067529459 -3.1569321735605747 -1.3313311359973548 -0.98235940944024569 0.49602869584594228 -0.52786904031333171 0.00072384261136201888 -2.0615874092771596 -1.3257608950746451 0.12138879366791704 0.73586897921122374 -3.78643115687778 -2.7863827755721049 0.63942593884555221 -2.046749575712878 -2.2417241647164694 -3.2318471231042176 -1.8016788460655611 -0.3950398123127104 -1.1918727047780304 -2.3474877234792797 -1.6341471446073546 -0.53053418595083368 -0.52311111317855608 -0.26415823193366156 -0.37175581420324921 -1.5450662903433061 -3.4748635634212115 -3.1420302346738094 0.98968534608584147 2.4860879947675865 -3.3052369035009281 -1.652313793280922 -2.5311350376375974 -3.6211459039177667 -2.6658339201033465 -1.7274684229851895 10.35078207216706 3.825269892551713 2.9794398013476497 -2.3142306499733185 -0.80156797012289438 -1.3123300287373036 0.28301216482355873 -6.9761496584225604 1.0256691619077722 1.3875194801263755 -5.1402488053602324 1.522941914557377 -5.1571934600667904 -3.1840670060591698 -5.6150267275293446 -2.689397794564365 0.59207723354595543 2.5764875612876432 2.1442934138037999 -4.6756594657750483 -4.9376767822278129 -6.5591565753705146 -1.1946868770402617 -2.2223760346473993 -0.31910471256220463 -0.80715237369843795 -2.3037060530377627 -4.1176086136027967 -0.00090637047721691994 1.8829518949479136 1.0862742734625994 -2.9642624155779274 -5.7702912516331297 1.9063454546835059 -0.63893558718306542 -2.1816408620730647 2.1707761009573625 -5.053233152351944 -2.8162112085156026 -3.4987048747465384 -4.836963268645623 -1.2335407344137119 2.5327848163482951 5.7713271634880661 4.8006851144317642 -1.2175357094170935 -5.2390301016309992 2.738927003408711 -3.2702630422614312 -0.87829494442104827 0.9851129006399425 4.6994275354624637 1.9252891640154115 3.103155338082038 2.3944173453827866 2.6258493415469668 -1.11315921125916 -0.40452797843352151 2.6445666201277871 3.615357431757201 0.52138117647016735 -2.2254070651431253 1.8266344136030623 1.2813059425688809 1.0522230941832393 -0.5406128846001873 7.2290639853616216 -0.4724984550709177 0.90151492729602234 -4.0778283734668985 -0.79561165236944553 -0.055630694513798144 -0.92266956557525615 -1.0026476778773215 4.4156411145143197 -2.0342898071332254 11.385883112231276 0.29088907274634124 0.77942392172548558 0.70361117416153929 2.2728166734052841 0.46905535731015324 1.8866189423254716 -1.1101374310582965 1.7049034085213457 2.1265604455972356 1.6039025045154522 2.5330431528532915 1.5206625820358364 -3.8653379513087658 0.24447765722539577 0.91186475663402244 1.7937509895675134 0.79445250808365253 1.4014676801202706 1.1923688257665215 -0.52323425004333923 1.1530933805337598 -0.37085338768244269 0.216965516193872 1.8100994138116586 2.5750448330860762 0.07601773346656332 -1.1396072695747648 0.40819179962487995 2.9898340098812453 -2.100086601167332 -0.98012593657170277 1.2853647224978615 4.0537962196041857 2.5531096060590022 -1.1948746216630559 2.6742029196953254 0.88167391345715806 0.51532177851477956 1.2904808781823776 1.0305238203366713 0.66925315674092578 0.14954971217553245 0.27169262882244838 3.9151971326172368 2.8179859213445653 3.5302850790677112 1.0118354508851541 0.30151487526155524 1.3648870120361334 1.5927544632131541 2.2467364965760832 0.38793817310461115 1.4245021888880858 0.76653019350987261 4.4916710685815344 -0.178188711663715 0.9947938381639484 1.2431865134577029 -0.24497981718209025 -0.20640415067612911 1.997796216209337 2.7385731803700724 2.6647406286782536 1.4989735778750082 3.1322530029134867 3.4966071628931723 2.2262957051479968 0.24811715449736366 0.76006386839880702 1.9423197828265775 1.4745807912350544 1.4687554100411748 -1.4673186798085338 0.60160194061505734 1.2999660734386809 1.6311326857513402 1.8341366942766972 1.5356988651012848 3.7565281540569053 1.8481593401647456 1.5923980986063493 2.3335803372090194 1.0795806053282941 0.011812100069271955 2.2269149317607591 2.9848568290513895 -0.68550204282825422 2.9255581544017559 2.9601292238094659 1.2235077550747731 1.7604675750823351
 5.5987895625229687 -1.117490105380994 -1.7032906651429456 3.1959294126884794 -1.7432174032423766 -0.40385355423906139 4.8125774037055908 0.29108599795669898 2.0444922086399488 1.0649957153865175 -2.1095600691790906 -3.5136127678271145 -0.81039780598378297 -0.65729239536170092 -0.10640619862415415 -0.11200043242230964 2.1016372520873161 1.0634697339613519 -1.7841083659879502 -0.28206871687384338 -2.2219881493023168 -4.206713882584614 -3.796665849126204 -2.9178217893360405 -0.44607045926781613 -2.0471798372913361 -2.2433839212711928 -1.3688265063269536 -3.9069986127912673 -3.4038445364368162 -1.8863316855641648 -2.0194966693728129 -1.9174718943869813 -1.3575735504779309 -2.6543744273161929 -3.1561168081180746 -2.80789514882568 -1.6323084657275602 -0.16086542541153878 -4.9304490124440736 -1.6158921819838288 -2.6365194209806138 -2.1055082513750283 -2.0992093463947978 -2.5098138470069307 -3.0630822844400307 0.48080380692577657 -0.76697378294137097 -2.0271911228716499 -1.2791135392648316 -1.511915700213561 -4.6012766516250272 -3.1730623552961221 -0.16088434766196505 1.1363207066531764 -1.1605330666397924 -2.6684915508417451 -2.8624243468958199 1.6808082056067808 -1.3242135355971836 -0.96025519224433953 -0.493416669127134 0.011374239555777956 1.8829242053502229 -0.85017072160472529 -0.56197385959377266 -0.86938601612871769 -0.70265671128496998 -0.27242191835374929 -1.8434913905720665 -1.7859702141757798 1.2975106343904557 -1.837530047389158 -1.4787846429184908 0.26535182212023062 -0.78224832765605745 1.0485502520800769 0.46478437641778808 -0.55945523745080394 -0.18259389124402231 -1.6521195053590336 -0.55587673913510705 -1.3069712064718453 0.18228916394242761 -0.84575832149587971 1.251023459473757 1.3598803502430608 -0.21410217548399046 -1.5211912309540763 -0.63013220862706076 -3.4594690428749577 -0.77320825816391092 -2.4820911358174347 -0.065772305794774194 -1.28366407654646 -1.0184157295920271 -1.9660514849336552 0.5219622567516552 -0.66455278460830169 -0.011795729881475356 -1.2914090470081729 -0.71475243555389723 0.98362736995521871 -1.2089186271194541 0.020574341526529934 -1.8503517537349126 0.50527244289522188 0.50225944468197237 -2.1845946342224347 -1.8890127995106469 -0.056531540479658984 -0.015984164869071178 -1.0607496139217591 -0.10615720086612569 -1.6246386028953974 -2.2914350086030093 -3.5173974255345923 -2.1971758634395324 1.4511542305423721 -2.0402390347208956 -1.8180728074882386 -1.9760415079658697 -1.46063399697712 -1.3446484833165488 -1.8977536510928366 -1.8966016356080473 -1.4575881729363134 0.72154369110588279 -1.4985947257817349 -1.7073507761772686 0.19534499314345882 -3.642289426116434 -1.001129422063926 0.55662253427225217 -1.4380976621963786 4.1218363047234634 -5.0321616408021201 -2.0202883192858905 -1.726306310013757 -1.2143987563600565 -0.19507155627388628 2.1972505259561173 1.0755830010291425 1.5120815234880927 -2.5969320435128056 1.9649445634508982 -1.9440862629784657 -1.7844379325379973 -1.4023639195662283 -1.1865478452319362 -1.0392672247756867 3.5764137864441743 4.0790060925250726 1.4401885559718419 5.6950017758415452 -1.3581175723624477 -2.2779870600172418 -2.0449204822385929 3.9756514192921975 2.4639148348948514 3.629958163146199 1.5717896253461938 4.1554955717431676 4.193296238816389 -1.9724592890563977 0.13135134855241062 1.2337518151682256 -0.58958278415487808 2.7538822639608536 3.5922191222017701 2.5586296473085119 1.3120927482425904 3.7075570456485001 2.4490916915582508 2.9453708658843212 -0.0054133092837776522 -2.6530697814681132 2.2002016292674833 0.74167213135116328 0.41104462928176677 -3.6971050442258657 0.46240506268328557 -0.093875694251633293 -1.5223548241135887 7.2161940694279778 5.9957003488919911 4.3488324127965896 0.68822259498391225 2.0209830747357054 0.09062799695468042 -1.3185035524186477 1.0936495382770748 -1.2299410868809959 1.8694305578639074 4.4806091023851753 0.68795548967715181 -3.0545945311588198 1.4355679064922247 1.213783885682016 4.5462809624029852 -0.40580366387675615 -2.6218177168512584 2.7456108085486841 0.18351486355323993 0.56467905967189969 -1.0224833844465024 -2.7736937006506408 -1.4782182561572483 3.8513820381593478 0.97684044465651709 -1.4516753836229721 2.9652549892494156 0.24029119250602443 1.8020984658810366 -1.5292989009311859 -0.24341998560672617 -0.95398087180509539 1.5761151971870981 -1.2703455509835551 3.4806800066721642 0.65765432227000553 5.440488455974358 -2.6847013839992622 -3.2838052177084935 -2.5976670930922872 -2.6006190586296221 -0.10650832292914862 0.11603024248329413 6.4048507363207285 -1.4212676228155616 -0.82858464987212876 -3.0237381111596386 4.9553758204151475 1.8362191881584073 -0.3607316533530846 -0.93055005007453351 -1.5672585876407017 -0.88483574547924704 -4.0373863935836658 -0.75782505614141205 -2.5978852362455984 3.6190648965486725 -0.99184555686806875 -0.88585117987362849 -0.8954857158077395 -0.81940030315974965 -2.1926623369573823 -2.3122412026964616 -4.1828099739157336 1.1814946045013197 -0.33237245017601474 1.4121983204707469 -3.2631389791969578 0.77336048473826291 -3.2519010163615425 4.0361142509800016 -1.6874693615110943 -1.9802265474303431 0.86357808203941411 -0.31523014343841727 -0.069088023786967823 -1.1728136637950723 2.0195371626593341 -0.5131073000782741 -1.1119932731096454 -1.072369632113483 -1.9795123299974435 0.86628850900389165 -0.47049318481410896 1.3385382208226528 -2.8463159274046359 -1.3866969612226296 -0.66652735293005416 -1.7934802951514424 -1.2301276173341253 -1.1946630389294732 0.18029383132179405 0.61212820346514962 0.42528121063597146 0.26581069202992758 -0.16487531730021451 1.5770155489279403 -1.7373350805962968 -0.12678984997316026 -1.6085142258884948 1.5659662995799726 -0.80653745389025955 -1.1620887253811429 0.68865841651542115 -2.1676181379160466 -1.6377010779036256 -2.0646794930903809 -3.2738723051662904 1.126299891858908 -0.98994869688381237 0.7832480095950124 1.095001507947865 0.90038019269192793 -1.8055996538655879 -1.1053050748195727 -1.8773061698253592 -1.6087470940032724 0.11796220256680882 -1.1054981561073085 1.2514593919107335 0.5500385193270998 0.3808140124977884 0.45288380719357146 -0.68705560026748158 0.72801650100835014 -1.5464064314830428 0.86129832952167451 -1.3959731316458543 -2.0087311927400719 -2.2639909923381261 1.2836294599175193 -0.4974868252503587 -0.91316640552192574 -0.051563060160842639 -0.19706458150947792




