# Created by Octave 5.2.0, Fri Apr 02 16:07:55 2021 CEST <br1@br1>
# name: ptcls
# type: scalar struct
# ndims: 2
 1 1
# length: 2
# name: x
# type: matrix
# rows: 2
# columns: 320
 188.29760546917288 77.465862848049312 78.43092762677631 53.575098320035991 83.093850309083123 107.27444282081152 32.980459321137594 60.9783824491494 44.182031702818172 115.73068736503451 83.369718176774398 79.012505714362661 100.08107823533658 106.13135956565779 105.2301353611645 109.41817302998557 24.836429746056545 63.034157653622742 79.571754213797334 80.251008264425607 81.950948061438922 154.93685125635673 106.26819235049561 156.99470523029913 153.55243851818813 141.48995340007014 153.82742067710802 153.78055294550524 161.91224087122387 156.96936729216881 150.05027297839553 156.01815359086922 154.314451447914 141.7936631111366 160.67058837766547 153.7517375785817 155.87959257107218 158.77700590943272 159.14055241252805 155.87117819238196 158.83636409484515 160.41386065141558 153.35290388327769 161.69241588821507 154.97441194771335 167.60759819300225 175.00558312717402 174.225796978288 156.83108345968114 153.01843814947233 144.84629429859734 157.86440714410028 160.14258567125907 156.95181890181129 176.22168570410074 179.39745847640575 158.15566519910803 164.26493274678037 178.73706273478521 180.48942806303293 175.35970569658164 177.29788663784689 176.64789136892381 175.45890479831795 67.656537842063997 68.72002119142681 68.114758150053419 40.645152021944199 69.20159089777087 68.771390559154227 70.104184233241909 22.786396119535084 69.79682698837091 69.557642943237326 69.643146226895908 68.67286495719037 71.770105588173095 68.590654861750721 69.81044954683388 68.817535801784445 77.796769091632413 75.961995942169025 71.282166850590528 70.817500361866877 70.702719048775947 70.324572526638136 72.651234407788564 71.312548073824942 79.592226645689351 76.747982313105908 75.611904248239085 70.895424752239208 71.733652246500796 71.747840217744482 72.661038354747504 72.269323406249327 104.46099251666462 54.642699506565378 77.022414709712137 71.984125209103524 72.872280231608229 71.158166080439401 73.69133924365812 70.160353137195287 79.962981467072609 82.283223892357427 78.937163193565212 72.977096081144609 74.058294233163039 74.649922396534564 73.537508503157852 75.768225122606026 78.674083607433872 85.846182828974833 80.69864951252822 77.52574527792207 73.898430706093961 76.725923598055047 93.343976210049021 74.035165186407951 65.513680255173369 83.314600510651744 78.408462666273536 78.711609475291169 76.5040213773636 74.963708545341959 75.320829591024136 76.412003382101332 117.95001258014709 78.914439498615366 79.21877617557054 81.078983088600125 77.320752468902356 75.372073979693027 77.698457947114264 40.92664547224107 75.554240088754142 74.438719340393291 82.918076808906733 97.751175629915025 81.257878161381342 78.819672876176753 76.081926792395279 33.415923040504083 122.3387375833438 123.36390348260947 39.549072388539571 81.254498957813951 80.357659182910496 81.832277109043119 77.901286403655405 41.319491116826569 225.03314613587617 128.96575513680486 145.6957213740842 74.505034140349622 79.145071147881652 82.232173227758352 106.64890962700284 26.290597961068851 127.42180942766988 117.55603166055479 101.35516051735866 99.247506597273457 64.345230075054573 80.69448962926262 45.66695261457901 64.909111823508908 120.77325806688764 125.19283699409854 121.28951656980432 66.677595745781844 27.402238139105016 28.004282135768022 89.739945183065146 65.780371298039682 118.68749861157463 103.09476523029231 92.390884670851392 64.888197153241549 95.029964443858077 124.83986889461434 122.62754629655936 86.528756551956789 90.847123309311456 174.44357557604724 144.19353107451363 63.676204030003383 165.52924076182788 44.618200632502713 45.536148666059553 65.86839731291289 144.65911689033285 147.64769285079171 183.59459422139196 174.24862358139276 173.11331013887744 155.3366427915285 123.74496385925549 126.18778152069197 136.72983839335015 137.73508269548168 153.69840587073139 171.94277503374101 164.7879855620547 152.97467751720097 154.35233021497186 155.79142147513522 123.86598538042895 130.83967705993317 157.90760308955802 162.38385646892502 156.69690840401967 117.91742163393762 155.28096980461464 157.57188281610428 162.1508465636191 118.47265757589106 157.77775177529264 123.81780514660205 122.98260316244684 125.93884273884636 158.00768344503848 152.43242317216556 116.55983007519626 122.94778249056215 157.38380142070312 118.95408781515583 222.49106845278129 156.37866006147621 161.40710134148452 155.7615708101078 189.33786280439327 116.72075187067914 158.82590071993607 154.66934561953681 158.81975783560517 172.5610175509633 169.43897329147012 177.18716575248877 147.62674594203429 89.905431211169713 128.9718397072065 173.79734029109071 173.71709514542678 158.21479899074117 174.64767356629221 175.78469037887908 146.46563852803172 124.06517792628979 172.87327968856638 175.00405371736596 173.9989343396889 172.98707634638825 154.86479388884197 105.65303173956977 192.91728588629152 184.43364542148896 106.29639499271127 181.77078960308512 176.37003518789217 173.94054992262326 176.56308008085784 178.87046850169406 166.64224124951772 164.47298922081634 162.63803213160602 177.12070663582145 177.65081172282845 173.05766975338895 174.2654545264692 177.10810458027302 175.23187422149607 180.38544475415125 178.27603384279527 175.34614576385994 176.77866640751833 176.91068048576705 178.52462106394393 171.93018085288833 175.92074214874961 183.72110377118915 181.60888894351461 180.56649194474051 179.48135898776079 179.97533308691274 178.24161969867103 177.69688127508027 183.21851249298771 181.27853576866002 180.80894789852377 179.6012072619595 178.71037949940714 177.91521689468345 179.69043359101198 183.48606050739193 182.52364256241813 182.0071379313346 180.20842355889141 179.15949467643875 178.84606715265355 177.78467022826638 181.91877552811485 180.16989878415686 184.5206103874381 183.10751506688217 181.37604202181316 180.92593947248616 184.18746636224697 180.77095288426895 180.37954983396247 170.92406656872629 183.3770495584061 182.49560678803741 182.3517948534535 179.79561178173918 183.53547860859035 182.49521705005645 181.51519553276006 185.51654704837529
 73.114413629505563 58.805939692918017 70.685329780222006 185.01962158115262 48.163296778762415 66.862044449698132 193.438633565424 106.70557539130932 8.1328912242167846 18.319128004086767 49.276551299808268 72.931510660520019 78.605547717456233 66.71648935221377 65.959890998783564 78.33099494996182 31.873793198251416 12.360730111836116 48.76366377229941 46.548028115987478 49.597993973964684 34.158688856819616 65.517753741859408 34.182329285747095 31.847277090003736 44.805442942593181 32.952343486957332 59.027371112499431 40.324031999243203 35.199977463529983 39.434413851663585 36.000280735917869 29.95498750414729 31.665267147796818 31.90616883727672 34.976544865451721 33.795268897130555 34.603201159835152 31.793482130037685 34.965999062537286 33.084846339533001 29.71773682942387 30.639135682740527 30.671765709936544 33.117400832946828 25.02323337039865 82.194362003062693 83.156131768156868 33.090795351617821 33.657648669433534 37.044809866378117 33.547803177629035 30.795142568138001 31.985071334552838 82.05408796683102 84.240534927740569 31.206996169953921 58.347297244201535 77.224164629392305 84.421881093015145 83.297243023012754 82.099209716069325 83.016722653147141 81.006423833525389 72.753133963481417 69.203571314144355 73.872664054513578 70.832082437468372 73.986655142696961 72.857355983475003 75.668219699571949 129.88755544137317 69.926112471065053 68.578649908172679 71.034982796976408 70.604460894835753 72.903350503190538 71.761614822899048 72.141141792978658 75.131034757358265 68.881592054774941 68.457174625255377 68.672716568460658 72.132451440028575 70.931950623223671 73.332278019167504 72.277267981949237 73.956960700514884 70.762215316723996 69.242301646033951 69.486219303982054 69.825343861646857 70.528008009277457 71.549448819402059 73.691598036954673 74.760343107035752 66.790026634693263 103.32755573285398 68.205731359834175 69.393027556253031 71.211719020985882 75.182605055768818 71.959507300335758 74.539419421532969 47.540660618477041 39.308692871639387 71.766431826459382 70.196551256561932 70.801199040935373 72.919207785068821 73.055200277366851 72.735815473573012 50.77189431641203 70.747323566106843 48.546091422193442 69.944011149880723 69.630666069246956 72.244792187646325 110.2335715107787 74.039731700793865 57.89059541098856 46.963584886179063 48.88084796540209 68.358217401716686 70.329401973628507 71.467853722065669 73.735436149994996 73.685307909242084 45.47406530548259 47.908826512793318 49.849866773144427 47.494030036766851 71.084520284882288 70.513575603156411 73.304293227210351 196.92625317182487 11.130694199631851 11.853756009249498 38.33226167439657 49.899745434047844 50.743818121639549 69.558755818919551 71.320728009190375 143.68598116677816 30.534262329224358 35.936839625995425 29.469269185229674 38.967364070286287 49.547974764344012 48.407797352280632 72.224619924736061 195.93663032407284 50.060632741048522 41.259963152955812 65.0721198376541 10.781764895137988 46.719704951959407 47.330477453974822 50.343496792152585 31.889453418136174 11.608035739943055 21.036013899202 8.0345102037125038 40.373398699448714 2.9243686883511422 54.175268818025167 6.6464788085500359 4.1645552699229169 45.074189374440579 33.579440542628724 32.602804623339829 11.447492670001443 31.830144451076851 33.255110830127641 36.038188077912523 3.4414110361860031 41.113258092064548 25.785016553710882 12.869044392607195 5.3514387597859239 7.8628154323897181 12.382317579361963 1.2824454494643651 27.819091461659841 77.6604984573694 75.896651429281235 10.79595908062668 3.8711562345379051 3.1075248628621108 7.2034257101411772 7.9712731951386608 4.7997921837272868 11.856848373554302 21.340625757256145 30.63086130025069 8.614546675659879 8.1021315441559416 15.958208224043142 12.689040346999196 83.59041792341641 14.582427965682866 13.873469510665483 22.638031932898418 8.499262760424994 2.3277895278102094 21.511441164120402 31.081249990752635 32.455934399293398 10.357808131677414 8.4856937678008499 12.416993716030362 8.9669344398471065 5.8665500464870552 5.7502175080646358 30.212840052592306 30.223929841722732 7.7898449523308164 4.1461663727529769 5.9431973298442928 30.810250235301815 9.474363154507671 34.331938124578379 32.359315051745121 32.718843255634049 6.0592266544429885 11.035294380104432 4.863184666869028 5.1081205200431503 21.288747852897728 30.522564569972896 29.276779871107859 31.297879247952689 45.419758314085094 9.9237642301546813 5.1283021550274803 32.067191088097339 30.315511504747345 79.444098367999587 15.425677567132531 80.005507677488723 3.4662329676553343 47.300310952750685 21.088126240988025 79.403151404957896 80.915087907630991 66.36697491042645 80.079283812255412 79.67232771068187 4.0958714270094374 9.2954220702178834 81.805415463628691 79.043077490898767 78.360836536070167 78.306073060015592 35.439215608408034 194.93325576825544 52.367111745678145 29.621377863213134 101.81744646142387 74.678562100497828 77.043528820034112 82.098268517225193 80.982073362671855 83.173045436239008 79.374876630989036 56.654597339229106 59.407656813948115 77.753715228662315 76.733381334234977 82.956435117202815 77.066563126204215 84.11961960813646 77.60633225423571 74.345941723008352 75.823222088541755 76.584441935397265 76.068312488640771 78.950745820756026 78.19831478768802 78.517824117022371 78.527857341443706 78.975280110340165 76.173951838493068 76.034516073995832 75.901121206051002 76.992772662962963 84.342098030270691 80.996114776977336 75.294276973578334 77.280660110309128 78.188375641923486 78.027645158824242 80.192209452416648 79.214957698814274 82.199708794428972 81.322142896514265 77.017754867231119 78.172310791758633 79.177182301368333 79.207616735423088 81.459679631761588 83.103878591085959 82.597905839760315 83.297661748755317 80.365652340113314 78.105314485514157 79.091137784193265 80.090614865486771 78.024974403753347 82.279729037116837 81.339556849279518 109.33342505085955 80.065497163433861 79.102923205245631 80.254394845868532 80.296863932113553 77.141979476482319 81.60181224748365 80.963842142880978 80.034224201439756


# name: v
# type: matrix
# rows: 2
# columns: 320
 4.0452272840958052 -1.5491047806532685 -1.6601220957577236 -2.3617106020879088 -1.0846707151185533 0.70109403884541122 -6.2106094508590788 -2.1848560259870178 -4.601483585147788 -0.60100659307165627 -3.1600327973326716 -3.8493030096504439 -0.74118715823311598 -0.75780561420989756 0.41302686023934854 0.0054553980679680576 -5.7728638983550118 -4.4819068742017949 -1.054692578724119 -1.4575695116078702 -3.5982838977734297 1.2521608864884646 0.26910440415523385 2.5012125398644001 2.8662230803590711 0.35029495785484888 2.7678337020581516 1.1313036246855084 1.7875350110661496 2.4238196254597715 3.0128946453212055 1.3203673975969712 2.3971141054765819 5.2435936435317503 1.5185183132841225 0.69931919452714819 1.6905595715635002 0.96090065601976826 -0.35465109747362139 0.31443084384599557 0.23673097742274629 -1.9999663376035206 1.4187840893554964 2.8254485457281255 -0.30550959543499145 1.6961192366017308 2.101173448861624 4.334454926864403 2.1182387991615803 0.49455163726072754 0.56229828007824556 2.5175911224558813 1.3123809367435888 0.93937811738806609 0.87815665974186996 2.2009780368327974 1.053290239369481 -3.897644495009891 0.93235254438005888 1.0874038389393137 2.2984154906005831 1.3507513875948856 4.0668178310701562 1.0031836544023822 0.30025350777214704 -0.15740172001820779 -3.5567852362717471 -2.5555409142093808 -2.7567496550947803 -1.2381481417048334 2.6984295895592529 4.8083481724781443 -2.5689531057315458 -1.1138663208996455 0.62228693517704392 -1.6239640923179899 -1.1262638098987483 -0.76146455174552674 -1.9711354650120774 0.00033070753552428417 -1.0634258692882428 -1.2862641312874135 -1.1992257625074838 -0.61468951164043306 -0.12529102153161281 -2.7212931554146547 -2.718570362565901 -3.7233490906339419 -1.722596109616626 -5.4823525346614677 -1.4041601240564821 -0.032662062835379188 -0.55403160531213436 -1.9335648276184916 -2.341285255681631 -1.1889830654266444 -1.7671907333190056 -6.2008401770682422 -3.6083910557645376 -0.54596325572383009 -3.6011213822584787 -0.65854110906759789 -3.8446726877323569 -1.3526195469784443 -3.0842983496323537 -1.5670746849703616 -0.97637649626915146 -0.35048304476607328 -0.76655387181332035 -0.24986430846192265 -1.0068669465420685 -2.4473375912733419 0.53170462029096399 0.83635664410673316 0.33459648909426609 -2.7675962465815513 -0.82713120102077187 -2.0070102483237671 -0.98235940944024569 -1.9195485281162621 -4.708855312620055 -0.96286727186863597 -2.0859649151041264 -1.6889070844054144 -1.3873091550546697 -0.63295554429713818 -0.37115314090521889 -2.4845444230581215 -0.91901916719394472 -1.415721652508152 -0.095412466982692679 -0.39769283762446855 0.1851231959394124 -0.34773968560463236 -1.9850913399876524 -0.94741797641048953 -1.6757441850580048 -2.6487928114775334 -0.14828670150513962 -0.26415823193366156 -1.3516029347657856 -0.64036590077316768 -2.4528685587303038 -3.1420302346738094 -0.8042005540540359 0.71109349501497576 -3.3052369035009281 -1.8450905022054827 -3.7002086852803622 -1.8136888490953995 -0.2162588223655702 -1.5458934670596409 10.35078207216706 0.19756493752138243 2.9794398013476497 -0.15437498399597524 -0.71601379150150224 -1.619945501199253 0.28907770316144898 -7.0348439398779288 2.1289798520658563 -0.77894882957280687 -3.8979409362357114 -3.3913228914080427 -3.9702648303624954 1.0137137855549803 -6.4015195911931588 -2.1019049771224441 2.0348274944037255 0.1787732242025199 -2.0949212888854984 -3.7883259683974826 -6.3548615487630142 -6.4465531074741458 -1.1946868770402617 -5.0481084199539321 0.85973893404808166 -0.86365086495798538 -2.0628606792712292 -1.7530210328453992 -0.75816249943952441 1.5823745911638627 0.99616988720600141 -2.2070062866156208 0.5599963309348468 1.1133701998917096 3.1762579003731939 -3.999182585286492 3.0685591919352313 -4.5783897227748165 -4.6896259394941655 -3.8817732915077574 0.43396631389705842 1.4096056935038199 3.9615757371833031 5.1222253202595587 2.7690286671646382 2.0498604029075538 2.2529712443449084 -0.3069193709385597 0.49765438897672226 0.28247648365225903 1.1635940609513675 5.1520326377720673 2.5927666473760698 1.6244866046382742 -0.80905854897694296 1.1154121756576734 -4.9035977506801629 -0.19023854147997604 1.6670029544563978 3.7150910905498984 2.4976039297487262 -2.6551812037277527 0.63144527306767906 1.1526838067964276 3.4121118572823645 -1.4991383947720143 2.749285492969519 -1.3785961909695865 -1.2062025983407121 3.4070929413751911 1.4108078963346322 2.9947122833509336 -0.55890203234255975 -1.6009202198580434 1.9110640013227442 -2.1927976657962462 9.7918552122602343 0.053853716065788954 2.0479016227918887 -0.13647577623580731 2.2728166734052841 -3.090973361697769 2.9897421949455909 1.5165116669649414 -1.9157146713318292 2.7908350136182225 1.6181343393369052 1.4628133655355549 0.66593709372015408 -3.8714034896466614 -0.018388054878221378 -0.89126559103873104 0.39832912025728978 0.79445250808365253 1.4968595496221078 1.2768815860740081 0.44555761679361333 -0.58541285327134518 -0.22182269905915072 0.81629700148813034 0.87609040790412007 2.5224442688197466 -1.0811518277457786 -1.1396072695747648 5.8342632862706818 2.547294881667661 -2.100086601167332 0.85278445739425135 2.4316767924910301 0.59403677531179422 3.0709295475296323 2.3514995823489286 0.48846253060245814 2.8571850633415758 0.41435181696435852 2.9395724589011296 3.5379871241116438 2.0218025877215053 -1.454777268184704 -0.59607756320334426 1.5512246748757064 1.9531694338334344 3.0723453105069591 -0.058204891990626839 1.5183944678382642 4.568492586449806 1.4876299574211365 1.226367480339033 2.476296060315871 1.719799364887292 3.8633812259194045 1.8870119416558131 -1.7706308616246023 0.44639696068333484 3.6907463411260042 3.0043951477018722 2.1198782780227732 0.77568197830720842 2.450976469166132 1.0970841612118505 -0.6619759260218131 0.1441758217807465 0.68801065956812679 1.9489636013076064 2.3015392506878469 3.9544461974040899 2.8327926715168315 2.5539309822011984 1.1766319870246189 1.6756503997594308 -0.71061664904603439 2.9587072330142599 0.70934960181614004 0.30616558459711107 0.26426565910667688 1.1064941198709499 0.58608229755223218 0.92078200996260262 4.84888011695503 1.0795806053282941 -0.16550257236110819 2.1798998783234063 1.3720369913772323 1.9457460826426669 1.9094295336402378 0.46526336174069116 1.8744621200022222 0.42799820888386431
 5.6746610425660311 -1.117490105380994 -0.62103768067444498 3.1959294126884794 0.27242735888423958 -1.883185309066058 -4.6342608888700507 0.29108599795669898 0.93654696336724985 2.2802740130875314 0.57690820988527536 0.034635639020981344 -0.81039780598378297 -1.6529243586365536 -1.3408885283514533 -0.11200043242230964 3.2329891302790084 1.0634697339613519 -3.1755929466289503 0.45723205130666356 -2.4049847942696596 -3.0626844798424795 0.69835835914631628 -2.5590665656236693 -1.9436067631172771 -0.88210704781953475 -2.9534308863883956 -1.3688265063269536 -1.0139704414147523 -2.8465138523648532 -2.6884861982767987 -2.0720127701778308 -1.2895296273819787 1.6694031693815439 -3.4976114011893253 -3.2652259498528489 -0.99291193580533676 -3.6707213294786065 -2.6957039763868536 -1.8258558505412639 -0.88302463366851502 -3.0678738382320434 -4.1216859216347785 -2.9321276716174522 -2.5721678553481526 -3.0630822844400307 -0.61677186831332387 0.6147167557466986 -3.5017409491882305 -1.2334448187217206 -1.511915700213561 -0.91644283547389804 -3.3231002524144504 -1.4053392557291091 -1.2528955295679998 1.6091243959820829 0.01116094086293478 4.0862849835411224 -1.3425583546230664 -1.7178179320177618 -0.33396469992959976 0.055980390908195857 -0.92013866642016562 -0.97698294143621733 -2.6427250116653656 -0.047493489667263758 -0.45927297573572073 -0.70265671128496998 -1.8026928719256672 2.1515299403925319 -0.53492554203271314 1.2975106343904557 0.31810585242463491 -2.0910857350949992 -1.2532024813859313 0.53877129840464333 1.3892206238899143 0.34350811418897081 -2.5259040705166185 0.80539830044343852 -2.1352825150511867 -0.92950963602566705 -2.4366999131597757 -2.3612114329611411 -0.91544366126128029 -0.19592565876734414 -1.4804329267693987 0.27076729050589354 -0.39635607518490612 0.013733163081346117 0.52558084220564139 -2.5133744785550665 -1.6544023936973142 -1.4912208824091349 -1.2363435354655594 0.23816290692318345 -2.7516296453770104 4.8970965420429486 -2.1089430763030483 0.34764465994639815 -1.3366747066473663 -1.7590185574021524 -2.7037938781780162 -3.2350292403216687 -1.9608075906851352 -1.9323197364174884 -0.9953721353862488 1.3151075812501618 -1.2532667603582768 0.20708188341660588 -2.6758932786963867 -2.3677837637087271 -1.244236620362265 -1.2511771984691764 -2.1681271497352173 -1.2777328819342852 -1.8364695131778903 -0.12526927778363769 1.4511542305423721 0.41386091834416477 0.79862800313806859 -0.60210096925669521 -3.332895129059569 -0.11524214473008314 0.24921148663419698 -0.18302369546177219 1.2273682244714776 0.77836728755581952 3.8620357615178804 -0.47756822052525782 -2.7876048073286235 -1.7781146205154761 -0.51429096355485082 -2.9044930898659556 1.4649493861816045 -1.0570913817382181 -1.2836496506153809 -3.9420704083767015 -2.2638264174833282 -1.2143987563600565 0.21168200177507218 -2.2901057139031877 -0.62226727437768792 1.5120815234880927 2.7140619422704564 3.2193689319130208 -1.9440862629784657 -1.1649498423858398 -4.1968645634795712 -1.4845150843706862 0.12399205322923079 -2.2880937483028174 4.0790060925250726 4.8120311240586187 5.6950017758415452 -3.1848474734583707 -1.5296880962413306 -3.6531609030868655 3.8793708077086242 3.5225860887085112 -1.8896500028491148 2.3527586518369832 2.4361773678480465 3.5401989572604635 -0.86741079862649562 0.28904425432282665 -0.32818243801194791 -0.47502695127208538 4.1491065127601665 1.3959115296390996 4.4558783750351374 1.9668184924153542 2.2061774813216464 1.7604481238797747 2.9453708658843212 -1.02269054368835 -1.4238569325053376 2.182676113160066 0.45209373950366916 1.6313163454953501 1.8249665120869287 -0.48328486399300713 0.27046533535377848 3.9997167321991984 0.16374669928492003 -1.7028866133008649 -0.17736440339625539 2.4400886257874284 0.59147462214010416 1.2343517850919377 0.20765215789697705 0.4291643663975499 2.3634978459648504 2.5207145001160329 -3.7809046374414552 1.874345944054618 0.51686914148154328 2.5554140728832921 0.23480945628343061 4.1833626856438144 0.66008816562067918 2.26959933452819 3.0255801627318815 1.0121908499834418 -0.076724260384369442 2.3089360148952571 -4.1770348683943554 -3.1241740588599582 1.9305642692232876 1.4029848457557814 2.0033045347491587 0.70458938861403453 -0.31002950480260932 -2.1308269419079982 -1.776185494213034 -2.4488193735425328 0.63554499194653369 0.27582765933964876 1.6428727156432426 2.0837118825511358 1.4406994425011124 3.018466410200622 -1.3158987906042012 -2.6333547431662732 0.68750816105482682 -0.088308004981044061 -0.21489461133684679 -0.5835600643401323 1.9077300108608601 -2.835702255768227 -0.47341967894696002 -0.68562643038581572 4.9553758204151475 0.65405078510978476 1.037932679686306 -2.2838805237085089 -1.1049261733897235 0.75826141656611368 -4.0377167529329059 0.16257456166885678 3.0716202133414958 3.7153455081322457 3.3848254212749538 0.061877610507371165 0.89561368690773591 -0.81940030315974965 -0.12451615207062651 -0.63489916073926644 3.7268018646731811 2.3555577897064262 1.0418350444087254 0.032215208905182147 -0.14118635888411729 -1.3743399390440143 -3.8035558398604041 -4.0361142509800016 3.6665063691707065 -2.974081287662353 0.86357808203941411 1.7740389318021257 3.0180500329871127 -0.10386559953981161 -0.38789774157161955 -1.7661379675549909 0.28908030533995194 -0.50889302428414251 -1.179276791913429 -0.56591146172149542 0.62058401128956864 -0.89136354074970936 0.65697450587156525 4.1677180073158819 -2.6747778034335385 -0.23311743802815402 -0.5996880447940276 1.0967700415552053 -0.55212211137369838 0.38989535383868162 -1.7723809844121532 -3.5173911894601435 -0.35734997760794573 0.61158501368214202 -1.0108075428111105 -0.14171676168602557 -1.0313464877423522 1.9200406264023873 0.026409192867469851 -2.6407437141305108 -1.4860083669505553 -0.84785209218117596 -3.01535159566486 -0.021610128450011742 0.5979404625648449 -1.2066340571915461 -0.64223473921088581 -0.64536729423622363 0.0056900100786571577 -0.24700972703113022 -1.4040125167776558 -1.0068568377664076 0.37344273344493206 -2.8017597240783538 1.3963052034588372 -1.5708338979604279 1.456531415099497 -1.3244400915549981 -0.77352251891072055 0.92959420060142328 2.1702358147828811 -1.5049668643811036 -0.72102234953360633 0.86129832952167451 -1.8591102672798629 -0.69577497855412684 -1.5273007385227748 -1.3539953917281946 -1.5835077255639187 0.89376055001462951 -1.8565650085763004 -0.35643563046811777




