# Created by Octave 5.2.0, Fri Apr 02 16:05:03 2021 CEST <br1@br1>
# name: ptcls
# type: scalar struct
# ndims: 2
 1 1
# length: 2
# name: x
# type: matrix
# rows: 2
# columns: 320
 132.13573656923143 100.23770312365525 98.3919858468374 88.292244170728068 102.80443624949227 110.78252635410688 80.287788253135346 93.095766031175799 107.6669656677084 112.70199447988661 102.82783243171197 99.404676025808342 110.97652946134752 111.7571744827611 109.66160364130764 110.12787834812622 107.88036378862965 108.77429219303406 102.70731427694039 103.75239781313125 104.72567424564195 140.43001540888622 110.99724098640348 140.49536767940384 140.71888888085078 125.37449269533977 140.55196411713408 137.1503896626196 142.51400674079051 143.39773917510277 139.43513796015205 143.90260972138012 137.73326580936904 121.12020782083556 142.22853143560141 138.75679608065334 139.84918461049034 141.44753640234475 142.73576881508956 144.73009375113907 141.17196805018287 143.62472597067108 135.81172657638191 142.76053228279901 139.35365922289637 143.61103509439224 153.14810377607293 152.3660676859518 141.1214425033192 139.60807667825497 137.88860768613969 140.66957518983151 143.91432661084087 141.75586015378545 153.55559599499662 154.22122263127892 142.67581670767308 143.74805566862383 155.37085894433338 152.60795811653315 151.76470575641119 154.00523234816524 153.89682328996022 153.21472648475904 87.939622469783814 90.461275591117513 89.006205564647459 78.21160346083181 89.146725812413138 88.266057313945097 87.128859399003446 47.89632201589545 92.609597897196338 91.472960697032846 90.574020725110742 89.627446892975627 91.376100846343007 90.334282854983073 90.363030831736992 87.528267670231173 97.01651961967471 94.774180039305449 93.807880308109617 91.596129896809529 92.441347553677261 91.436036375532126 92.335475003823035 90.964219549341109 96.828075170511212 96.143466629605925 94.929426449010677 93.164754583762473 93.429723239445366 92.486937318485587 92.193741573383633 91.094263995362056 102.14167638349296 100.48523776046268 95.854253120213656 94.20656826901309 93.576903538749917 93.482144680617026 94.786383703221063 93.792568647854509 100.29603858744444 101.33902464574962 99.199497484871927 94.606055622134775 95.803246701962507 94.522091034655588 95.999544184518641 96.715194836966802 99.652407799013417 100.28254021521872 103.71013115178911 97.295264699154913 95.261581021854695 97.792813942082432 107.78465952881609 95.715274444738839 101.51552293480466 102.41894984417954 101.39260821600814 97.898356568232401 96.044323226475797 97.061154750581167 98.566363417732745 99.390778372587278 109.47065695137812 100.77761801041541 100.24916580825641 104.00466510078459 97.387649667731097 96.550890146801763 99.490271279174536 80.915439498771093 97.408080105825533 96.64900665980889 99.061160914562279 106.42209164642293 100.86708771029338 98.158548261092477 97.617474345022941 79.603767490199289 120.68208379977165 109.13447140966397 88.136054869996713 100.1394086521998 103.87878509542278 101.76256589556938 98.476978785021387 81.971005304938714 110.92830293284466 110.02265285310848 112.33420514962944 96.280912917675622 102.8347627718794 103.05650795994195 108.62402913930332 106.62315134248082 109.02142166626241 111.18118858919894 111.29658165708619 110.40482915620088 111.00314429590085 101.88262220808018 106.8481018331458 108.75709163051155 109.84892939167823 110.16857309959238 110.4255470423002 109.39078442400306 111.12043020800556 109.78490797414099 105.7656348916628 107.86490580203406 117.99864232786564 109.41095999510379 107.42638810542516 109.43630962498196 108.30273699366666 108.36068833868028 111.87239308170983 108.42149077734682 119.25198528002279 145.73480953079951 138.20756497906848 107.42034938610097 135.64232124840498 106.77692166769441 107.80893393451456 110.0759557161892 139.52354519346133 136.65818835886833 137.33523084205905 135.77600965511709 135.45935868080585 134.42900210831357 132.93092306596589 119.85567640066544 136.9073936232455 138.4854783469784 136.25705849850891 136.58363071858398 134.32627732481387 135.56887737454321 136.93329011368078 140.02169865043069 134.85977909474371 137.68450193003599 136.72214878525807 135.21609036052084 130.15430022978214 131.26233441631868 138.22103979938572 141.80995919904342 135.7379759210566 135.89086733814963 133.76294566125213 131.36726498245596 128.29985690935789 127.40930417229768 140.37536066902342 136.7394740788325 134.4791857509251 132.98083115406811 134.46727310860453 129.18968179294572 129.26505616790166 138.78622953887978 140.99955458380873 141.48341939209811 155.92745770533261 132.51626642615054 133.39093305378699 140.35970049869812 141.49413702658995 150.56066267500523 144.81520827022752 154.82171367119966 139.54592096580794 128.25569041842314 130.58694404300414 149.94675804510521 151.62967695691893 146.53634712187849 153.12414572921415 154.2355741100597 139.39063176450762 130.34476426782518 151.07216254172027 149.89887778720887 152.52216374016498 150.30659075261886 144.64556939188171 122.40525860233703 155.62911004035774 154.4906071081426 137.16766802985353 157.82595663169343 153.63202712700786 152.09974076469598 154.26380738854971 155.35029160344794 155.70098926433545 150.78851561439211 152.04722120555667 152.04792953992214 154.6066110120255 152.42832372087349 152.28883552449531 154.63896503434788 153.26299710078032 155.7263380628369 153.60111787334799 154.06417153007237 154.82178045888207 153.75883186160115 156.01586936194383 153.63503894550914 151.03103774979562 158.95772022550028 156.65846198633167 156.03622432350252 155.89354346787806 154.85111726408303 155.12421319682321 156.08707689189293 158.07307767239621 157.02852311942684 156.98345227284781 156.16846270792894 157.80645909947427 156.62624272565705 157.78007766607249 156.49738930411766 159.22548338305154 157.14735542329097 158.36246881968378 157.5277911243507 158.2185698157848 157.12694808370443 158.8585806971673 155.5948133799082 160.35914926195977 158.12519549645529 159.31805567921452 158.54683551784336 161.75077656338229 159.34917529672683 160.23059709169863 155.05423167038248 160.24475760470372 159.17131530744871 160.62335829016249 159.17496739560988 161.67236097371952 161.17276345611677 160.06100912944828 161.56194931847324
 18.352240941245615 75.233044242013207 82.178905726091187 138.0394592146628 69.373023043599034 86.005220361898637 145.04755649682497 102.42661122132809 17.691173243613726 37.839468525896145 70.412565847865835 81.319721067401886 90.518395465415125 87.969432642355372 86.199544164793934 85.149456866189141 15.423320074836079 17.412650161591504 71.538922951405411 67.447231599991099 68.209825413102195 70.273360186269571 87.060422635186129 71.379400742049583 66.234894016738835 69.499847288127242 63.30502113502704 79.149120755515739 67.539519284064696 68.710663837438034 70.914340496537733 71.132955372049722 61.845129118090483 51.247275551144 68.552413189667789 67.530263801320302 68.443967226936024 70.803499719092073 66.484549329064649 68.156546542406815 68.146363844646473 65.534252106958562 63.475483299210723 69.55031342831704 69.433882431633577 67.686903778686357 91.24015146108367 92.004526494804594 64.610574206466751 63.953634044163792 63.170040623266203 69.156433318118204 64.397073042440823 65.574124267778117 92.276936932961235 91.448333377563202 64.823339916245217 70.034645292129142 86.926548514880196 93.036536691865038 93.734306872367682 89.152794739287344 93.418441033749119 90.118328023382546 80.816858346011344 80.921205112156656 80.560235135271796 81.161136093371894 82.852188300169644 81.77522167848106 81.722092145064266 110.81414911583774 81.642756379232623 81.484736783835118 82.194112965409005 81.680953454576354 83.96466755646604 83.376652108879256 84.855564820250848 82.941174595390123 80.692115898950959 81.057913336244454 81.693627377100128 82.680675573259109 83.584676356017269 85.128210311540954 86.000027158961558 86.115796915886079 79.455963156554503 81.537014291187461 82.268898862571618 82.618241340122296 83.780389551507596 84.76215996005395 87.298839366263863 87.172759868926292 81.316071460298559 81.740168633610267 80.491632065967096 82.944708022237876 84.90005363098318 86.083346186909068 86.701950936672119 87.164235855965188 70.369147061898119 66.427507977491203 80.088972696957853 84.3539072609329 84.348972736192692 85.568384962327258 86.763777516022841 85.985296579835506 69.526413987539826 80.493721464011628 72.03795074220578 81.806743465012715 83.380122622512744 85.824009550905558 88.90160432179978 85.761702035366852 67.49508695452316 66.777563983595783 70.927320860404507 80.05073743553605 82.594558153842286 84.942985349211185 85.089194339970646 84.131732379897898 64.219933560480655 68.246145229344435 71.396961927573798 69.934986768531331 82.890033497902891 83.621071759563634 82.45870638345427 144.19936339771539 52.135627485267335 53.196141025934587 66.2567113493878 70.416999121792756 69.293339297405993 81.067328988420471 84.007044275875245 121.45838277151306 32.164065138120044 22.691712169173861 58.047337251005175 66.22330904137084 73.359182703843558 69.882409941215755 83.283959356285663 143.97992735421306 24.262674562559656 23.42257632150017 22.782266435342674 52.06978931983906 72.893171467382928 68.276618695128704 37.458823615142528 15.919488910290267 23.847081308317954 23.057572695344195 21.943520498547727 19.719268250767644 18.559540223052068 68.638669791554676 14.800699873946447 16.304354155189586 24.732057908745787 22.327615541107143 21.290254875786445 20.224631669526868 17.551445126950878 16.774935276507097 17.655465659692307 14.38341314047414 7.0281872335994091 21.44172757713859 20.201913585196877 19.033637370077511 20.746782588346505 19.705439631821733 20.368829275260104 18.476196838373241 6.768582802509588 8.5790509127956582 33.440397894616652 18.887467810049127 26.534589924067834 17.079942722652671 16.642503202857789 17.863958882333378 30.963477381751161 31.914295970999309 26.55884448375571 27.840138142107964 31.463825931708399 28.248229021487084 12.51624147763351 51.530060673700071 30.865944143971234 31.381276825752551 29.908151967124166 28.625835771657133 30.950214421222118 28.860256185196654 63.865158218787499 65.003079158589188 33.203214437982382 32.170701325842806 33.126946949015483 30.424421491568115 31.436030769929111 31.621834092437993 64.243627555286182 63.428593253033746 32.546324507858557 33.795950368496158 32.941288820641013 32.869897956390353 32.788508425445485 33.607161369937351 67.440224914454916 62.593742112924318 38.495235434678094 33.647108285837 31.976865895267295 33.499286659563339 32.208701284006132 62.366301357619768 61.236583327460671 62.398139088249351 27.424266246020423 32.502618076705161 31.766734032589181 62.317354092309799 67.010637828691429 84.196671264569019 70.384761241731368 88.233450267715298 46.6118640567773 34.264627096694952 33.713127541432968 83.338474805436164 84.068343733669948 78.412159366885476 87.129962158928123 87.198331062695999 45.580952141260177 32.619995370974571 83.115657226339351 81.905442439624096 83.293820611848261 85.402655861724384 69.326555129768124 145.73586474230422 62.627462307866423 62.074840584951467 89.122848655458952 82.151518838257672 85.213229159124069 87.464715615447233 90.207776451386422 90.406522029696958 81.325488594867011 73.644873502413375 81.298624701302501 82.355345959596249 84.914912663128803 85.055454080857629 86.264310947245207 92.578797520213513 82.297602371404338 82.77523850910903 84.11271510213615 83.052314481645325 83.819037660348258 86.255405484295309 88.550798741829226 88.13058043083781 81.788795029510794 82.325881008238255 81.827196515605024 83.801826079511571 84.901031781393712 85.93398806645996 89.299066373234055 89.619713900379125 83.261213569227507 82.909905716171991 85.256738100102595 86.069669328378566 87.54659935892505 87.178844303079686 89.829194055469642 90.620040805088863 83.557586236153256 84.002689446982075 85.462964685525989 86.19604722800328 88.660414955287436 88.777415570534174 89.539495965664699 91.593536536346392 84.45570757879679 84.359226940518411 85.877413383615774 86.606218846121379 86.024229362256008 88.518259980566043 87.752257196757085 96.672339606882588 82.785861914137953 84.691369820653222 85.521550116377028 87.48986742646143 84.976561510084906 86.842393311571968 86.589103280729987 88.174112228320553


# name: v
# type: matrix
# rows: 2
# columns: 320
 1.3579693284185725 -1.5491047806532685 -1.5310654988249222 -2.3617106020879088 -0.77023251469205067 -1.9686134036550862 -2.9268907679371217 -2.1848560259870178 -0.77606376409969124 -0.62397535907694635 -1.4719040345146794 -1.9025507370146331 -0.74118715823311598 0.25719622710502693 0.3859378244298724 0.17857946090956597 -0.35043322477883226 -3.1286034793470776 -1.0763658178699842 -0.95729454112464318 -0.16541746695136378 3.1099523801865119 -1.0852117721230059 1.9738707044289399 -1.5282116723643502 0.18963793975630527 0.62564087442090466 1.1313036246855084 1.6862551177616569 3.7258792278474968 0.40662505534522969 3.1355841618453861 2.7509803605787684 -0.6333679398979476 2.5411518085844924 2.2601456362491401 0.99847174606856659 -0.15798828764338377 -0.50925561009239129 0.52374568992076498 0.42012153279499964 1.5298159796518633 0.19543809939608525 1.2654235073166544 0.37869534669701771 3.0700051750373367 -0.094702275552444079 0.87488503279273755 -0.85925880769888996 -0.42443102568301877 0.95276581884309419 2.2331143551684094 -0.47070405542584887 1.6732960120810727 1.6926462439917849 1.1207430551010098 2.2462834709285984 3.3671916057114477 3.2398758863777379 3.741072651531764 0.73500661752903607 1.127925041311076 2.7973162611982145 2.5985561040636198 -1.7944379864477591 -1.4953466800815882 -0.95920809062632606 -2.5555409142093808 -1.1606637438525562 -3.3548222999786845 -0.69469814508559113 -4.8083481724781443 -2.842497209800527 -2.2869971269597729 -1.5536679224657512 -1.1823984899824971 -0.97083116618468757 -0.71418067027528287 -2.3898363132652318 -1.6113913775206721 -0.03948741368291437 -0.5906757530248985 -3.2229829577368951 -1.6030551446327839 0.77005227189955461 -2.3579581252396777 2.1297485727355809 -4.4159651409818297 -3.2170796905525885 -0.26773994354955188 -1.8265256643831327 -1.0839582340166607 -1.4657457620201932 -2.4600872141451067 -2.7795485014944377 -0.61443054046159629 1.3830442298059304 -1.0275777262127526 -1.1920284674764932 -1.9018299514236805 -1.5178292235667121 -0.20535636743890576 -1.5845584207774435 -0.8125445728639672 -1.8612568610369753 -2.0023350247581533 -0.12828257221025519 0.80813433276269231 0.58690129946144243 -2.9443790880874801 -1.7601599294985482 -1.3334817207289758 0.47424493383230715 -1.3892745889672102 -3.6518796321564477 -3.1972114807196608 -0.78000282644818852 -1.3080887395704912 -0.98235940944024569 -1.2324216736819023 -2.2024603607453903 -3.175157170417664 -2.8151361322348705 -3.4023515642052575 -0.16963429024835527 -2.4883771946004827 0.56893751562264994 -0.83557891679127105 0.63942593884555221 0.97549700339224088 -1.0645581413358096 1.8751416412894419 -0.71200511924552268 -2.7595900320568267 -1.7583956938394669 -2.0408817352627664 -0.4218697728915724 -3.5993360606504576 -1.464044020642213 -0.78470679247550224 0.69672740803026134 -1.7931369013957967 -2.2154741209875515 -3.1420302346738094 2.0503194377782759 -1.7732992052372392 -3.3052369035009281 -1.9408120158308999 -1.8058888107004349 -1.382413031981478 0.82743763768928447 -3.7361483911293432 0.46575854346232171 1.8729949652861366 -0.37642868816724284 -0.45770614698948653 -5.2569723331676874 -3.4990110217051003 -0.91553894821569615 -0.96736418934951041 -1.4920024545397936 0.05637386619697931 2.4307266069495235 -0.6333475473850172 -1.6292470462811051 -1.6048676561487714 -1.6269531237617461 -4.2262410745060102 0.35515511697063817 -1.2992048711661945 -0.088363188137196347 -2.1364987512752021 -1.642193880801156 -1.1874627061036356 -2.3297250321953231 -4.9315234446323686 -0.84412336793623133 0.65910695338024394 -0.84180692725557527 -2.2071116966639575 0.58810815889189416 0.69728523736781356 -2.7542146303980379 -1.5052676965561185 0.11267031595099791 1.9063454546835059 0.98594364647228017 -2.1555298882857934 -0.20887857997584686 -1.9851187323554589 -3.3099210655348115 1.4876535549725824 -0.078611329899929569 0.8996701649554234 2.9199095561433963 1.3208959534803375 -0.41012536323261661 -0.11183692969176014 0.9259881844467065 -0.30063187067689595 3.2472466838873713 1.7475633247209263 1.2058785890911623 1.4837659816940603 -0.71930410156676106 1.0270444900753843 -0.59266398407884135 -0.35022832022069506 0.85492643572195903 -0.40191468367669669 -1.0680863171393931 0.41694942490018405 -2.046353093730382 1.0260720927404774 -0.90765388691184534 3.1921790424520418 -0.70635477629173449 -0.056441731737702741 -0.9837184043216457 3.4067146740197738 -0.0035983540468347754 -1.2971842366706201 -0.80973867423995793 0.46825195600247266 -0.92266956557525615 -0.12214303405633781 -0.078823035078235237 0.88017609866964919 -0.24077260023321162 1.7694221343973744 -0.086130433290849615 1.2049618664490258 2.2728166734052841 0.52247547752740686 -0.020893411364945255 0.87712570181649985 3.4965797057542383 2.2771099574199725 -0.91451144219181335 1.4599949193604407 0.3654702491763262 3.4708532625637445 -1.3719906956071586 -0.63902561161699944 0.98820934369890367 0.79445250808365253 1.0064546562075865 1.6153673310748284 0.63195808281617938 -0.1573048905691283 -1.408832463746128 0.56778912924451752 0.46579233364915185 -1.0683754887291166 1.7887026650924045 -1.1396072695747648 1.084095750824037 2.3139300586820868 -2.100086601167332 2.4613944956455778 2.2298075038126037 2.7820711491741785 1.8315645168443682 0.23601788644944063 2.0363708470049531 0.88167391345715806 0.13712615418771246 3.0747159590727873 2.3653868470829282 -0.11761130647388179 3.6507278848076399 1.4143964162100944 0.83703788469539886 3.6008560012893036 0.4464350266455529 2.2708922572570023 3.0152679352703675 1.5770263834892331 0.7881992015861452 -0.66665958057229957 1.5257891907341017 2.6548932431810934 1.5429971960599964 0.39812231076422228 2.5786200752917878 -0.57839109293433555 2.5197420274707323 1.4214193333083425 2.877970368128318 0.26728491700592605 0.06396995440740888 1.4214279172398696 3.3509720212563026 2.3169024072106708 2.8276624464724121 3.2247631539616721 2.1304847450215636 5.1567715213162346 -1.1355045369202119 3.1706997952959748 2.4837241110296708 2.8242478744171597 0.49053997470891725 -0.29391415813082755 1.2961897628250141 -0.89034256416828605 2.9508898880851944 4.1105010690256565 0.64630090578318566 -0.10512191111381294 0.62196716947780695 1.0795806053282941 0.58666246491036489 0.59294917337502195 0.80197750434550874 1.6451849767707418 2.1647751866783991 1.8242385121414553 2.3739155245099459 2.3403785356053217
 -6.3445512990119379 -1.117490105380994 -2.327842134716863 3.1959294126884794 -2.2909535904356915 -0.75077535084570668 4.1862640909989954 0.29108599795669898 -7.823736483695841 -4.5400459979297505 -3.6412806772868893 -0.24058673672668779 -0.81039780598378297 -0.84118514621597917 -2.9395768519316423 -0.25060846020660582 -6.4155945489119004 -7.0519184892961846 -1.6853496517128002 -1.3725728338798406 -2.0992381660198389 -2.9053078053229457 -1.4901402702363644 -0.93393854206016469 -4.7166229045498484 -1.9360448762617062 -3.2426188842917436 -1.3688265063269536 -1.1023948282466667 -1.4029030497461297 -3.1934348166560214 -1.4193865271211024 -1.8545377252127491 -2.413699179982407 -2.3844777820920418 -2.4570341764603438 -0.84836819977364342 -4.0013792017894616 -0.8412756747041169 -0.24612819775052883 -0.91387457320666499 -0.81062824794547783 -0.91027747878612519 -2.1964202339859979 -3.2880182208658377 -3.1051487133638025 -1.2741042176895414 -1.7771782665304683 -2.1424047490949087 -3.7714435478661099 -2.7360497554461287 -5.1127357574776244 -2.2322480955291364 -2.7131665290873808 1.1277723255963747 -1.1169541704600368 -1.3508595905647141 -0.73877992346847221 -0.30297177847911033 0.52868048006708501 -0.38995796900604596 -2.3784948070434861 -1.5339769961758469 -1.2038496113577948 0.35925931766331137 -1.2554912942843259 -1.6938169014416065 -0.70265671128496998 -0.51226374996646618 0.38344722771845818 -0.69818269034394564 1.2975106343904557 -0.42379113105358895 0.82107552313338172 -1.8146668441916329 -2.6476372093306764 0.10485730870347329 -0.52613332963829995 -1.5902761764796058 1.2509608690874312 -1.1795477298226156 -2.5232109007173209 0.3663002764205483 -1.5990565615243355 -0.10101185571924826 -1.5018939881911664 -1.543425986942248 -0.59762126832026741 0.14643181583940917 -2.742234299360474 -1.3781811526023335 -1.4375414520649548 0.40363677826656336 -1.6375183775352835 -1.6358533981446552 -0.80359199655831137 -0.79161470908096154 -1.5930421669932695 -0.58107126219060345 -1.0472411461058078 -0.80964887389639784 -2.1210079626513894 -1.8653116971832939 -0.52331942382458996 -0.77899724928313474 1.172336311088465 -2.2934898644404158 -2.3525162571222591 -2.0903125220112728 0.33661461922561609 -0.18369532488463336 -3.2115901878763902 0.39122260845653678 0.30154075809470071 -2.9079356401114258 -2.9602797668723841 -0.6602964531769635 1.786779082298992 1.4511542305423721 -0.5607073300780665 -1.5386414908040378 1.2808386074851976 -0.7482714080870001 -0.08669937338112578 -2.3515539715309868 -0.74050512653814327 0.54239110443776184 -1.186760877523716 -1.4985947257817349 -0.70282814836256757 -1.0401646493375114 -1.676582555933773 -0.73110205400018591 0.57478542839332103 1.8405830412131483 4.0236478770737776 -2.3180981803705163 -2.4671271865963864 -4.2691285651918669 -1.5499076421369327 -0.60912673921560068 -0.85431238875386806 3.3457884176049038 1.5120815234880927 -3.5162276711970275 -5.2169305680432814 -1.9440862629784657 -0.92933442068292182 -1.2100868229234125 -1.4689265967180158 -0.0057229914342658006 4.3009155268004351 -4.8490004702558327 -5.3175772110868804 -5.468423661683822 -3.6253421654835511 -1.3409603718314118 -2.2914675049374877 -4.8047683630626112 -8.4052553277750519 -3.3542761228614908 -6.7231569226533905 -6.8321092493186342 -6.1776568535968162 -6.2021419055173093 -3.8310670961188014 -3.4994124781385705 -4.3838418870940954 -6.2231859221562367 -5.6218661025463676 -5.8836264025381544 -6.0470771123649021 -8.5823511505423031 -4.0718260397527635 -4.7589185206189253 -5.7374085207107193 7.8252330024118031 -5.5782615966912381 -4.6009258378745299 -4.688820675659902 -4.4696525563740588 -4.6680895995107576 -4.9157456136672488 -6.4198433025025956 6.8942991532903806 -5.9957003488919911 -4.1345992009123034 -4.8699898857719557 -4.3225427048444605 -4.3567066023835572 -6.3875370723605833 -4.482267233368832 -5.574451589289926 -4.085197522844175 -4.608732495597752 -3.5295440848421893 -5.1554957093827349 -2.3487177951002813 -6.5093544091306157 -4.2925463117635889 -4.4530654802772247 -3.4075378496296489 -3.5849506861146896 -2.3581630363868897 -6.2193676088965919 -3.2036908469604999 -1.2558097208060268 -4.4107107466023487 -4.1246722115076144 -3.7828826712390855 -5.1508141080314029 -2.4101289336038731 -7.9052270529912434 -5.3888291556904253 -4.2368084568515005 -0.17049802546953297 -3.7502689539673542 -3.2432208806412728 -5.1399466171697146 -4.1811307873452197 -6.6831286051504284 -4.793848869327646 -3.4322834626778196 -1.6675809981598322 -2.5976670930922872 -5.0642956827533467 -2.7097308272821445 -6.9909941438966925 -5.2287474672626466 -3.5699315887924818 -0.97493290492878992 -4.2694138857484045 -4.9553758204151475 -3.7555598003354915 -6.8130965157803756 -0.4668119896785895 -2.2330205509665313 0.41671258511264142 -4.900990483422099 0.23232297977447597 -2.7179966817448951 -5.6204876341837187 -3.2869790485288575 0.065813271352996874 0.50286818349244777 -0.81940030315974965 -0.50236494386563102 -2.3609246372952515 -4.0626985284164547 -5.3704840901101516 -1.8365924644990683 0.12489617677439113 -0.47790166511274668 0.14098749724982312 -2.4976950156982798 4.0361142509800016 -1.4646000716888823 -2.2030958372525427 0.86357808203941411 0.062215473842364956 -1.0748818589144031 -2.8526067477350185 -1.2758376587512696 -1.717111476480186 1.5810966916493723 -1.072369632113483 -0.76754173313513019 1.5549499874333916 -1.4622236148505228 1.5736887581720871 0.56960054262714432 -0.13894810901912577 -2.5868269673607802 0.8631767822935098 -0.70487352007529669 -2.4128620078759053 -1.1890844865008638 -0.21028462460887148 0.7793319491732803 -3.1042411157255567 -1.8439161590048936 -0.77115436826154271 0.70530051513899705 0.24706668865305262 -1.830306295835737 -0.56951368657831003 -1.1194134397812188 3.5843950717274113 -1.2104855710118485 -2.7589998960540854 0.88076319761441413 2.1012030826317969 -0.20879873292463857 0.89064900187742624 -0.81081427838254549 -1.8665257134005111 1.5543690549369233 -0.761532654046288 1.126663476641014 0.21425373576408907 -1.5330159126319409 0.42046663048521843 -0.54145660001841567 -1.3027040005314698 -1.0336865101604122 0.81493984746457082 -1.0639651200367981 -0.020871920329205741 0.33086237703451116 1.0331601073190475 -1.0502131510344026 0.86129832952167451 0.66167996332786227 -1.2741015559125688 0.98472250229230429 -3.2670850939188298 -2.2562404680806485 -0.34578442510492174 0.68815697407860932 -2.4662521076300239




