# Created by Octave 5.2.0, Fri Apr 02 16:02:36 2021 CEST <br1@br1>
# name: ptcls
# type: scalar struct
# ndims: 2
 1 1
# length: 2
# name: x
# type: matrix
# rows: 2
# columns: 320
 121.23866778271606 118.66541194204571 118.24434429176522 117.22820005585453 119.36830739872489 120.92606218990228 119.55432573393179 119.948995055447 121.77116341532111 119.64796780298906 120.88242709456672 119.64319076137777 120.68711438729636 121.99216326728003 121.63990847870744 122.15244205880502 123.15983256674538 122.36362970043631 121.83669771939408 120.79469785291798 121.75731630523678 123.50156384037975 122.67391855140923 124.27404740959673 124.38247483251983 123.28436221726693 124.05022318294166 123.46870141151085 124.72473234557691 125.7362712702873 124.95570787912283 125.39992196260515 125.95711742518503 124.86128745352373 125.4810722776744 124.50524595248329 125.54251321102608 126.922380628723 126.14787715858176 126.81790474971737 127.28224701174055 126.50191294612803 127.6228479043676 126.66671817463832 126.83067031401647 128.11915479271264 127.82064693047143 128.93917057679636 129.35895322751429 128.34925774093057 129.02217893052861 127.67847635265846 129.8741796781257 128.96651450615221 128.97142120377805 130.45017023353944 130.24494217627009 130.43789554282171 131.58518549937671 131.11803729589624 130.2480869901211 131.19880005077513 130.30643394625153 131.65849758108598 108.12000805101951 108.15083511637926 108.03870771013737 107.14685969077959 107.51996241375826 106.95238625882818 107.5314558116754 107.04583434666498 109.19480427473928 109.20223155719361 109.21139288936664 108.24188988737666 108.69478030889466 108.05470258960845 108.62869095632756 108.13126055687779 110.10222077537738 110.19401079619372 110.21796365832932 109.35809784036414 109.78720733996964 109.12130524822025 109.70964025522463 109.31248763425951 111.01977496320634 111.21324296051827 111.27733291553128 110.43430386550848 110.94043800475622 110.29478488784372 110.75828718432338 110.29244739003288 112.13087926407444 112.54364842382299 112.40220835352939 111.50073179355762 112.04260063471423 111.33982982757642 111.89116511200137 111.41587300996051 113.00133055538062 113.20761377357228 113.49226673183693 112.59064460699533 113.13020045914283 112.54323670661161 112.96681876532344 112.55027156056558 114.38272770441178 113.61452681888298 114.47374340722639 113.57241647345037 114.21818936404023 113.66451767002661 114.08674106622195 113.68756813692528 115.5329955413998 115.0885792232329 115.74991922031317 114.73301000123365 115.34437460069162 114.79815642444684 115.08580935635386 114.81762108657831 115.40998860095758 116.11530935145412 116.89021401653737 115.82657077393894 116.50010173198262 115.79338322327963 116.0365698188758 115.76627454169176 116.30539494400844 116.26347807107042 116.89685159163925 117.02033881979338 117.59479073226208 116.97646193404371 117.02227850429234 116.3197836702856 117.69898463760715 117.11519330688371 117.71554473611738 117.91448989238151 118.07806212039507 118.19193153801139 118.34562326198342 116.63574754717159 118.90701018394725 118.25978186464339 119.09917063701188 118.5122719162092 119.15855259573881 118.9590938817164 119.21101835389454 120.23916930241288 119.97049833288311 119.64615492139721 120.48815240931643 119.84028164200093 120.79809036569019 118.92578454936248 119.98884490042943 120.73425769301898 121.02488787165358 120.88885236775843 121.64518854570012 121.39164285584701 121.94065424857955 121.1534551876597 122.06207163322527 121.04593419572089 123.26013058166349 122.1899168083802 122.78934643270938 122.52605206621892 123.58972436778561 122.70927195976591 123.72211489954179 122.97911281684858 124.63893788241744 124.34387853131834 124.62263966818645 123.68520749115888 125.01650323427627 124.10896137277398 124.83964024127235 124.26319462887092 126.2653230486108 125.70154695210138 125.96236621529262 125.04555463952801 126.41892184960425 125.81758109193756 126.20281269534478 125.68417066898002 127.86315659533014 126.76917289948253 127.02491095000687 126.28233485260674 127.96695570698249 127.5987982820966 127.56699762124741 126.72262222830697 129.02235081393928 128.04169037886362 128.08858444122743 129.01984076781389 128.82636822844611 128.41645280455083 128.59644258779144 128.29089068410471 129.98363014451837 129.0655957871306 129.65723461586029 129.97245029462871 129.97731038172876 129.36924521637374 129.837417073643 129.42501929744483 130.05238871674121 130.44342418344547 130.67970310882205 130.82143026449017 131.26370341189963 131.33278268118448 131.56033372966635 130.56435359374842 131.21119657000935 131.72295533467118 131.90566708121764 132.02285555504787 132.34132052783872 132.67589535549641 131.26056419124404 132.56771556098653 132.70668483225762 132.86355362759164 132.9853354824169 133.00514195965459 133.33602572920111 132.46428777076326 133.36631997158125 133.16025882829206 133.72555644176225 133.95684475841389 133.80113982181933 134.02468610304302 134.44018992220109 133.72655627427187 133.6279834448014 133.81570718610743 134.88953371699361 134.64537242138925 134.87699314439195 134.95923193382137 135.36670049455381 134.58810927851471 134.83198488722996 134.46643151129234 136.05662297419536 135.93934414155152 135.82635676725141 135.97194022899353 136.3645606746455 135.63068660275721 135.8701727452945 135.57036406381178 136.95976089986686 136.75247456767406 136.86698924358853 137.04514088552682 137.50776783066172 136.65395903604818 137.21549120457544 136.63936494604661 137.99841515380515 137.71567260712706 137.76707780768604 138.10249814805681 138.62145499858664 137.98932089337455 138.31684699104923 137.68849958153322 138.97677852505754 138.71372733152822 138.81658812532294 139.16991088503124 139.80690929333511 139.11284712711915 139.61458715224202 138.95646777795162 140.21824563644222 139.76414851217189 139.8252836092984 140.39249715284774 140.97284447532954 140.26536755710677 140.77107099257606 140.07624400312534 141.36751868395535 140.97025595461309 140.85628474405047 141.48108087590145 142.23255662255369 141.56113961001174 142.05344214960962 141.28948269827629 142.4441162592102 141.99579411605919 142.16258661206209 142.64367392849942 143.40237291501373 142.76043024854877 143.4004620128959 142.51785128569756
 92.947802923396054 94.785541564343362 95.911922079837311 97.172280457673409 96.353750370737515 98.319058819378725 97.354842154090008 98.803086838478677 91.839870609713131 94.044379716406681 94.187951488990393 95.162898846778319 97.142428863627643 97.735601747474632 99.540597461341648 100.51198881582593 92.392229714091698 93.005367442092108 94.696099680314205 95.397992855623471 96.202944372804396 97.939527777402091 98.928153315836553 99.517120495554806 92.857840674734348 93.674289054076894 94.699511130135903 95.854744397403167 97.282677864077499 97.703424452652584 98.479181993947819 99.703070868042175 93.061282361167841 93.847458492458614 95.206509801294686 96.00841847813129 96.453456377598485 97.911023624499236 98.821456577142655 99.708403330713807 93.089397745974338 94.452155707223483 94.724151580094684 95.644710552736171 96.835807565238497 97.171531176282954 98.572673284749214 98.887398572237387 93.995921031828331 93.850646592550802 95.038105456838991 95.997132025770981 95.739164121724983 96.562579929054451 97.818427084006558 99.041402797611951 93.520292589423747 94.625486400105189 94.726756248828522 95.794281854303776 96.643143407775128 96.947183533713158 97.983991270587524 98.651702970959121 87.117194125652219 88.23645502469455 89.4157397346642 90.364529408163051 91.661985144561868 92.681491867560993 93.70893500853785 94.667037300166683 87.459242008968999 88.5498013129735 89.627535945196385 90.635634590225507 91.549902105142692 92.651908250209885 93.648848536416082 94.603203241784442 86.624141472999611 87.94832832062329 89.173719597088194 90.637154541724385 91.707941268060907 92.71288024813019 93.62086305319913 94.678429425088368 87.204198398649226 88.411534566392632 89.485664811702136 90.37934138727563 91.673174671777176 92.696103976715932 93.681923868824541 95.039977231926628 87.074080768708257 88.344585421308381 89.380978672612287 90.565926110232624 91.534653513146921 92.737354349493543 93.800277127285185 94.887053458960651 86.053953669372291 87.38521162263325 89.523854445550967 90.535417290509457 91.6238684838154 92.535879947461495 93.671112393332635 94.693500562999233 87.504068068837526 88.381291717286373 89.173319267924725 90.509446969182591 91.610643748090411 92.56712896041121 93.545358584006834 94.708059394738143 87.262497305219711 88.288685194021681 89.213077547488567 90.319568312587336 91.192144378640194 92.644183479389923 93.771375100127401 95.028039858174594 85.692983287133998 88.13209053916934 89.160203729188197 90.272353511052472 91.247926560263139 92.232488030440408 93.25295061966699 94.593643143141477 85.080050451707919 86.479867162937495 87.401276190154675 90.172834581570754 91.196907850387376 92.580913941298618 93.734246049271576 96.334422779342958 84.776411942062239 85.774949783946681 86.6385759386568 89.020509219200918 90.249350606903675 92.170128849714672 93.734882483841375 95.171896127882732 84.645046282497361 85.630707034189982 86.450132630620118 87.422540945415804 88.297621146299946 90.875778280670673 92.657256885729794 93.081703582240948 84.187915859007774 85.474721954127958 86.486716142499787 87.481493528301172 88.341713370724065 89.451690401984862 90.538050701211077 92.063008732592678 83.971878307758658 85.129262697532226 86.109433441182631 87.169094185466761 88.148902303310635 89.57366718411825 90.295544646807301 90.895713864928823 83.625852368488665 85.225616371675287 86.146050911332381 87.175282737278593 88.037313725180397 89.297989341127021 90.150885603145809 91.257053994843304 83.6350447459142 84.788433947365476 85.822566838012051 86.931548417959277 88.46271027617199 89.04214435024366 90.099258807015119 91.158091937415179 83.900116780427496 84.860219208359027 85.911493055319681 87.129090424640125 88.337651808162107 89.437040977273412 90.699973681432724 91.69165860728117 84.359337721684241 85.130587114637422 86.096362467709056 87.108959874102908 87.961780295335288 89.433566748995148 91.007195401052599 92.104689312772479 84.252634636243727 85.533475862389395 86.720189933639119 87.746315864494392 89.092241347304196 90.128059278899471 91.643124905752956 92.762218032536026 83.592368280610984 85.91280844350436 86.837444240853344 88.246383625132751 89.562220608619953 90.539504110357797 91.488173095711204 92.849189308075893 84.95772983434172 86.022277451349709 87.372141441951058 88.823696186824904 90.115298133200341 91.473233923946637 92.675238518239979 92.362805139271103 85.113747641908049 86.108085972682019 87.599961382444206 89.129848739813681 90.878577659386124 92.364195643178462 93.639274867679873 95.375146036809937 85.476523515402334 87.122235439274121 88.273123836559279 90.073971848500804 91.377600088486162 93.561965624179521 94.421249508403051 96.706065602037867 86.509105696595242 87.88659801653705 88.985367041913491 90.531337308790611 91.58706376853327 92.364730000005395 93.333691145189803 95.803267538075161 85.733258510434752 87.053407195693111 88.466140345931748 90.026544629042945 91.24210135894171 92.772429858330483 93.840536004322701 94.917370753174794 86.512851951626445 87.758114108499896 89.257502404585267 90.399011955783592 91.672321196475067 92.526572081086826 93.664098829381928 94.658839507666912 87.310694549206005 88.614201740967431 89.73611895539662 90.764183900245726 91.672159044784763 92.744052742754249 93.62321707943218 94.551730829438881 86.994462299643118 88.024445756886564 89.095010028910167 90.392075228232244 91.650226403189492 92.559792164821843 93.586326898829981 94.532253132409224 87.548146608634212 88.549118460072847 89.656196713796959 90.745398319226652 91.737685500712558 92.602526384172464 93.575594512548292 94.558943902261404 87.400126486075976 88.332661177051591 89.433745233995296 90.613001460451926 91.659173602520951 92.701991615703122 93.64208056231908 94.541689670672582 87.357589032072767 88.478057746351837 89.686121100522598 90.715257893384376 91.73792674524131 92.643735158439554 93.633515547461045 94.640773531547694 87.152391349316787 88.21858575066446 89.605146300976429 90.586773431772556 91.480157831490246 92.666731113612528 93.496153420234535 94.580315301343546


# name: v
# type: matrix
# rows: 2
# columns: 320
 -0.33638145737984537 -3.3624710085113172 -5.8042506618171492 -1.4026259622092578 -2.5507932354674394 -3.9183834441397591 -0.95689224497416447 -0.66302846214763478 -0.77870342241949475 -7.4978541300130983 -1.6898605681389494 -4.5925776868830273 -7.4336359927851161 3.993503746103912 -0.69618216310746306 -0.10190453534859413 0.08946645459541186 0.47550174194655509 0.043591999584206995 -5.993422857627789 -3.2380752421810826 -3.3527022933504043 0.474840318447944 1.0808987224582793 -2.154040527781643 1.2505101808224091 -1.1248407140566046 0.76215890467941938 -0.15048596048396509 4.9784286396367587 3.5828833273133327 0.19030607237414307 -1.0287031406880722 -0.02726587134866881 0.90682724442855456 1.9682084373662745 -1.7965740811651034 2.7408250644515779 3.826264965534917 1.1537558513242048 0.013648874247151999 1.3171468905836634 1.479423186849617 0.78306054955506232 -0.55309795032956066 1.2606805077766035 4.094275194885423 1.9493138250970639 0.87075167618228622 2.2342166640774836 3.1127522869274213 -1.5066401453829128 3.8309608851783916 -1.3613460664546324 3.8114143032926342 6.4194724988921257 -0.92628822934763499 5.5129638590864838 6.5520190409373606 3.0005298442075969 4.20036745583855 1.2104626102569855 3.297303302464647 4.7428668245173888 -0.72532291694122653 -1.021997699387218 -0.95253223950748378 -0.081447302036998848 0.27372815657874544 -1.4381104157878637 -3.0922184492426905 -1.1429330551511923 -1.8740561103490665 -0.063221673830415048 -1.815861267047765 -3.3387691211217381 -4.5584003750917175 -3.1741209734610507 -4.2608565598885084 -1.296619095390031 -0.17940587189216689 -0.68743885829663576 -0.12625457624080125 -1.8469447046605247 -2.3987293934139782 -2.5527740586240246 -4.9402618565133363 -5.739431739088265 -0.75699372213225324 -0.051492051153360384 -1.7081817172316773 -2.226944145155898 -3.2747466150195517 -1.7523374595221588 -1.5375069424746315 -3.3255771585652631 0.67417903192824358 0.58364706680235279 0.27295302849752634 -3.709184632986811 0.31794194340455767 -2.6083351056572859 -0.67419218657586266 -3.1596378053001186 -1.3129075577716103 0.9085992109649792 1.0878179019091545 -2.6109899468378788 -0.85310752408784396 -0.25887308108077367 -1.0230119110448752 -2.592083094158435 -1.011849229445112 -1.2715874548159276 -2.0090905188680117 -0.43341426834178903 0.74038190221993061 -1.0052586329242352 0.88287893294936348 -0.58780924366553888 0.74074035119201864 -0.28969122743164927 -0.067129818894080401 -0.80111130645764828 -2.1479136806892472 -0.61153341393105398 -3.2608132487678496 -1.1691903902147787 -4.1400355377753062 1.1585170102250222 -0.76940966928913446 -2.7009384979194571 -2.558623819837631 -0.91051339528376896 -1.5414129034549247 -4.3100794392122275 -2.7953722407093045 -2.6724817943739012 -1.0453567363163925 0.3986251133552336 0.063644186249080026 -0.55598820358292433 -1.365547177725718 -2.3004220026558388 -3.5210892554985018 -2.0044102696609656 -4.9303482747819354 -4.834213961076629 1.1318481525784554 -0.37800917584577376 2.254031666512144 -2.2037407555891764 -1.3310224712785879 -2.8624937293662334 -0.70818389867605547 -3.8142674290147807 -4.6344912688947266 -1.1027179453202931 -1.3198122701058317 2.0046067077759133 -1.519011320092811 -2.1673533491769943 -0.92911170170484703 -0.33312928359023442 -0.59362324099596686 2.0922876376338255 1.2508136356718231 2.9410068450997993 -2.0934996348037758 -1.7388771528131228 0.11065656181594037 -0.21831378270311816 -1.3401327060579247 -0.64345923648433034 -1.704504390917513 0.67223374850502127 -1.9347081302733626 -2.9682773703259797 -0.062862651712025264 -1.4214064025927922 1.1721650764417055 0.41566613291483223 -0.74013862704504629 -2.0981596391614175 -1.9676234217795898 1.9615747277509537 -0.012976876228185746 -1.0372807390982905 0.064169528738848333 -0.28112779872271476 1.8801964657334831 -2.4167833176255757 -0.0061692511594307175 1.1031041193426609 -0.50889621340584024 -0.62676294129359977 1.7177846313994516 0.88924595489068248 0.62635303443212742 1.0950172304063122 1.41821145404543 -0.53184064504453443 -0.4185804885589437 0.24142372636401391 0.42992302413643479 5.0402338803230444 0.47764066323459681 1.6618392833499205 2.4301873230059856 0.3403890872625478 -0.62534467967924856 2.262019269503436 -1.9768622036899854 0.76806508302172327 0.70969598450925075 0.060070426886442069 0.78720288827996954 2.403229084245901 2.3309957513018285 3.8622361348142706 0.25500272937842 1.0452451662354563 -2.2971928508498105 -1.4925328273512022 -0.8996572543916046 1.2618410423174473 2.5632723317919761 -1.1857970420162003 -0.82763953411631241 0.53467971774513023 1.9406467745852147 1.8339130994321828 -2.8837173051072553 -0.4306536499811851 3.6697387488157847 0.10662014743838093 -0.51066480568288508 1.3441958772665132 1.8187194562546658 0.32447956055304811 2.4315493892364097 3.2492016785727662 2.5669165747041611 -0.21156007780295821 1.6706961949295063 -0.4827094749189258 3.3304436244103952 1.4150776018731155 0.92024672909470562 2.4291764320203533 1.206482804623112 2.5023719200244301 2.2885735789974397 1.5425007062954863 -1.308537499566703 2.8729713588944881 -0.050037288618288718 -1.6330930811025663 0.87302224906694281 -0.50108143588940046 0.54283798612632894 2.2546719638666124 0.020870363471615833 0.0806456689625627 0.54971513043629328 2.7436218138105657 2.4702737892250122 0.66062459506428628 0.10335326184941515 2.3338196176595205 0.45741212740691917 -0.42258641809372927 -0.52878340443370397 1.1071443764757194 1.8456441308789215 -0.11798105462839244 0.59158012726820108 0.88431530051782303 1.1354369950283345 -0.00098908316062065738 0.83547672540173856 2.7623715603130297 -0.42010321147310076 1.3417552136456985 0.89533738678921326 1.977461266881992 0.28650559784679913 -0.30784021833494868 -0.88501397095976164 1.0868122781150276 2.0905182923719532 1.7130819158284962 0.09390085128938104 2.8539995867864625 2.7096567046157984 0.59977716696658623 1.0099786308328795 -0.024503148280749124 0.081819169568401462 3.7173027256101525 1.663683747691987 1.5096827359400893 2.8864213369787115 2.3341015302351042 0.68498388447913561 1.8943639757524933 2.0812366324275415 2.9319116822785927 0.52303363027621652 3.1798940615433988 2.7307118952616691 3.5062703943977382 -0.84515426080886635 2.120095432305503 2.6898710066208817 1.1790904703433485 2.1598376514536004 3.3598501177055282 3.1976584471817979 1.1499203666083566
 -4.397502693825694 1.9101767944741144 -0.64061499163916724 6.7179921774182993 -6.278491419621699 -0.5405790477793565 -1.9438809415971234 0.20661835716646254 -6.2006906446737524 -7.4058037611173209 -3.1672816738503777 -3.065352845239536 0.63020254870628867 0.55053335851015539 0.59413817280172898 -1.1870116360726508 -5.9191048867561342 -3.1594838181483049 -0.94472769109462618 -2.0358899910789812 -5.5962157071814191 -0.67580512735993759 -1.7210500829542312 -0.80766851815470775 -2.4492753414684616 -4.5884654368850102 -2.3279537459959418 -1.2740094291287949 -0.73917654939733801 -3.956677649268443 -2.2865930352841226 -1.8365699700746019 -2.5749495378360701 -2.0896921931500954 0.83966336333275526 -1.1260302459579949 -0.53728092567083163 0.90445475585950308 -2.5125280224768303 -2.1940382688379043 -3.10540427969101 -5.5454414312685554 -2.5757745005469741 -2.7433836712659283 -2.0251473133395153 -5.0978529373566657 -1.9655223102302983 -3.2890859259021048 -0.57296755618449247 -0.41180757143162483 2.7514314851278776 -3.246998703518349 -2.184437574853153 -1.3177109164623411 -4.2645866334806533 -2.4235585699159858 -4.5686737189513416 -4.2088202984701892 -2.6278509879292153 -2.9372169742885736 -2.7700015045545587 -4.5077470893581424 -1.0423135729127189 -3.1571060867474774 -1.3273921719844228 -1.2916826665419487 0.036943569203176034 0.056322944750644921 -0.32667008142154197 0.30948988156356799 2.7181070488546726 0.86752835192538325 -1.0384919156502539 -2.3936549306056456 -2.6073730341190369 -0.99785239169247641 -1.3860479162831179 2.2185836778458885 2.572835255946639 -0.78363868343681742 -1.5015936246221564 1.5657567136522257 -2.4281945896384944 -1.5710728929714706 2.5445960093018414 -0.78432173478881118 2.5701876435757294 -1.2880681606586042 -0.66508851733200192 -0.095473461687709649 -0.60952502942373143 0.30741584571059055 0.22385318483742089 0.2848597222102649 -0.26877014553817663 3.6650619090993088 0.55841728728254236 -0.19652025683933233 -3.1535909456673981 -0.051103986121546034 0.27811358915543632 0.45007705919718061 1.0448157404796543 0.89422810234591332 -1.8408414233072405 -1.3195911990747271 -2.7588563982910119 -2.2965069583307303 0.80188506542871107 0.51799648718446756 0.57157299692726338 2.1398409202884521 -4.8892704445139294 -2.432338676146796 -1.9338433256690462 -1.8026115320367606 -0.72380023315378128 2.5528424691158658 0.93922492244614375 0.46247506389813853 1.1481602962842996 -0.93357160500878678 -3.8478501538210286 -2.6630273917180394 0.70265103281230101 2.3612258471242393 3.4527595838491001 0.56909810308766295 -3.021105062291872 -1.5212136517344572 -2.0030245707763403 -0.77749206890367262 -0.66470592483217594 0.23885110608874188 -2.3970304212313454 -1.1003389324783033 -4.4604368061135489 -5.7235135153012653 -4.7518634625941072 -0.3318473500633462 -2.0079887331068025 0.22338129659777675 2.1648575650564577 5.1986208283267157 -6.2644307575553224 -4.2634028022843591 -4.2532487847585356 -3.9210126706457262 -3.0653465723721967 -2.8623627488321808 -0.76586509437440908 5.3877955034828329 -5.9927541923623462 -4.854104013385121 -7.0060194252954835 -4.2880155998247016 -5.9902876420697044 -3.4569489295652853 -0.49984771459870608 -1.1498759222635702 -7.6498944421084056 -7.1559319397117669 -6.3072511086718031 -7.3892633588961116 -6.9602709417715047 -3.4059087207343737 -2.9243540583581389 -4.1946160359493998 -5.8198369573028819 -6.3969392117451402 -7.6875845423217379 -6.4338931482929311 -7.0506964862508239 -6.5546278295431319 -7.4671019031750543 -6.3269343758349317 -9.4156063060529416 -6.3538239583512359 -8.5534798829981398 -4.7223176885583209 -6.7374812671646991 -4.964445293553629 -3.7600290736230773 -2.9942900563283223 -7.6179368706325734 -7.9898116295911139 -9.1542424191726699 -7.8208689261823645 -4.0767044192931046 -6.7580042930482955 -5.9424106039741638 -6.3473663330151187 -6.9089060194502965 -7.7999613400796344 -5.8966472167612034 -5.41604711307739 -7.0593610755326939 -4.8529362111883936 -4.8895113872186959 -1.4129848580810356 -7.6734295104185106 -5.85183911287284 -8.5708536164552047 -4.7261781195030954 -5.8292323627197593 -4.4242544848081771 -4.5426479745065231 -1.607764205937136 -7.3222860215079359 -3.5008351592607432 -4.6670537641724241 -6.0175763750150626 -3.5074199138459798 -4.4576113582862051 -0.95799414420929607 -2.7308546569276388 -4.8167347704012009 -4.6217830221019742 -5.8240085986604457 -5.5299836405714888 -3.0780842035726321 -3.783809219075235 -5.1557910103529823 -2.6717108069133877 -4.057368283233032 -4.9947822078201138 -4.1392045022445076 -1.1955348544209587 -1.7684778807997852 1.935720269430993 0.52601906899212514 -4.6935612696378088 -3.3566793287276453 -4.3668800396675369 -4.4339760429809978 -0.95778697294835802 -0.77676086630844887 0.86605262030856134 -1.6600097821759048 2.3179416039424918 -5.5057513182051441 -5.0633338109097528 -3.1633582050136684 0.44263648959185575 0.74941687673430379 0.43115905873424243 3.8248341512115789 4.2490848096839926 -1.8104695139937417 -2.475564613308872 -0.53245957903583263 0.35121531036226816 -3.8459292397664551 -1.4097775709423668 0.051886598456953092 5.3594441307656977 -4.0003525761857333 -1.4139821279920248 -3.7561187654985675 -1.8143165994535093 0.31168327180823013 0.53032320068793326 -0.73975612391716494 -0.31118162544250927 -4.8521151956009732 -3.9042819892604195 -1.5784829813026997 -0.3086999266526948 -1.561923255371485 -0.91991364628742256 0.9131910959186651 1.6696145314702915 0.40533597928753984 -0.25637849819089564 -1.4667994207321249 0.13936203338064512 0.022685598187496388 1.675481612913561 0.42678741966611716 -0.82347203781920764 -1.6418005389362165 -0.29930847425724255 -0.73982006320297333 0.0029767289638276129 0.46249240312228584 -1.0814147976110735 -0.89664912454083623 1.5707629430661034 1.4361188247660863 -0.2186942078902667 0.25477416455696456 0.70578476529559631 -0.55631192206860758 0.8705684687589178 0.58866274145000053 -0.93245240909584481 -0.61266812276723681 -1.1882703032218627 -0.73556869627669152 1.8543961950978303 0.99214127473911784 -0.42660116609398491 0.65104537137441665 0.2087207187523607 -1.4050783984065753 -2.9273992574530756 2.239660471142066 0.35989985463391383 3.4923757246216929 0.20537687871559987 -0.73050048059501993 -0.53286995979415464 -1.2071703109634346 -0.60596036917354434 1.9499357648243327 -1.5966024568023207 1.5487316025096065 2.816864680110946 0.80353202145532299 -0.11514588083424716




