# Created by Octave 5.2.0, Fri Apr 02 16:07:41 2021 CEST <br1@br1>
# name: ptcls
# type: scalar struct
# ndims: 2
 1 1
# length: 2
# name: x
# type: matrix
# rows: 2
# columns: 320
 182.43202590723075 79.712064779996837 80.525344421478522 56.999578693063441 85.033180490490111 107.31285930628572 42.159681915490715 64.146423686830502 51.520661435902333 116.60214692498947 85.948550757222037 81.317419404606099 101.15579961477303 106.74394936861822 105.12691980054211 109.41026270278768 34.500155084215336 69.532922621214936 81.523979122161919 82.137557082311218 86.108878723870902 153.98032066285637 106.14524437681699 155.74664417006724 151.55745454202315 140.98202571118088 152.64380454828347 152.14016268971039 159.32031510517655 156.39639396929726 145.68157574268105 156.01758842330733 152.13178423912706 134.19045232801784 158.13749634800809 152.88830477611089 154.47826539201938 157.08097167106612 158.19104420880439 155.13794511422714 157.22054958275751 158.20571144614271 152.01390485594126 157.03490390293925 153.39314334691386 165.1482252999306 172.9131612787653 171.20737126373896 155.22077678029342 152.05396222334628 144.0309617924832 156.31236526450286 158.89637899462866 154.98858854091748 173.96612802221301 176.33701447114936 156.54902411826416 167.60733458181426 176.30607629108508 176.27897727553403 173.09400121168784 174.99808029962477 174.86146794704828 173.14233734586074 69.833889473502268 70.656928089279916 69.767695516405681 44.350686347548759 71.025302119756944 70.850923787573294 69.864501344084246 15.81429126944183 71.818981391111024 72.126829695767768 71.668004911459761 70.733941967167326 73.126143901237612 70.764452296328386 71.932385394214052 70.519254384497359 80.045734800304473 77.902385870989079 73.95401574352276 72.515241876650322 72.757763632763485 72.336345131990797 74.548360086170661 73.422225238766018 81.894731041419547 78.936132191304878 77.913490937672762 73.220712862630549 73.979780271679729 73.635514144096575 74.455338317842802 74.511943165115667 105.69171777674993 63.633917763314415 79.210943955684712 74.341305163411135 74.86271279759093 73.488401781224837 75.754895636604942 72.432092161512216 81.986415615541532 84.044021763897035 81.596541245253405 75.291013014326381 75.903876086668291 76.773702160177933 75.496530352538642 77.917483936680426 79.903263152220674 84.633465695020817 82.753499084305716 79.670445132665378 76.837839893544341 79.167399146272274 94.76839735373693 76.680924820635369 72.341520458472559 85.374917305545921 80.093982428910252 80.985283103928268 78.60665569467578 77.05205693059348 77.624634738405661 78.918087498497329 117.94305064108445 80.651074438403199 81.066735589854119 83.085835450959308 79.480106109171714 77.478425690147716 79.957339920072002 42.237612482810988 76.281185934095689 77.338712952978511 84.37128126507811 98.134205066219579 85.262312939489135 80.770691585847786 78.222080657001854 37.971866880780141 125.6903568432293 121.39178115322892 44.341665898615275 83.203151868690398 82.192070778979698 83.948384967605961 80.25414069619903 43.449986808681167 210.02451213123135 128.67928597740129 141.37553366213388 77.372517054193523 81.030088788971895 84.142377498526912 106.22974695741945 36.53786842056499 124.33478864217487 118.68550746343331 107.00717487490013 104.16492478981618 70.996388983583046 79.076744993843008 53.046136810136929 70.231019434260645 117.72719908198411 122.95473824569252 123.76834169809435 72.170668399958942 35.74987014612411 36.878881948075694 91.47224115477232 70.330147813886413 118.87597600671693 104.34705898448043 95.382032655794688 69.139426370135453 96.129300068046248 121.57607277823536 121.18309996011254 89.728915667550453 90.035128629455613 171.63682017624808 142.35643635104114 69.659878776836791 161.4738217037586 52.791569052747747 52.037943633156907 69.204320262822733 141.26138650311356 145.60376459521012 178.74204016538266 167.92405578384773 166.89321785568532 152.36434520731513 121.18626003485302 126.63281460855401 136.97362984446173 136.36010147905785 151.97207177500746 165.57466950794364 160.63448215312255 150.65829464782001 153.21959872341327 153.89603418914086 126.65012145953824 131.11552294507632 155.4924713629988 156.9898172461773 153.5446458187451 120.40731010101067 153.19212652934806 156.81378654136972 157.20841895460657 121.10509978397602 154.43786010445888 124.23112140052883 126.40621393565641 123.87740281583883 156.12409311838923 150.72534162662257 119.65577591180062 127.09814449790971 153.42951871394547 120.75865339236206 208.2928783950012 155.39532297623731 158.54047157558952 153.97754644425106 186.04227862795531 121.19381141301118 154.55817903527156 152.79546532315186 157.66217136170312 170.59557098807957 167.09267849942938 174.75813812661801 146.89718921031169 95.518966271156103 128.99850238677888 171.43382140343002 171.63883801748298 157.06284285401662 172.53189577072467 173.6686795223282 145.58352792950922 125.9974487313208 170.47456422489807 172.16202575265646 172.60211420131367 171.40052037081449 154.62965329638237 107.30546228045498 184.45760412119736 179.84833708016433 109.34152056440217 179.99579701770494 174.51718980283147 172.01759338407595 174.27812666939622 177.08010117905593 165.9339705801429 162.55305513681333 162.12342042189604 173.76696872514106 174.82205098642356 170.82710108870231 172.24596082929503 175.21258135724037 173.10703885813697 178.67256670606349 175.55095977257906 173.64113132226194 174.64658594990354 174.25057292608045 175.51186178838057 169.24182532317744 173.18129582932926 181.44907385085403 178.83326459638636 177.61381290831588 176.56790656033036 177.37964754680806 175.69537924415235 175.51255564786445 180.25555813310592 178.49925506259316 177.7789531236333 176.66986720632244 176.72473102576416 175.866604943895 178.23940418957287 181.96987579783209 179.87882773811961 178.85861584836064 178.18168200879316 177.11415662253947 177.44229520476267 176.34230259431115 180.56793458813917 177.36074044843932 182.32402152579601 181.09724064207197 179.3379608791646 178.80563326605971 182.28400046979749 179.31459324131555 178.53375430564583 169.3586746909985 181.04065512173958 180.38059801903245 179.98724075666922 177.75520914058998 181.46091659951594 180.76863747112844 179.65327848477887 183.32382722093303
 64.886155117786572 60.426300345719923 71.996022481192838 180.38552393275737 50.490645853576517 67.66064334286655 199.88135969420517 106.28350069427036 6.1505289791380982 15.012730685109624 49.499267067922005 73.581051697406863 79.78062453613245 68.761432207582516 68.358280879835334 78.493395576975956 27.053280922751021 10.818698997591945 51.474414352933962 49.276635553725917 50.869584860183565 38.217608887426493 67.77933109720594 37.220164792545717 35.090488226270239 46.084498161930945 35.968781923435714 61.012169546672958 41.794289139294023 38.097426642621457 43.332718839164521 39.167824905559137 32.977153733317039 29.244632552193401 36.222677378103661 38.194900589179355 37.130683443429902 37.060894713743807 35.052234260720603 38.043419067814114 35.594939624889335 33.017579304615673 34.135303947118352 39.101713867247121 37.177181538485868 29.464702682836794 83.135837370819431 83.549391331110385 36.312738104471933 37.181859732882721 39.237087631687331 36.284570464219186 34.107039429801389 35.220599699399841 83.194896978994834 84.160743673492561 34.114279538427425 50.57652177192255 77.704212317001335 85.167980399888307 84.273078490045521 82.499978539219995 83.923387520547308 81.677151491385018 73.538479558552822 70.780422191377525 74.5724860524288 71.850934668833006 75.158412403456367 74.093425467012054 77.111169289239442 128.00616502150743 71.022209317927462 70.021265846774739 72.252629142483556 71.833164771515086 74.059496029498533 72.998789195301427 73.965820034449308 76.227212615614192 69.902231899680302 69.517738206986394 69.507835235342895 72.989945433462353 71.836072285988138 74.941406980662833 73.800456175180273 75.416627436284202 70.261985735586649 70.160390155456412 70.646195010017735 70.710364488789054 71.527300098692123 73.100892780381827 74.842793278038613 76.027364709908397 69.335408399070772 96.226765746890536 69.12218115900221 70.524086456728028 72.46162802593777 76.559090768371888 73.332403359565703 76.031912040252891 50.445918996826656 42.229400691854785 72.304796662615587 71.067426114803553 72.174127431847324 73.97067575435274 74.364508755739323 73.606253724331751 53.423508876922071 72.56153050388707 51.234983160443669 71.112816245883167 70.787763767588572 73.28776009924799 108.12939787649167 75.179080086692281 56.732584806439213 48.470542235505093 51.936761888269388 69.45012965885374 71.403741289863461 72.785790328506678 74.654024179674209 74.316993509532836 44.363553443878381 50.93436635058535 52.415465673960249 50.114946858040526 72.279273966869908 71.682045653607005 74.241979494632957 198.88425990024115 15.355863386785284 14.776821699336786 41.097395152440946 51.660623630770459 51.590907780743514 70.883369606658405 72.492258462878368 141.49346295772261 26.201036599025418 31.218100728608835 32.288194266548501 41.055111966642187 52.315687737448485 51.019259059506219 73.102924986358062 198.86131067754962 44.146073906887779 34.282518023071596 56.814367262684328 15.828852939950439 49.850643943483846 49.711741551657845 44.718409120976027 27.95485354890868 14.348028244074037 17.624513854038423 4.5020530203328653 35.240110211420927 2.1603306594844973 54.189099180767258 7.5145568764669299 3.4577271591675722 38.552404537340223 30.213134606975938 28.404448937689764 8.5956058559991764 28.872262893907759 29.420913336950633 31.767400322379459 4.8513850898427444 39.193991045198743 22.620136189628965 12.213508470327023 3.6598823986281404 5.2166139898636477 12.420331100367843 0.8902707132013673 22.019502199970955 77.423065743404564 70.911020201411702 9.6945984601279545 2.5720674936608137 2.678092739313187 6.2364374768967705 7.0795113264457292 4.7549398577919852 9.7883155023285777 17.68558973208776 35.115474586435468 6.6555084316452815 6.7662142299269918 12.252857818362406 11.356166355250986 77.524542029234013 12.554563854867473 11.653286746265017 18.180149048160995 6.8592797121651179 2.0108336268133136 18.234275591298466 33.852263870527828 36.125658810933494 7.2656423396440672 6.4513657414550281 9.5102179168371279 7.9896644525678129 5.5221393318439871 7.229846324267017 32.713873516914063 33.09117262236331 6.8259043116041074 4.3780426673231636 4.8731717304279449 26.201240322290239 9.5082842418272175 31.070845632644613 35.18162569385602 35.999497820845413 5.9178316022807866 8.4073926206114447 4.4247629105557067 6.1497752604149367 18.522539337149894 34.239237670372269 32.017091302989598 34.759194626477125 38.234463374482623 8.9043852070548652 3.8551323705745855 34.848912783478731 34.002846979585343 79.566488515514038 21.280366858885166 80.6388691180628 1.0616661565656405 41.913059965958745 16.180129380139363 80.236913727412599 81.442707959874198 67.555105350009143 80.699454619872412 80.684077434577034 1.2338774062803275 8.4591385816898654 80.752037148178587 79.422532879972181 78.446850276105337 78.686633243189362 39.059406038981386 199.21437856782018 47.050677510381632 34.931494168428905 100.56525824246815 74.59315190937771 77.401728613230176 82.45050364470633 81.725072735314498 83.335333893873113 78.955710188247508 59.377143744829908 60.978618887977888 78.286196978172754 78.403728253982081 82.443045884978304 76.742854017157455 84.999806137916011 77.454588775170862 75.564800149114859 76.99387107583776 76.405642171102215 76.318972652590503 79.478836698859652 79.17425400968942 81.323916666436759 79.651831208504262 79.595298429863973 76.858887169400134 77.111676775809798 76.498853404741055 78.284015283103017 83.285089496158349 81.499319639497642 77.132310040516927 77.927742041738142 79.259873665855011 79.128993330557648 81.257165422075786 80.340923185350761 83.363406725493135 81.52072624873702 78.455399976724991 79.101903940127826 80.208712632996097 80.152605870614849 82.319314632691075 82.416585176805469 83.023419343873769 84.616349082466286 80.382957551306362 78.335416767646848 80.06627437622285 81.052381637921599 78.348194287846255 83.006133967245972 82.239056588228536 108.0845424730523 80.655670349738571 79.856655744549315 80.937101643897108 81.346425280066384 77.365289970883637 81.911884566639714 81.978462483423201 80.66091787475473


# name: v
# type: matrix
# rows: 2
# columns: 320
 4.0452272840958052 -1.5491047806532685 -3.6827490733228911 -2.3617106020879088 -2.108925990152406 2.7545081335985548 -6.8413029903680487 -2.1848560259870178 -6.065667396722084 -0.60100659307165627 0.20500391935121084 -1.947484106933614 -0.74118715823311598 -0.88278278401047805 -1.0079948225120225 0.0054553980679680576 -7.0550506725811513 -4.4819068742017949 0.24425116959193494 -0.94826955203230456 -3.6918928506921018 1.4966413595728312 -1.1203044028249709 -0.94534070573105355 0.29498275782758732 0.35029495785484888 0.20919744129842024 1.1313036246855084 1.7875350110661496 0.52138715701156801 3.0128946453212055 0.23016093371836588 2.0869264367134157 5.2435936435317503 2.371930433611344 0.53199154223642831 0.81007377971819616 0.513184183281021 -2.718184613106025 0.53716307575805633 3.2916122955390907 2.0544066670666097 2.0401910199847983 4.0219232902492568 -0.25908372116165557 1.6961192366017308 1.3501314887529943 1.0215751027650968 1.2153639763877617 -0.52968959571240715 0.56229828007824556 1.3007406827234098 4.0347832750356805 1.8355197206491776 2.0856340969123099 0.50815506280483258 1.4291647397925482 -2.0231033066758974 1.5385296400024528 0.56227541165332484 1.2087780374276349 1.1819930845794775 1.7640025994253568 -1.1488742093021054 -2.2826438931442494 -0.91554150418612357 -2.6188894483661569 -2.5555409142093808 0.225764504077827 -3.6270940140433492 -0.32970303179910909 4.8083481724781443 -2.284369787991654 -1.4199600570614213 -2.1948574707410313 -4.0504114426816891 -1.7878048335092946 -0.36123271379972804 -1.1924310731150636 -1.3549889641143236 0.77002402992708918 -2.1301581014627753 -1.522431317468784 -2.0637922049863215 -2.4658049091860077 -1.9822575828249989 -2.7147711897946327 -1.3707252215462216 -2.296484458260323 -1.8327743575907443 -1.8912799315327329 -1.1580391419215474 -2.4235890537239979 -1.0292665119426654 0.4382830212831707 -2.1597590040556174 -0.88519716853999264 -6.2008401770682422 -1.0444832701571871 -2.2624943492939948 -0.96318415862198359 -1.4797502098722284 0.41388985622966984 -2.5731810078368746 0.16462422651811301 -2.2009393324276991 0.33263106203830417 -3.4675292228740231 -1.1112053517272384 0.11097631653981591 -1.1922434572861054 -0.43068554534706727 -0.87505755768864979 0.83635664410673316 -4.6859383040193103 -0.93869138227398063 -0.79869024978639813 -2.5301039240920606 -0.98235940944024569 -1.3599413799039499 -4.708855312620055 -1.177303928966601 -1.6583417287617004 -0.72701521840142713 -2.8559531355833103 -1.4948904997594687 -2.1424804636456174 -0.24750845405718541 0.63942593884555221 -3.1546323082073413 -0.043285731647673666 -1.0403353940265094 -2.958753602372965 1.1519388906903247 -0.99809811925174807 -1.7874357675360188 -2.380560915373966 0.21855700366496292 -1.2503654139252613 -0.26415823193366156 -1.4430111806876007 -0.99243649238516807 0.97749653225910771 -3.1420302346738094 -1.4616208358024663 2.2178029919965496 -3.3052369035009281 -0.10914714232802691 -0.46563235120568042 -2.2295931701370959 -0.58713925148205259 -0.075182136425138699 10.35078207216706 0.19756493752138243 2.9794398013476497 -2.3169080688225159 -3.1067394518203302 -0.93202296938762486 0.28907770316144898 -7.698619023108578 2.1289798520658563 -0.77894882957280687 -3.8979409362357114 -3.3913228914080427 -4.5292041637323477 1.2284512927924958 -3.1221918364128824 -3.1924825905733503 1.3562116757163678 2.6740464375909552 -1.1555937163411369 -3.7883259683974826 -4.8622035668433528 -5.9932492319370461 -1.1946868770402617 -1.6159155237750178 -0.020090353304058214 -0.86365086495798538 -2.0628606792712292 -4.9676072291260329 -0.75816249943952441 2.6371492442718778 0.99616988720600141 -2.2070062866156208 0.5599963309348468 2.0712909729583764 2.2582493266694819 -4.2931857530729118 2.5647055754727157 -4.2238796401991729 -6.8592799652757881 -2.1558598767988606 1.3519748876007633 1.4096056935038199 1.7814189395955242 3.7396593821150734 5.1112829701699507 2.0498604029075538 1.3822325952058689 -0.3069193709385597 0.37294319053803676 0.40718768209094375 0.8824576079611266 4.1923442729112468 3.0966202638385854 1.9056230576285096 1.2312613574360747 3.6357541662553134 -1.1568272152696333 -0.19023854147997604 1.6314155980499878 3.6592713953559937 1.9418535210874772 -0.79450948646859521 0.97969835641067216 -0.38400942176180852 3.5035189088826812 -2.7847829375764532 4.1523931232415832 -1.6810930689440213 -3.595429916014885 -0.57430018181631526 0.9182346636428188 0.93592789482696859 -2.9237560996572007 -1.1344626561593767 1.95587257078643 -0.49426505226540696 9.7918552122602343 -0.59205189653335322 2.9073938972090847 -0.71272655124047235 2.2728166734052841 -3.0027909296174684 2.0975764038710976 1.6912558642140185 1.4778305302107584 0.61435981965146536 1.6181343393369052 2.4033042378216805 0.73046234494836526 -3.8714034896466614 -0.018388054878221378 5.0276266942462184 1.1647498878139269 0.79445250808365253 1.7413896858725613 -1.5333840211431573 0.38103236556540082 -2.5903377914265491 0.9323092104699805 1.1430085669265155 -1.5841607239431108 3.6290425444306433 -0.51396002547739383 -1.1396072695747648 5.8342632862706818 4.7274516792554433 -2.100086601167332 1.228480992206791 1.7244658391401704 1.2873887252443439 1.0072779974723833 2.3708570164635918 0.48846253060245814 1.1882940300592391 0.20870166191269993 1.6631863928127104 3.6452906853718807 2.9368504596784897 3.0719158907076425 3.4167460813923092 2.7353457548032307 1.0987402582371018 0.87152307774491733 1.5973973143377429 1.4106922370874004 0.87794821174007776 3.268590593216381 2.6866581401718088 0.51380073246887847 -0.015872345391146785 2.9292562178067265 0.79302425972457335 2.8635556091095307 3.9538096666146196 1.2305703300406661 2.8237210471050744 0.19661949217775176 1.7538974182433704 2.5908907531686376 2.2791552241018067 0.3068249628573152 0.73740517222472568 -0.89438202124334465 1.4341704716764927 2.7013736906637931 1.028854135296468 0.50307061934286113 1.7363018646125703 0.53525056747686739 3.5723037870128493 1.358367643595237 2.1431531211765957 -1.0642320455656764 3.8059245023815356 2.4638192910225962 1.9584197668035468 2.4105566356570582 1.711256820875428 1.9980710547715919 1.0795806053282941 -0.54491801906024095 0.6901859542135913 0.92376596748309703 0.50571902881025865 3.4203675823577591 2.1444945398651045 0.68084753614973426 1.577505953192724
 5.6746610425660311 -1.117490105380994 -1.3333409872111928 3.1959294126884794 -1.3982159531746825 0.16789269932721917 4.0301576634488407 0.29108599795669898 1.8772796809820342 2.2802740130875314 -2.1406336741685372 0.26061584422940509 -0.81039780598378297 -3.4310178473790711 -1.7184364714706362 -0.11200043242230964 3.1596522345199269 1.0634697339613519 0.064115556811180655 -0.91509343896199913 -1.0151120298072764 -3.8213059827663787 -1.4050363527214162 -3.2443985440416685 -4.2642749377804474 -0.88210704781953475 -2.7843342116462435 -1.3688265063269536 -1.0139704414147523 -1.446058576188215 -2.6884861982767987 -4.3335258644197028 -0.48278977551490898 1.6694031693815439 -1.8395181904048519 -1.0518242928585761 -0.9004865187575174 -1.0436128562284066 -2.6377667301411245 -1.7578495095485727 -3.5245392692174251 -2.9449357913183194 -2.3640450707422804 -5.9190328119287434 -2.9211756352372755 -3.0630822844400307 0.92257374042535556 -2.430380514968383 1.6226118113718593 -2.649994034176292 -1.511915700213561 -0.54295172572517258 -2.5979413347868583 -2.08704201893398 -1.1120633437918601 -0.03783921740903945 -3.1428023703732917 5.4499971294544718 -1.5002559856461863 -1.6384169691147439 0.42552541531720683 0.80981931953915653 1.4053391374981798 -2.0747102452035144 -0.57706938788482276 -1.857881816029922 -0.46105295862173501 -0.70265671128496998 -0.78431985711508678 0.046363160689077185 -0.56506360077797635 1.2975106343904557 1.0364354440578938 -0.94027774972012601 0.01459492618720578 0.39927347198361446 -0.92431887524266909 -3.6312836929938719 -2.458227904200939 0.10250176867517172 -3.6302899424338424 -1.8321364703337915 -1.292186464322713 -1.4963362085460712 -4.4505951662425582 -0.40768434351915794 -1.6248913115591155 -0.68946185711439212 -0.83230631123239462 -0.4370845914974717 -0.17823999058426715 1.5385721714825202 0.34580563754492566 0.82367680635787499 -0.32183972919501502 -0.98089101067618312 -0.54367151004086456 4.8970965420429486 -1.1536135210746308 -0.47763725103460414 -1.4694296404528471 -0.41183088231562737 -1.6533787451740787 -0.82645169235060922 -2.1872514310145625 -2.401420695614108 -0.16427382186133893 -1.4275175931995052 -1.2012704407128574 -2.4065100324453534 -1.8953792810604286 0.20597885350257336 -2.1509604079394746 -1.2511771984691764 -1.8260089659680341 0.6981090117114912 -0.73210198178841668 -0.64307592420793314 1.4511542305423721 -2.1154863964596071 0.79862800313806859 0.14085199595735709 -3.8662045978433128 1.5705183058112429 -2.0433400160676976 0.25707307473652019 0.38717974703269009 0.026645821125898098 -1.4985947257817349 -0.13174286300458427 -2.2582497578524685 -0.69213363935590444 0.28626104919686624 -0.6381986281857831 -0.85959184950890877 0.088092875986560071 -4.2863581016002046 -2.0327301454545879 -2.4977561862515927 -1.2143987563600565 -0.40296672640686731 -1.9957174548170478 1.5373062967599649 1.5120815234880927 2.0640957293453974 3.3509635215743465 -1.9440862629784657 -0.46191911442096545 -1.5833412339783008 -1.3886670525249614 -0.98754147859922448 -2.3097697520190388 4.0790060925250726 4.8120311240586187 5.6950017758415452 -2.0914792853956627 -3.498664569881083 -2.7440614464401794 3.8793708077086242 2.1664820231418735 -1.8896500028491148 2.3527586518369832 2.4361773678480465 3.5401989572604635 0.22397658458762548 -0.99462738381755855 0.18300444058886761 0.15420866587213394 1.9517407578849568 2.7901130385989918 1.5534964122895467 1.9668184924153542 2.0329849891689764 3.3630815773581628 2.9453708658843212 0.023153733882205822 6.1341393096694938 2.182676113160066 0.45209373950366916 0.23844553547004332 1.8249665120869287 0.57362615456026156 0.27046533535377848 3.9997167321991984 0.16374669928492003 6.0062512266845944 2.9228116653901886 0.69986370662340014 0.119998546056272 -0.43342687085810139 0.42351121763141431 0.79579281765799159 -0.73667822282158923 2.5207145001160329 -2.7932287760146228 1.4072525696672642 0.89091082539948818 2.5554140728832921 0.52930236454193813 4.1833626856438144 2.6339306586902755 0.29575684145859549 3.0833383205824361 1.1052425404528543 0.39475181569946449 2.2511778570447056 -3.7029266353404924 -3.3476890732221642 3.653728675192379 1.4029848457557814 2.038512343862636 1.0954166685587983 0.77614339985950731 -0.33632483105094874 -1.2421750555872695 -3.7268853795377166 0.20950990288829346 0.048455648032444405 1.2132464746875078 4.8690277706685121 0.16865428976115801 2.2597025991326758 0.49929386678444176 -1.9565301043492151 -1.919976035263335 1.1871165360792781 -1.2957785799216062 0.056113900442478118 1.9077300108608601 -3.4125103964718813 -3.3785942559581659 -0.98718244981783188 4.9553758204151475 1.02678926000127 1.4622699845646805 -0.56964150542754255 -2.366177981903939 0.018144956877359876 -4.0377167529329059 1.0215621208962264 -3.1870971182644721 3.7153455081322457 3.3848254212749538 -0.52794381261381951 -0.75864031566641765 -0.81940030315974965 1.6831001201584144 0.8487134553709732 -3.6111140173174463 -0.69444827430058309 0.55664535767871803 0.63545538653698619 -1.3102570936181852 -0.9526389551435076 -2.4126274979599609 4.0361142509800016 3.6665063691707065 -3.9617571490891805 0.86357808203941411 -0.61131954864582982 -1.4334559956562285 0.79786804734510186 2.0282597785054377 -1.0577107031836583 0.28908030533995194 -2.4393685685764113 -0.61251339353450773 -0.92714775428054197 -1.3832885863451079 -0.74005649142992314 0.52624174964644854 -2.759451612351723 1.7927670781521248 -1.2301363733107156 -0.64452396046375149 0.69915191613286642 -1.3674692298658218 -0.8007191655188336 -0.99257371168123998 -2.4889382474775612 0.77051098717860422 -0.72557347271690009 0.69020613132690511 -1.3309309011429704 -0.059105472912563663 0.42583454747867971 -0.34148916633457538 1.2409934133780032 -0.66799126355395377 -1.8380007260578219 -0.56239333037135886 0.14550585870759719 -0.27530933999454249 -1.419164063826003 -3.2021373978470256 0.26877653141022112 -0.58583545086902988 1.1532783424864337 -2.6685284235275279 -1.7157361588704638 -1.5586236107068849 0.46641820800286271 -1.2009766544479292 -3.0948612531839936 1.7051743703898099 -1.2265302996403955 -0.70794879618343765 -2.5370315648074997 -0.58646893296475755 -0.5184482178673917 -1.4871337396063196 0.86129832952167451 -1.2726163981883709 -3.0637931539358649 0.91980923232606016 1.3575334297857542 0.043732519533944428 1.2819980654641898 1.3174217261777457 -1.0380304937462732




