# Created by Octave 5.2.0, Fri Apr 02 16:04:55 2021 CEST <br1@br1>
# name: ptcls
# type: scalar struct
# ndims: 2
 1 1
# length: 2
# name: x
# type: matrix
# rows: 2
# columns: 320
 131.18515803933644 101.32207647011268 99.098104984198798 89.945441592189596 103.6426237585502 111.23001999304343 82.307939278194269 94.625165249367626 108.93182176430027 113.13877723123996 103.12531238374905 100.04148737389333 111.49694626933525 111.78399759990545 110.41476905259039 109.84496494720513 108.37242082809183 110.10997509218751 103.94462238108899 104.11653888895874 104.68390427612016 139.38253021375115 111.58867547519175 139.67488629238014 140.10228597991178 125.24174613751126 139.84503781753671 136.35847712533933 141.69432837684207 142.76322505727654 138.59368807030228 142.28415407325426 137.12756167032771 120.95313622273112 140.72254041937782 138.5255945547658 139.65948075891316 140.41086905489655 142.22160748575106 143.8252203219308 140.3049201136584 142.73399054671199 135.65948439276679 141.19042039441237 139.05798848488533 143.36470626230118 152.87013838510862 151.60158871671993 140.46591036278431 139.25815794080128 137.5230667503138 140.09244992738846 143.32047600585886 140.89873478299674 152.50361251712937 153.99767053597469 141.79732544504344 141.78577816922279 153.93848142444571 151.4035008449427 151.06503523310516 153.0107461856779 152.12362518085303 152.11758789729745 89.267923898475445 91.685496754799615 90.482192577480802 80.000482100778839 89.990689108549617 89.65097868546944 88.351141321118732 51.262165736630621 94.306840683917983 93.369800602419218 91.834452363519176 90.741053168169245 92.023656442932506 91.061893037166797 91.308001381496268 88.98431065739689 98.016514129128709 96.039669205093645 94.882032419041195 92.769631458484398 93.090613190873327 92.430896944196874 92.987278292377582 91.705133248018655 96.993182256070284 97.156562380452399 96.046686761745775 93.812798130753208 94.136746435476681 93.488567092159911 93.710995719208455 92.595169055203357 102.18684394114676 101.1184457757975 96.881107010612013 95.083292550393963 94.484335586864802 94.753301858131223 95.767579693844354 94.632240586720599 100.91803681821726 102.75782470050358 100.06007216071177 95.216607808112272 96.387713668867434 95.565613673595649 96.863858273697758 97.654763964941637 100.26204852844241 101.04048407919151 105.63300546703009 98.079973732372579 96.138214114022986 98.54005004151044 108.49720022730186 96.631498942839343 103.19633100982078 103.87906122900421 102.15801244401474 98.873701308959411 97.173565938711235 97.464840670281575 99.67340567733433 100.2675745279716 109.02305879418608 102.15699601048114 101.14587186962744 104.43239837214384 98.157685094988182 97.272283542039688 100.2091469667135 82.908344339311967 97.598925598764765 98.484124084361085 100.53120739874312 106.9664247124836 101.39008352715071 99.134430960500225 98.489820090627319 81.803188654470489 119.24686019332597 109.01170982224239 90.449720702447053 101.83393972539592 106.3296561122359 102.2244264673361 99.207575063602462 84.050694065369456 110.65425719158615 109.91604975096436 112.08484761250504 97.390188386556176 104.90618815671459 103.600013341617 109.26490640305353 107.14599115185032 108.77506660388332 111.01523348976266 111.54131386092746 111.72004421260475 111.72211269896349 102.69602406606838 108.72932005533514 110.61501576312584 109.58405480953726 110.47391130851152 110.67971552660691 109.908031416508 112.16645049028232 111.25209245835568 107.13007439747467 110.00803613058457 118.259596778923 109.41744213472028 107.98152319282009 110.61088195711066 108.78347402297692 109.37210883409203 112.65172619992701 109.8179355785381 119.50304796535508 144.40036771252181 138.05146879674655 108.59515339860771 134.33067819368208 108.09059615816921 109.44042181851101 110.96932920230788 138.44350162048011 136.56620331916082 136.32194730916638 135.40528760304198 135.41651258351652 134.4105416257656 132.28273133685389 120.67654786617233 136.18006179725134 137.63461441646018 135.62837237411097 135.43543927815026 134.40760963054638 134.55433084930351 136.61044629394974 139.62174809994124 134.94287678405067 137.42621042167207 136.52335929189542 135.10217678181866 130.1414434412311 131.29294424808597 138.15121067074082 141.05291162928228 135.37027966323362 136.28688922662661 133.3873084278647 130.80935732240377 128.44486750048705 127.3030915828663 138.69497292967017 136.59463624735523 135.12505444682697 132.39461501802396 134.60894985660954 129.26453427340846 129.06198238561581 138.66677223584605 140.40677909445395 140.25584166328957 154.33648603394877 132.34512836075933 133.51506044984748 139.32965324228022 141.18772674441036 149.59634851921709 143.14348238633158 153.82780137714832 139.32511895362833 128.04408998001162 131.09201810830623 149.16431696949411 150.74177496459347 145.98023036621836 152.23670320369061 152.83136918849601 138.9132339442925 129.6487694630699 150.45692708404943 148.8600602509045 152.02070273044419 150.28167471338548 142.94452485555516 123.20298369104023 154.47889327531192 153.2622058065339 138.63772865066983 156.23942881281727 152.3039840354659 151.21013024451059 153.45238414723718 154.61211266142681 154.03330323222954 150.17134387497396 151.06652273271678 151.84949335948986 153.40705705038263 151.55171394140982 151.13255032081611 153.72449997552755 152.97024925260911 154.33183862420486 152.62009067847464 152.93400798861691 153.72058137232955 153.20768863707863 154.80634074152491 151.80179796303258 149.96359471824184 157.44256310467117 155.20025991640102 154.60782741757751 154.9076061540427 154.24472503251764 154.09871909792022 155.25037218131209 156.72992064980212 155.53809074364187 155.99931580857924 155.42998378695933 156.0724426741065 154.98626973709463 156.41708229751686 155.78307183653538 157.88451071799091 155.87178715031328 157.06861274460496 156.42597226039203 157.22766129398079 155.97823649780378 157.64102277294546 155.25421953838259 159.07421563700089 156.9359545328164 158.00698749255272 157.234699646617 160.99688245118145 158.2648464481461 159.03061133335163 154.29852524665182 158.5279449601619 158.20256560001141 159.16513240381843 158.02852852248947 160.21007362096603 160.16628164318038 159.2230477454205 159.50739473955633
 22.793426850554102 76.015287315779645 82.519563088014522 135.80230862578233 70.644781930027051 86.657606035805387 142.15045930331132 102.22285102275755 21.303273094351031 41.017500724446514 71.573621805878602 81.925937010186729 91.075988593331672 88.863834768747793 87.346560046782329 86.269080185104002 19.3945096635486 21.407596086442926 72.562524485393311 68.128465199510757 69.089418047417581 72.305148832446832 87.661199283888493 73.357156655405191 68.187987539905379 70.855078701511061 65.209388516660013 80.107299309945333 69.617173244957357 69.721170637191264 73.001200461813596 71.776666945111671 63.29727140120697 53.120367728282467 70.28686668494521 70.305662478768838 70.035170742025471 72.453887994483168 68.038547759586535 69.31723349069901 69.174933681117679 67.059816990259563 64.879570487184282 71.535002554618458 71.255602193924148 68.180949949351472 91.831320845504393 92.059365668288748 66.166983722084055 66.210107092744039 64.845652658878905 71.132219307873157 66.18618850924554 67.290829529820357 92.868242421853651 91.874761655624042 66.547989756092235 70.717877432805594 87.696523421402176 93.089468508513903 94.358207992035105 89.768200693398683 94.164315072544625 90.972957864462103 81.067028684969884 81.630931195846614 81.420783011732482 81.652995791272062 83.327526814053954 82.24009631953767 82.035478466364964 109.90589167176462 81.847631604569088 82.41306444746823 82.780674395594687 82.580518248635514 84.180791231907534 83.715315536618277 85.169396180306222 83.102225812825552 80.597765239529082 81.935275010417641 82.797940049359482 83.335600636335698 84.37825047119631 85.427966631221452 86.324893210551608 86.179263206184601 79.937182118256061 82.610585622640912 83.070230293250518 83.341385020774055 84.441048394573031 85.359172589043652 87.243666927318941 87.510971511222294 81.20906150248679 82.520518108720808 81.218435028839622 83.883371805783653 85.745899956456796 86.903903117903084 87.500348578498532 88.184596267745391 71.209050641498877 66.99459242063358 80.35652311084138 84.980976198059651 85.34153911000044 86.170491137131535 88.067316218686244 87.036740671481326 69.441069933053612 81.381102819781532 73.416231833419175 81.724438881521507 84.195754803821998 86.146663748076222 87.871878302392474 86.495601422925077 68.542808647971128 67.055371239166789 72.035570108572884 79.990028839646072 83.648726748929249 85.758137602757344 85.101070965165235 84.125433321175194 65.268949868528551 68.955385390388201 72.400129953935121 71.577251317940593 83.092378452636552 84.716705319929488 83.120323828564665 141.2381849012869 53.839779838328347 54.548915903133299 67.732358548875609 71.505637346789612 70.241514622263693 81.060657979737655 84.763756007268555 120.39992570507046 34.625424507958094 26.443138912062341 59.408197635089678 67.752317770373338 74.368603914811928 70.989471104680945 83.714933697827618 141.08062379774373 28.195844112974289 27.146792201515797 26.782230591965874 54.900259362294669 74.209458380596473 69.546152492675787 40.822161469286492 19.655556353673049 27.637986911863173 27.151965296452335 25.887540719494254 24.518525741368574 23.108631790263399 69.986175628066263 17.98429510079464 20.22946927043586 28.52267709640789 26.240171177841557 25.196188553267888 24.298204175776075 21.985930867452474 21.280011245033304 20.909875008117588 19.328286330567266 1.5873036864828418 25.260732008649416 23.577528413724842 23.298427419769283 24.286115019207109 23.323900999865995 23.743082948127366 22.399511094353031 1.9057938406346282 12.776041157019939 35.903207060454477 22.555274108719235 29.165392944102084 20.50409847322419 20.41331693283005 22.315022195958498 34.888700637344911 34.310741748336021 30.296874212992439 29.758313439359753 34.443928942956553 30.742076345668099 17.072789564024827 54.351340340783764 33.257069773859826 33.991860908149363 32.112362468148206 31.021826098602336 34.067152795951969 32.005893206144897 65.431797015251433 67.278222309198981 36.889131947297649 35.003535202117945 35.487602695448722 33.209359371213964 35.73018178609334 35.306036979955991 65.900815389395191 64.983620720891167 35.913738153504461 36.722349524687246 36.230784171508979 36.613676579898424 36.707181946743233 36.896004461112142 69.156764827043062 64.254932635569887 40.313602399842225 36.716279190870452 35.158329496241549 38.024326395993803 35.712798209458725 63.877504674720676 62.880803247329098 64.127566450591857 30.893029320311271 35.574587876917946 34.816735782873941 62.88076920528308 68.382294881776005 83.871491604021202 72.676199303691618 88.861457943479238 48.980592835760532 37.78241781193627 37.8302888778042 82.73305808565155 84.264352561850217 78.98573957909781 87.140150354773112 88.333338390276367 47.958710009389897 36.862447247798336 82.923461573224628 81.579818511094487 84.131453637229228 85.24321117175954 70.90364305736 142.91058476661658 63.437497573745311 63.832192455331516 88.518343998032051 82.055983201045649 86.044319500684026 87.639124079651495 90.893443444626342 90.993864723217101 81.463250412069343 74.395532244891925 82.108786016690331 82.898154389937218 85.682393106417052 85.117613799822124 86.252288436641877 92.890273558473027 82.543082739376885 82.637981810851628 85.004876681514233 83.690960148298771 84.466069195059745 86.765012926932613 88.506529875270786 88.907815128214438 81.709309690926219 82.316992082381731 81.81779772317141 83.749051000344977 84.794309922186997 86.50045616753826 89.942693243845426 90.018335767404878 83.234350827720505 83.093026319437996 85.362418258052159 86.334108304094926 87.466426809495601 87.360051328609302 90.07195664512048 90.988276317188877 83.763428411833971 84.109693190660394 85.669479473460584 86.515172162894743 88.579359000120263 88.827895007815755 90.01938073654928 92.011005284524998 84.003698319199472 84.601481711125544 86.318595794922217 87.209075312411883 87.031214352483943 89.003230778082894 88.241471709874958 96.069430776217018 82.82418203276525 85.07327096766096 85.54706580737934 87.881302162997059 86.165101916676065 87.994374634419941 87.136891697924668 89.218845442715391


# name: v
# type: matrix
# rows: 2
# columns: 320
 1.3579693284185725 -1.5491047806532685 -1.5119380112775838 -2.3617106020879088 -2.2953821127938956 -1.8145269187520847 -2.9077294823485316 -2.1848560259870178 0.032361175903665371 -0.62397535907694635 -1.5248322129193961 -0.82414318357846261 -0.75336179331447317 -0.11118844268242818 -0.35279751788894015 0.79066567139843202 -0.65791201118735831 0.36858610264402414 -2.5412412757694964 -1.448397513655042 -1.4558404808759993 1.4489474288228819 -0.5257174664143397 1.6312396950480879 -1.3257682933743273 0.18963793975630527 1.2712614037185737 1.1313036246855084 1.2660645808880537 -0.56225950058988694 0.73666899342869152 1.6499156054673201 0.38656582021252345 0.26196045932615636 2.4877901094879449 -1.6915946624145208 0.25196117679902047 1.63330245504767 0.33510562773044922 2.3297951899190035 1.4520659399946019 3.7910049336570548 0.33841325378205372 -1.6366188526649315 6.0596814855856822 -1.0713954981231508 1.5868536955163917 1.2211676643023139 -0.089355475488274744 2.62869646237306 0.028703262182621897 2.223328901097986 0.82299649444074974 0.4132064337729402 2.1269635649345973 -1.092863479802908 2.3703472828712204 -0.46406084174870527 3.4418001506894913 1.4047576209073178 2.6839474332126256 0.81004664325772902 0.66444783751303493 -1.1533325815959594 -1.8965830761202067 -0.13549481950707237 -2.4737261544152269 -2.5555409142093808 -2.1298052562918848 -2.4733875090434339 0.76949657125507565 -4.8083481724781443 -3.5076401620681965 -2.1940820854621568 -1.874197825714357 -1.4035907647378709 -4.2286814662223469 0.36600780650606268 -1.3464066307486491 -2.6842795856047017 -0.43031974630032066 -2.2200133881607744 -0.99642384709092335 -0.88627451724486783 -3.2907444788389939 -2.9573922397439341 0.23300701902387749 -1.8209191006807341 -1.3021510475445732 -2.2729778901079176 1.1211852229020582 -2.1215742208418247 -1.6327118011044477 -0.51666276349298867 -0.25727403352284034 -1.9935502594791032 -1.0928566639207593 1.6533711576327841 -2.874319372022184 -0.91609081769295353 -2.723650217581671 -0.44171756129093592 -0.34234334940697975 -0.64294482789409302 1.1393926913296659 -1.9161518972722691 -0.0064824128283190487 -0.051642159871280902 -0.82261563198151511 -1.1217437968673427 -2.0963933480251504 -1.927466194008548 -1.703760400484277 -2.5682974598421207 -1.8605654683620654 0.46783436695148289 -1.4109037610560449 -3.6018839277135895 -1.1887317633531544 -2.3716961691702219 -0.26037609301197934 -3.1506284199152166 -0.36190173138130793 -0.027136914065447951 -1.8389470874852072 -1.3712841816453145 -1.076592679530864 -0.18212880329860676 0.63942593884555221 -0.77982688115161036 -1.0254182219371895 -2.669777284637171 0.72075989234830151 -0.01415804953241874 -1.5724181895783669 -4.2056089775964143 -0.21847275929778917 -0.39417854592339113 -0.61578529415530103 -0.74982336858847354 -1.1959646258429502 -2.5218123626649112 -3.4489019053323928 -3.1420302346738094 2.0503194377782759 -0.70436202384973323 -3.3052369035009281 -2.8603178143722965 -3.0123376297056059 1.8188936258307633 -0.64743719472083461 -1.5905824343842792 -1.7031938103391933 0.91918730789432623 -1.7362979691079621 -3.8662606753103348 -3.5199990031772908 -0.73925954327271226 -0.91553894821569615 -1.8579048811121111 1.1022418736432276 0.68492650890559459 0.37583606167174621 -0.85564235832822322 -2.1213174405124229 -2.2018014378247628 -2.8523236340611318 -0.58235058365675985 0.76549996517638552 -1.2689905139467528 0.22171948266108626 -0.62960996703009897 -3.1014947771607022 -3.2668079760394795 -3.6193251802682336 -4.0363674860688077 -0.96276636748637789 0.14701202022334425 -1.2597632474542955 -0.59461299224594455 -0.81971933700829813 -3.1322523117594843 -2.8829524920009395 -0.58607904881587947 0.23131331550114265 1.9063454546835059 -1.8762589151108844 -0.089608194026659704 1.4415630072064034 -1.5967577142734253 -2.8028601015227199 1.4003722477172498 0.033245104412188448 -0.15990603308846923 0.60082176980150603 0.19011189791888511 0.41038584408350975 4.0551658822780636 0.9259881844467065 -1.1959602699010017 -2.4603988912895884 1.4846630955712981 3.3099877624300618 -1.0194842975888074 0.73805510100180016 1.4149461582981868 -1.7166155673323398 3.8574569752906385 -2.2514485755638822 1.5997439864999525 1.0650666160990154 2.4839840446941053 -1.5795739998556106 -0.22266544422027104 0.99845680110439594 1.4568062544948774 1.386844707187445 0.72270061512416328 1.496603857232482 -1.6707816531442237 -0.93501512493420846 0.48806028965702908 2.2492247387342243 0.35518794396036218 -0.92266956557525615 1.7635783364319677 0.46260326289406217 -1.0745822810353496 2.1464767929213626 2.9600138246544603 1.1653292888402977 -1.5001409370356917 2.2728166734052841 0.72695091640456999 -1.5559220057231689 1.2883624711023003 -0.95858890057088064 -0.49065534695651686 4.7006504370682292 1.1911357998349217 0.81034979314109457 0.25561382694189333 -1.0528345851841039 0.074885127406275384 1.607019166934589 0.79445250808365253 3.7084704701380753 2.3008342889133875 0.18707853885141165 2.9134492194212083 1.911715975741445 2.3992104751655843 1.7582304971922249 1.2291813232289666 2.6847477967513318 -1.1396072695747648 1.8421541857438057 1.5558716237623167 -2.100086601167332 4.0373259494794711 2.7288557627203298 2.2209595503348192 -0.67967622810314443 2.950604291956294 0.70757149824253229 0.88167391345715806 -0.11372580388017345 -0.0065003589695213637 2.4585374368072661 2.0964893375100853 3.7231727192476014 0.42854905565856388 0.39205851180989665 3.9793395338610607 1.8011580378018288 1.1138586949350404 1.5519074098778196 0.41501885728212212 2.0790769203021693 3.1581609357175373 0.59604058387762615 2.0087543060448212 1.5481314756452722 0.74448254925955171 -0.080080443791460162 -0.52537243577499948 0.52720682756209103 0.10806567575169213 1.8675296564920076 0.6657931324608185 2.3178805471554953 0.96879732778450578 1.4092581427902864 0.30359594424864655 1.1254756003743176 1.624679593082796 -0.18242914942744362 2.035961347013203 2.3973406997154636 2.05969308123592 2.2136349826909534 4.9204537796828989 1.8206335465746695 2.3706541703013277 1.3881336519437519 3.1791045608526143 1.5830902444926458 1.6297183118842316 0.74010414612966513 -0.40601961165083084 1.9013959198108761 1.0795806053282941 3.6514216172401173 2.1106481743829786 1.0008510651087883 1.9243361368287473 4.1292318683538234 -0.66816425156303194 0.48494603600140507 3.3489559332438823
 -6.3445512990119379 -1.117490105380994 -0.46181569140641709 3.1959294126884794 -5.4844080698354585 -0.091257226060538529 4.0877809599143378 0.29108599795669898 -6.6354864480373896 -4.5400459979297505 -2.5681637649028821 1.1230455195773223 -0.73104958554858956 -1.5826028853761729 -1.5116256800975632 -2.2054984104120385 -4.5275628792536962 -6.6005326820447054 -1.7201925115842764 1.2867071668283372 -0.51060445396861942 -4.910693731507509 -1.0709170325589483 -3.4166124994941236 -3.7588349055802466 -1.9360448762617062 -0.69133427029174765 -1.3688265063269536 -2.2333225734973738 0.53082265897967151 -3.2103573672010985 -0.64478048294266865 -1.3261495916211581 -2.4725579619751912 -4.0157575528586413 -3.8290841221455589 -2.7338473143626314 -1.5548272726017776 -3.078949664749508 -2.2585676969645858 -3.3503198639655207 -3.2779490421489061 -2.839024209081451 -4.4367651417510459 -1.5240516723716229 -3.9001196370493343 -2.3784945027818267 1.2677295257424848 -1.4403462326128649 -2.2944823599267323 -3.6419151696399874 -2.2988700713089503 -1.5044046930127843 -2.823120698109348 -1.1081590780387167 -1.2529755705484555 -0.66313499685031208 0.0022072507423434584 0.11231112291432824 0.16740998353281517 -2.5136356098278005 1.1867887147128364 -1.4666092117416787 0.55407656642274028 1.6526561428247002 0.020096354305097638 1.1198791539288599 -0.70265671128496998 0.65419096260093712 -0.54632632407543269 -3.47546950804966 1.2975106343904557 2.425586446176716 -0.87523387682960807 -0.80764013819137392 -1.7288315738067632 0.20525266672177053 -3.5599841253671949 -1.3905345036718795 1.4256145936455629 -1.4735342737464416 -2.3336702621640528 -0.15771689394456509 1.6329689492964861 -0.80542478196655964 -1.6575596207777881 -2.0867452647449349 1.381577267562053 -3.7871277759629525 -0.83237054220667228 -0.85638995853896105 -0.50759928628023887 -2.0735135026250693 -2.2307555066911018 -2.0300176460634267 0.96137648979006385 2.432617752216752 -2.7617203346938424 -1.7039690878647504 -1.9631152387269613 -1.8598753168545086 -1.8854745562318524 -2.338614876583434 -2.8923915401096374 -0.32626067597857078 0.6512437430593816 -1.80258407707632 -0.33967214921814981 0.95398684106208387 1.1218966278280051 -0.71646655936702497 0.39307182972312504 -2.3842180919784171 0.32461229894291443 -1.0812980952409887 2.0119110457126439 -1.8602260124911534 -4.1616199644127594 1.5614211651761383 -3.1866258753933199 -0.9078952367556733 -2.0448306895246104 -0.24672444351145084 -0.58134182738378737 -1.36723877831017 -0.20391396442569268 -0.54502542081017824 1.9280723073912529 -1.4985947257817349 -2.5305077609024158 -1.0887329169981401 -1.2412190023315586 -0.28066978751613564 -1.9040879701319775 -1.578070407664077 4.5114823601885501 -2.7306519957973792 -1.6881688376872723 0.48933263236193808 -1.5920834924413143 -1.5083357308915069 -1.0951360040690929 -0.51782096418184753 1.5120815234880927 -3.5162276711970275 -7.3413024658358621 -1.9440862629784657 -2.1220705126621318 -1.7067934370644811 -2.9647854627211534 -1.99321880780546 3.911564174770314 -7.5764474997729998 -6.9122536262490719 -8.209339912173693 -3.9917466989657928 -1.9599142707338528 -1.2376294712707052 -4.8047683630626112 -6.0117667515163937 -4.4102826426516586 -6.1704147488677705 -3.8324117817685317 -6.3845395709523363 -7.3875824229670375 -2.3390397449322244 -6.2153143952605863 -6.3782955870009639 -6.5976289924235827 -6.7809892855090634 -4.897012426866322 -3.6403710913118297 -7.5879584699524347 -5.3212022932643404 -2.6910499128371455 -4.4851337050448858 7.5761351972472299 -6.4009101766726015 -4.0811376699618167 -3.8929282551224551 -5.4397599366033056 -4.6563120721709703 -6.3200282153457445 -3.116052294663092 7.1433969584549537 -5.9957003488919911 -4.0777464373070238 -2.749643768209443 -5.7100846656714523 -5.7158498472305208 -7.5900228604189497 -3.5276072393635283 -4.3346071846809204 -4.3488078638395011 -4.0802748964100788 -3.7111846066952783 -3.3788585465288219 -3.6210119003839099 -6.5093544091306157 -4.2336875297708056 -3.3145547561577278 -3.347800855154623 -4.0303826621250369 -4.880544401097282 -3.2448995500217941 -3.9943880345650373 0.18769076792898354 -0.73103672033356237 -5.2424432712525162 -5.6390234999696727 -2.2210984896323809 -5.3135237303620668 -4.7286620776014434 -5.4445408295448612 -2.1271650616656586 -1.1621335873941867 -6.1519319825895717 -4.1905875313549465 -1.7308956792945553 -3.4505772390855385 -4.5108970202899084 -5.589050694551319 -3.1683202723340131 -2.8107326347756896 -2.5976670930922872 -5.0627378406706391 -2.9847927918120467 -5.3270928030821976 -7.3175537957344305 -1.5869178612698884 -2.4538673863153506 -2.8301907554402437 -4.9553758204151475 -4.5575854666426086 -4.5847543306813296 -4.0553095708915254 -1.7763775530979364 -1.177029028105159 -1.131052950223616 -0.62192836857215616 -2.0301944988383971 -3.8683610102075927 -7.2970381419116173 1.825975611496456 0.24650000153740864 -0.81940030315974965 -0.12755632713600251 -0.29719203534660343 -4.7505007113229549 -7.0922360809682994 -1.7699574527188477 1.3309744245545911 1.549334595257909 -0.25957787090811069 -2.8883450525299392 4.0361142509800016 -1.2554666844872739 -2.4122292244541517 0.86357808203941411 -0.48492449474609978 -0.3125943795028146 0.63434839458538239 -0.45166895658564177 0.47843936316259739 -3.2602337025139794 -1.072369632113483 -1.2658614884489965 -0.3775048268882793 0.12932491833644474 -0.74192332378109138 -0.75188930957201638 0.47428925757237561 -0.17408920714640827 0.08596344021043488 -3.1809559526800393 -1.0829834977518709 -3.2077020229903508 -0.66425350184303467 -2.5609303191605348 -0.43203997852297354 -0.62130078867235727 0.33271726479301467 -0.13952427313395438 0.085649420202829202 2.9869690030361058 -1.2197115760912471 -2.2087847913545047 -0.3915999139877866 0.35801246676129173 2.7568594609380921 -0.87041717924482354 -1.1679713116694694 -2.2903728972310069 -0.083221782372010181 2.1243749582220062 0.61806095765543967 0.66179293293592267 -0.68069636887902851 -0.53470858647846875 -2.1158111778351971 0.024514019229301715 -2.1475021023119232 -0.63006756130595409 -1.5936848050826742 0.79906748891480317 1.1103228265424538 0.021568604692133016 -3.130708266486244 -0.71953535084273323 -1.0591080759815732 0.53445660132771433 0.86129832952167451 -0.78050444300645261 -0.45984368280036625 1.2928230995757071 2.8944546842186547 -3.678409795744257 -2.4933721075071742 -2.0648524260536698 -1.8373976247724633




