# Created by Octave 5.2.0, Fri Apr 02 16:06:03 2021 CEST <br1@br1>
# name: ptcls
# type: scalar struct
# ndims: 2
 1 1
# length: 2
# name: x
# type: matrix
# rows: 2
# columns: 320
 145.83932512224374 92.956910654583965 91.936289670610577 77.192204340914955 95.242852872205077 109.25642799830952 66.543618494874494 82.826942709030675 95.90479996934566 109.76931029222841 98.504893522934708 93.034070234309965 107.49294981765695 108.28688485289135 107.97417024128615 109.14820945332715 90.53177884706102 100.88688733843067 94.658327447486045 97.287895555860473 98.373381691044472 146.27033274142244 108.1551726906673 147.97535314529932 142.19755559001138 126.26579101218834 144.15307628723829 142.46751669864426 150.59155317264418 149.6068215983062 141.11878394934885 149.77362717973546 140.41628653642184 119.39028721448689 148.25600595279292 145.10238565424521 146.16010824671932 149.27097625069064 148.10442558196979 150.69967165747698 147.27694296868702 147.97416436507629 141.37399691962864 148.68140189755977 144.13225945824701 150.64310107908423 160.4259433587481 159.37272817865622 145.40562544629145 143.34318318315448 139.01053382300185 147.27794912262115 147.59328507794399 145.4586376156459 160.24093836376721 161.35947863075421 146.47155181346668 153.62070814585135 162.12382602248363 160.00326600076818 159.1149635816497 160.06185095515656 160.68769378937876 159.65649710341344 81.23087124068374 82.41466508261648 81.846460697964176 66.200561164044615 82.828179781154901 81.197343581557675 80.62944204893229 25.297085605246007 85.09948380023063 85.840292226316791 83.621972952896485 82.546527390776362 84.867125931731024 83.749694217359846 83.911833860057527 80.121949764981991 91.222888446193934 89.030555478455312 87.901817685044946 84.847320777206534 86.021571292441124 84.960132475883313 85.887700869420769 83.939943040017766 91.665433103189685 89.999873058956851 88.669221590637889 86.826950140472391 86.863805266690846 85.764621031978933 85.986011040194441 84.921196216210731 107.32558687051062 94.164878165465339 89.983786507697744 87.719651994938133 86.702060028484297 85.936682179112381 86.883932211235333 89.799112956341247 94.797529918860462 94.369176379965879 93.259865929788617 87.835033009522164 88.9286787565471 87.967374241537073 87.168342756441731 90.759725549460256 92.250955109560181 94.073591717698491 97.3855786387808 90.962153745375858 88.678250084135698 91.705869527234952 103.16757030444839 88.52944686269754 92.309417491236644 95.445046974593041 95.120070373380386 92.347054466453116 89.636695364914459 89.623361493398562 91.816563038099787 92.709254110149487 112.4759588639532 96.12011097773258 92.936326156925205 94.087677143732876 91.069727638131994 89.855520814406347 92.999017295844837 67.769693202946158 89.120144883359188 90.257575770087641 93.173655902898872 102.02572416863127 96.377406234577947 92.151416138400663 90.779969693166507 64.836225387235515 130.31858515733546 107.75710564836992 72.601441423544429 94.517486263022874 93.594464887095612 97.608713185323069 91.995509796873478 67.952493155676933 122.56119285191777 113.16072502749007 115.8755625228855 89.909392721365052 94.070492821370792 94.331388516760356 104.32099608269475 91.292466236639456 111.18642190446475 111.7164472635497 121.24230253901663 108.64689185836671 102.55235343444812 93.314026484209435 95.471199024335277 98.905006450906313 112.33112161718969 109.86946079931647 108.74074862246482 102.38564250212504 89.339065339719014 91.461462503280572 101.94568271367325 97.885140576037799 117.75169746154307 110.86047977954613 104.58007881264588 101.14223133919957 104.33772721555685 106.90531265276709 112.1854927869984 105.80748636448072 113.47616808406558 154.6946331678069 135.47538155330204 99.89400490755709 138.58094152478921 96.727423803868191 94.992052824536955 99.796261006966546 138.35447353655621 137.06479845659453 149.27647108345491 140.01824735149901 137.70983785134013 139.09452742941622 130.81031749512471 119.78073061526101 137.3382887799342 140.13347634042 138.21418957983167 140.24203918915876 137.77865674540215 139.49891447477151 141.55872189474877 143.10352828341971 135.32690018308213 136.53237563090795 136.22622425778306 138.90022099028883 131.92247928541855 134.23034071063449 142.52870883123765 146.46369733952889 136.07639611938734 134.14186937980702 135.03442585685221 133.17377060955548 132.53364498193429 129.4259939553167 146.21193759073512 140.57710037874594 130.14263879272684 134.06173357132059 136.70280352140813 133.39272117359837 133.67813699221091 145.81904959126834 146.94149234457518 144.55704076107051 166.6096960703384 131.32423867793821 135.22719265901182 143.98119459172261 147.08860866027518 156.8424730547392 153.30889969545493 161.39843108274425 141.29631084858573 128.61783259574156 132.03327434792629 157.00763421430398 157.58998660327518 150.27027390988221 159.86584993755096 160.93519942511327 142.32815504209427 134.3927714709572 157.95092929698924 158.82555787043515 160.56260220219929 155.94900873009342 150.63410430663131 117.04910443532981 163.53784127867863 162.55259717449999 127.29726100437267 165.99970423387472 161.65399870909607 158.92642111676841 160.60280190761196 162.28546757054244 159.52441854380695 154.93238300762829 157.79977938472862 160.18436682128061 162.00438560613568 156.57697624803808 161.05140611132879 161.13736693183697 159.90672140569629 163.80400691696704 162.82884594495448 160.13349004698733 162.72868180198833 161.28913159092633 162.62641926592343 158.54300461024778 159.00757230901488 166.95299960514245 164.89053019114354 163.98170796988126 163.29803142693325 162.64441959450437 161.87909620081197 163.04902037373043 165.82487583083127 164.3472740030881 163.67472534374753 163.21840706347294 164.86594218299493 163.7236112176833 163.07631083824745 168.39935809257105 167.24992648199063 165.60386086002077 164.94952127685761 164.37756998962473 165.60526102461031 164.30276715579299 168.07486351333637 162.13225855521318 168.77731649691762 167.19769811951454 166.54391682404778 165.77968933135492 168.23697352151109 166.78094019485798 167.34723640491168 160.12826051543118 169.16326084996822 168.36641130126154 167.66159647998941 166.26623958045172 168.05873399933651 168.21712066968718 167.0972953475798 168.87854639944271
 16.741188980130726 69.980840746724269 78.738856725539279 153.0603274542888 62.175925939888451 81.03752397700282 164.2669792813916 103.79471541173025 2.0236262854862184 16.501252335626955 63.661597523038999 78.385349582790198 86.709525777292214 81.829405634885518 79.542210634192926 79.745329056381777 5.2895815124206278 0.3532916638548344 65.549740105016923 62.983180582494633 62.611896089378384 58.311974923179825 80.719179059526041 58.724049545477783 53.595191240702121 60.400436369695669 53.891711318897848 72.715636175774179 58.487780767715833 59.159780611498661 60.557619732660164 60.231169569534984 50.692349178779018 36.598711694722631 57.110669179435803 56.041230680176383 57.228225418956853 58.10170576456354 55.940411152938708 59.485449654226784 56.61603447417437 52.682068404500804 52.742993515230644 59.876377776753088 55.05007410717004 55.655008600333865 87.616988504831113 87.941944166058278 53.862392019959934 53.155288272611266 52.299615608480686 57.801089360682781 53.783669230431393 54.956072219402664 88.625243505196764 88.258232241220654 54.520651705844315 60.178481714705256 84.641752893183536 89.650534219950146 89.12549007431646 85.204308522966713 90.453626984798888 86.707321735850257 79.052314907768377 78.165835145986193 80.036077633465013 77.858649550327911 80.418846100225892 81.146077153392355 80.209893043627972 116.91244909747151 77.790277754988466 77.001206401849316 78.157438004682163 79.274720494876817 80.102927623952453 79.520297860350595 80.82442831474431 81.282910342586248 76.9537097508682 76.734568947749139 76.912283449005628 78.921056773809909 78.33230898551443 81.255947906902804 80.666405228685477 81.924565949911482 75.772126418761076 77.506751834646963 77.814137080911479 77.611060962382211 79.022747428899365 79.422249653155831 81.77443473608605 82.475546610146438 77.726250912301296 79.378885627946076 76.308367433630096 78.370603154763842 80.112004679200581 82.911943945970179 81.223019804942268 82.0820538078505 63.252942383882385 57.260312661381207 77.2973601414065 79.865577198519446 80.282721916455174 80.890182428310624 82.293440132877876 81.632151438851821 63.494793481202265 78.135172665118816 65.240660563944928 78.026294783625119 79.02821094202352 81.030935910562974 95.722029205350864 81.997309700834833 62.465274720325034 59.54583709484826 64.475350624717223 76.607854929769374 78.514538903940959 81.086733629060589 82.249058117740034 80.690382057975313 57.176538349308395 62.848707184051278 64.416524752519464 62.136993121263515 79.334181137831436 79.918013598164677 79.477289257901276 164.43570953113934 39.1173255044759 38.860960078301652 56.861064416506807 62.96682348951974 64.400502072416401 77.631886931520569 80.457587855800526 128.5651659319123 15.637795083493176 8.4255499473583608 48.910131815009223 56.097901501300797 65.170442464415743 64.210961879182932 79.843778537541226 163.32504766212614 8.0690991515397226 1.744246418444092 7.8065020613482226 39.893604845746225 64.099646458589262 60.958078841840383 14.876412308747424 6.2785462912101453 6.7093615948901508 1.6223583941065698 0.428861176330111 3.985506429587558 1.5182883803780127 63.325313624719072 3.170430686291287 1.3351619834096868 7.3895341873772091 4.4023446717596757 4.9902054415499464 2.6244511980916094 5.8549588332921552 4.2034070187798802 6.5336500075937343 1.6543366671142714 35.404450469123667 3.8591777115723898 5.2120405065610358 2.0931673502611332 9.9739776248605576 4.5758526312521512 0.044046417740156114 4.838011871151112 41.488867197854731 19.600740726996413 14.37218009115001 1.9826010586713207 5.6097846394069837 2.8614954277633422 1.2338306236589085 0.81795824838994979 13.008011201841164 11.64302762570135 5.487041893015892 9.2969991172213202 10.776216310562873 9.9087439170145206 6.2589919975425747 40.744524219846298 12.688350327313017 13.473576124673219 11.828791423959542 10.409417501259661 9.6798331054149767 12.53492496365244 51.669432489931701 54.24217130714522 13.354008458424484 13.611819552627457 12.629218423705687 10.977982557392176 6.7219659426059479 9.7610189218997476 52.232511879373639 53.431893625247682 11.182844459217906 14.27159092324319 11.70999202446135 10.479543586782869 7.8414679929249393 5.7389347297356039 56.180153854126161 52.058948291083979 26.286200097145937 11.091204461345916 10.17893950949381 8.9176795213850966 7.8684001367685932 52.553533838140005 52.449361620756619 52.841228773331935 4.133999890068436 7.7525446949689654 10.409403557200863 51.98313502955078 55.517566866147938 82.914321912704111 55.801677964107839 85.477451567647904 30.23381235984882 10.994067027020161 8.8294267880445982 81.779619020333641 83.651932563174654 74.560977942031229 84.113826390977181 84.497732808969673 30.089736350430229 8.7138639864175147 82.570627833449763 81.770316038708899 81.306197759208729 82.128615657411444 61.773341245090897 164.7056017219212 53.350514092852144 54.113618027941108 93.181665641039572 80.278090415144135 81.295982667667502 85.141105417608529 86.300545855427856 87.776911073621875 81.108286659666945 68.604736231485973 77.844617177372911 83.1130300451279 82.682069769763942 84.010309188213654 82.290327744019109 89.4736239581284 82.111395925139632 80.425730834489002 81.674001118671654 80.176965705437723 80.543699214292616 83.457986590268362 85.590069149037362 86.230093172895238 82.911241224678449 79.678234519166836 80.838962766807583 81.639224070060052 82.683621064392483 83.55144991259462 86.500931104545714 86.663699497653866 81.379306206993988 82.659846007169605 83.715966949342686 84.692964501206276 85.630108168583831 85.563859998464835 88.515231866841347 87.544003106274232 80.845380928023445 82.542276343247096 83.567686666809067 84.647720045949953 86.508432954379188 86.498398356797125 86.535411363624519 88.964684504872181 83.744638113507065 82.352844005162936 83.202620379470105 84.398134452032906 80.484679831261587 86.727687403239145 85.690428785724762 100.72044175563713 81.158392753896308 82.607917896228557 83.647591218454835 85.58403523004263 81.578597302726365 84.710762816909295 84.611788365520496 85.830067835038562


# name: v
# type: matrix
# rows: 2
# columns: 320
 4.4388033362693289 -1.5491047806532685 -3.2141406567060051 -2.3617106020879088 -1.7329711178825444 -2.8196535769572133 -2.1039005362750052 -2.1848560259870178 -5.5913871395181118 -0.62397535907694635 -0.2481215186561761 -3.4142618996958913 -0.74118715823311598 -0.31939911523453285 1.3129983939537011 0.42868012863798788 -5.9181149810506568 -3.8311927516448896 -3.9735757947411403 -2.5394261117016401 0.36418778848862926 2.6906793074226036 -0.93451358951759855 0.63214593715394318 0.5321509395650138 0.18963793975630527 0.46521959363255239 1.1313036246855084 1.5717443573899714 0.31713074950083758 0.076597165524798977 0.80497082411950616 0.22166053149548434 1.0401375092742058 0.26656532369342428 3.1355304521537555 1.6962470834866463 3.0409197886908585 1.4899124184562351 2.8237544805352073 0.66862735522956818 1.9164739636817492 -1.3658751398681097 -0.87886927936683967 -0.0071511541797181985 1.7076155408340796 1.1962413122706954 2.9227885895239116 3.123651164922657 0.78318243086699502 1.5953945494251227 1.125802212689238 2.3645478527926049 1.082364973263124 1.0503812121116953 2.3101752801629987 2.6391467840173664 2.5807933735430915 3.1476637143964266 -0.42092811981835643 1.8888671559444723 3.7689135601487962 3.6059390672240452 3.2751280782711594 -0.036425503465656345 -1.738585328820871 0.14835616475549435 -2.5555409142093808 0.75608358271564391 -2.3845470829482189 -0.88723504509853157 -4.8083481724781443 -1.2913758603897063 0.54092105431732707 -1.8916630713293494 0.41139861737409789 -1.008770461072739 -0.48556156878428147 -2.3676311082635095 -0.70989738642990041 -1.1138785520770436 -0.74462608992170909 -0.18506290777260651 -0.57413713679696332 -3.042447873044738 -2.1730329801903081 -0.91995055396534442 -0.1316813265823073 -2.1682322220617247 -0.40684176297992053 -0.22910842678140489 -3.2383127515977597 -0.61401398152210829 -2.7639776144565023 -1.4507211501376596 -5.8089835362857345 1.1955721128967158 -2.2124852530157999 0.10583804309556505 -1.9011595997804942 -3.9784847520691451 -1.9004519199485057 -1.6336404743736177 -2.7662351788787474 -2.4683890414495862 -0.70100874347661024 -2.0295266413736601 -2.1802157152916299 -0.83135478748299629 -0.43583274013609136 -1.667825178629889 -3.1716004042290415 0.11000882321205252 -1.1188888779429167 -2.6691835081231217 0.41577734471410471 1.3787884182766013 -0.019074826776824733 -0.98235940944024569 -2.0233201405344703 -3.0340327734465213 -1.3203012046490252 -1.2974431789618854 -3.8782599131501825 -0.5729647556044134 -1.9252024921797766 -0.7258091833602579 0.22608241122809675 0.63942593884555221 -1.8087456891954554 -3.9689864589555111 -2.6038284708143702 -2.0287298658444937 -0.70352271667773469 0.14502582901958272 -2.8073079699059087 -2.3387869535067667 0.87770726477565442 -1.9763733468396461 -0.94314333146569318 0.47188391446766836 -2.3335230932530946 -1.856118640690489 -3.1420302346738094 2.0503194377782759 -0.018888538791593794 -3.3052369035009281 -0.88306979836473687 -1.6562122231139751 0.58642113516818639 -2.0998853595611635 -3.7927123881483022 9.2208135209521274 2.0487095546558156 2.9290544254613664 -3.0178322918004019 0.09890834445623263 -0.73516315649874397 -0.91553894821569615 -6.2762546571965645 0.07951675161574516 3.1342097501204718 10.259128706175632 0.75007761260947203 -0.79096676263307664 -2.0025369314022883 -5.17780625937751 -1.3662604241668808 1.6976394690738301 3.1289582312528283 1.6367300600764956 -4.9580624464866068 -5.9024905374151233 -7.5122623188077533 -1.4529014560330804 -3.9098658010567511 -0.40431934668956743 -0.060353385213260877 0.36686020927336899 -5.2938862420207542 -1.2262025064667994 0.2086751322792709 1.1228495040037572 1.6569271383546988 -5.0913061521010965 1.9063454546835059 -1.1112955857493378 -4.1206367710575629 0.29073861035588694 -4.4958747165775961 -6.0234289441789137 -1.0540767315473663 0.5776430429652113 -0.8245218448503332 2.5327848163482951 0.49760570510748842 1.0892713795052287 0.90651717267471765 0.2059796260397268 2.7900351269563872 0.040946182870124449 -0.72454778285029275 -0.45383127027929798 -0.69018751813035384 2.4092385309578206 -0.56018402380117127 1.6790737146895218 0.31089077926997527 1.7482477364308651 0.45638169095224534 -0.26431784294247329 -1.2574331924622839 1.3125197841394876 1.3363787640598199 0.84932439740380639 1.270747543843723 1.2139532930883594 -0.48994665092952722 0.37651234979102355 1.8947239978546448 0.19008070074050848 1.1346745558677684 -1.5528039486052956 0.54419434380927334 -0.92266956557525615 -0.91527444542966685 0.77012497508619449 0.53507513772925874 0.91513431977312376 -0.16521393414720345 1.9531234666185635 1.6193164450260513 2.2728166734052841 1.680597611136684 -1.1661195766444192 0.64250384227235025 -0.39401979081490718 1.5339660684853729 1.6039025045154522 0.70213722791334954 1.0785512338547614 -3.8261168815251629 0.90957127690672479 1.2317651700389818 2.9470733687420934 0.79445250808365253 1.5256640467716833 2.3066818472627437 -0.081122901862258151 2.4359798195816933 1.0570553327679451 2.0655305782855904 3.0557717821842783 -0.40971694289874527 0.79492759443350447 -1.1396072695747648 1.5897507543678779 1.8082750551382449 -2.100086601167332 1.1400048060635282 1.5243480048440483 -2.198278831587094 -0.033419143135106161 0.56990902422691803 2.7055420597353366 0.88167391345715806 0.51532177851477956 3.8259484238898409 3.0246852285032384 1.7485391613451053 0.085370248616849775 1.7643362939298384 4.1382029715149926 3.0321544933583975 0.76732526748440799 1.1043682204575269 1.751753647263699 3.4194341709143368 -1.0219244535016336 -0.0029403521883919134 1.5462383217847882 1.6037629286148225 1.2598030259538751 2.5001014823894061 2.3331778542626735 0.73240628360371662 -0.076165784675677889 0.79404569886659049 0.02915973567414127 3.4144582741278127 1.8604240246080628 2.2990901606704539 2.3846402141910694 0.99542410470533049 2.853694780190474 2.2386882483044981 -2.0253179317231091 0.68224871687695099 0.60335275879856087 -0.010106745793866372 0.8851291116533716 2.5871265287928717 2.2935308852898562 3.1245072203013038 -2.2214442069725169 3.4007372265168807 1.3262465458804884 2.2582869602845093 2.9076531673512087 0.62455859769498689 -0.2551045017199422 1.0795806053282941 3.4108011701741936 3.6522404764764667 1.5964752087297744 0.43033894794561911 -1.7604334304419291 1.128023849297989 0.097559471303704709 3.143354452906153
 5.5987895625229687 -1.117490105380994 -2.0889238308153706 3.1959294126884794 -1.1221731901587733 -1.4789576980596082 3.4464065481104336 0.29108599795669898 0.38589045344058887 -4.5400459979297505 -1.5013403489845283 -1.6489161000285293 -0.81039780598378297 -0.46651491637812958 0.07652871532042449 -3.2344073363552255 1.3181679091792147 1.5953073188129254 -2.5167842003678724 -2.6811478609535766 -2.5458422252031663 -5.8216131625584975 -1.4056006651288491 -2.0844742269750212 -1.3751634469054648 -1.9360448762617062 -3.2955479984813727 -1.3688265063269536 -0.33506803316869188 -3.2568058542529501 -1.8863316855641648 -1.311671164926189 -1.5410914949528429 -1.2938179364214299 -0.83227463480092756 -0.81813477997619366 -3.121861316016771 -2.8756305977844452 -1.480051127003529 -3.6795805545595139 -2.7419913164826828 -3.8475412351721698 -0.76312126888354892 -2.4152081824010212 -2.4024219532288615 -3.0663919311450978 -1.9478942759027449 -1.4112743131396046 -3.0683438024769258 -0.11130939018971833 -1.8179033389591623 -2.6758521388746428 0.2157473214406615 -2.603782270858825 0.27544273663785068 -2.305849145216607 -1.8281196628047447 -2.8624243468958199 -2.9361954366308987 -1.4124877362849719 -0.60433234672823355 1.7360691923331926 0.046013017151403102 -0.57899224385281434 1.3993522827243845 -2.0341846921159563 -1.6099811421470938 -0.70265671128496998 1.07095464787807 1.2956434992179058 -0.39908584106376821 1.2975106343904557 -0.43342951310859262 -1.0651212913196864 -0.25496857664550837 -1.0373826720539165 -2.861120071920114 1.5824499819821649 -0.39089949392198936 -2.1311967807041112 0.51778514802857489 0.41692482195362912 -0.98374164426963939 -1.5474724353485945 -2.7943354421945403 -0.90939467139786678 -4.121464619697222 -0.7858841912417377 -0.52351648629599545 0.49915344154572727 -0.88857770727725804 -1.069593301126349 -0.46999321424363727 -1.1332501529752528 0.61918173081349626 0.3008836750920873 -0.53331801410571233 -3.4829914251566443 0.23001584066871053 -1.4917861594092365 -1.2301547695030957 0.82021422701821733 -1.8039687472514234 -3.8613373024046389 -0.26653139182281177 -2.4811203778392503 -2.700989573207301 -2.786288407864201 0.68482860267802625 1.2000594478583091 -1.1910684054012513 -0.18964544339283773 0.15967430193724599 0.47455702456085352 0.70318473220326394 -1.2720496927772083 -0.4710200094524058 -1.2888010650850787 1.4511542305423721 -0.4514695464305381 -2.4924955338846697 -1.642978081850244 -0.94162802789090083 -0.69215892808419865 0.05511711194512374 -4.1196337445214377 1.4929278864933966 0.68847341481131119 -1.4985947257817349 -1.4187768100835307 0.11328861491922754 -2.4433665174978239 -1.142743509954171 0.1815541053537805 0.81605986971981348 5.2532532098815494 -4.0734178823990383 -2.2887710860179777 -1.5682019482715446 -1.5869886814609546 -0.72885843619606305 -1.3413586312194228 -3.1124103746852478 1.5120815234880927 -3.5162276711970275 3.1413217421236785 -1.9440862629784657 -1.3117736701758707 -1.8204158802609451 -2.9053971549330355 0.78742935351334531 3.8111677368812518 5.2419163728481868 1.4447897185746532 5.8476518687659436 -2.0483785640334524 -1.8798223585243372 -0.4158705858534778 -4.8047683630626112 3.060864935773485 3.0770027079879907 0.54826290028474911 1.8889400912694194 4.2280386501694061 0.75952659363372699 -1.8430586608271264 0.097987098450292964 -0.45867328482667152 4.5829934545261395 4.3287776849672168 2.7709482397920766 0.45463659342528862 3.822550796157731 2.5206171830784956 2.9873404674379849 0.15923258477272886 -2.7168253955246122 0.39888625785082105 0.1360520659759791 -1.1546370783644069 4.1820589788585281 1.6206110826652345 0.90965472006901182 1.9106589734686472 7.5887839945288658 5.9957003488919911 -5.4682600511970367 0.86752104132622088 -5.3422207117402865 0.55497224663357558 1.5818603711620858 0.067054549846248021 -2.1302680323286802 -4.3086537612623488 -4.4806091023851753 -3.954786865374583 -7.2049842689757941 -5.2365458815642478 -1.8294857179128654 4.4351460013733561 -4.6430868470522926 -3.7367173442509527 -3.6448397288761751 -2.0453837392490146 -3.686527828035008 -2.4566599583009312 -0.50139015941204523 -3.8613917029699509 -6.0712773290809103 -5.4666926578239483 -4.3650883507509475 -3.171957477897597 -5.5642884658680325 -3.8637601728452453 -3.6443795168486606 0.43416411105926961 -6.1825986885190733 -3.6992221984597822 -2.9324535687214803 -3.3503042449527451 -6.1658989023788759 -7.3362768936730287 -2.6996952597358264 -4.5106690007396724 -2.5976670930922872 -4.280557471395138 -4.7639854585455153 -1.8252112173811097 -3.0139161549541402 -3.9231046247992882 -1.6936260505698713 -3.7179720501750158 -4.9553758204151475 -7.7580098872211476 -6.2437661735353611 -1.9642911411977424 -2.189582850593363 -0.50142123763999558 -4.0373863935836658 -2.0591290275522423 -3.7056201939995894 3.5500040137714466 -5.1692837311864546 -0.12844519706121366 1.6866982689044019 -0.81940030315974965 -2.1825921651861959 -0.74679004461634935 -3.0750750161617484 -5.1241094349233931 0.56884963720372639 1.3655226189022702 1.7527810522559906 -2.3486570188540763 -1.6450633278431819 4.0361142509800016 -0.97762892443276939 -2.6900669845086513 0.86357808203941411 -0.95140496393886187 0.59819449947280101 -0.0080980478516649648 -2.3179243983470044 -0.70411568984667761 -0.67724676677486717 -1.072369632113483 -1.9795123299974435 -1.8307524521662266 -0.18483847888821719 -1.2312208318362912 1.0456706181783817 0.62979046643829839 0.39125121598385959 0.38802767890540574 1.7884518213667329 1.3659398029538745 -2.1969120101698594 -0.5791089764169941 -2.0123083539220104 -0.48629219318608474 -0.12982972318080191 -0.8050547406008095 -2.0756288977307156 -1.9109633865744504 1.1675347709593691 -2.5440919458681219 1.133339619658368 -1.1424591997358462 -1.0607092506896845 -0.8099807985166626 -1.5472545330921603 1.3144887703559338 -1.9114703311867876 -1.4309841896383666 0.35405877327173091 -0.52886969070313994 0.45418216703984116 1.7448840117984243 -0.85970779967150179 -2.8400700082856885 0.67018278678825616 2.1370504048272032 1.2010639102749479 -0.18614739918294465 0.025084944906079272 0.5646118950146517 -1.8526412562196539 0.51440697482763753 -1.7547584156624478 -0.44253521233537885 -1.6419335755944751 0.86129832952167451 0.77859940177859477 -0.84502830176528132 -0.20727248209674659 0.28908725445659861 0.71057066497561561 -0.94587020313088299 -1.3564149128362035 -1.7410442389351064




