# Created by Octave 5.2.0, Fri Apr 02 16:05:41 2021 CEST <br1@br1>
# name: ptcls
# type: scalar struct
# ndims: 2
 1 1
# length: 2
# name: x
# type: matrix
# rows: 2
# columns: 320
 138.27141626463526 95.590388781694855 94.418428757424579 81.207112364464379 98.582207284797974 109.97216224606329 71.889848914144025 86.541197953210826 103.60758200723006 110.83006840265797 100.12645138722316 95.404478677112422 108.75296798665141 109.32555799404844 108.81611015347522 109.57116851513825 101.61622505597998 104.94256266824505 98.373472995030966 99.346401940645379 99.971470196507113 144.37276989089057 108.9450899139789 144.0019128994964 141.00677420634034 125.94340651460482 142.81214286060211 140.54430053667789 146.78033828161972 147.03725497614204 140.98856876795546 148.11007006157837 139.34094309798928 119.00978553293079 146.55403572667925 143.58469226335288 143.75478606637171 145.52910228287661 147.22431367836137 147.93487573280078 145.78577523097562 146.07004199740859 140.72131820108501 146.7761975897034 142.72878321095828 147.82445238773767 157.5624182498058 156.42746779432272 143.954710025548 141.79200331973306 139.21174910776321 145.20231607337044 145.03336799005407 143.01491565759079 157.82023016660276 158.82270636219616 144.43922309485288 148.83245711156482 159.573949260288 157.31105077379146 156.10231469175821 158.15437449835571 158.43679582906577 157.24648651049773 84.598281025484567 85.876743475896973 84.074324563533594 70.544980718201685 84.95871485968199 83.96603144974263 82.902968713318785 33.471277498459003 86.926582785089892 87.119896587274212 86.120676813669434 85.001325541273474 87.123538707172415 86.257784247260901 85.787038843122673 82.801213689985701 93.202451492504309 91.383934018891168 90.256319114789918 87.163033650852995 88.007992486931869 87.411535119944517 88.259127481068504 86.283443969382162 93.503529982579749 92.347112079257229 91.312737523700079 89.267185510415061 89.081235437503906 88.144957130594207 88.376571879103835 87.534513135478392 105.4480998828616 96.663619686393332 92.304218316040675 90.108340307759846 89.071493393138368 89.588657369401773 89.263531861852542 90.996024815802329 96.760943571563772 96.219268695413433 95.536189715552453 90.232750667856095 91.268269701463083 90.313426388451148 90.272480712682935 92.268364998173965 94.856776898819476 96.461289935379511 99.172270171674782 93.464484075592793 91.166131482064316 93.282751356725782 104.83758130049628 91.297285340550005 96.051990276494948 96.776865775664049 97.793714383694919 94.429189549002288 92.425234083637505 92.322258493257863 93.126022675195358 95.502273117475823 111.3889347679154 97.516785121941965 95.8748270319429 98.151079194002037 93.39159256839929 92.360547131007053 95.55017707916339 72.040021127667046 92.901648416252584 92.155922501057972 95.22147252303246 103.62906783212345 98.489102744662844 94.417973213799442 93.294644101136441 70.177676786179859 126.83304211311025 107.68029735127345 78.220344159495255 96.75805058242635 97.343054474930213 98.884907091872563 94.438445485326227 73.132600332046223 110.8893850658561 108.82218759396085 110.27349887401566 91.843692824404883 96.659177793704288 97.548663927098715 105.87741229465955 101.34738425413309 109.66670088184163 109.68332315037645 109.07544374493438 107.57986511299779 106.70792267234779 97.177450892629906 101.87730008168188 103.89422423051555 110.33890766074131 108.40164646968013 107.99559299705079 106.83901897548358 101.45424022317401 102.6019565911494 103.57130635117333 103.852471681403 117.82691207064975 107.13445588413549 104.76186934044952 106.33984646241311 105.97573792128037 105.77362282124284 108.62368618467735 104.91752976097102 117.22935638128294 151.45384589484678 136.01773059057663 104.379703476448 138.17206715639293 102.45469302284206 102.88967655976067 105.36744957476418 138.52466389567735 136.59308513190319 144.97073689566002 138.39437521623861 136.59646354216201 136.56941265157212 133.64711590916295 119.1640992568459 137.84652832655522 139.61887961810933 137.46618684265459 139.35286449410597 135.57127994731471 138.31485455599883 140.43053674332194 142.06489867899953 134.67235358083502 136.93590506590462 135.62724089577139 137.47522363822119 130.14341805520516 134.30996500772281 141.41197789377509 144.87465507587615 135.66758201576971 134.78471606220791 134.57436435083147 133.19222029315034 130.5252369600409 129.46975457425287 144.7288649989172 139.63604031845884 131.71117705420281 133.45246677286647 136.40656505869239 131.56009576424222 131.49841376690003 143.05420277704391 144.36726106307304 143.77319171820926 162.74590772554907 132.44018227971753 135.3750746966914 142.50207040857163 145.59444039850482 154.40649442646821 150.57941781457154 158.68279538997677 140.48414803489158 130.39569316241264 131.42168505817176 153.81148384051761 155.55015617405735 148.91970464613618 157.46521148130191 158.53826169561853 141.44468969140155 132.58271212550557 154.58921489497342 154.94515670957131 157.96127327862098 153.40722521201423 148.66020813299465 118.98643679360902 159.63750349698429 160.67629108003447 130.86740822635511 162.85527565786043 158.9626537700176 156.72126044279779 158.50391342261673 159.67697677181826 156.30060187554571 153.43353735475563 157.0703015290664 156.61269468840018 159.73358381946781 155.31349832975278 157.82434309798421 158.82809181817973 156.60816333269813 160.91500140264219 160.04715015968597 157.89300951259867 158.8857413950941 158.783451666037 160.28593545188954 157.42569783013238 155.62596492181652 163.85594134235842 162.5818903931409 161.15610108723777 160.66662220178517 159.66022975581856 159.26047510668099 160.86441916623727 163.19762830464364 162.10024576580986 161.71790546642964 160.62549567000039 162.56695837733636 161.17440468349517 160.663329754204 165.24609257295336 164.24415651933026 162.69618981358812 162.9730109268273 161.86326878966651 162.85392780026257 161.81236030714734 165.7130011462269 159.89034005630634 166.09777630281889 163.86519088850991 164.05361781558844 163.12791034806594 166.00799272448259 164.65647270472408 164.74526321011325 158.29297348637101 166.72387331255769 164.91112462303369 165.14384270252086 163.66257210765772 165.37322025610794 165.3209002649902 164.22881337477153 165.93435760270992
 7.2326477555241988 71.880573925871332 79.958837765423425 147.62724745272195 63.5219889023885 82.733467036430895 157.55416819256999 103.29986921520181 2.5346379748586689 24.21933053210763 66.105842397790525 79.400167922521277 88.087202047464331 84.23425722728561 82.188708820315497 81.186265968771991 1.0142563646738025 0.58765081668154939 68.032779212263151 64.787119708915739 63.795253974376443 62.416794639705202 83.224519379310294 63.47098794368376 58.321086054990623 63.691712659339672 57.708798626192525 75.042641236531765 60.263594938464344 62.349355235365529 63.764383598119572 62.812388478139312 55.578234841481219 40.739563825092574 61.362559739302291 59.884259853625593 60.988993653001103 62.797388961470745 58.760519472985052 61.53234812365568 60.613648482261596 57.318401978087422 56.972482863551839 63.434219419479255 60.803131846975326 59.799359926683735 89.00685188898548 88.577143891483516 58.189149612163753 57.400400690754523 53.987528090963835 61.512936526945701 58.287799729829821 58.846953445965909 90.063982341222882 89.410938649899634 59.209655141165676 64.97189364919889 85.717391656744354 91.119079896520461 91.084062653141672 87.28990037328785 91.676386807209312 87.898427280998234 79.221632533237482 79.086213444680979 80.641323360334056 79.053165959514033 81.475388627275919 81.809956482082541 80.740415863284767 114.70668101900823 79.430381461734513 78.264930145065932 80.367549563088915 80.215852184002756 82.088708012122879 81.424458563282627 82.536605027160036 81.882236534132943 78.080629751160657 78.123544849217438 78.961354384256353 80.695110640873978 80.053760861799901 83.117433380829198 82.379583300605717 83.430419133526712 76.898421046575379 78.788970888508402 79.356165290976264 79.346223175660214 80.458364179236881 81.138360023434402 83.599839157008091 84.228297321469213 79.004539697179865 80.962977980145695 77.461584486874358 80.122236908162677 81.576371357992784 84.132334420981124 82.881817552446989 84.039882422549653 66.639317313796099 60.424030977095235 78.153367437598064 81.158440778197601 81.674444830248405 82.153875586676804 83.224443962898675 83.38539848452109 65.516781389529129 79.643569215556951 68.720408093110095 79.231483382601283 80.493869320649594 82.93817056365863 93.255067013428132 82.704639619296955 64.226887197736133 62.453428573671005 67.107483897503755 77.702424128747126 79.872029993060508 82.18309020208909 84.048090182603019 81.67369845971993 59.724149383136584 65.80804598842488 65.920436821280674 64.98937145257959 80.567862177589348 81.066179013971691 80.48519739623957 156.45045599802376 43.826244611708738 44.799306082344174 59.785273029646547 65.664704248003986 66.13454045622035 78.840871582673671 81.798627297042529 125.99462734198134 21.615382124528402 5.5188330405376771 52.215078462071588 59.358137071172102 68.488150586353768 67.117626240961201 81.260649798588886 156.75470554277919 4.4406149140178357 5.638831769162497 3.4413440819850756 43.544304539636713 67.651192652564518 63.335997645155793 23.044518525954111 2.9383965210215264 6.3756441126626981 4.5139146956025833 3.4341127923474954 2.0723979113196975 1.059930365780908 64.36099504567288 2.039599431117423 1.0489198136973372 5.5303980922568803 4.5641180117763582 3.5461613751888508 3.1391221969654524 0.023989881646141582 0.42397933986416947 3.666844127406343 0.074821202028284878 29.443643535560913 4.4112957798429981 3.7638651663847309 2.2145650723019115 4.2316964288706389 3.1204676933511073 2.4233302389524707 2.7244522499031718 28.51172296765461 9.4080501338803 21.711802024967547 1.9447114918201918 15.094708091497013 2.8851715216539988 1.5495009947275578 1.6772263874663875 18.763496995998736 20.025160813240429 13.104077367070566 16.102246513847319 17.450928787828914 16.228311073184361 0.90223896155603811 41.919035924513487 19.702344924303382 19.644038267499432 18.206717369540122 16.736802094141542 16.821799396265408 17.651500599622217 55.838916026810629 58.564180558570314 20.259786189819238 21.102584545669075 20.577002374703518 16.86010112608334 15.258389527369538 17.968014382893877 56.259755525076962 57.120803340259137 19.507698019480511 21.43074077675195 19.117811862792472 17.832423630666952 16.36170894648707 16.817236567661514 60.322359383511973 56.691538585444988 30.702234155402891 18.836509520022236 18.585053473000219 16.939270420854758 15.833415526690855 55.716415862656206 56.069716011002505 57.044040354118579 12.558138784774178 18.549995322273947 17.948692188574363 56.640373905925046 59.381189805237142 83.790273017761024 62.667146118309091 86.33736798099136 36.335213131906585 17.46015330161412 18.000736358300905 81.756425186982909 83.576391728976645 75.953958457404042 85.037600112342588 85.107556969737985 35.515517435646807 16.653972439681841 82.802895386539205 81.381379655781288 82.358225120512955 83.054226495738845 63.817599147784051 157.84420749525123 56.482819901992286 57.216395264001392 91.713582901574242 79.992928407832309 82.793836137588485 84.194791852597561 88.328770535596789 88.570814907452103 79.525750698670862 70.427764606076735 80.511365856571018 82.98878117655687 83.561168834507114 84.593704750599585 83.496117123758978 90.46187741952312 81.894505366953325 81.857985852702626 82.514882283289467 81.223833472848739 81.777952508924997 84.01008020091696 86.714411585306777 86.281129429433591 82.321558633123146 81.214566132644578 81.298605732338331 83.018430528155903 84.090442116044215 84.696134513964736 87.39638311042188 87.595237049273223 82.293992959282178 82.314348577248794 84.207311211881986 85.24724553549899 86.326481902545751 86.176594520543787 89.086526031841714 89.056616174817307 82.316194243384459 83.227717187179238 84.270040341270345 85.286700734539423 87.461392145358275 87.174161291039226 87.995177634468462 89.85087100274815 83.990106106464509 83.355783732930206 84.692420605438528 85.401757094782596 80.95354739102126 87.831193003649759 86.778037573262566 99.256234595449314 80.114326878176811 83.503027596853016 84.769525330437929 86.771631769193775 82.547054111454386 85.816805068927266 85.830359706527744 86.884588061379901


# name: v
# type: matrix
# rows: 2
# columns: 320
 4.4631351475886749 -1.5491047806532685 -1.0509708226204313 -2.3617106020879088 -0.080449616832492007 -0.83123502319327802 -4.3245951218146166 -2.1848560259870178 -0.82657200312864099 -0.62397535907694635 -1.2131228196097763 0.17137010920779905 -0.74118715823311598 -0.73914696358291876 0.0051430514984118179 -0.52433602309688321 -5.6808585429958685 -1.3643428011694476 -2.9183024280014154 -0.47362697307077023 -2.7649706802707841 3.25934126548424 -0.1425367049589539 1.7480339501400544 2.2140270282044838 0.18963793975630527 0.35807857355616202 1.1313036246855084 2.6680476300197067 1.3987208776083377 0.076597165524798977 -2.9197565364007518 -0.25519477526161305 0.62756325346850528 2.6231590741896578 0.73487625362851772 1.0562212409640839 1.4939390733896269 0.30081507262409968 2.6299313020814012 -1.3583760595039807 -0.036419564578224678 -0.26506484321195234 1.6039345121394888 -0.86586326093974886 2.0875533366768906 0.10692253472442212 1.8151129279179392 2.7247089658694676 1.2463315288469803 -1.1807652960916615 2.3886826426517964 -1.2767917633310175 -0.50232720580674828 1.8996788911456377 1.9445182606900482 1.3489699797046497 3.2882906435455888 -1.5442912389996435 0.78486113045384709 3.1385815726544579 1.4384941042862123 0.99358554596084114 1.8613493097430522 -1.5303708118612314 -4.4440602275875793 -1.5418402590103495 -2.5555409142093808 0.90758045275557875 -2.3576555665355907 -3.1511900403349067 -4.8083481724781443 -1.2088745833298362 0.33659292858020501 -1.5287280027750725 0.024161929656672909 -2.160273301546594 -0.54855718846169943 2.6290612210647581 -2.6390466037210087 -3.0632526576439849 -3.8565906633844231 -0.87394772940064214 -1.7222793422047893 0.39155296625046671 -0.36195637167336409 -2.357121051156529 -3.340498812831703 0.65385342088415288 -3.4900441825933206 -2.2785552474145532 -0.73773692407185909 -1.7656029268299853 -1.1327326689263244 -1.8682851882686808 -0.21131439786543857 1.0957960171126855 -1.6476035209320574 1.2085109587125809 -2.8708629125317127 -1.2104645590527117 -2.6444424801638284 -2.9791414384813066 0.89567965376540826 -2.1941213891740952 -0.50772191321138083 -1.5816810307572808 -0.24534563690413205 -4.1440776799210326 -0.2122823318941485 -2.540236490648013 -3.2407883032670894 -2.7347778951709372 -3.0570857337586181 -0.64102758431686102 -0.8056850818989556 0.45208955323423822 -1.8448533401221536 -0.98235940944024569 -4.4633419087741402 -1.6020621070356216 -2.7488782486723595 0.18505109040949291 -0.27593377768965316 1.2357743600485809 -1.3044240127472295 -2.8141714692935538 -0.24437263311334789 0.63942593884555221 -1.2474145013341096 -2.0430831805294738 -1.4034336869537831 -0.57260212991684589 -0.69090561953199892 -2.1820738233384676 -1.6683528136101833 -0.90120629772823024 -2.9289909940546108 -0.86551519143876376 -0.94314333146569318 -0.73926730223551063 -1.4686331632639642 -1.6458182817755749 -3.1420302346738094 2.0503194377782759 -0.62600562750210131 -3.3052369035009281 -2.2928795245765912 -1.3271344870022357 -1.9666406714798106 0.1411404931998366 -2.7109729589044096 -1.0631977614258452 0.60530951745046302 -0.98659007197545312 -0.64871468874867522 -2.3832081719920466 0.42502382428676716 -0.91553894821569615 -2.3869912124925809 -0.14901032991485125 1.4740934539871065 -3.5796745786971966 -2.2308158440316883 -1.9055070462863968 -2.4503956042676442 -2.9034302480149439 -3.5634584535918536 -0.54034003449032553 -2.3306248504565175 -2.6768174716594975 -1.4080889484187251 -6.0186934912776451 -8.9944592405769264 -0.91016333654434745 3.6378879691067683 -0.72367993577368828 1.697258918609573 0.01075186303340759 4.6477464137665665 -1.3608695242243483 3.6450252335199753 -0.79556922290877707 2.480513941055404 -0.0077731162115441546 1.9063454546835059 1.4121637683179544 1.7589829513825128 0.1320815228974716 0.18045194485922539 -3.5806593209673769 -0.99604554935563971 0.8174676803781169 0.50418735271556003 2.5327848163482951 1.212317955551004 0.11779152801040266 -0.30912000821460062 -2.1791776347234002 -1.5615630640433493 0.76443124473247304 1.4615321763350981 0.92980003338407147 2.715740070963907 1.0824455644412676 -0.73630374770116158 2.5518896587115991 1.3558832597055845 1.0452524271213521 -1.5550989282786574 -0.57778425662245825 1.6631750546065658 -0.78242153120767188 1.298323044000993 0.87097995678392781 2.6439608520679259 -3.0606645037091824 -1.9701044181702372 -1.3065278738399395 0.66427544732611454 2.6221521406792432 0.062772159012077056 2.8372429185910759 0.36332088247469319 -0.92266956557525615 1.2145753640143231 1.9339243670237081 0.30307355842342665 1.4613374744390446 0.86727297323818398 2.9569478311764432 -0.10602005875759327 2.2728166734052841 -1.997830596525783 -0.6668097234926198 1.1338307657089355 1.4027583062094808 1.6169897152595365 1.6459962920308238 1.7044143136464565 -0.26355783314820785 2.1233683685055045 -1.598171407334064 3.0774165606630097 1.7449886926050162 0.79445250808365253 1.9805648022526905 2.156250531399063 1.2609861651407106 1.8176141636410168 1.6345074874390677 0.99051042475847795 3.4887672837989334 0.69433363792781677 1.1431360893211584 -1.1396072695747648 2.2811255340421575 1.1169002754639616 -2.100086601167332 1.2377708842873463 0.70373396124312282 1.2969786127541219 2.9382471183040741 -0.04509707562529159 -1.0123274802667424 0.88167391345715806 1.8899807904307593 0.99737738639493023 1.4183120838494572 -0.64247878680515624 3.4895711990650904 -0.38404082377083315 2.8154313320079831 1.7783109792761498 1.6060036714315757 4.0271631013924161 1.0382937007236175 2.6161251915709296 0.71389633661512342 2.9735282281118902 0.4619514481528208 3.0698252719754304 2.5756954287172582 0.98953757029885825 1.3588461590037761 0.23476025907031356 2.1169113323598148 2.268162344734773 3.3537405375639979 2.7578024555323783 1.0935237745953246 1.5460607449721249 3.0285122639769155 -0.68372162991666907 1.4002271503416439 2.2627307264019407 1.7392440342132012 2.3433860180797375 0.05382107118633251 2.3957874330001911 1.1816328137632508 2.791812193804422 1.1150743306015032 0.81223987378711004 2.9473965997138261 1.7074239395542348 0.81530340515418653 2.4056438876132278 1.1214468254847247 0.63391249617350531 1.5323461147297888 1.0795806053282941 2.4843815300343124 1.8904361774058474 0.35106309732763386 0.9876597088668988 0.82694921295561929 1.279580675102874 2.2627214456590172 -1.2276724383743214
 5.5882195178359559 -1.117490105380994 -1.1650898715877041 3.1959294126884794 -2.9527525700517523 -1.4171384584335729 5.5554647218240287 0.29108599795669898 -3.6961675514271408 -4.5400459979297505 -2.0930146293479925 -0.1232302243772051 -0.81039780598378297 -0.9631138365816212 -2.6701337588660228 -0.12501703241794343 2.4513707246377527 -7.2234627289873687 -2.2824535902408285 -0.065661552102449783 -1.6020892322924103 -1.9332464850590036 -1.0968829931371311 -1.2026772283223515 -0.30796284508313077 -1.9360448762617062 -3.495423627216204 -1.3688265063269536 -3.0897058328993752 0.046319846006760576 -1.8863316855641648 -1.9979718354000944 -3.370343941004569 -2.3802831815268015 0.30150225930017044 -1.9983280937507357 0.49421541716148426 -3.5969702389182845 -1.8038712235220953 -1.1343325274562266 -2.8924346250492086 -2.8271474215357153 -3.8932197379057389 -4.1368839705070624 -5.2650415898753034 -2.1098838747494635 -1.8530236224034937 -2.0669143831456189 -3.7995824413848096 -2.381112222330354 -1.9255909213059428 -3.4942381982831074 -4.1733127417078215 -1.3178967447999819 -1.0752627961367418 -0.22250702884677032 -0.15185205452769593 -1.61928168903848 -0.16169156980042762 -0.67085424037324826 -0.53209311650998048 -1.4278380408903941 -1.3020598339457756 -0.6887920061549927 0.72190161277777687 1.9997890558819928 -0.33488938908193466 -0.70265671128496998 -0.53645340490502769 -0.66494192393459672 -0.65746584490069371 1.2975106343904557 0.29441434846268744 -0.064189218914949955 -0.040652965223377274 -1.9357079966430626 -1.4893575836277502 -2.9055227443326181 -1.4513363292433019 0.24557687512276552 -1.4902750715529673 -1.7162930616172845 -1.5717349344527092 -0.30327113995229021 -1.1401224358050499 0.60869384674941518 -2.6330853858616869 -1.8649834743924265 -0.97668633187105525 -0.43650293925876921 -0.40307428074374813 0.20517254855968589 -0.60978256605467562 0.74227050586123511 -1.1742555086667825 0.61664669823263918 -0.76998383527079506 2.0816853526545431 -2.4908376243714132 -0.61065185968933688 -3.2989617718407738 -3.6394237401630525 0.90356427280098872 -1.5256325003320435 -2.0392922912635458 -2.2390832710708821 0.50122701797615155 0.26299663948684643 -1.2636635468199231 1.4174849520690831 -0.10252146106885886 1.0851750648147438 -2.2319031975123664 -3.0206133429895354 -2.5905381353742447 -0.50317123065065017 -2.5340648945169129 -3.4861392507499729 1.4511542305423721 -1.5712865021157283 -2.7432970332203039 -1.0216189424168813 -0.77781710920373648 0.23193010142868836 -2.0993776672099114 -0.31582882070737156 -1.8658924222807021 -0.16711057267730203 -1.4985947257817349 0.85683602254058389 -0.4495465081895279 1.1571486103112532 -0.26290338536920771 -2.4072603230907883 -1.4902244089685488 4.0102659705525818 -1.2598798461038876 -3.749949843026307 -2.2517592774539579 -1.5869886814609546 -2.9167916138144854 -1.5834717938513145 -1.1995909717724769 1.5120815234880927 -3.5162276711970275 -8.0263996724338025 -1.9440862629784657 -1.2108942066540418 -2.3882891633900001 -2.513826583797472 0.53026033150210605 2.9450968024966113 -4.4363602506627808 -7.1864400294014521 -7.5544200215609614 -3.4007378433202744 -0.85494410948522936 -0.060710423636117082 -4.8047683630626112 -3.4925461082546798 -7.2986310379118056 -4.9854843524168677 -5.6747903261919621 -7.2445828676557111 -6.8817809820460942 -0.27913680485339398 -3.9194015308852688 0.66629672473776047 -6.4125378511311251 -5.9568722086390906 -6.9663345624165594 -4.674446438971632 -5.0878645373554363 2.159076319608388 -5.569593846007467 -3.9051113881226773 6.0330614569984879 -8.3806374621315349 2.489955880463218 -2.5404226421571718 -4.3784711594630519 -2.0147572661619253 -4.3850249940957573 -0.94570490269805396 8.6864706987036868 5.9957003488919911 -4.4131396834977128 -1.7410922314716266 -6.4088176385398983 -0.46945373548270564 -2.2534110278082027 -2.2499546190125779 -2.9752696965154697 -2.5227158801764618 -4.4806091023851753 -5.9328128453895896 -4.9604983485391685 -2.7026862255643835 5.4234164077172782 -4.3259623102191807 -3.9781922369382232 -3.4894438674891362 -1.21859196660892 -3.9420461699916114 -2.4361301985045989 -2.0403797260325964 -0.81523921400579258 -3.2577393010653415 -3.7622850174849969 -3.3676619881382415 -4.6241920825689169 -4.0489443706853603 -5.0086763606945395 -5.4682354947973373 -3.1824032299736653 -4.6878633247540957 -7.1325841680643371 -5.6059659722372119 -4.202016085271759 -2.6842289806516426 -4.5937874774296326 -7.4943111366334412 -0.50999983254518344 -2.4321337133471608 -2.5976670930922872 -5.3134587753216795 -6.3892938206469294 -4.4381754664177118 -5.4012983221206872 -0.40307527683613342 -2.0161098509001549 -2.935916440485105 -4.9553758204151475 -4.6888077741542658 -5.2436226178806944 -3.6260608071124936 -2.3589459866123437 -0.38719808494382768 -4.0638257824756847 -1.2098147127494954 -2.9915523054873203 -2.8810867291394722 -8.4827301216594719 -1.4797604738870969 0.70511738597152462 -0.81940030315974965 -2.1377181562742709 0.65735951962884287 -3.7891429046740202 -6.0478343197068103 2.7435483213000884 -1.2131868192309228 -1.0812923736015134 0.26471163150785137 -2.4064325274264675 4.0361142509800016 -2.1545900359039627 -1.513105873037462 0.86357808203941411 -0.011092681546405671 -2.4245874829576248 3.4136725119430209 1.1288521173731167 0.96332022324532585 0.35162428877441848 -1.072369632113483 -2.014389565797317 0.13517128104325615 -2.218215216234964 -0.017252335101780647 -1.1850825140721422 -1.8061684793398869 2.3132768401768669 0.86795809474973662 -0.17301238964263699 -1.9211581433157578 -1.2103989666884007 -2.4443640351877951 -0.45116894434321581 0.32842930386461239 -0.13114146453653253 1.5090196155527298 1.5619090914749694 0.33988060706684453 4.4152080199794828 -0.46018315227026052 -1.7706086529962228 -1.3758403388827807 0.10080122489660499 0.52205894125378627 -1.8478854046398416 -0.5676510929652524 -0.6611181467347973 -1.0384632996718268 -0.51370013517845603 -3.1016612494140881 -0.81534130780787406 0.0068460962693016186 1.440897029154818 -1.1810717859949356 -0.067567535945441695 -1.6151581106689092 -2.9278432741281901 1.5703611981276231 1.1766372261327172 -0.44050129459193621 -0.30711670473947283 -2.0928423146462363 -2.005271686416485 -2.3457481928705493 1.7889404720069904 0.86129832952167451 0.18301077422708004 -0.73748486105460731 -1.1694515211911076 -0.92319204403887778 -1.2915762921581253 0.23135449490256244 -2.4284511124921577 -1.7128645190873104




