# Created by Octave 5.2.0, Fri Apr 02 16:07:25 2021 CEST <br1@br1>
# name: ptcls
# type: scalar struct
# ndims: 2
 1 1
# length: 2
# name: x
# type: matrix
# rows: 2
# columns: 320
 175.75740088846902 82.268087668075054 82.340276472571958 60.89640118650847 86.02831196838109 105.76425034426086 47.007348835436375 67.751436129711237 61.311751055180594 116.69843696162341 87.992825120412036 82.927616893193075 102.37875842585589 107.95949475739388 105.71094614047351 109.40126129597628 46.75472623129086 76.928068963647434 83.622947022528564 84.953488814602068 86.957835397812147 153.49365452811662 106.79537438010126 154.52642152899935 150.75467828486003 139.46829997266624 151.90821034121248 150.27351170897833 156.15593559843961 155.19876439350813 141.64603863595613 153.61174989059097 149.5867868830359 125.926512928797 155.45948728773217 152.21312963742716 153.10573394733873 155.66299654709346 156.17435011152938 154.30455721877331 154.67753503816252 156.82067783877585 149.68811097395633 155.18764227487731 151.85006218240457 162.34962855953873 171.89754610738723 169.41828914839783 153.48669061110849 151.31118357951709 143.10316963035331 154.22898895600517 156.91817386301261 152.93885788538566 172.0754865813492 172.86796461204548 154.78686237009509 170.94545503782803 173.39740289019355 173.478016485328 170.6839761185287 172.52614918528576 171.51766304949234 170.49965276228028 72.37403791224672 73.462161329403571 72.85516756374976 48.567328855995328 74.039736628767827 73.555805383873647 71.333619761424927 7.8805167848529551 74.923877887096225 73.812190796642938 74.237685066721667 73.08829477826842 75.78273187832248 73.997285141318827 74.713027847820285 73.224823214359617 82.552530608127839 79.921729059778613 76.563887873579418 75.013866871695328 75.440826854375132 75.431558107925412 76.820732720436283 76.193148091429819 82.943440276881475 81.277095734960412 78.152845231139153 76.003212754376278 76.745216077141436 76.148609745889374 76.478816625969984 77.27021184957654 106.67454722986007 73.865304055474851 81.849593101532449 77.29211538803159 77.35698501117048 77.580755071001562 78.014292018122234 76.496782223543747 84.832060396861664 86.341437066185421 84.062303506959609 78.026368749395814 78.769943094395558 78.703638589821878 77.542647692611069 79.974921037840289 81.45697659738299 84.355675262384182 85.747774106146025 81.50016992000792 79.386109800832088 81.131312656818977 96.389290379312826 78.455206867611182 80.153949527163007 87.042689008900666 82.543924037286942 84.050252310858028 80.455590691513379 79.297518556618627 79.527188016260794 80.57049682905982 116.88799784198895 83.195134787830057 83.000682707146098 85.341751239150241 81.043184803489595 79.925057389236258 82.402446668308428 47.048889028870938 79.994927238975379 79.437768480405865 85.909748292329837 98.570066148910968 88.050187870402681 82.610887070825484 80.475248051291643 43.156216767990827 127.15218142157386 119.41975029552623 49.795306789391077 85.24201515547368 84.257048161131891 86.790651832871688 81.722178875582003 48.15251281831884 192.94572171215276 127.91645020923494 136.45945798991454 78.949924989763417 84.286908298295216 86.242363643146987 105.75276874720387 47.810121453637741 120.82197188626675 119.97077303222611 113.43877741968871 109.76060756064066 77.201726638150888 81.369245967002669 59.954242102562461 76.047031314936717 116.69436088606953 120.41749507750909 125.10294461439219 78.414326112005412 45.505153724307299 45.85182630561993 93.44347450188738 75.171861430842867 117.70421402065126 105.77208291166001 98.785752776592233 75.090090977628662 97.380268192122443 117.43302614125756 119.53941964622479 93.370476040467381 89.111134683412757 168.21919007086706 139.02998685674001 76.197880767089956 156.86622962285108 61.100520020217573 60.476978837689671 74.104191624865649 138.63096604386874 143.27791520092762 173.15530959376966 160.55278005532617 159.7400599757824 148.98436500252171 119.59389430861148 127.13923157060393 136.38814412455048 135.65837125913106 149.24746570658496 158.57768018479427 155.90088659916631 148.7825676180199 150.5722063286249 152.38174554090639 129.23861611083646 131.39423180144323 151.58859322809033 151.02497876376592 150.14710164159376 123.69552927807543 149.72928498530018 155.76308987939819 152.0085547024762 125.28155213337871 150.88232538930481 127.94787632094223 130.22131058803555 121.89060925129404 153.9817902281942 149.42891340017695 122.7168005629203 130.05387969141697 148.86570853537472 123.6437621139213 192.13631729476867 153.90811074022963 154.88208256591685 152.695614579818 182.29213111683626 124.28198211809648 149.88722200549333 150.78364013917715 155.62918717385907 167.34673490316379 164.42275683952096 172.49597601521731 145.67578696163781 101.90678202907165 129.02884267732676 168.3279140982485 168.64652866023721 155.75199621567489 170.14016255563979 171.19469269106321 144.97096390583502 130.66045197634497 167.58569309265673 169.29005919929494 169.43314630076156 168.29856298223862 153.19598313416759 109.18581427525538 175.24742217984493 174.27907864967747 112.80666345632631 177.19801863590695 171.44247454253315 169.56268807108677 171.46540479210714 174.36050228131703 165.12800740464741 161.01593301046438 161.35549965649184 171.25671443989972 172.31552267095694 168.46891966975323 169.69986127054261 172.43486335075821 170.42269986232421 175.98417024561945 172.64339835577749 170.68896453037382 171.8588541018031 171.86290775065376 172.94980342626917 168.13220345861222 170.5635557665006 178.81388985741205 176.46413405618455 175.15404904922272 173.96396902838453 174.4673771578428 173.20216658193917 173.38548309182787 177.57751796826608 175.5895601821255 175.17598329756751 174.12024018573771 174.46322188641841 173.63219724428916 175.50644371731408 179.74428908317924 176.79474200205831 176.55358778731804 175.97476404788583 174.88427709599785 174.9055543407782 173.77694026016033 177.83184765161127 173.93545787155654 179.20767479408767 177.68416155101735 177.18285424547599 176.70481459982977 180.41625818070816 176.78397891116501 176.10657723239763 167.57736669220481 178.99758260643679 178.18485208341309 177.98671767963972 175.5202389763393 178.005146617355 178.6148630456255 177.30252824345308 180.31894882053894
 55.522964397552492 62.270159019597955 73.514037765210176 175.11224040182483 52.926408498165323 69.978764157187612 193.45738490979849 105.80320879763981 4.8164730756094789 11.862693641544935 51.237048468469389 74.506180044932009 81.117780916005387 70.278887513862699 71.005910805067131 78.678196290474801 23.188468977578161 9.0639739365554739 54.679258310225016 52.992375815075761 52.210403187368271 41.84509727687994 70.476337994345869 41.37176990156064 38.952357793908014 47.766651032462505 38.763289754022473 63.270733282111799 43.06393889082063 42.24971871780761 47.542044824691324 44.046335872802786 37.311050986711336 27.169090452164149 40.21231449110271 42.45486783942868 40.636845855882065 41.310424534116414 39.485294347400327 42.89812122956701 39.239183717273477 37.348500999193583 38.333654965722552 43.550924346424004 40.862371661701495 34.518788452162958 83.417629892565216 83.504474666559901 39.452257437450527 39.917364643770455 41.731748537039195 40.269255729330496 38.65236546041222 38.474484745749763 84.489323491028102 85.222886533927806 37.862135995438244 41.584026508322317 78.781866471605881 86.161443543207298 84.576739309116363 82.517663023205245 85.47555115248521 82.88542510616611 75.530888078602786 72.334862751404813 76.505859674852999 73.010318242454829 76.416755985974078 75.353809711291106 76.420475385568039 125.86527247476364 71.760900635845076 71.308116688155337 73.106949273115546 73.544079484272487 74.950737975330199 74.347683385480181 75.3135473259603 77.57708115668369 71.13915287626206 71.46918536330206 70.679739964128601 73.953934525027833 72.71154298058741 76.100106036248249 74.461234720947431 77.275975973497324 69.845819609181319 71.270382078844648 70.858314104097104 71.65774472188302 72.600208072242538 73.616896923718045 75.799487582266778 76.533584946825954 71.590140101867647 88.14655645251834 70.307494025131717 71.609408440489005 73.578823362039927 77.847749429036625 74.46465902856761 78.645858829386086 54.909032844727108 45.405469466399119 73.606131145621319 72.519796595676468 73.493687802351147 75.338909515657434 75.506987186826706 75.622350686506195 55.105730708503536 74.638494725490858 53.992991783163497 72.318428987200136 72.553817617973266 75.55319287010424 105.73499339609607 76.51092308028187 55.400325584050677 50.690651125124852 54.495619860224032 69.901069341704186 72.479969401506438 74.473812787719723 76.773124056916799 76.629376147137322 46.836234741417506 53.656544869989098 55.588108970190596 52.00784446425952 73.541943313218582 73.534434056990548 75.64804234654639 192.40533248703306 19.62716779648828 20.617915889332739 44.334055399347434 53.664381578765159 53.849659092882135 72.340712181624696 74.564316483833963 138.99852844396975 19.944509301687955 25.679099629107714 35.495936600461974 43.488191339064379 55.809964302340191 53.740101822891702 74.437036750191865 192.48972879244974 37.415713854222105 25.662866120106784 47.41761433254662 19.593890768794722 53.76348672412449 51.447629861634212 38.317447288257874 23.85056111834416 17.465950748774809 13.742462078507454 0.48236036338361948 29.398781931941031 3.8594387774849896 54.007839862317503 6.5640277291931897 3.6882908730337722 31.766233668849122 26.259819467526658 26.584538149416712 5.3376179703271989 23.770735172539666 24.79991407414434 26.907538393670528 3.0304960997479031 32.638459802225007 19.01872060291506 11.467553800146137 2.0026899199465538 2.2054192449201881 10.976561133984744 0.44400290986763757 15.419969591842223 77.152883689582509 61.000705677381632 8.5033247879186522 2.6925635269990322 2.1926416407846259 6.5612683036439705 5.6561575777329312 2.672113111796024 7.3724689942996777 13.52641080689615 40.042220710918073 4.4079899752926481 5.373497994344687 8.0353389012506948 10.346478886229983 70.621993597923009 9.2935828949283312 10.080283330958526 13.209062908736602 4.8838946104927166 1.6469466284449066 14.403410037638077 36.863668691559084 39.749838894656087 6.2050855839328367 4.1773840372301345 8.1622272067127781 7.2484270667135222 4.3217277470669879 7.7308132336882798 36.221910267006074 37.339761282898557 3.1536022186453292 5.688631575604564 3.6185117517895065 21.050978246939337 5.6621329389514514 25.926480983218685 38.457593361442768 39.446285415922809 8.5504148130827033 6.8589096263427791 4.1100439331696395 5.7642626349805308 15.374784819229829 37.263259908234843 36.608816659364365 37.41115133548211 30.058093270797055 6.7231235002733749 3.313660476243109 37.911220352992586 38.538885595102848 80.08670454087482 27.942599501224372 81.239567035548575 6.3607230800412946 35.78273987754033 10.595167435035712 80.640340505800708 81.733144739957993 68.907115850223931 81.379777356719487 81.219097818108239 7.1518688565148327 7.7535518191652244 81.541139884066055 80.579342245990077 79.082308195865508 79.559448300167645 43.091214133296937 192.55479005369932 41.460836492342651 40.690580329275853 99.140354407104738 76.652668856035532 78.229530303560708 82.296708976535356 82.372289716805739 83.973421799740251 78.478727684438184 61.205385769907991 64.185982100382873 79.387373932896779 79.025195988542393 84.054044973143078 77.978215243579655 86.255561676364721 78.708615225056846 76.650929975002143 78.039724194456838 77.372057492495856 77.22958068187755 80.29008949416253 79.879746450445325 82.660130138129134 80.298760486529986 79.861871009208571 77.694352389571904 77.799705352037478 77.64756069087143 78.760916337113159 84.154092285584639 81.865168415031135 77.63970161584632 78.793751966573382 79.781472204978783 79.777456630742435 81.811006856339546 80.723445794377511 83.925004360387916 82.824108785287066 78.76888711196473 79.936094406259542 80.851421514648905 80.823345594945351 82.809214157422986 82.968185310864612 83.81808023987665 85.00072197299427 80.855921599970273 79.851927417317384 80.838069412230837 81.79864110780953 77.683615303669924 83.886184477739334 82.8801760591912 106.6634002293406 82.012323118797738 80.92025974363203 82.000161307157171 81.960590247052778 78.683025096951013 83.040879243367968 82.882828841481171 81.569353754613971


# name: v
# type: matrix
# rows: 2
# columns: 320
 4.0452272840958052 -1.5491047806532685 0.80831417404229211 -2.3617106020879088 -1.4294229431877501 0.084495080979309453 -1.6045515431840196 -2.1848560259870178 -6.786574514885432 1.8691079361895655 0.93380500399945487 -1.9883257424699889 -0.74118715823311598 1.1279268885684126 -0.52359221027800185 0.0054553980679680576 -7.5187331900729273 -4.4819068742017949 -0.21778912359084157 -0.92521646001709901 -0.45127743898612271 1.9944841531205335 -0.48263870071466453 -1.9952180561313972 3.3600055283579557 3.3172475390063361 2.925716720147324 1.1313036246855084 1.9908741708232547 2.6575391856594504 0.045942064169713005 0.85190272067976092 -0.31509425857657647 0.92684551996952191 1.5709102435440818 0.23331533962338155 2.7042528139758537 0.14888921845535896 1.0459135423747723 2.5954245419687521 1.163713612167252 -2.6044530566132589 2.1651033974148834 1.7340077099722715 -0.45428406002771193 1.6961192366017308 -0.17161272758133861 4.0928660843288389 2.1709325465164788 -0.0062866205235169031 0.56229828007824556 2.5157724839723068 1.3986163937336578 0.49843003385405571 2.0334947944958941 1.6788049876907796 1.6233771061776026 -2.0231033066758974 3.6156178000122687 2.3097345846829112 -0.51406360639462534 3.9189506787161541 2.2895833709498055 1.2102533129704527 -1.9690064294549436 -0.057198918702670562 -1.1800926577258208 -2.5555409142093808 -1.4760508890581863 -0.97775818467939168 -2.8723596920497552 4.8083481724781443 -1.8204678235893335 -0.14635699366040758 -1.6023961215545928 -2.9925525284864114 -1.5048971322806608 -1.2099822320904174 -0.94442511659118067 -3.2655402904824302 -0.43937121344066055 -0.21865135853768319 -0.14835983443359038 -2.5002334352500615 -0.91381511498066825 0.23675919021486913 -0.76116580665623979 -1.598175407018164 -0.10950435698350111 -0.8417050416854055 1.6506836259191977 -1.7173418391880815 -2.1368974929837492 -1.5842844615546774 -1.1895436682476039 0.96404863002022212 -1.3479621028439632 -6.2008401770682422 -0.98744221920631814 -3.7133617359500937 -2.1860862568682062 -1.714415473750835 -1.4180958273419773 -2.847043741610392 -1.3120480184425873 -1.3511356969054447 -0.57158686639558887 -2.312821703883627 -2.273585921318265 -0.22330263328280081 -0.94302069130920751 -3.0390448904143748 -0.3070481592224874 -1.5096130272998245 0.065401806662199982 -2.3767516057680025 -0.93765920134435587 0.2230421457903857 -0.98235940944024569 -2.9222288857887646 -5.3811166944237616 -2.715779640975172 -2.1802469815693537 -1.525681272401243 -0.62601756238654904 -2.1065215580490908 -1.4016777679126369 -1.4844157770086066 0.63942593884555221 -3.1969538205080132 -0.88501549496534138 -1.1968892319101185 -1.8080768832721037 -3.8322924836783012 -3.0591637917144281 -3.2370636579191245 0.096437596241566781 -3.7103165536710327 -0.63857157690136179 -0.26415823193366156 0.47116531794117444 -1.962983237663382 -2.0876565788980441 -3.1420302346738094 -2.3648674881450562 1.1724206063529274 -3.3052369035009281 -1.5707446148741804 -2.0265508058730233 -2.0144030530325447 -0.83623267760077291 -3.8623056932260726 10.35078207216706 1.766688577781506 2.9794398013476497 -0.86503302310204544 -3.7057335587742641 -1.3969729557071513 0.28907770316144898 -7.2075023316671381 2.1289798520658563 -0.77894882957280687 -3.8979409362357114 -3.3913228914080427 -2.9486304315883221 -2.5554149212164168 -3.3209957366153402 -1.4549203779373594 2.31056821634184 2.0692185472900895 2.1879814730715905 -3.7060000811153824 -6.0224796837351242 -4.8604072889949963 -1.1946868770402617 -3.7781757469008164 -0.97444689392952333 -0.86365086495798538 -2.0628606792712292 -4.4982234882174197 -0.75816249943952441 2.5217087045855657 0.99616988720600141 -2.2070062866156208 0.5599963309348468 2.0712909729583764 0.34358254090093909 -4.0414461326128537 3.4514813794135821 -5.1403557044811423 -5.0230928826279859 -4.1151848471038628 3.2666416733693051 1.4096056935038199 9.2725591494158337 5.6435856883144639 3.025119275894006 2.0100595277425208 -0.97318499700009564 -0.3069193709385597 0.3624232154173217 0.41770765721165803 2.0625588617108725 4.3745816609877961 2.2098444598977189 0.72552180387876486 1.377659097776087 -2.8876153675306497 -1.3218482265439671 -0.0054639774644325446 2.4876522635056393 3.7026869558457869 2.4233625187989492 -3.4644309355775085 2.6227044185945827 2.5202865569630362 2.6092992249352123 -3.2931134934163828 3.0296284449950921 -0.77358303659061289 -1.9070167516730161 0.47569600800672868 3.0446482660587306 -0.32740512201208427 -0.76175095684478911 -1.9262104459430316 2.6780719478619242 -1.95782792434704 9.7918552122602343 -2.7335758462495967 1.3678124381580472 -0.46325737290898233 2.2728166734052841 -0.52223759276836135 2.0510010404976708 2.5566613167765415 3.0146056278177547 3.1217603355679602 1.6181343393369052 1.048739003049709 0.070406961134570789 -3.8714034896466614 -0.018388054878221378 2.7181241099453031 2.8480027405932327 0.79445250808365253 2.3672767058987527 4.2213663602644012 1.0410877493791959 -3.5067567187259625 0.56317724493465227 2.6010354876128643 0.83827361356819563 1.9006887740586029 -0.32917944538672483 -1.1396072695747648 1.8752259365464148 1.1953488191594126 -2.100086601167332 2.1341324758969664 1.8960220981508742 2.4322897584578254 4.2856787416281064 0.40740847749353448 0.48846253060245814 0.88167391345715806 0.51532177851477956 1.0621560413707531 -0.41278241079504863 1.2371262298395924 1.7686503288870914 2.5160794451913802 1.4075947097137897 2.5331115996436133 -0.46997614505893193 1.057711275136423 0.64210119726484538 1.1723748511957663 -0.42893263523134217 1.2760680591499283 0.68809974914712002 2.9398944056973675 1.2286363652011882 2.54913172334774 4.023662152857538 -0.78143613269455559 0.37163978220094573 1.5753672754561929 4.1870506501675218 0.6933662760551822 0.417330092203826 1.0664951789212727 -0.081727170813769887 1.0336472473551757 2.1201280398142002 1.6876927270675615 0.90422708211868874 0.8543819777999615 2.9002402811562171 0.38983588324674245 1.3920152531370886 0.61252980652966649 -1.3368871490217198 -0.42407067498702805 0.85696005201294634 2.1362059013062713 -1.3995738033152891 0.22639662145093392 1.3727412810626194 1.8565761090540294 1.9682254547351319 1.0795806053282941 4.1851403788555528 3.5391823099907587 1.9552422655419568 4.5709730398971038 1.7477270502588222 2.3392485434810211 -0.49772423483837852 -0.81075067093948816
 5.6746610425660311 -1.117490105380994 0.04177139397866627 3.1959294126884794 -0.4331183542878827 0.35244534575893194 3.5721201344006515 0.29108599795669898 1.1288335337552518 0.68865099635271587 -0.9513270967038493 -2.925892842766106 -0.81039780598378297 -1.2886774085257295 -4.097009328408511 -0.11200043242230964 1.9741878336139653 1.0634697339613519 -4.8725819704946334 -3.8466243768461399 0.74552589117831192 -1.6408255465902553 -1.0960642147676134 -1.7262861571399521 -2.355744324697735 -1.6871381711864371 -3.2990135077346205 -1.3688265063269536 -1.5641123686201441 -0.1178695909108739 -1.8834550749098944 -2.1498642206051537 -2.2944035442794806 -1.5775080507583747 -3.4758908354776517 -2.1391011338411947 -3.9109125055961145 -1.6590879836620822 -0.31253479506119242 -2.839816752543455 -2.338031668022253 -1.01320205216257 -0.90630234530573384 0.77086183233214067 -2.4751392680484487 -3.0630822844400307 -0.77752926189053395 0.7654824885723388 -2.432903871558298 -3.3017009308141088 -1.511915700213561 -4.3350151525873262 -1.8326805670906585 -0.4790185798883862 0.49417428444196593 -1.2227447250182748 -3.1377528198082834 5.4499971294544718 -1.2288106184339154 -0.065046605206151423 -2.8848714730821241 -1.3767249197833671 -2.5906826719103084 -2.1630482004294884 -0.40738228713089775 0.22655938015422461 -0.72528648930608319 -0.70265671128496998 1.8653988120337477 -0.90610906843140271 1.2781442076668492 1.2975106343904557 0.23221049446358771 -1.3114074481563427 -3.5797432870884967 -1.7284691520489277 -0.51331543060610985 -0.89991244257509684 -1.7614156937726739 -3.0668342312179946 -0.68690625661964444 -0.4325037724944289 -0.33011061869022018 -1.7417209108392362 1.3876528556579764 1.1201450169031242 0.038103395652552358 -1.0343772184738009 -0.14125730097886319 -1.9211903204419565 -1.546549883316229 -0.55858534466136567 -0.95795154912224978 0.2326394393823675 0.6042244389607706 1.3599010522272288 -0.80096387634185084 4.8970965420429486 -0.34084956473711175 0.84252885337130756 -0.65035045903920996 -2.6076854822757722 -0.29407718211961115 -2.6431853528222691 -2.1279363258330424 -2.2474198171483168 0.83911977479951871 0.0073218243398283714 -2.1103748864364507 -1.727570728955456 -0.77500268074758361 -1.6189006504307417 -0.29386230274885755 -2.0056943908413509 -1.3236898117499214 -2.3396554026448557 -0.88045950548627672 -1.6388621480825547 1.4511542305423721 -0.9688654560467489 1.0248924828345403 -2.1097053179532175 -2.6614677259610624 -2.2474227019918303 0.37337774885697556 -0.63418216910312109 -2.5415619282931234 -0.30104535826325857 -1.4985947257817349 -0.56668110290070084 -0.69467104727393925 -0.3655518149623313 -1.281460510598968 1.1092868656554586 1.1664601401296268 3.6587491360303335 -2.2342376942367803 -2.4748570424320615 -1.0358665756081629 -1.2143987563600565 -1.9059330924015176 0.39021338281529888 -2.6400632534822526 1.5120815234880927 4.9033384780417979 1.3569646863085489 -1.9440862629784657 -2.077809603530187 -0.56536339343527853 -2.047640107402763 -2.214260381668506 5.2799582244422556 4.0790060925250726 6.069971551607682 5.6950017758415452 -3.701472795781616 -2.6146814546874015 -1.9871227074094528 3.8793708077086242 2.4879071180843244 -1.8896500028491148 2.3527586518369832 2.4361773678480465 3.5401989572604635 -0.85223290194777424 -0.59279998719404248 0.85913826960514827 0.17430220982432104 2.6455171637973911 5.5443825000462992 2.9136079579056311 2.0951785804914245 1.6612021818276945 4.598903690662957 2.9453708658843212 -0.90094032696883197 5.4403629037570669 2.182676113160066 0.45209373950366916 2.0871325078171865 1.8249665120869287 1.1405188595183604 0.27046533535377848 3.9997167321991984 0.16374669928492003 6.0062512266845944 2.0788534584803302 0.30272687451853353 0.67270356231806105 0.21903109752514574 -0.15663443254133777 1.1960925927738981 0.10727998408826837 2.5207145001160329 0.76199997426503097 0.55480931546246226 1.2613650316017182 2.5731371798045326 1.5671290651522796 4.1833626856438144 2.4986531052954062 0.43103439485346817 2.0660581584325719 1.5872315884554229 -0.1579532005623239 3.2684580191945702 -0.89379168149865695 -2.7937613051715227 -1.0571821431546911 1.1804993602558838 0.4019473268057922 0.40248285065655276 0.19819029040239949 0.67404246399461076 -2.5229336622592355 -2.0443355004213695 3.3743728050085808 0.39594249119728014 0.92166211194471248 2.0094749833435754 2.8581171270798014 2.1486012585544647 -1.987510685554174 -2.574919618062971 -3.098507342105413 1.6358439629163664 -0.0057444690566838662 -0.055311566321087802 1.9077300108608601 -4.0647880284617548 -4.0106987958309679 -2.6033384379934446 4.9553758204151475 0.94579550656288891 0.18868617181721639 -0.92825922305740116 -3.9971687067597723 -1.2379440448798495 -4.0377167529329059 0.2446256003250078 -2.416489895212524 3.7153455081322457 3.3848254212749538 0.63063260203060145 2.139474130330516 -0.81940030315974965 -1.2684312148689649 3.4175639548055075 -4.3817212403693864 1.1007577653906575 -1.6592698027836743 -0.84684430724494197 0.69038844223726281 -0.85299057625629782 -4.9093568167857935 4.0361142509800016 -0.89927902639618462 -2.9512005038019451 0.86357808203941411 1.7780837716087114 0.42747438935219795 -1.0516020766876761 -1.5183602690052949 1.6838665006809383 0.28908030533995194 -1.072369632113483 -1.9795123299974435 -1.9186626638717832 -0.17670400281605897 -0.24748249970029426 -1.2320449357751886 0.086251969311304036 -3.1213807169883347 -0.82919247158024212 0.17825017379300745 -0.72156224930541235 0.43480390866729807 1.6960012926828876 -1.8791589057570921 -1.0972619913310919 -0.49457457899426061 -1.2807696951903818 0.55939667096358436 -0.67837578058085468 0.99070525064637427 -2.881032140612318 0.85765084318554219 -1.1627202511678603 2.9498890493182688 0.42859191201943758 -1.6710364828048316 -0.20300193142714507 -3.6826407760125219 -1.299369679205874 -1.0470767044406544 -2.2152647870476638 2.5180995051704804 1.0106956351376708 0.64585724129395117 1.7142128253136821 0.58438237293250661 0.27448977775631977 -1.2369912419360849 1.4588461605512399 -2.5081517714476087 1.7938413782863487 -0.52056365144606254 -0.53037603627443031 0.1711375938913543 -1.4977393630726625 -0.93102194790786241 0.86129832952167451 0.77362685248825047 -4.2428036282057144 -0.87486561290588916 0.28826373288456464 -2.6458643117936389 -3.782861692878448 -0.85070766579253687 0.013165452109458915




