# Created by Octave 5.2.0, Fri Apr 02 16:04:11 2021 CEST <br1@br1>
# name: ptcls
# type: scalar struct
# ndims: 2
 1 1
# length: 2
# name: x
# type: matrix
# rows: 2
# columns: 320
 126.22856999060201 107.03422408831302 105.14103904945034 98.565685289810418 109.62432520921637 115.78039244418143 93.744454990256386 102.59988974422501 116.10879668992558 115.41628729186813 109.07125757756009 104.4599791801939 113.09388646145304 113.73607850395132 114.67382911675539 114.67982952328371 116.91245060469271 117.34101340181505 108.49385696161319 107.63800447454373 111.04524762117808 136.53502501250622 113.99806461889285 135.90898717363271 132.54839472303468 124.54956765740545 135.42757499575308 132.22921889523508 138.72641949565667 139.87574230044473 135.35087238451942 137.71296473301732 132.16343759221255 122.89507417395323 133.72399773261236 133.70955898542147 134.76899560668807 136.64477435960615 140.6972932045808 140.91634591654733 134.81657093348622 135.84591914448612 133.51155331907245 135.88150314725107 134.3995606428692 139.44356799914118 148.46689582342265 146.49123878080343 136.59194400364115 134.39769006343309 135.48568129261065 135.58203266236632 137.18015906216971 136.80603169347432 148.46871649977041 148.66495807348247 138.55716365651406 137.49392775331833 146.98069409367696 147.18493787381553 145.82674498143564 147.15642181420969 147.68078784987716 147.63987694195418 97.754576393748039 98.493735974982343 96.732445613287197 89.328206437645491 95.724408826146998 94.419732445199145 94.92910024554142 68.812636566176877 99.713719739631571 98.909565240686717 97.932986366101801 96.859384264460843 97.24009671923973 96.097206675215801 95.786189379859266 93.450132236542274 102.37288516923604 100.13380522435412 99.404465304832485 98.421874847492418 98.0427215613974 96.935009343439717 96.796150562894908 95.569655102144424 101.33883478275951 101.30208016848349 100.37853983447214 99.486684932173944 99.177462402298431 97.822903147646301 97.794962294934905 96.424673347387824 105.55989335195824 105.23571416743593 102.29916131727485 100.5475255472074 98.727456514958249 98.699107498418257 100.09970504393328 97.783718539322791 106.2062850326602 108.38565167494345 104.94410923667574 100.2315211888363 101.40454980318488 101.0371860424998 100.87745446057414 101.57774729756575 106.16874712168767 106.48027721692432 112.46414846472138 103.34523890326456 101.39407248782631 102.83796098025334 104.05139366899861 101.80548840879334 107.05178159422722 108.11568081334457 107.61338438632859 103.73333102128925 102.51481885988325 102.25671664570493 103.24589838103927 104.51528978107412 107.19878740063533 107.22220587113131 106.10588126472395 110.183130007464 103.5846320475973 102.32134059088594 105.52110204981081 92.6408643690947 102.61360508296131 103.31017529917075 106.12672211951467 111.38118903325875 107.37399869927681 104.50608320998241 103.31876662951952 93.271599011027462 112.68991962742763 109.96215852339506 102.61953834110194 105.92054571912648 112.1170098208316 108.43378155434488 104.63550908644117 94.650969587826083 111.83438444436534 110.18702067826804 113.22063226135809 103.79178347561229 111.18286719460009 108.48104232774485 112.60662356403678 116.05218234416115 108.9441189927296 111.09753496540282 112.29929755836737 113.526387517804 113.65085112982534 107.06097190140572 119.27156977706849 118.07708861782045 109.16953899790727 111.48134307680417 112.51620539857393 112.77620779766447 113.98782761258994 115.27919697281882 114.01904207458226 118.41851299491974 120.57152114475383 111.64893243814609 111.11431424249915 113.26122623388937 112.06124472034264 112.95371377216713 114.89021513753357 115.47335962759681 119.86092723927023 137.44220680293097 136.4886151369476 114.28078727969267 130.18049239787032 114.95214236839924 117.14564222578704 116.54025913754086 135.61661752188536 134.5375688757297 133.2328440758647 131.2270591942418 133.83944416086439 130.75649537443974 128.90287446362703 122.14370922354857 133.01658780227797 135.54504761053965 132.63881196260022 131.89920033940854 133.17659440964417 132.67296657355931 133.17800680348739 133.77673254263465 136.2690091480253 135.22044218527006 134.30016982895086 131.98821306821225 130.03749921686551 131.34799540931257 133.67250667668745 136.5855851825186 134.97138271718205 133.87953673849444 133.62345742422417 130.16749440149829 127.75418713484186 128.22411471835281 134.14883574061585 134.86362568121515 135.11545137701083 131.56244301746449 132.72932406776917 128.80776816956589 128.08065637401501 136.06661592354325 138.66690584510741 137.62637537338779 146.04070517601875 132.57666337872826 131.70921352759595 137.6181383579646 138.30495521612428 144.35123792260435 137.641450055447 147.0924658631364 137.82757821060795 129.42484748411997 130.46273487986886 144.81029609860835 145.88651591999201 143.09846353761887 145.49833799745437 145.69995678072468 136.77016127554009 129.24348209283687 145.67510692340198 145.66695291989896 146.72351525967238 145.51011290326304 139.25601586336825 127.36255022499265 147.43673324371011 147.90157163343838 143.04884035903808 148.10437569835221 147.80183699576907 144.63341205869642 148.17181514538805 149.37184267337454 146.28932557235629 146.95323409086501 145.95605202081958 146.64347467504479 147.62171473423084 146.80951048908699 146.53930835871972 149.54910463207236 147.1264361075861 148.02550577137703 147.77370283295835 148.90955641834006 148.68785142675108 147.4059992631154 148.14170577655418 144.84076908283771 145.1212797475674 149.94885964012892 148.83470746834757 149.7900660566275 149.482421678837 148.3674277522538 148.03496802260642 149.12510778683983 149.77965773838579 150.00906927093121 150.79000574393956 150.56569337244304 150.48670423681395 148.61096350474764 150.02124896632134 150.25651848347891 152.13412412538412 151.06025576468491 151.72439391015033 151.45730684858975 150.80931148235751 149.69843590801665 151.9335411342239 150.71592266109789 153.00012183439361 151.89495319315802 152.51742131494575 152.21093140452714 154.09217077188782 153.04998833991991 152.27360011257522 150.8189722162393 153.29188281195985 152.77432928798004 153.60903463642069 153.38603425777265 154.52946493707861 154.44728914327666 153.52906793109725 151.11912753200727
 45.951039091946797 80.065260891308611 86.983865121456404 124.1371662694736 77.29442823356267 90.694475243959914 126.18339213680397 101.16038713021119 41.565878106300616 57.588668616887723 78.328374325438404 81.971559548522535 93.117984051398381 90.960108124059246 90.257351254686341 91.335488151531095 40.87462081097879 41.90973784829292 79.913824232345192 75.584360795588779 76.902796815528703 80.092661963336056 92.206132836078751 81.024682814901496 75.563859889473903 77.921642499869549 75.259455183153051 85.103516058042501 78.899770029317537 79.015897179261586 79.761886748479199 80.647088908787225 73.640520014144499 65.477660149759316 77.357237159492257 78.461822439853222 77.723441106570107 78.261665384134687 78.336694215542892 79.375938755794948 76.692718344903042 76.343713866862018 73.488923709414593 77.401618965419161 79.265187614756954 78.006748822306292 94.71741582152211 92.853361186371075 75.016942360627965 74.098632504845511 74.117840643061925 78.567684078148957 76.075953368037446 77.097775857625734 95.775450768743113 93.663678440206354 75.475609165961188 79.204375660491763 89.770617318844458 95.07487179910359 94.618116667336992 92.089329254692714 96.635059904415868 94.025330106775954 84.332805785554072 83.503193500506228 84.673616147648801 84.217692787465793 86.078444645691661 85.933082161946359 86.964337767330193 105.16997785624052 83.748328106203317 84.629197241343803 85.449689316058922 85.808161494993058 86.785510473496799 87.05399831079653 88.173557845464899 85.177603532371492 84.049143633660705 84.986463867534567 85.879666734836391 86.431695757890026 87.495620632005028 87.948799861272164 89.052158949345937 89.288667212105267 84.406083653264673 85.56575076961262 86.25152809931916 86.962976602385552 87.990017963279584 88.622733745831852 89.729343043859046 90.053270557339772 82.328249861035772 81.038592506693519 85.113850816824382 87.457341197530098 89.305492463195222 90.324269698904303 89.704372518328768 90.879707693353041 74.718819648284068 74.628637723062752 83.193543958827135 88.484204176726621 88.10159250739072 89.165250670304133 90.428689715856208 91.172804300662534 73.42626991545508 81.147394745265416 78.980254885054777 84.542368834318495 86.695300083182616 89.861707888879153 89.637752568995595 89.910450778566627 71.785426882467576 71.394731929962504 79.114905856576314 83.436193295788414 86.188196346223179 88.88222104561919 88.139550403913191 87.802263590639555 70.071975423493356 74.446663569080414 77.499347072451826 78.313870948420416 85.814739288728845 87.373881622465888 88.06820898231345 125.69691845704277 65.012675655821326 64.105112353487783 69.780845877383214 78.717514674365731 72.930586527583358 84.231956847100477 86.946372448136444 114.88082814433405 48.711126666568539 46.449854965139387 66.345824733838043 71.237774778547873 77.88121148307998 77.348721895990124 85.276075940803338 126.92443705220832 47.943983257267853 47.716853247201527 47.492381640753393 65.028026349012393 75.860367328787277 76.278074919567146 58.359565994465733 40.098174824328474 46.095511717668778 47.033720342566049 46.944201249982328 46.401310098010356 45.135910036547692 76.728782521001193 40.62191288187018 40.154521964701075 47.250427060770448 46.033293955552217 45.589488721576956 44.495366622966117 44.069945247777319 43.575361182056938 40.808286779316305 41.584123472761142 24.486877053687415 44.83141900975231 41.828245850659684 43.284992622053338 43.029858757170111 42.222607540745521 44.902118454126331 42.455405362161912 25.339995778566536 34.66034743047512 47.738879747748797 42.561946293244908 46.260987850371627 41.313317088646826 39.793634107617329 42.776559171528206 48.482129292086462 48.238294783481777 45.888710221135163 46.179378429239684 49.164492712513429 47.226308756009736 40.831933157351941 66.47184396417984 46.992288395433988 47.302131888863023 48.219607987252168 47.463006507022307 50.303580061182508 49.374544697429364 72.427551016175229 76.231272259058258 50.927852055253545 49.601362872700292 50.073756596927282 50.444067532521942 54.95651275307862 52.794725661297946 75.070996262224867 73.957847005361742 52.021933358910601 51.075040090894724 52.140321843233295 56.420021897657989 56.643094488404749 57.712451654696942 71.850625895411369 73.058220383668058 50.772781043396982 53.860801563572714 51.253522993918082 56.747558048357419 55.480521806030303 72.867324366331886 74.195520258785635 74.879912659169023 48.980151064827837 52.361035719222428 51.548841516205222 73.752796258691205 76.479510443980558 87.251924464160609 77.792877393531512 90.913163706074087 60.821191432475274 57.917402030754097 53.83585127898985 86.161087537470593 86.254754255888344 81.974235173544884 88.928179859545111 90.018565968169241 60.86764892976425 55.61342038313645 83.375032262910324 85.066943732432122 85.454091354979781 87.251825547586208 80.441373214491421 128.17876775053105 70.91837388235534 69.738406214357568 84.716423173512894 82.822502764658552 86.401527615231402 88.237598394013418 92.557329305372974 92.831020728294661 81.093884429284046 78.309681402101504 82.229132257619895 83.945270508313129 87.491169631273706 86.766392193887498 87.845618623250786 94.329627189235993 82.386868929228712 83.979400293508704 85.082982863367988 86.120336140858029 87.197948744819286 88.673363580500293 90.388621213652073 90.695552658452073 81.445534778698146 83.415817588469935 85.0234889300487 87.023869442549497 88.381740611036463 88.231584353655236 91.454363090001124 91.709804278114817 84.460554554542469 85.56204953435541 86.496049834055071 87.692223766624309 88.968692015690522 89.350914523282682 90.840264746259749 92.053417638036862 85.001120458737859 85.431529695998378 87.203664805930785 88.339365166083098 90.058094388704234 89.83773618095988 90.316547415345241 93.248955456541154 85.835406743843635 86.105793057154941 88.038260087948544 89.246344277880155 90.242530571411777 90.161673740915845 91.299238674348857 94.390791418785767 84.744286584289625 86.965146239063714 87.751079498053983 89.15062589334066 89.059371709561034 92.011728156726974 91.162073509418192 91.140779511228004


# name: v
# type: matrix
# rows: 2
# columns: 320
 1.3579693284185725 -2.2380405680591196 0.91444329173685268 -2.3617106020879088 -0.60501827566526822 -1.8690371198441116 -2.0584490781366704 -2.1848560259870178 -3.0418368941320648 -0.62397535907694635 -2.3494295587068317 -2.4283106505954377 -2.2408069747154538 0.22542488235233418 -3.4667176841451228 0.66999630604143268 -1.8012131483715577 -4.7197799190686185 -0.7230635509297012 0.0080410785554953859 -2.0596077503773409 2.1700167406686628 1.116920768845534 1.503564086191485 3.1891357082749887 0.18963793975630527 -0.31960672850606675 1.1313036246855084 3.7332913234978062 2.7160693442522161 0.50390717182756017 1.5180949157775498 -2.5451017907532711 -0.22407451324946046 0.63251359146080466 1.2744067180667979 0.59040476830180055 1.9862705401382545 1.1415394559481364 0.45999408496686128 5.1656868396128397 -0.8259415218270284 0.95312064520867135 1.4481349215155654 0.51044861840422118 -1.2114003868274008 2.7828991988958074 0.80593216018615588 1.1008897495235788 0.050001259010152538 -2.2355760677243293 0.90413860640285548 2.4653186969725658 1.6886433535666994 0.91456620171962533 3.8578389426769633 2.1429362403614913 3.1483349630297375 1.8736142481531959 0.96834097820190002 1.2582947571644538 0.38516744680881787 1.7966793633669906 -1.0381286669763243 0.2994814272254675 -1.8525215876744809 -1.3869575435810744 -2.5555409142093808 -1.4614058775582646 -0.65812130110282185 -1.0417917834305264 -4.8083481724781443 -1.9794947163337935 -2.5719784377285952 -1.9901735314895315 -2.6332598981031516 -1.1501165140706462 -1.9682146695306615 -1.2669344116738899 -2.915169740314238 -1.9761332502473092 -1.8629039599866402 0.89545539291410159 0.63082513898199255 0.52371542304969942 -1.5847023243822493 -1.937256147098247 0.85930066578069086 -2.3355987067154973 -1.8463851648790615 -0.12483180325436172 -3.0252545976783347 0.21953363341482765 -0.8770857185459946 -1.4930839508871192 -0.91295505599717997 -3.089598903522202 0.77875385872360747 -1.5967003482694813 -0.69385823797067214 -4.8710413422553387 -1.3392604007152642 -1.7685417136841128 -3.3538133250878976 -2.5410294620077969 -0.78784134845026677 -1.6860221725439946 -3.0370092289902377 -2.5088535405645005 -0.40646702269104262 -0.40061485947551767 0.45433366330461922 -4.2587630947107478 0.6211374927273986 -2.6256141797921755 -1.1678586466206273 -0.75739937769198551 0.74079181197258126 0.077466161209531231 1.0781282155397371 -2.1587066057356936 -0.67560370840064865 -1.1040099612221763 -3.222512289599877 -2.7248797941345329 -0.52632719727958166 -3.7899010647499076 -2.4599135755476524 -2.3234434069248704 0.22114747468809962 0.66604814819111391 -1.7709880665938278 0.92246381699147428 -0.35871985655765237 -2.988996759924325 -2.9093687761169056 -2.0823200525313856 0.61978173846051399 0.093032462675330774 -3.8024795322907194 -2.1284550750136035 -1.8535030168049993 -3.389420336373369 -3.1420302346738094 -0.12498313696694946 0.50255904296806164 -3.8091331936042101 -0.32536185470455592 -0.47448661357675415 -1.9418371735527131 -0.15650709917682384 -3.7361030400756352 -0.20068516487687249 -1.3924470342180095 0.76454573424546912 -2.5124773763573645 -0.40558765852407364 -0.83043198575791499 -0.91553894821569615 -0.35134542492057386 -0.13728587519730903 1.1980937617349336 1.3857476651467548 -0.22900731020921106 0.14354813229220253 -0.44330678624514713 -1.0697056937929634 -2.2026828280985162 -2.1048479505135238 1.4906603690904769 -0.93382789245916997 -1.9299666830645088 0.51668217179504061 -2.0297011514348093 -2.3500571186990742 1.3322399673787695 1.1017228892756259 -0.79804184881943285 -1.4406466362984047 -0.67485453607240886 -2.4169958114543468 -2.9180071074833518 -1.7500087866004967 -2.0639107415313336 -1.8331759412608579 1.9063454546835059 0.6598160475367687 -1.7028555849754541 2.7360848790137857 -0.93794531896685907 -0.70057064222286602 -2.0013104717606778 -1.5942960692671255 2.9911899166163494 1.2455645654858678 0.61385296172241977 0.66625882076258613 -0.648132434986467 0.9259881844467065 -0.70992529732538523 0.78891725650002442 -0.22948760154534176 1.9099872957090649 1.4426074528312998 -0.43831799650508374 0.40268423243441692 -0.48496932508782248 1.2496136742176351 1.7545426032642664 0.34788205688991847 1.7494691955320409 -1.649934418432432 -0.18909491583072782 0.22347710608834989 1.3028843121580782 1.9936113203425063 -0.21473718166265382 -0.8473404427825143 -0.55963360324667555 -2.5094250100517503 1.7811807003249569 0.45704146277034707 2.3430849089131871 2.1722349986580247 0.32583697189160321 0.17639715417394625 0.25847417825220315 0.58978720117618244 0.45507197558919255 -0.8862166752023577 0.74406775986245244 -0.3073842141100524 2.2728166734052841 -0.15027803584983246 1.6917734975227516 3.3573099033731717 -0.42357044182830106 0.82979632195621655 1.930330909150761 -0.70642992523697734 1.5437843905115429 -0.065328754253346735 0.90697137214518331 2.8731471571735336 1.1962456852064669 0.64583566892195288 1.3721505534264149 2.3479976678579253 -0.54635605851903946 -0.66978171762223537 3.5620097506955952 1.270306822557528 4.4364968892835144 -0.36119533734178205 -0.59333243880388797 -1.1396072695747648 1.270018611110511 2.1280071983956073 0.98640474317315352 0.78293794606581457 -0.55748442000229514 0.23170515171286982 -0.38321982846917796 -0.2294471749489235 2.9265885256970381 0.88167391345715806 3.3089944329801155 0.29140139951066196 1.1172181503393186 1.206156638698906 0.75855828731447483 2.0004019708506871 4.847798506752973 0.35441463833679127 0.28566546265632575 2.9743155976022404 0.9608260808511333 3.2507395325933253 -0.35174535967235016 2.0608845652917154 0.037225100355093889 1.1055825934714898 3.6489281741288573 1.0020886174915378 4.6284457364071026 -1.0656451373905456 2.3742216080883898 2.1694905664388524 0.41141231340465756 -0.18762543309671209 1.9396545156028493 0.79759126886603227 2.9943540113861693 1.8611189878392649 0.99124173391725001 1.8586126445667119 3.7638490583490549 1.2045249260231217 1.9637678050625442 0.49208946092311973 0.70795058991415927 1.8865056100335249 2.3322386672780948 1.9799509941372824 0.25331831755364276 0.78940459794897155 -0.26091733210146345 1.9825900216325083 2.4599793541275736 1.2618741691916677 0.26046856198193741 -0.33879983023894183 0.97969741759944806 2.6344617381630262 0.046428777569636905 2.0704281010140293 2.2476000355468613 3.3895573861797788 2.512188612218424 3.9639046215621976
 -6.3445512990119379 -1.3644465899934781 -2.9243527906502611 3.1959294126884794 -0.062763715241611159 -2.1381058879170656 3.566959317445169 0.29108599795669898 -5.8081168595083668 -4.5400459979297505 -2.5528896451426544 -3.1682129536161701 -1.1794871471024289 -0.01360736148011088 0.3372774846942373 -0.87292639490379664 -4.8331575269812719 -6.1450610387164257 -1.3544506427285736 -1.5739004816916606 -3.0791832592043438 -2.978564101248625 -1.682111276763147 -0.12647778336392018 -1.7811006621638534 -1.9360448762617062 -3.0765355498017062 -1.3688265063269536 -1.6174553054068799 -0.55956800780748184 -1.7057850524397933 -1.8163673580481736 -2.455471953929421 -2.1561388866978706 -0.4701068434339003 -2.8139119522736307 -2.7621067938749433 -2.9562886451265471 -2.2901826426055223 -2.8348233984966331 -3.2905836450022918 -3.7977188263756099 -2.1619093057354797 -3.9059875225882843 -3.6233436261308829 -2.1005210247744408 0.15889121831825828 -0.60201076418037491 -2.1421302882374791 -2.8859095495510103 -4.373914769661396 -0.89012535848841834 1.55759030375402 -0.73282009901168355 0.92450364241866956 1.303795467927525 -4.3290301862553955 -1.1795729586384691 -0.43042038741324951 -1.4125618034445349 0.78396943053766177 1.0133146483676101 -1.8780074027138465 -0.11896710921574416 0.044265269256534498 0.79238354770864317 -2.5953233325244272 -0.70265671128496998 -1.3915874797637386 -3.5579240607896017 0.18531527646063195 1.2975106343904557 -2.0714501138983143 1.4787405795474859 -0.52514634336143207 -1.3466843164140387 -0.79842751982013682 -0.5115337837900209 -1.6618049767397829 -1.1193703448885624 -1.5881213332360964 -0.50041588368375078 1.0640601920755208 -0.34364760267743483 -0.30217181178613167 -0.41968963865014847 -1.725034287680085 -1.8174950106910319 0.88112252054073825 1.1084450288899439 -0.43603022841026795 -1.3063680199938035 -2.0244166246961131 -1.2861793590675124 -0.408391909461364 -1.9152370210703027 -0.68097277833001413 1.7853789159468705 -1.1498766925698283 -1.1615027920680039 -0.29758783203798339 -0.73394633237191809 0.24759183695382952 -2.8291834470879618 -1.5057376837551273 -1.2953723140355291 1.0877624477422374 2.7771094380056298 1.6921098278991573 -1.389305435397028 1.1171496837737733 0.61374350130427746 -2.3831946457700584 -1.813069050963422 -4.1637362537147258 -2.1466420744839958 -0.70956572150142749 -2.3506254151439427 -1.1725655284576018 -2.1656274783183527 -0.020692801451427122 -1.1550407126577404 -1.2151779186967038 -2.5648653987645806 -1.7035781145423119 -0.22360585023803506 0.3937331410902043 -1.7642711646734552 -1.2816900320102562 -1.584072284362853 -2.3488221159895888 -0.25285978960885813 -0.043094888335824054 -1.1777818235205804 -1.947253099777174 4.7648941102642697 -4.3804075524652308 -3.2027538938000015 -2.0289118001559281 -1.7540506352026808 -1.2518996751212734 -0.57061915656083784 -0.24915151315286896 1.5120815234880927 -3.9423838502436097 -5.3762478128178763 -0.67641832568710647 -0.9193099420927302 1.7657799678316353 -1.6940478520392477 -0.19830931102880373 4.178974067163753 -7.5867447071973535 -5.1625699972382861 -3.6844140385483293 -2.0950740234765806 -0.99972951744593519 -1.1149787032814356 -4.8047683630626112 -7.5517640293653834 -4.2646562495243225 -3.6547355203875673 -3.8388234421906713 -5.6373701501128135 -5.6642249463683223 -2.5755200426219269 -7.9550381822947225 -5.5574211469616692 -4.2027842390453465 -4.918815908115179 -5.9373902761007917 -5.4621341915798318 -6.6260446793056342 -5.3118465048538077 -4.2968609119181878 -6.6188161942977262 -7.954756932577129 -7.0286882577334833 -5.5610485072815541 -7.0143499591860259 -4.8587260219139567 -3.9692611706963334 -5.9503845459086637 -4.9029089722013026 -6.6434696766137469 -5.9957003488919911 -4.1157008634538927 -6.201145798092643 -3.3478099733865054 -3.7524569324435086 -6.8930474924978142 -7.4319195368930187 -3.760151284874059 -3.5975910058096501 -6.9428140140844823 -5.2449653481645511 -0.87330467774211951 -4.6331236287087076 -6.5093544091306157 -4.5501066050481453 -4.0528456893537648 -1.4552247481990497 -5.9020045481313703 -6.1647650611364462 -2.4830940588482471 -3.2122988387390441 -2.1201673182197984 -1.9950925362562564 -1.6473840989138129 -6.3255489417838398 -4.3542445257188742 -6.0453202531150954 -5.6321655590472135 -5.8053017368337017 -3.4960282667078841 0.30824978831957545 -2.553492240657028 -4.7992892289291698 -3.183579235784991 -4.1594780227843771 -4.6689145894501092 -5.381820450253457 -1.5917906389977239 -4.2135337827393951 -6.0371513416096931 -4.7487619620288797 -4.8662972848891863 -4.0501405436003139 -9.0800756594026879 -1.0865879346066767 -2.3271609994776519 -4.7808600312454965 -4.9553758204151475 -1.7519732259907452 -4.6981504764864859 -3.8133310374294624 -1.6788134577342846 -1.8169569937953669 -1.3505751566924966 0.067867536482900795 -3.2076190844108989 -3.7585932730103533 -4.9621690176656843 -1.1340210703378617 -1.0795804247671796 -0.79365269024944829 -0.97618013968366935 -0.32659638523076001 -3.5730761257504664 -6.6826523523825996 0.11976721236942785 1.5411012973656411 -2.3585973286261948 -1.1482547698865107 -5.4119372837626596 4.0361142509800016 -2.3802894353696913 -1.2874064735717277 0.88653468640832067 0.67268481896594345 -1.0355680042304487 1.5126361465208082 -0.40609891562239642 -2.4945927995626533 1.2702804497698901 -1.072369632113483 0.29388951302824523 -1.6214228647549054 -1.0321188554092626 0.88051087677939144 -1.2068865836561975 1.7946085951029156 0.86533236697480276 1.4006853129892947 -0.099409794010391017 -2.5535756396277676 -1.9719600694205328 -1.8439728304898029 1.2309214587675132 -0.90405358179730033 0.17839087916378676 0.47439779073983007 0.072584023333514977 -4.0505734838105667 0.6188936195183451 -2.5453891864703793 2.1814461922161477 1.2464502712778593 -1.3739653482622343 -2.331489634832117 -0.60206499411631609 -0.16923548176158515 0.4828821967814938 -1.330844924559625 -1.1494590634385868 -0.56798623485662114 1.174917780224914 1.4459781413393857 -0.67408826895544105 1.2849994977869001 -2.1994381095630136 -1.6588597344401943 -0.25485370774997657 -1.4158335051570559 -1.7805035462760139 -2.68540788095771 -1.1614698033987512 1.0221702935834474 -2.2814195822995904 -0.057299308776041447 -1.833824830440332 1.0578563121206352 -3.2386143629273514 -1.5132096333845564 -0.60021392477780122 -1.10350744765386 -1.6818522189037437 0.74324152166030932 0.71257182114319917 0.79760531669199231




