# Created by Octave 5.2.0, Fri Apr 02 16:07:15 2021 CEST <br1@br1>
# name: ptcls
# type: scalar struct
# ndims: 2
 1 1
# length: 2
# name: x
# type: matrix
# rows: 2
# columns: 320
 172.1166963327808 83.662281970663173 83.366978776722249 63.021940728387577 86.874704888742841 105.98064758175282 49.072934352656063 69.717806553100729 66.346877502407082 115.06709889270739 89.520575555827776 84.142964665253501 103.04582686826473 107.30610038659874 106.61526958990395 109.39635143771552 52.688279497028205 80.961785150428796 85.454778329566622 86.646420447144664 88.490276306945304 152.71578560894488 106.49272091874356 154.12235768846608 148.76291323831921 136.50910102326276 150.57994901272181 149.25533844676085 155.81675512908967 154.70970825171409 141.57836694250202 153.28132257050677 149.22695027318687 125.12800557970738 154.20107886723551 151.41244193527379 152.0307995315269 155.17699069740632 155.40923819479312 153.60625834747103 153.40945604341601 156.20585066137431 148.44808643079261 154.41379973688032 150.74832841287017 160.82312124659771 170.10243239540213 168.1256295658668 152.25648832440314 150.22772043976252 142.59710117828246 153.091829656746 155.93696309472261 151.53228573100913 170.45593409427977 171.71826026826378 153.90490752043829 169.20447368331756 172.07227612132982 173.40120025144358 169.18538018354772 170.78416564615736 170.71344566327886 169.08601795256743 73.707490970025276 74.652735095767881 74.449079718736385 50.867315678784365 75.574370558924542 74.782853937228396 73.459414647364724 3.5530034296226605 76.306268945492548 75.116581389539618 75.877489535364631 74.205838496515526 77.17905093905884 75.481127011588015 76.043337789476894 75.190498907929509 82.887960604481194 80.678128291823541 77.935397605432868 76.747839637101052 77.009348537092578 76.766292551337088 78.306729513639155 76.181566025275146 83.361780289902867 81.735942881419362 79.068110064367886 77.633871737628837 78.17274990330499 77.869448176873433 77.929977271042262 78.107367116412888 107.53746831495062 79.446060214835043 82.182494846356548 78.740914791475561 78.993238117422777 79.010524416223916 79.740737521955197 78.737958363473254 86.162731022362166 87.374027109203055 84.435897405940054 79.308441509761991 80.043134711257949 80.286125049867067 79.174621546386533 81.528715773253992 83.521460326509327 85.229756526079754 86.419477244396191 82.544608250811422 80.358654647580934 82.669420940033206 97.273413847808769 79.69326144764031 82.3980339914756 88.401463803677757 84.773359300787675 84.660579376467169 81.51021409993983 80.829184757357766 80.761151698752442 82.226889018792434 116.31251449702776 84.834181980244495 84.389991700969802 85.900860143373421 82.234236571277208 81.172511998715237 84.117513739764718 50.239095110159198 80.282527501275396 81.472538154720866 86.972353964769013 98.807808557651725 87.824843463962168 83.595620589100477 81.910245937044465 45.984043979196656 129.64420615401218 118.00168199141135 52.770020002541514 86.351226139829592 85.073670956407469 88.02406466563319 83.071044110303177 50.730250024707132 183.6300178472008 126.32607645733668 133.77796216870399 80.658575835626735 86.011930405964932 86.881791187132848 105.49219442443228 53.126565967379847 118.90589001940778 120.67182697884036 116.94790644706723 112.81279816290856 79.835695508445895 83.646897239749535 64.203194804883182 78.752605727570284 117.07438941501512 120.43859974298751 123.09846170164089 80.554831327443907 51.812019726916688 51.343172768554254 94.518692691222867 78.276894953554688 116.12167630153459 106.5493686901216 100.64232738793635 79.113198193190343 98.06261444161855 115.12892712738947 118.64188456297389 95.356781698422068 88.6071379855712 166.35502819520468 137.00148438412529 79.59509548801833 154.32401741191475 65.358218301776162 65.179118361332868 78.187110662225379 137.14704099218622 142.00927007677353 168.65617092898449 156.84318707032139 155.70309954232573 147.58647993917421 120.45346291199698 127.41545900444933 135.72035680854071 135.8872665212289 147.60965928808082 154.57419428270893 153.35898691259226 147.9111014374935 149.30307765804091 151.26978458263784 131.44337391841688 130.99905903670532 149.17024826290506 147.47097139910363 148.17221557193074 126.20465628058913 148.20672534567993 155.15745265083513 148.37669121687085 126.73094305824696 148.83123394402651 128.28045706076603 131.06988531236124 119.94197124444568 152.64829316678438 149.21782001184314 123.98977235846431 132.48806885246822 147.08826136522856 125.70901598214141 183.32364760373275 153.05060483900601 154.18070109683228 150.5665716939757 180.24659611077132 125.98466333960862 147.80016183761711 149.39421077442566 154.73414889986705 165.3720659670166 162.96643593411636 170.64639361166192 145.04734323799062 105.39144955967963 129.04539192671652 166.65978230300067 167.28627703865217 155.03698895839759 168.48187092061531 169.62235641003358 144.59906239001967 133.36866955644089 166.09968241852906 167.71849420018683 167.28528547997129 165.99489823955452 152.28176336787845 110.21146081787379 173.83675453921339 172.64183877100206 114.69674139737583 174.74187224173477 169.93054470576462 168.35395702374046 169.81182615809035 172.99279787093261 164.80850921064527 160.22242648835532 160.89171005582708 169.91448827402041 170.92859708291562 166.42758575754698 167.95369527218855 171.70897015154898 168.95207594971313 173.56403322584799 171.33878446846319 169.18549686500552 170.30137661425604 170.5964847498044 171.56385354428102 167.43377713070944 168.92251191983794 177.6089129056146 174.59266521073621 173.64255312747571 172.55945128554671 173.21246709816748 171.57871485135055 171.65668899384417 175.67483849895791 174.33122595495152 174.07937231642592 172.85973645545482 173.38822905109032 172.51533874913517 174.13679848515616 178.20126755253608 175.43852392315733 175.16352288696311 174.77475977055985 173.70538868253007 173.64325699512895 172.40583025366979 176.44243672711727 172.66914556020629 178.75418709265836 176.4044996297113 176.04304027456436 175.53852840614562 179.14318797321755 175.37864204034753 174.69906764986339 166.60574414740825 177.77435328695941 177.3827022231925 176.62648954965562 174.41496358750831 177.47549776630575 177.19440492356901 175.76507726164994 178.69753488530236
 50.415769459242874 63.275900114440518 74.11532438048134 172.23590393040709 53.287354778352856 71.012796688476598 189.61762847837522 105.5412313994777 5.2333519251255174 11.147495364288602 52.85760655334402 75.009944365949465 81.847138941390625 71.127793535375943 73.123284940807906 78.77899667965599 22.468596565545251 8.1068511759901263 56.849137153545826 54.330406314790274 53.302387970465936 43.598084191063116 72.063882974981439 43.203286838024944 41.161948561091656 49.282600159367099 40.856059946614224 64.502677137806231 44.162539100410854 44.254302500119721 49.239629619274019 45.320218572687004 38.996822345757508 28.459469504321369 42.18475982315956 43.725040308243372 42.536503757251893 43.311221004917563 42.302297414900934 44.359936482342036 41.330310199557992 40.193303527848002 39.690153249128386 45.447655154300428 42.814622219629136 37.275562508159048 83.778177849490717 84.11188168210235 41.45153388607001 41.905444144932645 43.092472667231121 42.292943021040081 41.270933335711177 40.266021037797685 84.786581324592746 85.324765082893805 40.479405637160454 42.902770800079765 79.856327503926721 86.810242634107141 84.715564225826327 83.023160016655112 85.754406514373812 83.356308048369755 75.677555530968917 73.557793592249453 76.606080751496179 73.642709282612188 76.418504871147604 75.603086487711778 77.108214189527786 124.69751290381249 72.311190980101912 72.5545665810874 73.362054457110133 74.531199019319317 75.575921212837756 74.397821677069786 75.401159022803895 77.786340312850143 71.922086984004139 72.007500579248756 71.234097393901095 74.474341691944147 73.372587725969083 76.60298237214819 75.533306448416994 77.666349434982664 70.908137597150201 71.939740134686758 71.411316543771733 72.382794828651797 73.442286776117086 74.546975734152966 76.518715777718313 77.705065612729101 72.239524966745265 83.73916956467896 70.838779954871342 72.410016491974673 74.389373927075354 78.350195183561908 75.336812116738386 79.585939016345819 57.674192389684329 47.045246400150788 73.960169955806805 73.302487554127978 74.270167097519419 76.35652647218707 76.384558945474566 76.510790357292137 56.046259521310013 75.194854626123387 56.237101674384334 73.239979571632986 73.202545853521158 76.313537954553979 104.42895458860757 77.457410595292728 55.147010843865729 52.249075692790598 55.755064766456819 72.364732668873714 73.094220254507036 75.475444410142742 77.390883294145993 77.39119514631777 48.184969994620666 54.576772371801525 56.788745601601448 52.713539046415569 74.223781324068852 74.221106519205563 76.151839513330032 189.24903093548642 22.044359749444922 22.253860522700737 45.983318348682872 54.757340459489541 55.331640854214186 72.967993689951129 75.401161553662405 137.63765507283182 17.292667419097072 23.79927675958821 37.24561423714205 45.024137852635221 58.030885066561389 54.226964975893324 75.305332280039863 188.22604203003354 33.744608370949919 20.200159697661633 42.292112734289688 23.110264961675483 55.249309049481788 52.213350718246708 34.823944603526769 21.482482842202323 19.166635751338866 11.624979291854199 1.709535453814347 26.212602870406542 3.977112971077132 55.015526467129853 5.4244355012680536 3.8937322328096915 28.990033310994811 22.371693524027759 24.091401206825488 3.0949912061779945 20.422971384758615 21.585647808330151 24.256704614374748 2.7822201795813895 28.137368099280337 17.054312101071112 11.060669434592926 1.9338795862263827 0.56294938404194306 10.040862394358372 0.20124792191450996 11.820224532862914 77.005511660225025 55.595079573366121 6.5534087781494534 2.8499017414581678 1.9321396395244073 6.110416804848521 4.9843908334276801 1.059338779146838 7.6507660172003815 11.257767756791635 33.291570757465671 3.4005857206600125 4.0381725590088999 5.8957826764641581 8.9407068741916067 66.856967180844279 7.686211325933149 8.7550350383764712 10.890782352161569 4.1363185764558104 1.4714136861626481 11.920626034348686 37.743962182480928 41.75277310939412 5.8331005519909125 3.6023379206070403 7.4875828174206926 6.9673492273441706 3.8311293375448874 7.6404658269167349 38.275273275854175 39.869885845740811 1.4096412587297478 5.6560025762246591 2.4960994047442857 17.481288014283397 4.8169239391314367 23.549476195818709 40.461612851863286 42.127823483258197 10.793168219684414 5.0589524569798705 3.9934895222347966 4.9245680438137809 13.657827809454991 39.41734762326535 39.392197614099558 39.774343671541786 25.598255032423108 6.4672756929944137 2.6332042164640423 40.285196716008045 41.205618290683866 81.076646297145544 31.576544578863938 81.876762338394158 9.1914533444327073 32.440997878015075 7.5488245558882667 80.764145457693843 81.918370295543198 69.644576123068362 81.247963150250271 81.196204854470324 10.43952861414715 6.199516671673952 81.909304405888463 80.480538011335526 79.39566294452257 79.631541486618445 45.913642204899766 188.92228722781522 42.522043643576744 42.935913023567892 98.363134133270151 76.862522022494488 78.77964756920889 82.267690004638766 82.453572817278186 84.460382756029105 78.354155739030332 62.170518438810262 65.967543197381573 79.869421712710789 79.473765364113959 83.428693295838926 78.387221110729072 86.48352403141547 79.139418878658631 77.416600366298269 78.444423965281402 78.04028461991642 77.685898078232995 80.68564336370892 81.166930680713236 83.059960969423557 80.29523482809752 80.233755814669948 78.009559659154363 78.56603454401062 78.574349879997854 79.590342304105604 84.044822417728923 82.318606161319622 78.008912713222259 79.360288610441401 80.39113710459533 80.604149707353727 82.39880835366921 81.624243067818469 84.45347170929611 83.959971630410521 79.100322800575128 80.099219832622055 81.215239139603938 81.369519324284155 83.450059768411833 83.347882280233279 84.158758720043735 85.95365651419678 81.86192827173106 79.66648862583834 81.177577305152042 82.144269460692399 77.551772346231687 84.439080813380102 83.383816460760542 105.88823173277058 82.312556476511418 81.303998222090229 82.258963636174286 82.200228364832867 79.127590958724824 83.166294755796656 83.218573145807966 83.006411018027464


# name: v
# type: matrix
# rows: 2
# columns: 320
 4.0452272840958052 -1.5491047806532685 -0.43461533187424428 -2.3617106020879088 -1.5507701275260228 1.8784225607669991 -2.6216512182514626 -2.1848560259870178 -3.8629746147880133 1.7690533886080357 -3.6000672380990268 -2.682960700025403 -0.74118715823311598 -2.0267502326019486 -0.66450534786074822 0.0054553980679680576 -6.4059251759307818 -4.4819068742017949 -3.6134289184467381 -1.153811761928462 -0.5857594266140439 4.6299002134827552 0.53466928687523074 0.41711775521539951 2.4065058015763041 3.2865924376512514 -0.00068165511814075042 1.1313036246855084 0.93128837507980766 0.16959599589642749 0.076597165524798977 1.6580876121730896 0.062333083859092323 0.95492287514684171 2.6954136968416629 0.40182558411810082 3.2909152090824918 0.89706585732506627 -0.71967340844569638 -2.6649118926453297 2.0567547218466338 2.1610040375782829 1.9332821131574389 0.19331635049937979 -1.3275158561622484 1.6961192366017308 0.39703910807363735 -1.496689236651543 -1.3668288573022676 1.1373061614953393 0.56229828007824556 3.3344013399601189 2.1218436382326167 1.3248329969029791 3.5416902392278451 0.080424263222546338 1.138870772883835 2.7951920726202948 3.5118283370756864 1.0213950569518793 3.954786339236418 0.78289288984500716 0.71545682145034861 0.65997850862252083 -3.0325268499086602 -5.0905059595835978 0.075569146119769864 -2.5555409142093808 0.55022186540577156 0.84530769166794528 -1.9783653494507083 4.8083481724781443 0.11435337495324908 -0.39251272681062066 -1.9133448332972176 1.996804254091189 0.79975742217008516 -1.3794814126064692 -3.0657761157331649 1.3161756766713608 0.25983465383470783 -2.1829398482125786 -2.1728125345608493 -2.3362386904051489 -1.4693619569927123 -0.86008787888910565 -2.3904999179078903 -0.2951536602709956 -2.9000014734695161 0.79970698056012246 -3.5512936831026534 -2.2875769862874336 -2.4542021299641572 -0.30659540401214186 -3.5659421388143038 -0.72056468915224448 -0.86360731146843606 -6.2008401770682422 -0.24638159503614188 -4.662757891330843 -3.0955309943126021 -3.41495997425318 -1.4481442271019878 -2.313512930677398 -2.2008522408739997 -1.4487725038731245 0.84769681087470961 -1.2886843696718304 -2.1116404351851212 -1.4591551795617921 -0.54147067262671678 -1.8102933845556746 -1.8472690713058109 -1.1136916585425769 -3.0575470148538808 -0.38789478511436221 -1.0299887987656899 -3.8179428666011952 -0.98235940944024569 0.4183872452629388 -0.34592126128747935 -1.24677744638123 -2.3039948311441081 -2.0592618704717558 2.5941915776190254 -1.3073073809922373 -1.0155392436397463 -1.9391079694395734 0.63942593884555221 -3.1451039063502555 -0.62350936647761812 -1.8539783457280548 -3.2632053833083856 -2.1171934345074774 -2.7504076605617902 -3.9718778900887344 -1.0286631844111704 -0.71409339111644243 -0.77369355453075084 -0.26415823193366156 1.2081368394911747 -0.37570583659548934 -2.2587081913623837 -3.1420302346738094 -1.1289274141451922 1.0742258202556922 -3.3052369035009281 -1.3379858302771144 -0.2135662775095204 -1.6730061526845421 -2.3165519836501964 -2.1103917859890222 10.35078207216706 1.7670819465546246 2.9794398013476497 -2.7361554050038914 -1.6774649700405571 -1.096375572901729 0.29401742164520156 -4.4647389358870635 2.1289798520658563 -0.77894882957280687 -3.9200729896323203 -3.3913228914080427 -1.8725368825939444 0.15355991686269144 -6.001920248086476 -2.7998299857688345 -0.39481332671407676 -0.26884759396783303 2.1595107491211532 -4.4723168367780239 -7.7622167079070454 -6.9762416747452836 -1.1946868770402617 -4.2466211886212522 1.7309346491263926 -0.86365086495798538 -2.0628606792712292 -4.7178650141210667 -0.75816249943952441 2.6030357754222386 1.0183019406026093 -2.2070062866156208 0.5599963309348468 2.0712909729583764 4.5355374995454261 -1.550300015283482 2.7694367430817155 -5.6608346278536699 -4.7452893478817453 -4.8831111823094044 -0.14331343960333859 1.4096056935038199 4.1268127163193284 3.347536930291898 5.5908715474107407 0.79717836094187333 -0.954457520255243 -0.3069193709385597 0.79608612870131301 -0.7979551017441775 2.2124994386350316 4.1489817300951382 2.847785513628101 0.57558122695460545 1.8091463255381033 1.9505702891016203 -3.0683601909777427 0.36517517646736597 3.190864692878006 4.1774004364690036 2.2477611596694329 -2.7838872602639069 0.22885826842909929 1.1784479109440529 4.9057358030035427 -0.65270992899307623 1.9089345396620414 -2.0095231105904769 -1.2737766856704844 2.9119569353618835 -0.50783466857431792 2.1634557947946935 -1.4805455437975275 -2.3576567251292007 0.86163016913458357 -3.8758770814391998 9.7918552122602343 -0.75678518018100516 1.2965373096420605 1.9508817089774142 2.2728166734052841 -1.2063410884603758 2.9022567624243178 1.6550773257663887 0.75130394217522178 1.7121780504786397 1.6181343393369052 3.2073785976712297 0.80547795243389353 -3.8763432081304114 -0.018388054878221378 4.1287774557529913 -1.1541394556819722 0.79445250808365253 2.623240051139248 2.1554292396405033 0.30601675807987305 -2.3326776950403523 1.8901004814071116 2.0936509579988356 3.0822124616963502 0.64615918230216229 1.135481304576796 -1.1396072695747648 1.5123614811736574 1.8856643283324745 -2.100086601167332 0.12273341561740583 1.5084371598770332 1.1501256351549096 2.2306965318916627 4.069996079837602 -0.025315554908441333 0.88167391345715806 0.51532177851477956 2.628460361267801 0.61173107906880964 1.4980194444020247 1.9992528572332773 2.9879152467190293 0.65239479125880662 1.5967141476427225 2.120800189192074 -0.69727197400093155 2.6794199300131507 1.1965248829603166 1.6787033854580922 0.99581903565324259 -1.1093077415874641 -0.27815102568830319 4.1349743365645653 0.2946128123502415 1.1602606776440771 2.4437432025369734 1.4012272562530881 0.9047490474969343 1.9434601812029637 3.0999873749339262 1.980909711501432 1.5388837885404094 -1.560643819158523 1.0976122834923658 0.88801334532006848 4.4721285018256127 1.7205309945429228 3.3128032516857506 -0.52441900993510437 2.6999500659598485 0.074255203748626292 1.2353877714172741 1.5422946705306066 0.54805897257257663 2.5644767632560121 1.6000421182345719 0.44847657587870216 0.47929429346039726 1.4799973558153965 1.6295875083201719 -0.64033192467819244 1.0795806053282941 2.3027901688627672 1.7978170480651943 1.948717128880064 2.8505873404741919 1.0165751278527397 1.2765932154049724 3.166772892863015 3.253507944181659
 5.6746610425660311 -1.117490105380994 -0.41580376204838332 3.1959294126884794 -1.1388230350049313 -2.3742702344951239 4.7313513146508059 0.29108599795669898 -1.5350755093866557 1.1245599492733798 -0.33063578027037355 -3.9382143980470352 -0.81039780598378297 -2.7412180092325715 -1.2158052125906758 -0.11200043242230964 1.5619724011280507 1.0634697339613519 -3.1865429369030331 -1.3981361740413893 0.19208569922553159 -2.8893890024394451 -1.5938858329265588 -3.5494623779454191 -2.7981765028739769 -1.6842615605321667 -0.27109678005103055 -1.3688265063269536 -1.0829800422298843 -1.7212763522140329 -1.8863316855641648 -3.2327771729708892 -2.4563067619154948 -1.3575735504779309 -3.3449143862001258 -2.4428663896764209 -4.2088659232654795 -3.0284228560189308 -3.2515929012438995 -0.62458362047840199 -2.195147177631199 -3.9222343257397219 1.8512384107394977 0.42327650194877575 -2.195736760984488 -3.0630822844400307 -1.9033582212169058 0.28964820446962808 -1.5240311004748934 -3.2697074790194578 -1.511915700213561 -1.980467038418442 -2.0388046477220807 -2.5580853232750114 0.29242160815986218 -1.5852709503750662 -1.8962556841051086 -2.9485163453822358 1.3275472617789179 -0.36740235613135108 -1.7172015406234442 -0.66925761574982223 -1.617443512815899 -0.80782216914848493 -1.8298810593294079 -1.5865737066113452 -2.4464184829097704 -0.70265671128496998 -1.1646437042688615 0.5331900180050887 -0.08131269576954675 1.2975106343904557 1.2678285724407952 -3.4882271714423538 -0.020460628074206337 -1.9332823033663891 -0.86645290991606772 -0.56592509262997504 -0.46834814377574363 -0.42507826680365379 -1.2685597440840559 0.030300827460745888 -0.64146651068472882 -0.038580384638942297 0.9119185438126064 -0.77632115067866825 0.62231747017183092 -0.76766620099116811 0.26821715587061307 0.1327311694301202 -0.41795230659291527 -1.0057999831878441 -0.97304593700016973 -1.8694944178309205 -0.72279601872948052 -0.37635536805251679 0.99490980696015086 4.8970965420429486 -0.69254064294028372 -1.4370399620123309 -2.4129352957331918 1.4380579442590258 -1.3683460269606593 -1.2831796214441578 -3.0283931075487156 -2.6923114702575872 0.46199406471671733 -1.4047162002614741 -0.88148232916228064 -0.6687976472011915 -1.4822143684665869 -1.7212991063141974 -0.45283655670474943 -1.5409169451892357 -1.4511995064941579 1.2698132476488839 0.49004182964291498 -1.3152629511449079 1.4511542305423721 0.28097523297587046 0.44091285916959311 -1.486785167041194 -2.1045268301189624 -2.825510597661796 1.1314877386474618 -1.5986018338794945 -4.6369063619143454 -1.241407866857851 -1.4985947257817349 -0.48237359592675189 -0.43350024415152222 -1.4949763027008411 -0.90056158498429029 -1.7227646733746005 0.93888970971996555 3.7829609467650549 -3.1059979352463141 -0.71831388638540949 -0.75751547048380685 -1.2143987563600565 -1.9728807871103562 0.62888165839554022 0.80428553716531592 1.5120815234880927 1.9057410854380445 2.2144922369705342 -1.9440862629784657 -1.9112690555452763 -0.51438358171244114 -2.4281318822741467 -0.5111790231525265 3.9965152334573775 4.0790060925250726 6.0696738027171175 5.6950017758415452 -4.5862557108187243 -3.6783856868351354 -0.4082403479884677 3.9114275897843478 2.5249035481377331 -1.8896500028491148 2.3527586518369832 -2.419958564263117 3.5401989572604635 0.34083737019017896 -2.8325866518011362 1.7480266824538568 -0.76694961727600686 6.0766626498413769 3.5451042380645679 2.6939712065157497 2.4337579972685028 3.3757491592175128 3.2595757157056378 2.9453708658843212 -1.3169682519268544 2.0092174177130704 2.182676113160066 0.45209373950366916 0.19209177651021031 1.8249665120869287 0.70994473675133407 0.25424653176884954 3.9997167321991984 0.16374669928492003 6.0062512266845944 0.55132518022192967 1.3512298012243062 0.16387242840444313 0.53913804257272435 1.2982792527042817 1.8682604605184179 0.68454530420425541 2.5207145001160329 8.9777298278450584 0.92228822706465552 2.3703114501796736 1.5295412953258083 1.5617942349986416 4.1833626856438144 1.9190461406682526 1.9609043176230292 3.7418870110141547 0.25659253854134673 0.20509165308522009 1.5926291666129899 -1.8795058706055812 -1.3472176784800798 1.0152767186283926 0.89127962688580076 0.89815862749192443 1.2969307978585189 1.6005782498026579 -0.48369630292306093 -3.3226007527268941 -1.7290161906353085 0.016880404885386335 1.4444199127625079 0.71207797917919524 5.0070723759473257 -0.35756256840683326 3.2903519698742052 -2.3564997690323781 -3.5424206286723212 -2.4251076161160574 2.0459335686469302 -0.3583015072077661 -0.033992010497022815 1.9077300108608601 -2.4383596124364213 -4.3433825003502964 -2.5594470017177642 4.9553758204151475 0.36033757010191986 2.3588684200473788 -3.4186201057131673 -0.1140031145247147 -0.021640540293431706 -4.0377167529329059 1.1698296482110493 -3.4059927778446211 3.6832887260565221 3.3848254212749538 0.9505822833925982 -0.20700854913690109 -0.81940030315974965 0.47621223924869566 1.4354118083981582 -3.3922183577372884 2.1231087267337316 0.26843999943229946 -0.35122309853333605 -1.2580768690515722 -1.2812840305864741 -3.0374722324704178 4.0361142509800016 -1.1329988188699969 -2.5346970900714476 0.86357808203941411 -1.2230575353044268 -2.3191778168109907 -1.6102162559218036 -2.0736935384672837 0.52568573500753824 -0.2294374933288931 -1.072369632113483 -1.9795123299974435 -0.78888656931124423 0.033324181617056373 1.0402989390968351 0.038025087197102389 0.48940905526798562 -1.4551256436537585 -0.20475404942676381 1.2775947669493481 0.42500866777431962 -2.0140073786271362 -0.44919806901604953 -3.115211438017468 0.25695359237390103 -0.53882386017417705 -1.0521256121666482 -2.0549893060242383 -1.1882485603518338 -0.48957670805543191 -2.6873575458535282 0.90196168925006415 -0.73411369382936409 0.26163180918100504 -2.4049629250249605 -1.3919691568166104 -0.99100526425296975 1.9364622572163186 -2.749504004083303 0.68763168312443046 -0.013524936612139722 -0.62269374579409154 -1.6447194652787731 -2.6252919932916519 -1.408159747684995 1.1426567494587263 -0.35380401543605861 1.2986166422407845 0.28897414618376166 -3.2882943594894121 1.8713974587149069 -2.2539577811538698 -1.1286300476474929 0.097300890483151201 -0.38000600999017575 -1.6824811235568111 0.86129832952167451 -0.77972643966580568 0.48028517288513084 2.5495587151553392 -0.75686144170338965 0.56826102830213887 0.7986639905780063 1.6935809369456085 -0.59994813023156346




