# Created by Octave 5.2.0, Fri Apr 02 16:06:35 2021 CEST <br1@br1>
# name: ptcls
# type: scalar struct
# ndims: 2
 1 1
# length: 2
# name: x
# type: matrix
# rows: 2
# columns: 320
 157.15827362972698 89.006693463917628 88.517953782092306 71.169842305590819 92.024574368911601 107.73956683839091 59.306061861110244 77.255559842760448 82.438357621182732 107.81968712473233 94.240636896643124 89.587518716750452 105.60292256416525 106.85001631492224 107.78216540142721 109.37753031438261 74.50901988799707 96.424363866424017 91.510331206953381 92.372393852469955 93.173482400624039 148.92447316736514 106.66435200687694 150.53437899987375 144.30797964088762 126.74936775856364 146.74999072910853 145.35234094159381 153.16556998026638 152.53624519968716 141.31410672143895 151.83979432350299 144.9588638276276 121.83352166045114 150.88553508823233 147.41209372119491 148.53299557869275 151.80488037490451 151.72548134556448 150.34828039661673 150.02839861656696 151.3762261651907 144.13039488225368 151.36188567414237 146.21320094813734 154.97150988032379 164.47120040027588 163.79293272008204 148.33318585942388 145.92660424280814 140.65717211201087 149.70378253641681 151.3809956227299 147.7797775009623 164.41173319243313 165.19435622590728 149.44354713153336 160.20173124839116 166.49219066105564 165.1739713252083 163.09277169300344 164.26607118326959 166.21976498734597 163.47234736298839 78.011968698883848 79.187924508041604 77.998379284731371 59.683931832809009 79.455436289175935 78.337280270762619 76.833764357891965 13.035797765426839 80.924774859398511 79.810887235584431 80.39820157756867 79.012912571020024 81.749893003099317 80.114201278556806 80.54543792674923 77.062709900524837 88.060700146201597 85.882106864220589 84.422055413856356 81.362765543607409 81.941567256530291 81.391791640458194 82.805461367864055 82.043589695102952 87.924380245200965 86.955200680432966 85.175463989662049 82.604346966643632 82.973025421800713 82.380009773289387 82.569476511188597 83.261507733319931 108.835216333129 90.380323359704661 86.879247890260231 83.992125209829041 83.655378151097594 83.943208949730433 84.165057297310497 85.743525693398496 89.756208735137605 91.221165961032426 89.813843795871833 84.195316938034097 84.741310322384038 85.050322526040105 83.793974051468027 86.099994865579063 88.913372528744219 90.622777242351191 92.867096910526072 87.659982565198021 85.318972332202136 87.323387184415267 100.66255381037655 84.567509311646077 89.711536501633248 91.007707722734963 91.84470243853103 89.128513351788854 86.389861926326773 85.673981852054723 86.874539464332784 88.323742826787154 114.10649500800989 91.056650967010384 88.555151053541664 90.869905500043956 87.129922258780169 85.94636051516585 89.056412977143168 60.451800103007002 85.379014430136706 86.004239801955748 91.143331465742364 99.719345825957646 92.781350221867669 88.747917221356076 86.716746965682361 56.824048288819 133.67954796709489 111.36959116982548 64.17308731961819 90.616668802976108 90.449715348749891 93.481503705286968 87.795410057186061 60.312944608840937 147.9198196982183 119.7010982916875 123.49889485405926 86.482633592364266 91.830929002053409 89.775557261851077 104.51387755716827 75.520040684957749 113.92847051622243 118.52242859668979 130.09333066609528 113.70982710900746 93.213025704625196 90.00360608716737 83.489489997879971 90.310453447215096 113.74301819476416 114.88973862931267 114.80587004745514 92.587089283969405 73.975432664735166 73.317017328111248 98.640362417008902 89.338637908338882 116.92979933016866 109.45974531214929 107.90615741446136 91.463687617402258 99.528420563633816 107.21488945849609 114.90199080887095 104.12080788829736 100.39470024364229 159.55581407724708 134.86685819637799 91.485820460765908 143.29715451629309 82.565479285973666 82.529097058567118 90.588622252024052 137.94195741515162 138.93504434880458 155.73507236514723 142.03075646378446 142.0115039466549 142.44325855629208 130.23431489058743 126.89532018899652 135.49463958862719 136.53040136862523 141.12277445379092 143.44160787399295 140.49810140063283 142.20357800772143 145.98284922290026 145.50663330087636 135.94935445539809 134.57199577206597 137.03188518519843 140.70523965153413 139.88555452173648 133.3048915353624 145.29493577359003 150.33531200939069 138.11139534692336 132.09240035396962 137.10515058799382 133.44426734294476 134.60891582562377 126.48950011384731 148.85095056491278 144.49314264204125 127.7898314005129 136.13562607866152 139.39323914536746 131.75756833808268 148.22534181395966 149.22430918809133 150.36941387688506 147.07127406470991 172.40537858752239 133.167486820292 139.24507892470936 146.35901360226856 150.55381714703643 160.02419067408528 157.39885108196344 165.51181541183425 142.69514278956618 118.72879039031639 131.47959196701945 161.38700132007597 161.90284670120033 152.29612780550124 162.66223275532522 164.24305769816155 143.4727653476948 135.10402309946286 161.20669972145825 162.240514132605 162.4291017662417 160.35130416476099 150.69990111389001 114.143105897911 167.03392564389583 167.72147862352369 121.94204017139901 169.64372036270458 164.64736527499048 161.6159313053185 164.56495139011463 166.58565020982343 161.46532735074413 157.18065148693728 159.11384991994547 164.50348794152634 165.55784005968493 160.8571225918844 163.7659734739955 165.53368403120567 163.29437460508353 167.01248430384442 166.57624137081007 163.71932034760704 165.79112016010194 165.51697401883797 166.81524066639145 162.56141907415588 163.22720460235124 171.73808442390177 168.47653970183947 167.6339001130431 166.43691125118733 167.88622367227433 165.51291357868655 166.85945467437784 169.55536021705231 168.95670821296935 168.78967986128757 167.79151362355276 168.55381370565871 167.7889111786649 167.45666980022449 172.97128642971364 170.57610108482066 170.2213832092298 169.88169844618767 168.83460029540862 168.62677795414194 167.70281814337446 172.20384286267191 166.3605436418845 173.0107402257494 171.32058077645831 170.89020050297367 170.66110771659143 173.18911790068216 169.72984235486368 170.52535605075977 162.88119105902143 173.28309580745199 172.20262999270014 171.8170934586617 169.53785415745094 172.86104335474531 172.6833641109512 171.57138004648067 173.31036771241295
 31.018102364564147 67.131240978003675 77.013655718944392 161.20994745663907 58.322045902036535 77.030858929070774 174.71465155343964 104.53698470652292 3.6629487602596291 7.1222722893095298 58.749557858185625 77.073316507024998 84.643011372034039 78.080939418309725 75.851914939440164 79.165398171517211 11.647045092942296 4.4378805938235546 62.583567026936301 59.397926541904916 58.552162913783228 51.945693491816421 76.267492040101175 51.786652416309984 47.495764979446939 55.463521935229664 49.212069665121781 69.225128584637801 51.64121137657181 52.502738932601233 55.747473934471053 53.571276936722853 45.735446193139147 33.143098253469901 50.759104146158997 51.157688201103447 50.794971421335461 51.568332533882106 50.043302738837056 54.268896595029283 49.854209122265253 46.955210376033527 46.40258059790456 52.599421479906184 51.470611739798457 47.843196389477392 85.517052498072871 86.407345527919659 48.176160002643726 48.061036960522898 48.308581832966837 50.985828512731452 48.073255542682894 49.46749855113827 87.239047519327315 86.333379211170609 48.387340083543748 52.879299630121963 82.405880132280686 89.065243225008771 87.376049589179686 83.399697412911266 89.270246277130369 85.314213296932621 77.223527626404348 76.633094902241979 78.303823259714747 76.066874936548729 79.053306092053788 79.375395826425716 78.200818306812508 120.22110121516643 75.160773743877314 75.525384961202533 76.356936094302142 77.868013775753042 78.156956132437912 77.38850508771479 78.521803628647959 79.24407486231064 75.024240622915642 74.606453781119058 74.410945783363317 76.952172729335231 75.869140697995959 79.323022602216085 78.419467336180489 80.459090938303362 73.923187182438809 75.223664087725425 75.552170508345185 75.057606042243179 76.18819217633677 77.221456101721785 79.511091328292252 80.639487506374991 76.245507493347915 77.722803197742252 74.112533833391652 75.433594352517019 77.523265707507107 81.668136308862813 78.631337361473186 80.432281024696124 60.538400929629745 53.299416938189559 75.468489065841808 76.554361542845243 77.722352569214053 79.339990588889009 79.638151328515406 79.445203643483936 59.118728256304273 76.324364016529785 62.219607638580257 76.141958877110937 76.653370642159672 79.29997808666316 99.422472493234963 80.626360780088334 58.344312059529948 57.308490703348099 61.558560328549405 74.549619439194856 76.259785719222208 78.480557388353958 80.315790508290533 78.968657585645403 53.35512179856611 59.664504824770667 60.133556224541344 58.451284881649528 77.164514465155634 77.486308591876266 78.04774652334207 175.30772544888575 32.479205697743033 31.482993391492943 52.148583947424029 58.947947977502835 60.994518075525903 75.883853412396689 78.335539158754671 132.4209738168031 8.6080900927278954 14.889491577411114 43.952711844415674 51.100482903044245 62.734940999726099 59.617145860306628 78.042421898524765 173.9079695842577 19.672037351737728 5.3908750466541537 22.644356607636947 32.462744131539147 60.32757959849021 57.166783956380286 21.11566323091084 11.828695929862173 15.695301755039564 5.3080494236664686 3.6396336817393271 12.995202953281968 3.8503694282587193 59.355328906162129 3.5538198768539004 2.2425789448481424 16.729333441656976 12.273773064812014 13.314040464756014 2.2691669423330119 13.340988502842702 12.151376231737407 14.095175127074254 2.6379464682194014 28.632923413916082 9.5066235126112719 9.1324011559639366 0.67041931743796013 2.5351091771840202 8.1230451779517931 0.15236074058572885 6.2894960666177031 60.812320758195455 34.889776616670581 4.2791981721176944 1.8275205794031946 0.28076433631523184 2.5874936257657497 4.8745615860029634 1.2440652636406615 4.8383801946402576 3.6222381438194851 5.9385113180662703 2.5416339385130273 0.21217724737199298 1.2780608673033975 2.2434888469055831 52.054146523347228 3.1194447229136895 3.3748121583346955 3.253898767664777 1.8823302236510471 0.89275665786002045 3.6107206278285546 45.93764536855123 49.268557345524385 2.0697903443148498 6.1152393247752777 1.6713726726860392 2.1727361915503156 0.097097618429682772 3.8416590837835689 46.861311781934504 47.707460877569012 1.9754118356973203 2.8478295226931714 0.46920495574774607 5.4764989872997818 1.9591302321824795 7.6812181242077546 49.279106635231699 48.983719480235749 19.662149009760505 0.59303247170834561 2.2438344160021724 3.8095212811423274 3.4560508053193009 47.257146828256786 46.563935271197906 48.161908207111601 8.5022084519901782 2.1510601015906619 1.2346512559856808 47.042184011615205 48.879899980807586 82.486874533365722 45.50634266046842 83.146044106785567 21.174330295234299 19.947507960979753 1.467958673798381 80.989680803797185 82.859091519580659 72.471507168972011 83.698910078674515 82.347707641511803 21.858445629133367 0.12015145148521958 82.066132197724315 81.746003768446755 80.550114962747529 81.38575167207091 55.301223216486811 174.99769306192616 49.562085677896761 48.549421875095824 95.383789750237568 78.809137383537774 79.860159423487644 84.118946216515923 84.428769676284247 85.61580552710798 79.915153178447383 65.870193669599828 72.796860735876592 81.278921013839707 80.677507536092492 83.345388585770024 80.517604707529756 87.756281157284164 81.525977924495095 79.088959454894322 80.1503327252194 79.306014950784387 79.3684285810956 81.759544721855931 83.497533920963974 84.762830624160202 82.739963668780533 80.424206693493261 79.483607680712055 80.461119444622653 81.295061319738295 81.676411608692248 85.150645567223535 84.60326756095877 79.842281821498915 80.996062334912466 82.333117459179562 82.833494761547612 84.749347434134478 83.91862240251433 86.402893263826371 86.382247569798253 80.529011575785532 81.52118922604518 82.683102332654201 83.378592402947845 86.06536527227081 85.359523438506642 85.421894118882008 86.802649661792231 83.07124736281763 81.454108977346039 82.49086638187805 83.580846259096077 78.368196185292348 85.732718610526291 84.926478176943277 102.91675249591884 81.945897313980254 82.284124055506012 83.390146540057899 84.259399169924876 80.684650389003949 84.22442142548384 84.379553505546895 85.13729625291046


# name: v
# type: matrix
# rows: 2
# columns: 320
 4.4388033362693289 -1.5491047806532685 -0.62080432438726818 -2.3617106020879088 1.1980649788902547 -0.19709995400514171 -3.6184889800559561 -2.1848560259870178 -4.9779504770892062 3.2698346635489375 -2.230924248012033 -2.2137921098122106 -0.74118715823311598 -0.73657027458854607 -0.87328417327014851 0.0054553980679680576 -7.7096988953689323 -4.4819068742017949 -4.0622026470298547 -0.36583533721231842 -1.0368977632544203 0.52331817797932967 -0.12747804801395995 0.0022081345012302661 2.6219359950550887 0.18963793975630527 -0.91041858279861498 1.1313036246855084 1.0606757839928744 1.0618186384041051 0.076597165524798977 1.6651764056372407 0.66376818281428063 0.95492287514684171 3.2364150464826134 0.83895113166711588 1.0911960101333797 -1.09097679856122 0.92925257651112991 -0.19224516181268625 3.0022605328069818 1.2092774138567068 1.1925402060498191 2.6998697909146605 -1.1459645785901802 1.6961192366017308 1.5156951483237688 1.2191167193809365 3.2512481779071294 0.083124622911993101 0.56229828007824556 1.2752311834146972 3.5934717393831885 0.92416275399713155 1.4643788866503655 0.96911621835242101 -0.47940564099098948 2.5807933735430915 -0.3765113132968681 3.2377430321390563 -0.0041267646872264127 0.81389965140194565 0.92748804659657091 -0.39881647246551188 0.1797726272358609 -1.2194028864817437 -2.9377715920880796 -2.5555409142093808 0.30047123932530484 -0.6905629568548779 -2.0653518937049067 -4.8083481724781443 -1.0528851762526983 -1.330762247720672 -0.73776133553751067 -3.8305237288040561 -2.902955318613953 -2.2957532552373983 -1.6036140334046816 1.3115206475376529 1.2837932239613286 0.082210098922018693 -3.4472623253892607 0.47574111259218227 -0.35717431442103198 -0.49637503546106176 0.20621320091881787 -2.9387740530683208 -1.8521953769210453 -0.94969292576161579 -0.93300779180892801 -1.4300153046643602 -2.4321453093063483 -2.5764710865924529 -1.2164127551536876 0.60587901030030511 0.7926614055888872 -0.90084589084335953 -2.6565557764174934 -1.2693360852255409 -2.0711921321376838 -1.2358263993179202 -1.2887890649375644 -0.4425642840791964 -2.405018787265881 -1.3238413939941847 -1.1133274669616215 -4.5339179764318249 -1.2452133549582243 -1.7717216701980318 -2.0137051723910502 -1.8782869475038633 -1.3126491088498755 -2.8513108258499318 0.25189597939287645 0.94118248348219058 -0.69796013164815796 -1.9712086998638298 -0.98235940944024569 -4.5404158062185545 1.424813501536383 -0.57512055145927132 -4.6166710232921542 -1.4850619514887002 -4.0050988141554464 -0.66458321483274774 -2.118553496719199 -2.5907161382615227 0.63942593884555221 -0.72247403978369307 -2.8722890621788357 -3.5575404235224291 1.2171610908255834 -1.1064078962862609 0.11028911676217812 -2.3134702179484941 -1.8948734375414726 -1.021992992643058 -1.1326523276588014 -0.27290403264687763 -1.1093302218865473 -0.56452835913061472 -3.4435440573296461 -3.1420302346738094 0.90918658046067113 2.4689053982098423 -3.3052369035009281 -1.1039581670280043 -0.10050093010481115 -2.067593635109986 -0.98303998569468509 -2.7719616963247837 10.35078207216706 3.6850387255376384 2.9794398013476497 -1.5620455503469737 -1.0793414493468849 -2.3607914675486685 0.28301216482355873 -6.8615252207075939 1.5290184013677384 1.5277506471404454 -1.4033625591979113 2.1068988280966696 -4.3735530120174229 -2.8271009377610685 -5.1554112491552164 -1.8437811088000666 0.063957203190718862 1.1182624569603417 3.0605149920448231 -4.7400419437681842 -5.8021036436029689 -5.2357947347906562 -1.1946868770402617 -3.5004830648423941 -0.31910471256220463 -0.33115943195663911 -2.3864674549123075 -4.4914621402538772 -0.00090637047721691994 0.89336984312105938 1.0862742734625994 -2.9642624155779274 -5.7615454509199138 1.9063454546835059 0.65457710389233648 -3.7346961430790371 2.2288050314733576 -6.2523799959932287 -3.8852771163722251 -1.8585636927150142 -1.2823792345351048 -0.33150931997466981 2.5327848163482951 3.4545704613820822 5.0384825644667899 1.5535825377550048 -6.2079603575776865 2.7900351269563872 -3.9814143901574073 0.090854710343569511 4.1375904294722146 1.5515747441680598 3.2159017285371254 3.1234302953694653 1.0200971547810829 -1.0864466269199007 0.11337972859437002 -2.166619404050421 0.25070079513545918 -1.9088897287520676 1.7573745692528193 -2.0044153490207477 0.51467437585888942 1.3954556777776272 2.1874707895549359 0.36775397983998637 3.1033026382181523 0.027374218525547653 3.8861484196185851 -4.0778283734668985 -0.061020539235953561 3.525037420309328 -0.92266956557525615 1.0060005151554443 2.7507271005981297 -1.0817060063552024 11.385883112231276 1.1449016386143152 1.8152905431042483 2.1785081318375856 2.2728166734052841 -1.3458549559544066 3.2781569401135133 0.50579209535241887 1.5265756840609481 3.2149503428200541 1.6039025045154522 3.1416499950745003 0.82398720603374198 -3.8653379513087658 -2.9624741018518153 2.7709288406819357 2.0595822263224886 0.79445250808365253 2.4764517737461755 2.617593283845479 0.17344112595875669 -1.679863397082801 2.6353437690484993 1.7334343429507661 1.852950111450731 -0.31386250213602801 0.15143268151567543 -1.1396072695747648 0.74145678719169017 2.6565690223144323 -2.100086601167332 0.17907886562207034 0.26535441225977896 2.2010197572852492 -0.324227706069458 4.3277027143935731 1.6521187408420963 0.88167391345715806 0.51532177851477956 1.2469002211565781 1.3207859658809211 1.9203612143018611 3.3922657045768512 2.2978718618647558 1.9777346846321902 1.4185915593805716 -1.0874104890960479 1.881426912594764 0.61341921434485391 -0.30074651896625287 3.6246724784043471 -0.3222615310829301 1.3558875822543275 0.13241269827951122 0.39793027819927634 1.4924090638414826 1.5804510080156959 2.4972625948628338 2.0766802947715326 1.888689115256319 1.772687614351373 0.61546861853713031 2.2068997549189096 2.3627629388933307 -1.2733917665052239 2.2849578878636145 2.7810678551921568 0.69928696088716924 3.5975333015469588 2.0874540306598495 0.27656701357027552 2.088185668441914 2.0629282197485113 -0.35539807526206157 3.1363268700338698 0.3306967342930498 1.5067973881795127 2.8672773617775711 0.53791520501019896 2.0310149433486684 1.8811707217855451 0.58123545897052575 1.0020343910278144 1.0795806053282941 3.207886056693444 -0.092508876292029918 3.7083218599133509 -0.080031752039665283 3.9461420534212879 2.5014360324578027 2.6972628732691835 0.52179802571971567
 5.5987895625229687 -1.117490105380994 -0.076505529379648426 3.1959294126884794 -1.8117946242008012 -1.9604960299042249 4.0565684426042559 0.29108599795669898 1.0216244249701167 0.23041306146554977 -3.8510558407553317 -0.99871708857501484 -0.81039780598378297 -2.6722970767669216 -0.81366183646095758 -0.11200043242230964 2.1361033897784609 1.0634697339613519 -1.9133182231918702 -0.81006883609385461 -0.88469071848419267 -3.2532447023521707 -1.2867638574937994 -2.6387176228601237 -2.5847707283540298 -1.9360448762617062 -1.7649155616395038 -1.3688265063269536 -2.0738633554581036 -1.7986930483217956 -1.8863316855641648 -3.2184495135209228 -0.11059149338035364 -1.3575735504779309 -2.2090844049444107 -2.7230112822809307 -2.439773721476723 -3.0332032791545478 -1.0234506202961098 -4.3395373818053367 -2.0332438135680873 -2.934990177521025 -2.40319349482697 -1.9201152791128473 -1.7355563490108328 -3.0630822844400307 -0.65391683422607305 -1.84900714092305 -2.1103902424038328 -2.2415161771421745 -1.511915700213561 -1.9082653335342732 -2.7526342820191214 -3.4224423538535773 -0.32363936998385934 -3.7556533667770635 -2.2253972073507793 -2.8624243468958199 -1.8987612549822648 0.73730406301648577 1.8167374569253771 -0.11997561000732393 0.6851894924741635 -1.5050319846800233 0.55963932341915823 0.63164780831977529 -0.39427950458656069 -0.70265671128496998 0.36622755777920474 0.48733987344678403 -2.5549104286086184 1.2975106343904557 -1.5952439570114962 -1.3818127630167116 -0.66510075567945226 -1.0433843661071966 -1.3901345591792638 -2.2719066900728535 -1.3529605458687954 -0.070121144288719961 0.044972070188776463 -1.534073247837364 -2.4611050595216675 0.18393731950695633 -0.38948187181814736 -2.3512303987923078 -3.0917085829005151 0.96086900149594612 -0.1291602470942009 -2.4610046380583697 -1.0807652031688044 0.54735589591081002 0.32060998521949929 -0.059310533557529764 -1.5489655999429064 1.1006979173710159 -0.1970506816588744 -1.6874691165628724 1.2785366595274847 -2.1167512902764032 1.1059886631210674 0.60664907781614996 -0.422235013279739 2.2818006736734318 -3.5811350677721743 -1.6316383365013081 0.54835500598459386 -2.2890920275043234 -4.0274205873642428 0.91594505505281076 -3.3266401033120174 1.495519152297905 2.4464019735803495 1.1085363462723088 -2.9832302218595932 -1.2386526876441333 -2.239053988168421 -0.26393281056293649 1.4511542305423721 -0.47533431699290335 -2.2653496172954792 -1.0273520902666582 -1.310872747464807 -0.33434874385282198 -0.86805449500379273 -1.0452663578367629 -2.3032453738126963 -1.4534768257100021 -1.4985947257817349 -2.6546271304456401 0.42621673685181832 -1.8526649612366595 -2.0474474034672339 -1.1670619292228961 -3.0453406313720679 4.8628632998796899 -5.345977101782867 -2.1743547774678982 -2.7207441059089663 -1.2485281570655489 0.66156517345804888 -1.6263463682537214 -1.9880785459109578 1.5120815234880927 -2.2697281807267498 1.9577413211152108 -1.9440862629784657 -1.0087135538763929 -1.4799497305892082 -0.23768582741439356 -0.35623954908274635 3.5913957523892872 4.0790060925250726 1.49186752740655 5.6950017758415452 -0.89023565319969511 -2.5234460322723584 -2.8456924457060877 3.9756514192921975 2.17388848282918 1.9803657024109542 1.5201106539114857 -1.1549310311279686 2.9169858167402567 -0.29820208696441652 0.30841061492574184 0.46181115692654279 1.3273924834184061 4.5105111084836089 4.0415375081985854 3.2857885419360109 0.46005893400073461 3.367659633375236 3.0445493182060339 2.9453708658843212 0.48553823425204146 -2.6530697814681132 2.3056454121948287 2.8948072782283201 -0.94101846357100705 -3.6971050442258657 -0.96159121320024499 -0.093875694251633293 -1.5223548241135887 7.2503234701334698 5.9957003488919911 -0.38661509704152186 0.52185013374158706 -1.8171413419316369 0.45976092391024959 0.10717196253729955 -0.61806510658705416 -3.1144355631054497 -0.92586940808004448 4.4806091023851753 0.9729168665837169 -4.5510852566017768 -3.1436468461894984 1.6726186278665141 4.4351460013733561 -1.3579317235264381 -4.2233604660448263 1.160046206088535 -3.6603728569964291 1.4950349387034201 -2.2870270579971401 -1.502829068766887 -1.4431921428780059 -4.3363788481144212 0.32905040222180038 -4.6015898696564967 -4.8652686906680893 -3.6233595532976111 3.5371699031728916 -3.6312892888186403 -1.6973505807522729 1.6668991280987375 -0.8553425996180285 4.0746123946031201 2.6004500052105541 2.4737583581244436 5.440488455974358 -0.37639602961287727 -2.0542695090650906 -2.5976670930922872 -2.72318708509578 1.8107700077632976 2.413793619668084 6.4048507363207285 -2.3311776272098097 -1.9310902340128833 -1.0915713016900648 4.9553758204151475 2.3589101605275724 0.73741584731767817 -2.2608136397623433 -4.1943246168321409 -1.701791534242274 -4.0373863935836658 0.96941630258340761 -3.4150990796919611 3.6190648965486725 3.638911057916971 1.0644003488008504 -0.44222252854481059 -0.81940030315974965 1.4863223726575421 -0.96213357134168942 -3.3655961304693722 1.3260270544622585 0.53160847281401113 -2.7574696973866875 -0.5731653938420681 0.96420950107337922 -2.8838556859812767 4.0361142509800016 -1.5291790034279138 -2.1385169055135216 0.86357808203941411 -2.6769499406074031 1.0974947862064415 1.6628836556508559 -1.092787890309401 -1.1044641539934013 -0.71143446763303997 -1.072369632113483 -1.9795123299974435 -2.4686855366013938 -0.84689424555776427 -0.1136357561307474 0.014645129895267894 -0.35466645221984455 -2.6169815058700103 0.16612839413261296 -0.42125733337363569 1.3773279894226007 -1.6115515606390958 -1.7216104410681627 -0.033334557969312992 -0.042725140551678586 -0.12073522082698707 -1.0172751692398372 1.2495346546572355 -2.1347309945169108 -1.5411389025969064 1.7056861506638015 0.66633686350975907 -3.0753334374262136 -1.8779215724981799 -2.3860990838793552 1.0454480861685327 -1.3086108194271289 -1.5723933868922855 0.81260285840683844 0.14521749185863495 0.68241042365722404 -0.26836410265772193 -0.75589476214950002 -0.99029021287054608 1.4315017336012197 1.5087342708827769 -0.99733447853094159 0.7279220047529471 -2.9465334359998656 -0.50927498973165719 -0.55564914634819762 0.35813614806966781 0.078252442419804349 -0.87571902667901547 0.58928598471642657 -2.8145440819498999 0.86129832952167451 -0.99469903910552615 0.67770703706410818 2.2842782535625878 -1.0784795535396299 -2.5651010536607339 1.1595593985685628 -0.73098205697628793 -0.43658483887083155




