# Created by Octave 5.2.0, Fri Apr 02 16:03:52 2021 CEST <br1@br1>
# name: ptcls
# type: scalar struct
# ndims: 2
 1 1
# length: 2
# name: x
# type: matrix
# rows: 2
# columns: 320
 124.05581906513231 109.06581918810005 106.56616486601332 102.34442225315105 112.14149425697512 116.20559921526869 98.225905322144897 106.09565938580633 118.37833848666399 116.41464786639007 111.28354833218425 107.90226248253529 115.25389817857108 115.81633738136381 116.81401109682545 115.8380795532097 120.69041724588564 118.99891604626674 110.18161582481953 109.80384953343162 111.7325547908888 135.38318235077134 114.9369069576238 133.7998082467235 130.50209381451234 124.24614695379742 133.07505441732343 130.41913309573732 136.28793574807497 137.58081161443263 133.55680784333697 136.26669939216811 130.75675708752399 122.65948766110536 131.17078913107963 131.54272968701648 131.75161440006707 135.18742734554655 138.22768081217717 137.34593512841184 131.92671425307836 134.19263468561505 133.62173981977983 133.24992889053328 132.73324177186831 137.05098053135561 145.51419756392252 143.73096821868305 134.81289207974964 132.70641317135033 134.00421961361204 134.03424965710025 135.25223713193995 134.9880016874331 145.9841482103943 146.09881053466458 136.21730621187916 134.98467185839917 144.37824457438933 144.88101566895861 144.37253213362308 144.6994721306728 144.90163650230457 144.95156824906712 100.0634097066703 101.15574229331685 98.271920528796201 93.417071900381558 98.110386696143209 96.915651381397723 97.27515481385538 76.505993642140709 102.19738044755333 101.04091611386217 99.532804024918164 99.003095745500147 99.307562613026619 98.501869937156812 98.301607169799837 96.775270327112224 104.39298781327075 102.4251816395705 101.12153631228144 100.16608604026182 100.29041879762687 99.295798496445002 99.129151488073575 98.099521965996018 103.36646828466439 103.31752438377309 102.16702206135136 101.14696053559507 101.25169066795321 100.25807134255734 100.23394947830187 99.236252644290772 106.78123420111112 108.19237847758386 104.30525713238683 102.14894963871018 101.26700356846031 101.27695187544514 102.3379380131619 100.15750329855648 108.83554107940731 108.6022488093575 107.23585192504359 102.29953078535833 103.973270495257 103.43855446787758 102.40193824522592 104.11623787604883 109.8264717599032 108.04446292917193 113.84116513267384 105.31314786500204 103.18284601842666 104.2804858105647 104.97714959775249 103.35158011601976 107.94971269779397 109.31408377499606 108.9302717918092 106.50975249464038 104.11903440971675 104.85947763220693 105.43564707611949 107.72245952903059 109.58791713615781 109.90196571739534 108.5741089370423 112.85487643849562 105.25052696929058 105.03778888732046 108.28364614867229 97.39837645632737 107.07962530745927 104.91428882612678 108.10012128733585 113.78059142576491 110.76001377556325 107.28665271416872 106.12373262926369 98.298847386504491 112.62270665759877 110.63656359808662 106.74331393776173 108.46517895393195 113.01872970761561 110.02517640905852 106.23501672295386 99.338280599631602 112.21342440071176 110.95299518774486 113.44183398376218 106.05251234195046 111.88278317365456 110.20570361002314 114.07148588118012 119.76992312605269 110.35251735369984 111.6821377428916 112.87385261899095 113.93628479913731 115.32659220307669 109.20492171540808 121.71966880196985 121.43216032314129 109.44871856885618 112.022081915744 113.40819265655777 114.63124379536744 115.6441351323756 116.68385635870179 117.09055768693486 120.2735442649754 120.35289638184365 112.57172787492935 113.69530536229736 114.60655624362097 113.24087068029488 116.20021586941741 116.31660118290422 117.18471043154061 121.24987688535651 134.39205407543909 134.43685697452858 115.60657177435263 129.72372719838924 118.02623687318169 119.14649619008745 117.82387399415315 133.90744983376933 132.96811800858785 131.75816630337403 130.48886968158183 131.59398362833483 129.47334628028545 127.42129336851389 123.87369543331606 131.32111255031705 134.99056459653545 130.66497228054592 130.30001720558255 132.25393615120694 131.05708345803404 130.96679909288133 131.48313304384766 135.2550542240273 133.89332956407759 132.70013263731664 131.29945714220105 129.57743261003631 130.80990456075966 131.86909113546037 135.3831658316343 134.4250176316587 133.42374609033067 133.62037569557148 130.02109129510987 128.12586303891808 129.20488537525944 133.24350917416604 134.32735993095503 133.55940538382632 131.82509070731072 132.5186142875813 128.74805328077036 129.65541141638946 136.20619869929993 136.99838313535136 135.89072372427697 142.40419849856997 132.63320277344172 131.6070098927527 136.44987067292527 137.29729872419301 141.74271251836174 136.11341156170485 145.21271157770582 137.03846709691874 130.47313721066035 131.05644442606288 142.23777045802126 143.02667653290791 140.81718185813656 143.37587011127658 144.26585402454597 135.96338705804169 129.89903924542821 143.06788429434533 143.76224994197568 144.67320553759919 142.70946129968482 139.66811781479993 129.1859218563113 145.52183291346731 144.37963066847152 141.98416213526764 144.24993095278464 145.54100688885737 142.56452108092495 145.69242262557941 146.51471238312976 144.06076005230503 145.54216836889 143.26649524061418 144.88732280855223 144.79694015954834 144.05963444459931 143.63347084179745 147.32602092204621 144.60541925562731 145.86284159297711 145.7911284987519 146.74572512422114 146.10860483134815 144.51617109576861 145.60693346738049 142.55150087308422 142.66010971144689 146.8844269896897 146.90776396554077 147.38589295610115 146.69434762141256 145.60104246056517 146.30312116099532 146.89653371459153 148.19354021084541 147.75895720137206 148.52186948752902 147.99386374138334 147.75005059072615 146.62635802742975 148.13220884847976 147.6593188987072 149.79395859830953 148.80433302806321 149.30483832452998 148.8987556423794 148.4510276491601 147.36165084235705 149.25048944733911 148.9910933516808 150.81384819378306 149.68963904888813 149.88997963992475 149.74001724216012 151.82817874397344 150.45696856816269 150.14317610792526 148.35369363800595 151.76715265811276 150.41056762586192 151.23433961243319 150.69680237101076 152.0938717471002 152.86363317426446 151.35492368147794 148.71657525477255
 56.102321170365059 82.270948884506666 90.08130797190519 119.02367920917084 81.448364605906988 93.864639918590939 119.80764438554787 100.69464953347854 51.334176925778159 64.852742213574544 82.358279267063978 82.853073284814698 94.276249264810801 91.20029162902452 92.96326516906268 92.26093229290808 50.990098811887634 52.302493284649813 81.773754005933782 78.391991048137982 80.428088217064285 83.962438278213483 92.884498320872581 84.038348852358126 79.081097205298789 81.019314301889708 79.784949724213647 87.293638468167288 84.573601304625512 83.34386933680328 82.558454644832651 82.867300896174655 77.424742259255709 71.538543484458486 81.646601417290015 82.737022901083336 80.66260445638909 81.990059050751768 82.532308640480665 84.422313745950618 79.577660139186506 80.017989100696298 77.938119560340894 80.942278358402191 81.916092372438015 82.111960649825207 95.006301657775708 94.014813842914407 78.032240201439222 78.800431896868702 78.886328760720716 81.617031449162383 79.103776481059384 80.871595445759368 95.898465198635108 94.138802131391429 79.566193076638314 83.010405853692177 90.449861425121796 96.094592969782411 94.967660256726006 92.869870725285779 97.68668033129498 94.067426704099702 84.661537963100372 84.246634179691029 85.625752865300313 85.34194352552332 87.422277046314321 87.623721926905446 88.599253795602664 103.09396084121626 85.169637465485692 85.369821484110716 85.634987419987084 86.747137836915641 87.836276124627275 88.461114517142178 89.532930927561864 86.393844641305748 85.245615810291341 86.174878669123714 86.475847534044334 86.909875844050646 88.496811308744626 89.162654948421661 90.326065124261007 90.905535588843307 85.721837694823037 86.88148010496009 87.256841719409749 87.725466542147728 88.994882487396126 89.751442474313052 90.851765356228157 91.421602581654327 83.348141797048143 81.479451205428958 86.430057166975786 88.360233061626474 90.062567450049485 91.216867045401287 90.687357300540512 91.903074331239594 76.097621324684468 77.184239119368286 84.400604399968984 89.489934783926088 88.865301760931047 89.868023229753916 91.875877697818595 92.340921396027014 75.386466894219438 79.883953880646487 81.116701006801662 86.0068488729476 88.039872634245086 90.723887070128271 91.612091831006765 91.14702288264958 75.233458212869735 73.195582676985694 80.529890957766227 85.738671016927356 87.590325158077093 89.420913053620183 90.486374470587705 90.612942836705031 74.211848524452051 76.530744084205395 78.574528753616917 80.434083753815884 87.198546509807272 88.353766186129164 89.718888191137083 118.89848563358947 70.064925392782342 69.072128071582682 72.856084304591278 79.885440032013875 75.92582841187776 86.601679525281583 89.092704930679758 112.46149770675096 56.526309021241353 54.290504372658582 68.411892727713962 73.92148980515924 79.184373176014077 80.742212911375134 86.763608488132135 120.08129363512056 55.506615238803818 55.471305454297067 55.710823678620969 69.510138972767095 77.27568178535715 79.27402461800456 66.047195375365618 51.47958216882008 53.229572099167392 54.549459548348437 54.651011070496928 54.617237323826522 54.231823573562188 79.410437088249651 50.578409675394134 51.891094058082338 54.158099341596937 53.540937728016694 53.775553493163407 53.387846744699786 52.587344832249975 51.994126507333107 49.537528505914509 52.645156375457312 36.31367387284164 52.570138611212791 52.72679099127911 52.116816359673479 51.584797871331332 50.605192510155725 53.419098956391856 50.944296962635605 36.870361534117684 44.253467988702049 54.128607875598092 51.524114144653367 53.079337966215682 50.139574392306116 50.157586230258971 52.542755452331313 53.132459560252293 53.799114183126633 53.832820411528147 53.838475830816591 56.606364282685284 54.201173895441208 51.246900211961801 71.140953416274456 54.936228575048936 52.780082250758298 56.030400540740949 54.979215006126623 58.041905583382523 57.621434231892202 76.371551813580624 78.566051946200531 56.436349675884301 55.069641550074287 56.9737908554347 58.765282669639028 61.047500336518397 60.728308457219271 77.535456789002666 76.867528561445326 58.01994681825547 58.219221247711552 59.598897953145936 62.058437578173091 65.70178937938563 65.317315523583403 76.626074084175855 77.063463108996174 56.165496758657433 60.975166673109428 59.137742334923871 64.163581621694348 63.314307337584964 76.040705668108444 78.484388108342586 78.240978835126654 56.908752377492632 60.275791881701963 59.866887390657006 77.320116622484775 79.568767332105239 88.034827524794011 81.009955503259903 91.172827620535699 65.910173755921178 65.542496579825908 61.737257698602768 85.382490147698903 86.301777875139706 84.438904523920101 89.586929698326131 91.729427996825834 66.627778942576455 64.479504421087938 84.04993398938349 85.553728704483149 86.372787482591846 87.605706364888732 85.812540182831214 121.72098494896373 73.36552035336743 73.15957319765181 84.339169246106664 84.38435662887251 87.126941835324743 88.899594044217224 92.275486126402754 93.121752575425035 81.827770494386641 80.025946649365068 82.649272525280836 85.290487712981289 88.24182132316399 87.354959524967754 88.492710473514293 94.049150905383428 82.948912136787939 84.75756452731757 86.085939878849146 86.912131008441065 88.07013409826159 89.345625304153856 90.16141200170695 91.180054343559206 81.509116465410528 84.400550095414005 85.48095703509766 87.933668933446981 88.974679350245808 89.068843391364766 91.17138816235007 92.076386288776007 85.310673439765409 86.413014187542117 87.239702859115312 88.8648109389746 89.935409790658255 90.171677401521691 91.775685845306313 92.762194005896745 85.991931522334937 86.237560842754732 88.304947472081309 89.705292299049106 90.803224193091324 90.941920122863849 91.64149375615176 94.51665743567635 87.244293022152959 87.10970250626869 89.202910195767728 90.475542546818247 90.603433716536301 91.307554412826619 92.41843277579477 95.562207432344451 86.433890229861333 88.226904898167831 88.935591811439451 89.972661753751652 89.599803656000958 90.315946049302255 91.900366585045177 92.713601945587854


# name: v
# type: matrix
# rows: 2
# columns: 320
 1.3579693284185725 -0.15679046630551011 -1.8799480453073023 -2.3617106020879088 -0.83985950166207213 -1.9123266319078984 -4.0374684911565186 -2.1848560259870178 -2.1206036413414111 -0.62397535907694635 1.1755486244797282 -2.3238153048680577 0.62142525973978946 -0.81717117581050991 -2.0329938958333247 -1.8335303963103402 -0.49076906744353044 -0.70386694587661935 -4.161124590504488 -2.9639244400182774 -2.1176852684354706 2.9476683786156834 0.4103770186569029 0.85936479594487047 3.317840676110325 0.18963793975630527 1.2740649439452263 1.1313036246855084 0.71235214084054466 3.2998047785425144 0.71626051243560784 0.42315142277669671 1.2425412455919289 -1.2833505079956893 0.87072299043157286 2.0589794875278069 2.2339391818804795 -1.4244535289674667 1.8347376430912967 0.17914885495556684 2.0487491299987739 2.2259230888600787 1.0085604831325834 1.1480085678632859 2.9711492669598467 -1.0476937635593464 1.097081580671206 1.0612274145743352 1.0236920882941247 1.513499382716134 1.2758676796640067 -1.1377762767931301 1.003711584581837 1.0925616028537408 2.608926034533817 1.2014466678650415 1.0443263460401766 2.5916326648308523 1.0418077981001062 3.2578982063623454 3.0452595308624648 4.4130276536526862 1.666257517395366 0.71519892691065756 -1.9044885016363902 0.72615083609680642 -0.774365209369409 -2.5555409142093808 -0.19706772018070073 -2.351907757336261 1.4960706955712966 -4.8083481724781443 -0.95946971527822023 -0.25606614820208268 -1.3294965066166597 -2.6949946922323362 -2.5188667343407478 0.28670501161718853 -3.6176868102949253 0.77937578958710452 -2.2320147707248448 -1.1752706141315883 -2.7712574678280353 -0.11315101895754949 0.09203182478501537 -1.5605071178543395 -1.2704542416673748 -2.0821468800367744 -2.0477301847827669 -3.1825137603208167 -3.6239180326081537 -0.39238190476721446 -2.6011449168340821 -0.90683751535931345 1.8768055826887631 0.38694260513202072 -0.19281177814009481 -1.2006927789188997 -1.0119697506010066 -0.21448369354311492 -1.8879695684411133 -1.3757420940890712 -0.72979522332951163 -1.9488349700034613 -0.45363788570934938 0.48764503303548623 -1.6967954487791159 -1.9521051869470483 -1.740049041975698 -2.0943013476266255 -0.22816264794304444 -0.0046435722460865395 -2.6958165957812166 -1.3657651465734406 -0.031900522797391542 -1.1207667193354665 -0.040992338895198585 -1.7061186910368453 -2.0968681374117919 -2.4342695050435412 0.080229386130697272 -0.62848598863937322 -0.67697697713743565 -1.2694473164600244 -2.4490426972689372 -1.7272084583196392 -1.3985617448910559 -3.0792120853658385 -2.5512433247025625 -0.79346042466146416 -1.4461177147130149 -0.96841383931991554 -0.98496001841035141 -3.9063632729606512 -0.92632696943093584 -2.3786287827172719 -1.6013946657063327 -1.7191942134054072 -1.1223020134126851 -0.4437171619837682 -2.2122095798189267 -1.1337943077253976 -4.0923074896381442 -3.1420302346738094 0.69852120181967525 -0.20163777654786838 -2.2327481343399382 -0.97202274472765537 -2.2847856630476517 -1.4073956070807405 -2.4579767809465394 -2.287823620455411 -0.49376532162091802 0.096825039613788438 0.13023794569830804 -2.2308118705807738 -0.2037355945746121 -0.68550607843036615 -0.91553894821569615 -3.0904760800843549 -1.8908511912984867 -1.8229398980807181 -0.74329443277933749 0.35759012178039962 -0.23108105284112584 -2.3319215644765658 -0.96895418528561383 -1.4381527255083408 -1.4354648457471006 -1.3154375481978897 -0.89414486330731047 -2.3120556045743501 -1.124272671642973 -0.23701231632959185 -3.015015684234482 1.1106646359101522 -0.84923797915850741 -3.7378331130612175 0.046659498635941474 -1.1912576865850146 1.4307078642617024 -1.6484998847325412 -1.3734594798407429 -3.3229648628775608 0.1177849271732743 1.9063454546835059 2.995237466946985 -0.13390580899157609 0.57075482000292865 -2.1179241360651679 -1.0644662703566905 0.5584569199748961 0.86936611657392948 1.5801073718571341 -1.0389402218706854 1.2908435005659422 0.55484184969326655 -0.1712520597068225 0.9259881844467065 0.34935069742084296 -1.5962255629198832 1.7406483657559249 2.6611258664548365 0.43510361902584482 -0.62764819344417278 2.2177315557903539 1.9000452175890794 1.9573358181009857 2.2589885681425912 3.8064411219325067 0.85035705070392764 -0.51665515149664432 1.0896060080229037 0.36491213542906686 0.87148725347678524 -0.073451433146086847 0.3289240751080143 -0.11277547943421226 1.9769273480383509 0.38567959694124215 0.090263814746383036 -1.6984608404175709 1.4307434761812523 1.3053856339604037 1.6272365686280161 -3.0383432619457076 -1.0274030329714121 0.36767675385239035 -2.0108495857480495 -0.67545306310880759 1.7806263733012997 -1.4286032460099167 2.2728166734052841 -0.18110934840863002 1.2220636072003899 0.46445419088780426 1.4998107589104861 -0.59929772956043614 -0.136903668805472 0.74723641675542707 0.10517687103302334 -1.0973978558331694 -0.49353378236002876 0.2697961149525519 0.81774226360836078 1.8105400614484581 1.6108996516134291 -0.41802296028046571 0.89225146095948293 -1.2651620826586156 -0.47489186944421941 1.3069816465533597 2.5006012255234609 0.49989453072394197 -0.062657364199332599 -1.1396072695747648 0.48893160179813211 2.9090942077079829 2.4852572088174263 3.5500187334206403 3.7392329743379289 3.4968992628920832 1.5007196511060059 3.2250670211596395 -0.17696642937060006 0.89331298565713835 -1.3348946174751486 -0.20867835184807981 3.3489520463974056 0.78411049136812627 2.1752734466969725 2.145772551872994 1.1328398834992466 0.70995449672061905 1.5385443563399308 2.1306146352712707 2.6179074083812939 3.2718319487399787 -2.3401171357601309 1.1765613799725321 2.127888415543203 0.028283959967940142 0.73371927423652283 3.32400713372239 -0.060799800482086497 0.63210699719632657 1.0587532114090641 0.16144478565803444 2.0826945553572713 -0.21324364100352808 1.9663682627938339 0.55633968410318657 1.4626491806076114 0.58264132507456834 3.0397994458355915 0.77365506154242458 1.328762298047121 0.55408269942385668 0.12569734921950992 2.0999131385003325 1.7031600413496335 1.1632559220453869 1.5817485585906312 1.8441383787330978 0.9593075162807555 1.6380201541798611 1.2816562857975902 5.3672304710001431 0.63098224060964614 1.5075185196540426 1.3094571734263694 1.4573871212443072 1.241168157286338 2.1927379901248423 1.5950378902902091 2.195265508062378 2.2567507802465601 3.1205848817611241 1.9196103987746596 0.67025287408969958
 -6.3445512990119379 -1.8716055408731405 -0.96040804056518414 3.1959294126884794 -1.5211573964991325 -1.9315174884069279 4.2238057523945205 0.29108599795669898 -5.1554395850325747 -4.5400459979297505 -2.70321149491933 -1.2601381819215676 -0.28512434509224249 -0.72126711867958615 -2.2027002151254167 0.34754691436809831 -7.1287805841078296 -6.6994762947775941 -3.7845204474565937 -2.1075194454726196 -5.8763410194037364 -4.4857809631962953 -0.75589833053622701 -0.75679723006088129 -1.8277386691829274 -1.9360448762617062 -2.6554412430930188 -1.3688265063269536 -4.6972116061552063 -1.0265626685484637 -2.1727209184725038 -2.7695253016039634 -3.8315285291971657 -4.025422279569109 -5.5313905562452303 -2.6494960036596673 -1.7049933473099346 -3.6596439829594556 -4.3195036147307242 -1.8509757488086449 -1.9164147094131601 -1.7653811621969209 -0.5626123880749494 -2.8372981435758682 -2.4841562382162867 -2.2126507289886654 -1.1087488362396005 -2.0371819385941587 -3.9547850426520199 0.56291584518795146 -1.00671293287612 -1.3569086531287207 -1.1875074389414273 -5.5933925273949789 0.33838031674056163 2.6974125229790449 -5.1502420605339436 -2.9078597762470366 -2.3596206484810569 1.427162736182221 0.062464115535808287 0.31072089376226419 -2.0075343104723231 -3.0165200097484006 -1.5687071151863783 -0.039727704140737938 2.380687058820754 -0.70265671128496998 -0.83531939532866095 -2.3819443638561766 -0.90792091069859693 1.2975106343904557 -1.2547653662160063 0.12684136820217898 1.675647532144084 -0.69216208254249767 -0.23102251175121202 0.67338797222804725 -0.89308832496450863 -0.68978688829430568 -0.8578933887945932 -1.1260719387254725 -0.65345021622821553 -2.2729921004407245 -0.23540879494523537 1.8407620884859301 -2.2920292818747745 0.91125260865724822 0.67729095796165817 -1.0756481404953473 -2.2347079260082543 0.48075533081496558 -1.8247776134239784 -0.72154998745376164 -0.90681330318407072 -1.4589526029952309 -1.7383367389193871 -1.4026676197640104 -1.3119256530934504 -2.2925308473684951 -2.9391389321522774 -2.4444686531361213 -0.2321588212645895 -0.62243753362438647 -1.6600678176092538 -0.90122991776102646 1.0466320249710961 -0.45137576662816897 -2.515573973664051 -1.2148189985552722 0.49394792653705105 -2.5169455141283401 -4.6049838937160272 -1.9560492346760718 1.4416011822918542 -1.6758497654086086 -1.3436661892384008 -2.2053771634742665 2.5287196060717485 0.2950045990383996 -1.5968795081282661 -0.29442621684477582 1.0690933800257767 1.4197499575168744 -2.8094540708687354 -0.44313659137983541 -0.97894055869407981 -2.0222364676258775 -1.5196537612229992 -3.1131876773784217 1.7146168055511697 -1.0814415067355625 -1.2431733685570536 0.65480484995115862 -1.1047405740618175 4.3153362859749764 -0.24895536933827128 -4.9638465995188357 -0.94681289784911471 -2.0980792443280492 -1.6340791939275516 -1.8995965226982527 1.3918569074554827 1.5120815234880927 -4.4821157509299185 -5.8169110179356318 -2.1741640535342048 -0.58567365901900792 0.23094461914711661 -0.80030924843383811 0.35185744140999858 3.971685456503701 -4.941307525682209 -6.6398205758644817 -4.5837066798691497 -2.9676877730376257 -1.0971271964149352 -2.8392315228281415 -4.8047683630626112 -10.091656291444806 -3.1480368455029359 -4.993245330624811 -6.0703399002574461 -4.0851275652403727 -5.0875109054469556 -1.3138353971197012 -6.2025785865127974 -7.3011492714844453 -4.7313882428592464 -3.9751011387391264 -3.6098600567604624 -7.6956146806439421 -5.7966796528669295 -5.7031247189121199 -5.8342812384175531 -5.681027736716155 -8.4754789710685774 -2.9786079811349504 -4.1449090023473723 -5.2961015125882822 -7.6103044916056062 -5.6338301776262432 -4.4256936874509192 -8.2138737866726856 -6.1227476381222905 -5.9957003488919911 -4.5347862191540624 -5.0483860859133118 -4.5119599901075613 -2.9944014398289851 -6.1484322218285747 -5.6525390348954021 -1.8760441084809847 -5.7122463630488127 -5.5462961093604539 -3.7590263798593888 -6.5359868552189351 -3.0152724196495049 -6.5093544091306157 -2.6808232121769127 -4.0782428090374783 -3.8386242930647194 -4.4132221787115977 -5.1586624281579923 -5.70544791389122 -6.0833129728822311 -0.20041522511923524 -2.8533087844055536 -4.630823436607038 -3.1994516247165374 -3.8414690935613924 -5.8209532041579397 -1.0390199645457494 -4.3540657961435798 0.65921314924113283 -0.57356519102425241 -3.3646162225006679 -5.1952296506779527 -4.3886675735066474 -4.0762676727819365 -4.6839633391772217 -3.4844459165476955 -1.7467440871223203 -0.39165474999225858 -3.742054357453342 -6.5884491881370177 -5.3778057698344117 -4.7867628297802574 -6.4270480610849816 -2.3851045911018374 -4.2611033990500369 -1.7192396311511084 -4.9553758204151475 -4.847738827250109 -4.6618020933592863 -2.8595431087048806 0.39591274080563588 -3.1176532303115558 -3.0067068385911617 0.26526716860295607 -2.9027783409783088 -4.8109770914916012 -3.2702761139930496 0.78017284219567662 -0.64390434914517969 -4.2755703551476048 -2.0464333128760677 -1.8080349971894818 -3.8779168691830628 -3.6171788930369102 0.32807414868895862 1.4601888737328563 -2.6771518219585557 -0.48257534201742885 -2.27164193634973 4.0361142509800016 -1.3864722169195154 -2.2812236920219044 2.01820402777473 -1.3433347640579605 -0.39642848602422959 -1.0672911318552178 0.57349030295449943 -0.06514450316747003 0.44796430875495163 -1.0865871122317541 0.25805845119842263 -1.0562184339224363 -2.2777677771139437 1.1125150869717773 -0.67167865761443568 0.86816447471347324 -3.2014059775884314 0.27701148026692968 -1.812705737722071 2.9603243568102688 1.0451529547824667 0.63481372705497618 -0.35942487748497476 0.77627989682882859 -1.8172880917438117 -0.66004068695769746 -0.56663546275748755 1.9291071390786858 -1.8415203390718948 -3.5590376607871983 -1.8464416315456589 1.4797691941982847 0.1804827160044454 0.50778917854466932 -1.115863745386704 -2.6868199670138502 -0.82881988691586805 0.59281806869592812 -0.99221323305768228 -1.334804806153701 0.75498596234714277 0.10711322599070858 -0.23103736821085713 -0.35710620251193953 -1.9141284872929576 0.97180987355487713 1.8379632597372304 -0.11900920225889426 -0.17533169002305982 -1.3481057287510898 -1.3918653197606856 -1.9786065613020523 -0.90504136905064114 0.41444406865193073 -1.144415234257834 -1.871310293425088 -0.72619456607027666 -1.2597616608894084 0.73688642922377745 1.1454937219604036 1.8343474009385976 2.2823327161159641 -2.3581911889428611 0.035647062770221991




