# Created by Octave 5.2.0, Fri Apr 02 16:04:46 2021 CEST <br1@br1>
# name: ptcls
# type: scalar struct
# ndims: 2
 1 1
# length: 2
# name: x
# type: matrix
# rows: 2
# columns: 320
 130.23457950944146 102.4064498165701 100.05368200328623 91.598639013651123 104.19658001127695 111.71904280933329 84.431999308046073 96.154564467559453 110.50683253663131 113.5755599825933 104.13496491876538 101.10792144500026 112.02818320927783 111.68513245617197 111.04403539169959 110.7113440046502 109.77018531369241 111.57615550634897 105.50658117403432 105.43045042692424 105.55624803719749 138.23837618319823 112.35989432406198 138.83381392188599 138.96062494965315 125.10899957968275 138.91444526535003 135.56656458805907 141.0784864100313 142.03304022251442 137.74049297212221 142.00168861798812 135.88191511239495 120.66738034213718 140.31302360858703 137.82134924735527 139.08182891087102 139.44007611155803 141.57015659668312 143.59816279187422 139.65925747577288 140.98994253905258 135.72014740073908 139.77582078450729 137.12120786611246 142.96721838704298 152.37551746301241 150.53239725442904 139.7496865415479 137.83410626775162 137.90262279366479 138.75791002548269 141.77753109665971 139.83563093248725 151.46801023825955 153.73404188618824 140.79328685815281 141.39162384287255 152.94055995251881 150.41738343195863 150.13594263140743 152.11496687157538 151.38002470849116 151.60879305877188 90.887691411835249 92.933951221405394 91.843488312725682 81.789360740725868 90.96126449238767 90.938458787397209 88.508714646605299 54.628009457365792 95.799086724195291 94.888719689279128 92.979417191760689 91.853412070245511 92.93404049693271 91.819003084317657 92.339547908783686 89.859885079701911 98.121303264550505 96.866510524487637 95.965994960268233 94.097312114543243 94.322331765255214 93.432587406887876 93.738142086403656 92.631894029877998 96.525136747835575 97.884547969898662 97.325178036604157 95.158369022129406 95.531991924031217 94.534096657934583 94.577733611841168 93.43639524928011 102.00713633508209 102.59198829492374 97.729602860479247 96.409671090490832 95.619243695318488 95.647828906866579 96.647355648866991 95.495137886725317 101.12407194242256 104.26546223076168 100.80398644371681 96.55624014180286 97.546810793448387 96.527968136153049 97.614644062438941 98.762929748221524 101.5121914383504 101.93999850252202 107.18580138921718 98.703855694142618 97.370558646576811 99.728376820640435 108.07790213108331 97.722204792939266 104.21927279469233 104.46728136194946 102.65321529145947 99.562142015787671 98.609660921851273 98.601838301829133 100.18103112629697 100.51815863443072 108.57546063699405 103.1222125229054 102.10159374005944 105.02287549010464 99.012706340000904 98.292645289215358 100.75443818265876 84.919879998575311 98.189124238781631 99.019645705764333 102.05687293959073 107.28764907792417 102.22667512692408 99.757220913201962 99.476602967395422 84.002609818741689 117.8116365868803 109.09179943867451 92.763386534897393 103.12212719741002 108.03247793395548 103.18490041209412 99.656338139827938 86.007843002284602 110.73484835796805 109.90726543973193 112.31142136277107 99.399706511508057 107.08294025362318 104.23172276481171 109.90578366680374 108.67061143230983 108.90523218478201 111.23575668875375 112.00257584813824 112.20387990394933 111.70190022114772 103.25815484480547 111.25782128696311 112.54556515784321 109.67433682882486 110.68819485042224 111.16290261710736 110.67962895600189 112.01017077827818 112.55702847488945 108.32650104522565 112.04914261825223 118.71694608690521 109.88222289535436 108.66398727334665 110.96998566351266 109.65803917811462 109.87321501454264 112.73268299529612 110.31030664349103 119.55771579376255 143.06592589424412 138.48637330019028 109.15251258122707 133.41337155418103 109.5047142356413 111.30892431767937 111.3703256007945 138.2406520627944 136.41169293108007 135.59622105607639 134.49814183518777 135.40729666159243 133.57452060495118 131.63453960774189 121.61610361416861 136.32354246895483 137.33729215789984 135.25054739517466 134.67811615508052 134.23161137288145 133.94063399314288 136.81497195500347 138.69397058179658 135.43594484603364 137.32370484746735 135.36695775854409 134.42784403873711 130.09807463539192 131.1528199984202 137.31066962791584 140.10877121786154 134.32834092647099 135.34998305660793 133.30610719564672 130.65953982834469 128.12446013356319 127.09742717425547 137.86566475159765 136.80412527865778 135.77214722675447 132.37968499820533 134.27388744611216 129.26691445376218 128.50880960175351 137.97920541103426 139.7107527541113 140.69350631133219 152.74551436256493 132.31781281438444 133.42091174439213 138.93831934629225 140.4838766278113 148.42469493429431 140.82364657811789 152.45391599303184 139.11050464891639 127.9772471202262 131.47684742793984 148.75311218631072 149.50367277909842 145.42411361055824 151.09694799711284 151.60153217303508 138.42964841660967 129.37573910435833 149.8522890997879 148.90686952730098 150.53452355779854 149.42654682105163 142.55634126673402 124.00070877974343 152.98121265135575 152.38126836383583 140.10778927148613 154.99298003167146 150.95531652552626 148.8705233099345 152.81121119647557 153.86430255923813 152.75669017996455 149.5541721355558 150.87251443888036 151.20968839285672 152.22286301406106 150.40023950477058 150.07960295094813 152.66181700479174 151.92764942964996 152.95166180272187 151.53416201958254 152.32687927110106 152.58977242890018 152.06182810516336 153.5277010980692 150.27006940415453 149.79879179906803 156.11910526019176 153.92412962047297 153.5064949478477 153.57697750552032 153.10642115103425 153.14975705433037 154.21703931416786 155.47467452382006 154.12838157818155 154.6925834863909 154.3469605535883 155.08494415281154 153.93835861925692 155.29566750614549 154.90223516688962 156.62502306652598 154.56277088783787 155.75018788323774 155.49909806056863 155.83743576428972 154.7119182422787 156.4737708381781 154.84024941027016 157.93078269916359 155.66927469137292 156.63812116607534 156.38896990109919 159.55363070729487 156.98631176878857 158.06134610299856 153.54016910311236 157.17526990468872 156.72687442877859 157.78098816612598 157.44648050689236 158.4813724872258 159.13709856000335 158.19165959785667 157.45740878177227
 27.234612759862589 76.797530389546083 82.953245440442203 133.56515803690186 72.047303224769351 87.473640743271773 139.28738087593936 102.01909082418702 24.755244764551463 44.195532922996883 73.24831462176617 82.271178027981918 91.454181804421111 89.42759299151372 88.373278429303696 86.904551125369437 22.976247368383952 24.728985165519905 73.690394865864548 68.902866507414174 69.975066185941543 74.333525778594378 88.568860846590567 75.292348084396167 69.520460450709493 72.210310114894881 66.808068686475153 81.065477864374927 70.759847359889235 71.167621914824494 75.372075408699786 73.057687549125703 65.01540513302605 55.710790786023203 71.79770213463847 72.845780782674751 72.277145678233836 74.412219078728228 69.633788249495751 71.570001246164637 70.520517024515101 68.726850889451867 66.064689264785926 73.15536342862849 73.785707256104317 70.557976683350844 92.454918158050063 92.248486679231291 67.593126706797065 67.347610004477247 66.188168056033845 73.43256128788903 67.982901120116225 68.717412285951994 92.868751444101051 92.628070088705741 67.525626736147359 72.022921502168344 88.135695622924672 93.474928147339028 94.663762798741701 90.33445385080023 94.162129637940112 91.633513648214063 81.07424264366658 82.247793447163602 81.71482748390018 82.14485548917223 83.699856244004053 82.322896800207587 83.359718284509611 108.99763422769151 82.302150998488429 82.86997393921618 83.41404784009832 83.070556536808525 84.530929395465193 84.413584052052386 85.418827201551139 82.836240238758364 80.685807779981602 82.725993235254705 83.382899569316436 83.708260137525613 84.808724874096455 85.66794596157753 86.798650902916265 86.467134312426538 81.586570163299513 82.878581520199177 83.792830111095128 84.101486735290209 85.136207591219105 85.927033287341658 87.802634120098489 87.939228215101465 80.170633278250918 82.313023914969207 81.780826531850863 84.491128132131138 86.359024645438495 87.478284257465631 88.075274520540148 88.550442336812253 71.838598736859993 68.199298487802054 81.215275618336989 85.712500460310238 86.254788983214013 86.907576306437264 88.751551092112862 88.027907540259406 70.580899012973504 81.513161346167067 74.054256788415614 82.123523574234653 84.883245159080388 87.53854153351547 87.486112033996221 87.514273264854197 69.489314650687206 67.041031514468713 73.610188164229129 80.770518445825516 84.298454509793842 86.959401775353101 86.327138448749153 85.176673434216994 66.317966176576448 70.165717842012342 72.468346623224221 72.754069969678028 83.276869465078846 85.43812088537652 83.993480934311066 138.14378776252818 56.634222855804929 55.695205978197315 67.808475540511665 72.908328797089766 71.434187367352735 81.926445570796062 85.286239234502489 119.34146863862786 37.086783877796144 30.32870274478276 60.769058019174182 68.721806794618445 74.963071500768962 72.683744321496832 84.193321072256552 138.2805201174632 32.174458394932117 31.023012438052724 31.867064336014426 56.846923542469433 75.629101707130303 70.909962475728676 44.185499323430456 23.593653306816147 31.472556757537323 31.250239711925882 30.448038312817292 28.794963701454101 27.766335503146323 71.430514068923245 21.936365633952558 24.085214093811391 32.380764852033494 30.283701566190651 29.271298882869832 27.996514107985057 26.791680811864289 25.304585841164705 24.656296479167228 22.749001021033649 3.9060464265098132 29.481642509575035 27.765689985158112 26.914895443404589 28.381513737246522 27.265829841738785 27.78667129748149 25.870990434303074 2.8560579086310693 16.973031401244221 38.089677456046751 25.46790806309836 32.379619478184857 24.259593188230639 23.681329118646602 25.834312850335898 36.977538059474647 37.163525275650954 33.514161989560613 33.072425390163339 36.718369392416854 33.596267133082527 21.629337650416144 56.455289127265218 36.011793933068773 36.45304281490386 35.142087071055208 34.259981272832931 37.211017320235015 35.114347777161981 67.028211614331056 68.238553685037118 40.099639973816878 38.023307163269664 37.848048597475234 36.148146340502727 39.393638303175621 39.243870888147811 68.47056101581984 66.46395470512411 39.740599903737852 39.052063117842728 39.104747366653655 40.394041054638059 40.74211659444164 41.047395565846408 69.77314387638863 65.736348885822594 42.094308773303915 39.958560307042433 38.647647081333311 41.376169217668441 39.569315368965619 65.055833594118965 64.70570527781112 65.32634427818364 34.361792394602119 38.711259679006282 38.012495025085457 65.617326466304178 69.80631954448549 84.964717884298224 73.450326597822425 89.170509105237869 51.321653481687953 41.838946779876089 41.199266308538043 83.178473644898531 84.531044298963565 79.559319791310145 87.392057818086499 88.526909836548199 50.364136010575429 40.202097349863443 83.434890996120771 81.711504105524185 84.225167431152727 85.859550446869804 72.032297739552121 140.08530479092894 64.358368747147765 65.47870841818802 87.913839340605151 82.684981874183165 86.230857667242489 87.351556124915319 91.292897137792465 91.389263417015187 81.598652557161529 75.146190987370474 82.26899129593744 83.316768649715016 86.015239133025361 85.29460070224394 87.02759808889418 93.765563121745672 82.403072623292161 82.862640848845857 84.57137573542326 83.85802118578971 85.008136059749447 87.037741448197721 89.082506709364239 88.283922562880591 82.381179678323733 82.779671438044744 82.255928800836955 84.467797231656775 85.645555258604887 86.768823512719862 90.103133161309671 90.290828097179144 83.643918594409513 83.43511054138051 85.645120140361655 86.623257919894471 87.804666320524149 87.693865865467529 90.048542475028583 91.143201945879966 83.773545312533912 84.575649919142137 85.712851090856887 86.786270613326963 88.928046581753804 89.130891604832598 89.988710577861099 92.185876313451658 84.789495841701608 84.686021931801207 86.435103947814596 87.669762300776057 87.257478260695635 89.079170254303293 89.317760752166208 95.461002149897723 82.74378862365667 85.279121991801759 86.046889915923799 87.163232062624388 86.829140638234378 88.981780968646092 88.212967917106567 90.326863311992796


# name: v
# type: matrix
# rows: 2
# columns: 320
 1.3579693284185725 -1.5491047806532685 -1.5877368754427836 -2.3617106020879088 -2.6973641486473006 -0.16114134639954381 -3.6055078834290946 -2.1848560259870178 -1.7143605438840648 -0.62397535907694635 -1.2580191241964631 -0.64354951807493965 -0.742540608561302 -1.162286670823752 -0.73239800902574514 -1.7050279239318795 -3.734809746942525 -3.364103723923173 -2.2544428301619197 -0.12639111663568026 -3.1944877291751315 1.2998734507994165 -1.0608252627231656 1.5786980535218782 0.47637659583046699 0.18963793975630527 2.0547836929421877 1.1313036246855084 -0.26159047839524835 1.954256317932888 0.55913249877895443 0.87626007257670258 0.6883821515692552 0.93085264069429063 -1.6352815941031968 1.9460461892132441 3.9942158861272929 0.072806218371780876 2.9144102580351108 1.6952353880889031 1.4500719985113497 1.2893524163172756 2.6634154474575191 1.1885767265311893 0.18612992772631679 1.4355830234716858 0.83405858694161794 2.5655111798927268 0.044352267393274636 3.4923207768459608 0.18261911864727273 3.723339972136805 1.6227663782291391 0.73896221678826102 0.95689383944546269 1.2024668560077705 -1.4915740103075967 4.7065399667789993 0.98428671064622808 0.49964381808448999 1.2800874226986589 1.3537611394280269 0.10204617976419444 -0.058348427544527931 -2.2841068850140696 -1.8779937131896445 -2.575744047951726 -2.5555409142093808 -2.6425778259690422 -0.7750180113932621 -2.075364722374236 -4.8083481724781443 -0.29854753909873788 -3.6958569920533404 -2.087702230698318 -0.86136390669234575 -0.52060078625577111 0.74457904213088477 -1.4661278817198282 -2.9628440265727289 -0.033940541408031238 -1.5376052211750231 -0.70133942778053171 0.39711158909079031 -2.8438108028029259 0.61454851497109297 -1.2140106171305389 -2.3732385344715961 -2.1287228974314898 -1.5683883378435708 -3.7506647203898362 -1.324924899590993 -0.77932789591108709 -2.2609296085567747 0.034953190307527235 -2.3758700757045896 1.4505698730158214 -2.0777868882028692 -0.72820267781120862 -0.37139243713793901 -3.9611288284893877 -3.0347201276955795 -1.7944187976961503 -0.67215894500905471 1.3737007133255927 -2.3321505122465984 -1.3739573550059176 -2.707967142019934 1.8615311171768452 -1.3434721836529095 0.58860732877831057 0.37252979647551376 -2.9574133458352998 -1.1260540713486464 -2.2561763675115829 -2.3888306086706135 -1.3592153791051595 -0.35926253701440625 1.6085615904583994 -3.6261851754300585 -0.23969336936419902 0.44579705317745499 -0.23936627974525637 -1.2878640059823483 -2.2304963606680301 -1.3439332139671476 -2.165315420524391 -0.88811090583391783 0.63942593884555221 -1.6099835003660825 -0.49194993496381717 -3.3805797360409051 -2.1500873665099101 0.9707065674166353 -0.59651905792597859 -2.3795549113239978 -1.3478987089013834 -0.42019151624952122 -3.1851871288997913 0.058464006350332859 -1.6726101437217888 0.12747379033361789 -2.5175292492716292 -3.1420302346738094 2.0503194377782759 -1.649558873644158 -3.3052369035009281 -1.2460102064775442 -1.5683406712569248 -1.8134357433899662 -1.5752423993809241 -2.7188580995761344 -1.2240871616242592 0.60920898886135344 1.7837702976371625 -2.7108217553806124 -3.3637791577293763 -0.0058919416369702313 -0.91553894821569615 -1.0301474246915208 0.10012843969566218 -1.1729168516529158 -1.1626331769639691 -0.14996727303989693 -1.2466409918927783 -0.91579117879666261 -2.1970714447866397 -3.3665785753604847 0.8695740679563897 -1.0838477511233529 -1.3803755134504518 -0.98022582011344828 0.018558297886327124 -1.8028758370918183 -3.9700116879892757 -3.8979285787226203 -0.64795845670568142 0.61715494997457931 -0.10496319703856979 -0.0008965702924594865 -1.4613158547969001 0.85614455361986075 -0.10267129732802216 -1.0854026091617941 -0.083494595279553774 1.9063454546835059 -1.1563857362148977 0.063373600892335805 1.1908456585594935 -0.90653306791306798 -3.1118725614003155 0.24311963296883404 0.016478417979702675 -1.2418715253019577 0.64234841151418332 0.52023226816774204 2.482830388251875 1.3990466508528754 0.9259881844467065 -1.864852451269138 -1.0417538616558042 -1.0806597402172571 1.7569683113178891 1.2906862696078869 1.3395250160582051 1.0349666536040492 2.1307975107879753 2.3511610649498009 1.6038659678692633 1.590202748970031 -0.94565208722036431 1.0225051222604626 0.32695959800374147 0.48308848798133097 -0.57643549544579531 2.7581052843836291 2.2028790512728014 0.0066974770475659307 -1.604168956549116 -2.0051869638195106 -0.079900908184873762 0.26933749075771052 5.417150563516886 0.6357697140079589 -0.92082056065958373 2.9768029227593984 0.85100385393664513 -0.63804623872552357 3.2190088688836056 -1.0566009676291634 -0.32141431000959098 -0.27536479445633155 2.2728166734052841 -0.0087161532736873409 -1.7313841123590541 -0.23881084828376392 -2.6925926485869582 3.5411907814474355 -2.132874771941061 2.2900976266512241 1.0849621286465336 0.10808070846018972 0.20445445892715441 4.0092348441323375 2.8917050637869912 0.79445250808365253 1.5584317904845599 2.8993316441943908 -0.08753379665402837 0.32481276333516534 1.2873107032520104 0.62929365996528963 0.32231908527628844 0.68773040377251005 0.81194930987593228 -1.1396072695747648 2.3708601593600829 1.0271656501460396 -2.100086601167332 0.5291008031845682 1.1007868708426147 1.8149341780864747 1.4832507514295168 -0.18394305087145407 2.8407508668348065 0.88167391345715806 0.2869104964547225 1.930599221394762 1.8555140063850042 3.4005257597375715 1.6140596248811945 0.99288874060368704 1.4520956339157245 4.565378181272588 2.4417805400236881 0.82773388069108456 1.3905359343578176 1.2223942244926604 2.7638913529759686 1.3766980547186216 -1.0361902367496116 3.0271666400739865 2.1512173055689581 -0.16022091042728787 2.8270867800417365 1.3950394846065957 1.2192410761084254 -0.78354115359521526 3.2004500698147682 -0.71258795230097993 3.3536911216425702 0.70074394069215107 3.3352473255780684 0.43046859943273136 1.297821629509009 3.0817747661548793 -0.17627937078153391 -0.51204824385623415 1.9549824735861223 -2.1910001955679208 0.79182815948668561 -0.23220036077840214 3.6952132664438162 1.9636930464548177 2.2543071715058507 1.4707252265068276 2.0869544602315657 1.0339173621856654 3.8544343415082905 -0.52401570115306517 2.0904753147532729 1.1249536046706647 1.0134856169418831 0.71435892638338172 2.1073741100392973 3.0148694422949265 0.04267448561686514 2.4245611989989384 3.3629944647902401 4.1134675221115904
 -6.3445512990119379 -1.117490105380994 -1.5503726373593185 3.1959294126884794 -3.0027235062323006 -1.2585436092045175 5.120722278186987 0.29108599795669898 -6.0410724004616405 -4.5400459979297505 -2.1094939075004748 0.87876773830017851 -0.32528719887094598 -1.785976068402493 1.6507874955744235 -0.87121846177108309 -6.1966382153154251 0.13777025297807061 -2.738615109931168 -1.9290849877762311 -3.0786544489291705 -1.8144278925657629 -2.9587227407977061 -2.6984528313701879 -1.6071515181582903 -1.9360448762617062 -5.3425728916986071 -1.3688265063269536 -3.3532292550762008 -3.7172647241134573 -2.2093044984334056 -3.2784576449298717 -5.3254186313357001 -3.4587228845322491 -2.6939679930908924 -2.0169570415400608 -0.38144730878226951 -4.4282872817760763 -1.7083339023144435 -4.0791611309891103 -1.7008205746239866 -1.6461803422079717 -2.3820547035915762 -2.5317559453652243 -4.9432048078750466 -3.2847751121606503 0.20344613402539768 -0.16958782366188002 -5.509548991397458 0.18572835055759795 0.11987315682333288 -0.60038607110782793 -2.3550242207137662 -2.327905058649681 -0.84512087392313062 -0.6765450771204371 -3.1443465968069004 -1.4129393989031092 -1.3213106606524765 0.40807131485633874 0.71407385694228476 -0.335308124108398 1.9604739645583593 -2.6037917257512131 -0.89336341478309655 -0.34312317782763824 -2.1866186555974725 -0.70265671128496998 -2.4699022041944079 0.30890049831941724 -1.5500905810190426 1.2975106343904557 -3.1473844556478161 -0.46624788255849586 -3.3775227238211305 -1.2169146028902218 -0.20075434325273084 0.65721538127081069 1.8512012765147718 1.0337894231073006 0.62959489788768153 -1.3208273700998348 -1.0558159812033341 -0.37219672906455009 1.1836651243240834 -2.0125900259411793 -1.2656694087417999 -0.0024358022928395312 -4.0384000659019579 0.1178667343087678 -1.1568194490342851 0.42284565098884008 -2.4205147174117068 -0.073657667647935521 0.039413415872844811 -3.3515454178401947 -0.63530789394938159 -0.55097642864279428 -1.5440944920706252 -2.9267222509410078 -0.74235609649552037 0.47376565296842266 1.5116554635278385 -1.2854804750789097 -2.7001288321876178 -0.93573396542299836 0.16664561364396696 -0.28732899577229681 -1.1905527066242043 0.14834659106471498 0.22748900901207536 -2.0069429302480701 -1.552308806560359 0.33866494689579418 -0.30197096597020484 2.5819865087976934 0.88267392108343667 -1.4544712746558934 -0.082569071405393379 -3.4015424563354171 -1.8082023955533242 -1.8639416263484732 -0.50106820177964262 -1.5101826236651605 -0.26550868324803445 -0.70432906854480004 -2.7899665120497188 -1.4268884727793785 -1.4985947257817349 -1.624850876394607 -1.5287790887587835 -0.50351002254387289 -1.287125783940948 -1.9711521270882981 -3.867110498167023 3.5418060866569641 -4.3676511133192824 -2.3116709294017537 -0.71861859159593389 -3.5515939213301144 1.0229681497776388 0.33405344179879176 -0.04370531405314651 1.5120815234880927 -3.5162276711970275 -5.4310947109132623 -1.9440862629784657 1.4279969789872182 -0.43624434990873401 -2.204115372520663 1.1272437796672961 3.8482991300292517 -7.5408674970518828 -6.2431035972060034 -5.4938682423708123 -1.7312454897294107 -1.1202107856129933 -1.89419546770384 -4.8047683630626112 -4.3221876510610846 -5.0736105997738923 -4.4591762750019983 -6.6882734342308119 -6.697616395145789 -6.596888577300617 -1.4853441921841142 -4.7946341773357695 -5.9636871320698868 -4.1198012631839465 -4.199892049602763 -5.6879917517339571 -5.2340712837010095 -7.0021625137891403 -6.4766670444221646 -7.1006281246302967 -5.736138091899198 -7.8815223961030902 -5.2379127299578103 -6.2316242051095854 -7.6240594293636548 -5.0351512819933042 -7.1033670038987822 -5.5731465177789321 -4.6067867510249565 -6.7167042130877581 -5.9957003488919911 -1.9450660635226205 -5.7178178729129687 -2.4945220803803281 -4.6540886372160983 -6.8541075323974585 -4.4847691904479072 -2.6772238133123132 -3.527058629638169 -3.2415674427589178 -7.0748311913967479 -3.6938178191986366 -4.9708510873280609 -6.5093544091306157 -3.2475226072137522 -2.8147296050984565 -3.2553579940832886 -6.7200579426857123 -2.8008078455506493 -3.3038362823890912 -4.0850841926424 -4.129206740655496 -2.9362771510895871 -6.4535778979996374 -4.5882721309300996 -4.7531232777666368 -3.3402932581514602 -6.1931857770358114 -8.1168239237752982 -2.9193074863742448 -2.4454260734641662 -4.2344933212708495 -1.6758379997298822 -7.2409236254978628 -4.0975239799441621 -7.0952665595855633 -5.9530849794656069 -0.90691829388016332 -1.9674238654796723 -2.3827896166119995 -5.0761890804394794 -5.7688938476860834 -5.5744448048165518 -3.6681224016636524 0.14102903069199615 -2.1769170277857941 -2.9014853398713569 -4.9553758204151475 -4.5540518228026166 -4.3151028920939085 0.80009020782797546 0.10551745123014286 -1.4119824752906978 -0.36422281830452813 -0.13072195643275816 -2.2107825105245538 -3.521886700609941 -3.0939985955573341 -0.90392598678048497 -0.62302357780222206 -0.81940030315974965 -2.1384182476712574 0.33491740703308115 -4.5699126996367996 -6.6754992775504292 0.23762521737337317 -0.6127179204469192 -2.7674959899551377 -0.61365925198533244 -1.7700285929166135 4.0361142509800016 -1.8213313887561293 -1.8463645201852981 0.86357808203941411 1.9089882194861123 -1.6976232329077681 0.34777263317250895 -1.1228267461124881 0.47631660766292744 1.5339039486279402 -1.072369632113483 1.3015140401102467 -0.58019965110464944 -2.3297689464302356 1.6415788738292658 -2.3042925369243648 -1.3479554081739029 -0.2750557790753545 0.15845085377196749 1.5719515275241742 -1.6942406689257798 -3.1565104281401237 -0.3996074737051708 -0.97279592292320705 1.5960090775285223 1.7692208619104608 2.3764338571912993 -1.8353711396054777 0.55077535225269081 0.5187281990995608 -0.82993234524005977 -1.7177281489332938 -0.7265075869119425 -1.5768508518527589 -1.84276822992373 0.22651864538300204 -1.1779187989677848 -2.598610824247237 0.24435570283211311 0.14628801423745202 -1.4500863801935209 -0.55038588918833853 -0.25068948198537006 -1.0920640878297707 1.1393849703453585 0.7353432039583262 0.14843455292811839 0.52463202006891496 2.0198834057259099 -0.66780022422628549 -1.2518011415399268 -0.22073708574348344 -3.9919626414532376 -0.66835084198860206 0.45844253086718073 0.91917839130355294 0.95360565583080525 -0.61247899241533321 -4.3691084221311902 -1.7852484161022406 -0.024953731921798908 0.15680764687487372 -2.211926841168709 -2.9479452509773063 0.81721828514178296




